DATA DO PREGAO,CODIGO DE NEGOCIACAO DO PAPEL,NOME RESUMIDO DA EMPRESA EMISSORA,PRECO DE ABERTURA,PRECO MAXIMO,PRECO MINIMO,PRECO FECHAMENTO,VOLUME TOTAL DE TITULOS NEGOCIADOS NESTE PAPEL,MA_20,MA_40,STD_20,STD_40,BANDA_1_40 SUPERIOR,BANDA_1_40 INFERIOR,BANDA_2_40 SUPERIOR,BANDA_2_40 INFERIOR,BANDA_3_40 SUPERIOR,BANDA_3_40 INFERIOR
20170102,ALSC3,ALIANSCE,14.41,14.74,14.31,14.69,6460437.0,0.0,0.0,0.0,0.0,0.0,0.0,0.0,0.0,0.0,0.0
20170103,ALSC3,ALIANSCE,14.71,15.0,14.55,15.0,6169401.0,0.0,0.0,0.0,0.0,0.0,0.0,0.0,0.0,0.0,0.0
20170104,ALSC3,ALIANSCE,14.92,15.26,14.92,15.26,3228814.0,0.0,0.0,0.0,0.0,0.0,0.0,0.0,0.0,0.0,0.0
20170105,ALSC3,ALIANSCE,15.26,15.57,15.02,15.38,7283186.0,0.0,0.0,0.0,0.0,0.0,0.0,0.0,0.0,0.0,0.0
20170106,ALSC3,ALIANSCE,15.35,15.41,15.17,15.18,3743284.0,0.0,0.0,0.0,0.0,0.0,0.0,0.0,0.0,0.0,0.0
20170109,ALSC3,ALIANSCE,15.23,15.27,15.01,15.01,5541831.0,0.0,0.0,0.0,0.0,0.0,0.0,0.0,0.0,0.0,0.0
20170110,ALSC3,ALIANSCE,15.09,15.15,14.83,14.87,7255321.0,0.0,0.0,0.0,0.0,0.0,0.0,0.0,0.0,0.0,0.0
20170111,ALSC3,ALIANSCE,15.01,15.1,14.84,14.98,4104596.0,0.0,0.0,0.0,0.0,0.0,0.0,0.0,0.0,0.0,0.0
20170112,ALSC3,ALIANSCE,15.98,15.98,15.51,15.88,14659081.0,0.0,0.0,0.0,0.0,0.0,0.0,0.0,0.0,0.0,0.0
20170113,ALSC3,ALIANSCE,15.92,15.92,15.62,15.65,3118300.0,0.0,0.0,0.0,0.0,0.0,0.0,0.0,0.0,0.0,0.0
20170116,ALSC3,ALIANSCE,15.67,15.75,15.34,15.4,5297689.0,0.0,0.0,0.0,0.0,0.0,0.0,0.0,0.0,0.0,0.0
20170117,ALSC3,ALIANSCE,15.38,15.4,14.95,14.97,9617277.0,0.0,0.0,0.0,0.0,0.0,0.0,0.0,0.0,0.0,0.0
20170118,ALSC3,ALIANSCE,14.94,15.12,14.45,14.49,9409896.0,0.0,0.0,0.0,0.0,0.0,0.0,0.0,0.0,0.0,0.0
20170119,ALSC3,ALIANSCE,14.59,14.83,14.4,14.79,11430724.0,0.0,0.0,0.0,0.0,0.0,0.0,0.0,0.0,0.0,0.0
20170120,ALSC3,ALIANSCE,14.69,15.17,14.63,15.09,12425454.0,0.0,0.0,0.0,0.0,0.0,0.0,0.0,0.0,0.0,0.0
20170123,ALSC3,ALIANSCE,15.1,15.34,14.97,15.24,6866157.0,0.0,0.0,0.0,0.0,0.0,0.0,0.0,0.0,0.0,0.0
20170124,ALSC3,ALIANSCE,15.35,15.5,15.2,15.3,5410090.0,0.0,0.0,0.0,0.0,0.0,0.0,0.0,0.0,0.0,0.0
20170126,ALSC3,ALIANSCE,15.33,15.53,15.26,15.26,3304998.0,0.0,0.0,0.0,0.0,0.0,0.0,0.0,0.0,0.0,0.0
20170127,ALSC3,ALIANSCE,15.28,15.38,15.08,15.32,4471036.0,0.0,0.0,0.0,0.0,0.0,0.0,0.0,0.0,0.0,0.0
20170130,ALSC3,ALIANSCE,15.17,15.3,14.81,14.88,3833696.0,15.132,0.0,0.32537589597911354,0.0,0.0,0.0,0.0,0.0,0.0,0.0
20170131,ALSC3,ALIANSCE,15.0,15.2,14.86,14.95,11550089.0,15.145,0.0,0.3116931689642039,0.0,0.0,0.0,0.0,0.0,0.0,0.0
20170201,ALSC3,ALIANSCE,15.09,15.14,14.87,14.94,19815427.0,15.142,0.0,0.31344604169239715,0.0,0.0,0.0,0.0,0.0,0.0,0.0
20170202,ALSC3,ALIANSCE,14.92,15.5,14.81,14.85,16930359.0,15.121500000000001,0.0,0.31868603589376904,0.0,0.0,0.0,0.0,0.0,0.0,0.0
20170203,ALSC3,ALIANSCE,14.99,15.4,14.94,15.2,9679207.0,15.1125,0.0,0.3135010282867387,0.0,0.0,0.0,0.0,0.0,0.0,0.0
20170206,ALSC3,ALIANSCE,15.36,15.52,14.9,14.9,11820609.0,15.098499999999998,0.0,0.3165650344757488,0.0,0.0,0.0,0.0,0.0,0.0,0.0
20170207,ALSC3,ALIANSCE,14.93,15.03,14.7,14.7,22233664.0,15.082999999999998,0.0,0.32849096759191737,0.0,0.0,0.0,0.0,0.0,0.0,0.0
20170208,ALSC3,ALIANSCE,14.74,15.32,14.73,15.23,6151731.0,15.100999999999999,0.0,0.32605940692166147,0.0,0.0,0.0,0.0,0.0,0.0,0.0
20170209,ALSC3,ALIANSCE,15.34,15.67,15.19,15.46,6006684.0,15.124999999999996,0.0,0.3342469934518172,0.0,0.0,0.0,0.0,0.0,0.0,0.0
20170210,ALSC3,ALIANSCE,15.6,15.61,15.34,15.4,3722242.0,15.100999999999996,0.0,0.2917082175916997,0.0,0.0,0.0,0.0,0.0,0.0,0.0
20170213,ALSC3,ALIANSCE,15.58,15.8,15.34,15.65,12864286.0,15.100999999999996,0.0,0.2917082175916997,0.0,0.0,0.0,0.0,0.0,0.0,0.0
20170214,ALSC3,ALIANSCE,15.7,15.74,15.34,15.65,14328313.0,15.113499999999997,0.0,0.309979201339635,0.0,0.0,0.0,0.0,0.0,0.0,0.0
20170215,ALSC3,ALIANSCE,15.66,16.02,15.52,15.75,8858848.0,15.152499999999995,0.0,0.3387107910887992,0.0,0.0,0.0,0.0,0.0,0.0,0.0
20170216,ALSC3,ALIANSCE,15.65,15.92,15.52,15.62,4781484.0,15.208999999999994,0.0,0.3158597290270681,0.0,0.0,0.0,0.0,0.0,0.0,0.0
20170217,ALSC3,ALIANSCE,15.53,15.75,15.45,15.47,2560972.0,15.242999999999995,0.0,0.30478810585993116,0.0,0.0,0.0,0.0,0.0,0.0,0.0
20170220,ALSC3,ALIANSCE,15.48,15.61,15.26,15.55,4229467.0,15.265999999999996,0.0,0.3099473639524186,0.0,0.0,0.0,0.0,0.0,0.0,0.0
20170221,ALSC3,ALIANSCE,15.57,15.91,15.41,15.6,7121072.0,15.283999999999997,0.0,0.31868810028483724,0.0,0.0,0.0,0.0,0.0,0.0,0.0
20170222,ALSC3,ALIANSCE,15.61,15.61,15.12,15.18,12840945.0,15.277999999999997,0.0,0.31949960876345457,0.0,0.0,0.0,0.0,0.0,0.0,0.0
20170223,ALSC3,ALIANSCE,15.16,15.22,14.73,14.73,6576385.0,15.251499999999998,0.0,0.34224145062560185,0.0,0.0,0.0,0.0,0.0,0.0,0.0
20170224,ALSC3,ALIANSCE,14.72,14.76,14.41,14.64,7449169.0,15.217499999999998,0.0,0.36789407800558455,0.0,0.0,0.0,0.0,0.0,0.0,0.0
20170301,ALSC3,ALIANSCE,14.63,14.63,14.34,14.47,5739552.0,15.197,15.164499999999995,0.39789049009151145,0.36026308051129463,15.885026161022584,14.443973838977406,16.24528924153388,14.083710758466111,16.605552322045174,13.723447677954816
20170302,ALSC3,ALIANSCE,14.3,14.65,14.3,14.6,14034490.0,15.1795,15.162249999999995,0.41658353556671335,0.36356840784024064,15.889386815680476,14.435113184319514,16.25295522352072,14.071544776479273,16.61652363136096,13.707976368639033
20170303,ALSC3,ALIANSCE,14.58,14.85,14.48,14.49,5826148.0,15.157000000000002,15.149499999999994,0.44160115369795877,0.3780581287552867,15.905616257510568,14.393383742489421,16.283674386265854,14.015325613734134,16.661732515021143,13.637267484978848
20170306,ALSC3,ALIANSCE,14.52,14.84,14.52,14.84,4491971.0,15.1565,15.138999999999996,0.4419725521365609,0.38073343525089687,15.90046687050179,14.377533129498202,16.281200305752687,13.996799694247304,16.661933741003583,13.616066258996408
20170307,ALSC3,ALIANSCE,14.8,14.82,14.55,14.55,6334699.0,15.124,15.118249999999994,0.46204807223126804,0.38977236946710314,15.8977947389342,14.338705261065789,16.287567108401305,13.948932891598686,16.677339477868408,13.559160522131581
20170308,ALSC3,ALIANSCE,14.57,14.63,14.25,14.45,8368849.0,15.101500000000001,15.099999999999998,0.48396688664455173,0.403650013419216,15.90730002683843,14.292699973161566,16.310950040257644,13.88904995974235,16.71460005367686,13.485399946323135
20170309,ALSC3,ALIANSCE,14.45,14.65,14.3,14.65,5824596.0,15.099,15.090999999999998,0.48627369378073204,0.4096765453316454,15.910353090663289,14.271646909336706,16.320029635994935,13.861970364005062,16.72970618132658,13.452293818673416
20170310,ALSC3,ALIANSCE,14.65,14.77,14.45,14.77,4290378.0,15.075999999999999,15.088499999999996,0.4906107901059862,0.41136140451943837,15.911222809038874,14.265777190961119,16.32258421355831,13.854415786441681,16.73394561807775,13.443054381922243
20170313,ALSC3,ALIANSCE,14.78,14.98,14.49,14.85,5212522.0,15.0455,15.085249999999997,0.4844038658631418,0.4127517879568038,15.910753575913605,14.259746424086389,16.323505363870407,13.846994636129585,16.73625715182721,13.434242848172781
20170314,ALSC3,ALIANSCE,14.88,14.88,14.58,14.75,10110745.0,15.013000000000002,15.056999999999997,0.4811619707595993,0.3952616789821583,15.847523357964313,14.26647664203568,16.242785036946472,13.871214963053522,16.63804671592863,13.475953284071364
20170315,ALSC3,ALIANSCE,14.76,15.13,14.39,15.05,15096889.0,14.983000000000004,15.041999999999996,0.4574770629855585,0.3833870642387937,15.808774128477584,14.275225871522409,16.192161192716377,13.891838807283616,16.57554825695517,13.508451743044821
20170316,ALSC3,ALIANSCE,15.12,15.12,14.72,14.85,5752645.0,14.943000000000007,15.028249999999996,0.43025206810108513,0.38006671141814696,15.78838342283629,14.268116577163703,16.16845013425444,13.888049865745556,16.548516845672584,13.507983154327409
20170317,ALSC3,ALIANSCE,14.93,14.93,14.48,14.65,3894108.0,14.888000000000005,15.020249999999995,0.39009580469687477,0.3846642725339883,15.789578545067972,14.25092145493202,16.17424281760196,13.86625718239803,16.55890709013595,13.481592909864043
20170320,ALSC3,ALIANSCE,14.54,14.58,14.36,14.41,4410986.0,14.827500000000006,15.018249999999995,0.36351898524227777,0.3876880023672219,15.793626004734438,14.242873995265551,16.181314007101662,13.85518599289833,16.569002009468882,13.467497990531108
20170321,ALSC3,ALIANSCE,14.37,14.52,14.14,14.4,4205120.0,14.774000000000004,15.008499999999994,0.34208955429520277,0.39833338697564247,15.80516677395128,14.211833226048709,16.20350016092692,13.813499839073067,16.601833547902565,13.415166452097424
20170322,ALSC3,ALIANSCE,14.42,14.48,14.15,14.45,3602466.0,14.719000000000003,14.992499999999996,0.2960956459979486,0.40771879449519505,15.807937588990386,14.177062411009606,16.21565638348558,13.76934361651441,16.623375177980776,13.361624822019216
20170323,ALSC3,ALIANSCE,14.41,14.54,14.32,14.4,1946102.0,14.659,14.971499999999995,0.2199736826364149,0.41618875155760326,15.803877503115203,14.139122496884788,16.220066254672805,13.722933745327186,16.636255006230407,13.306744993769582
20170324,ALSC3,ALIANSCE,14.45,14.55,14.37,14.55,1943033.0,14.627500000000001,14.952749999999995,0.18352900244058523,0.4179006598923491,15.788551319784693,14.116948680215296,16.20645197967704,13.699048020322948,16.62435263956939,13.281147360430598
20170327,ALSC3,ALIANSCE,14.48,14.55,14.29,14.43,2067727.0,14.6125,14.931999999999993,0.18693863333076186,0.42283051099186325,15.77766102198372,14.086338978016267,16.200491532975583,13.663508467024403,16.623322043967445,13.24067795603254
20170328,ALSC3,ALIANSCE,14.35,14.96,14.35,14.95,17232448.0,14.628,14.922749999999994,0.20161453581680522,0.4181460148603461,15.759042029720685,14.086457970279302,16.177188044581033,13.668311955418956,16.595334059441377,13.25016594055861
20170329,ALSC3,ALIANSCE,14.94,15.38,14.93,15.38,3802587.0,14.673499999999999,14.935249999999993,0.2586864592716851,0.4242639931663245,15.783777986332641,14.086722013667345,16.208041979498965,13.662458020501019,16.63230597266529,13.238194027334695
20170330,ALSC3,ALIANSCE,15.32,15.5,15.09,15.5,6357950.0,14.718499999999997,14.948999999999993,0.31694719799326915,0.43356482968347515,15.816129659366943,14.081870340633042,16.24969448905042,13.648305510949568,16.683259318733892,13.214740681266091
20170331,ALSC3,ALIANSCE,15.49,15.49,15.21,15.4,2967773.0,14.763999999999996,14.96049999999999,0.3463706563479984,0.43938155838195264,15.839263116763895,14.081736883236086,16.27864467514585,13.642355324854133,16.7180262335278,13.20297376647218
20170403,ALSC3,ALIANSCE,15.49,15.49,15.19,15.48,3081225.0,14.795999999999998,14.97624999999999,0.3815398165053596,0.44655196097000127,15.869353921939993,14.083146078059986,16.315905882909995,13.636594117089986,16.762457843879993,13.190042156119985
20170404,ALSC3,ALIANSCE,15.43,15.5,15.24,15.5,3888741.0,14.843499999999997,14.98374999999999,0.40755077178057686,0.4528807365504314,15.889511473100853,14.077988526899126,16.342392209651283,13.625107790348697,16.795272946201717,13.172227053798265
20170405,ALSC3,ALIANSCE,15.54,15.65,15.28,15.36,4850363.0,14.889,14.99524999999999,0.4120794506939256,0.45652526820847533,15.90830053641694,14.08219946358304,16.364825804625415,13.625674195374565,16.82135107283389,13.169148927166088
20170406,ALSC3,ALIANSCE,15.42,15.49,15.13,15.25,7051655.0,14.919,15.00899999999999,0.4155896255227055,0.45568657694763876,15.920373153895268,14.097626846104712,16.376059730842904,13.641940269157073,16.831746307790546,13.186253692209435
20170407,ALSC3,ALIANSCE,15.24,15.44,15.12,15.12,4926691.0,14.9365,15.006249999999989,0.41635353145841375,0.45464941410232745,15.915548828204644,14.096951171795334,16.370198242306973,13.642301757693007,16.8248476564093,13.18765234359068
20170410,ALSC3,ALIANSCE,15.15,15.2,14.96,15.07,3900078.0,14.9475,14.996499999999989,0.41685381761854545,0.4488135356064804,15.89412707121295,14.098872928787028,16.34294060681943,13.650059393180548,16.79175414242591,13.201245857574067
20170411,ALSC3,ALIANSCE,15.14,15.2,14.77,15.01,3974391.0,14.9605,14.98674999999999,0.4144174732142228,0.4440338835534844,15.87481776710696,14.09868223289302,16.31885165066044,13.654648349339537,16.76288553421393,13.210614465786053
20170412,ALSC3,ALIANSCE,15.02,15.07,14.81,14.87,1967599.0,14.9515,14.96724999999999,0.4143260221511277,0.43109870069809897,15.829447401396187,14.105052598603791,16.260546102094285,13.673953897905692,16.691644802792386,13.242855197207593
20170413,ALSC3,ALIANSCE,14.9,14.99,14.71,14.8,12295825.0,14.948999999999998,14.945999999999989,0.4151207814093297,0.41731006734524323,15.780620134690476,14.111379865309502,16.197930202035717,13.694069797964259,16.615240269380962,13.276759730619016
20170417,ALSC3,ALIANSCE,14.8,15.43,14.8,15.23,4721940.0,14.978,14.93299999999999,0.4133890737740748,0.399334061041243,15.731668122082475,14.134331877917504,16.13100218312372,13.73499781687626,16.53033624416496,13.335663755835018
20170418,ALSC3,ALIANSCE,15.2,15.4,15.07,15.38,3176327.0,15.026499999999999,14.926999999999989,0.3999246639582309,0.39045141527763294,15.707902830555255,14.146097169444722,16.098354245832887,13.755645754167091,16.488805661110522,13.365194338889458
20170419,ALSC3,ALIANSCE,15.31,15.49,14.91,14.94,3287886.0,15.0535,14.91374999999999,0.3727038474375275,0.38041601721515994,15.67458203443031,14.152917965569669,16.05499805164547,13.77250194835451,16.43541406886063,13.39208593113935
20170420,ALSC3,ALIANSCE,15.02,15.07,14.82,14.89,4198599.0,15.0755,14.89724999999999,0.3473277687536192,0.3661580680105645,15.62956613602112,14.164933863978861,15.995724204031685,13.798775795968297,16.361882272042248,13.432617727957734
20170424,ALSC3,ALIANSCE,14.93,15.09,14.83,14.99,5855006.0,15.105,14.88199999999999,0.30998302160636176,0.3484117811308443,15.578823562261679,14.185176437738303,15.927235343392525,13.836764656607457,16.275647124523367,13.488352875476613
20170425,ALSC3,ALIANSCE,15.04,15.47,14.83,15.3,3209317.0,15.142500000000002,14.884999999999991,0.28354661734982184,0.35154603593926864,15.588092071878528,14.181907928121454,15.939638107817796,13.830361892182186,16.291184143757064,13.478815856242916
20170426,ALSC3,ALIANSCE,15.17,15.27,14.9,14.91,9834521.0,15.166500000000003,14.88949999999999,0.23647131794474868,0.35066201127844515,15.59082402255688,14.188175977443098,15.941486033835325,13.837513966164654,16.29214804511377,13.486851954886209
20170427,ALSC3,ALIANSCE,14.93,15.07,14.71,15.04,3843393.0,15.171000000000003,14.899499999999989,0.23296487198491436,0.3490643170475834,15.597628634095155,14.201371365904823,15.94669295114274,13.852307048857238,16.29575726819032,13.503242731809655
20170428,ALSC3,ALIANSCE,15.12,15.12,14.59,15.07,4797030.0,15.155500000000004,14.91449999999999,0.22859928166761026,0.3429730496999895,15.600446099399969,14.22855390060001,15.943419149099958,13.885580850900022,16.28639219879995,13.542607801200031
20170502,ALSC3,ALIANSCE,15.23,15.29,14.79,14.9,5614936.0,15.125500000000002,14.921999999999988,0.22022655798541863,0.33917849472224804,15.600356989444485,14.243643010555491,15.939535484166733,13.904464515833244,16.27871397888898,13.565286021110996
20170503,ALSC3,ALIANSCE,14.98,14.98,14.36,14.58,26384935.0,15.084500000000002,14.92424999999999,0.2417148167398478,0.33652742106432265,15.597304842128635,14.251195157871345,15.933832263192958,13.914667736807022,16.27035968425728,13.578140315742699
20170504,ALSC3,ALIANSCE,14.55,14.66,14.39,14.4,22129379.0,15.0305,14.913249999999987,0.26792526452057447,0.34639822570161855,15.606046451403225,14.22045354859675,15.952444677104843,13.874055322895131,16.298842902806463,13.527657097193513
20170505,ALSC3,ALIANSCE,14.46,14.8,14.42,14.58,32895548.0,14.9845,14.91399999999999,0.2619858373030243,0.3456231829831201,15.60524636596623,14.22275363403375,15.95086954894935,13.87713045105063,16.29649273193247,13.53150726806751
20170508,ALSC3,ALIANSCE,14.45,14.83,14.44,14.63,2954984.0,14.947999999999999,14.91849999999999,0.25773507409945345,0.3405617531260761,15.599623506252142,14.237376493747837,15.940185259378218,13.89681474062176,16.280747012504293,13.556252987495684
20170509,ALSC3,ALIANSCE,14.88,14.88,14.55,14.76,23721596.0,14.923499999999999,14.92124999999999,0.25071004430574245,0.338777496755158,15.598804993510306,14.243695006489673,15.937582490265465,13.904917509734515,16.276359987020623,13.566140012979357
20170510,ALSC3,ALIANSCE,14.85,15.58,14.78,15.46,13863151.0,14.940499999999997,14.93849999999999,0.27507845770749645,0.3483113107993598,15.63512262159871,14.241877378401272,15.98343393239807,13.893566067601911,16.331745243197428,13.545254756802551
20170511,ALSC3,ALIANSCE,15.4,16.36,15.39,16.19,16503674.0,14.996499999999997,14.97199999999999,0.3919891915803139,0.40016150585636073,15.772323011712713,14.171676988287269,16.172484517569075,13.771515482430909,16.572646023425435,13.371353976574548
20170512,ALSC3,ALIANSCE,16.3,16.64,15.93,16.45,11920210.0,15.068499999999997,15.014499999999993,0.5092954369570397,0.4615467306951532,15.9375934613903,14.091406538609686,16.399140192085454,13.629859807914533,16.860686922780605,13.16831307721938
20170515,ALSC3,ALIANSCE,16.56,16.56,16.12,16.37,7337149.0,15.143499999999998,15.047499999999994,0.5835578264766094,0.5089090896598936,16.06531817931978,14.029681820680207,16.574227268979676,13.520772731020314,17.083136358639567,13.01186364136042
20170516,ALSC3,ALIANSCE,16.38,16.88,16.21,16.88,9857790.0,15.247499999999997,15.098249999999993,0.6940110343427357,0.5843378347567488,16.26692566951349,13.929574330486496,16.85126350427024,13.345236495729747,17.435601339026988,12.760898660972998
20170517,ALSC3,ALIANSCE,16.77,16.77,16.34,16.42,12675082.0,15.306999999999997,15.142499999999993,0.7417979580224768,0.6156995187881005,16.373899037576194,13.911100962423792,16.989598556364296,13.295401443635692,17.605298075152394,12.679701924847592
20170518,ALSC3,ALIANSCE,13.5,14.85,13.5,13.86,17141857.0,15.230999999999998,15.128749999999993,0.8087670928804631,0.6382073752677532,16.405164750535498,13.852335249464486,17.043372125803252,13.214127874196734,17.681579501071006,12.57592049892898
20170519,ALSC3,ALIANSCE,13.92,14.38,13.86,13.9,15353188.0,15.178999999999997,15.116249999999994,0.8602563877307614,0.6574530791486585,16.43115615829731,13.801343841702677,17.08860923744597,13.143890762554019,17.746062316594628,12.48643768340536
20170522,ALSC3,ALIANSCE,13.9,13.9,12.95,13.2,10602393.0,15.094499999999996,15.084999999999994,0.9665700344925585,0.7169486624685099,16.518897324937015,13.651102675062974,17.235845987405522,12.934154012594464,17.952794649874033,12.217205350125955
20170523,ALSC3,ALIANSCE,13.34,13.79,13.3,13.79,23733983.0,15.034499999999998,15.069749999999994,1.0096819457526938,0.7380691632520562,16.545888326504105,13.593611673495882,17.283957489756162,12.855542510243826,18.02202665300822,12.117473346991769
20170524,ALSC3,ALIANSCE,13.83,14.54,13.65,14.25,14526219.0,14.981999999999996,15.062249999999995,1.022368766510812,0.7449780155076686,16.55220603101533,13.572293968984658,17.297184046523,12.82731595347699,18.04216206203067,12.08233793796932
20170525,ALSC3,ALIANSCE,14.29,14.29,13.88,13.93,5858276.0,14.932999999999996,15.049749999999994,1.049135483699742,0.7599037978923927,16.56955759578478,13.529942404215209,17.32946139367717,12.770038606322816,18.089365191569566,12.010134808430424
20170526,ALSC3,ALIANSCE,14.07,14.25,13.89,14.15,16664101.0,14.888499999999993,15.029749999999993,1.0631397145397095,0.7730110540888727,16.575772108177738,13.483727891822248,17.34878316226661,12.710716837733376,18.121794216355482,11.937705783644502
20170529,ALSC3,ALIANSCE,14.26,14.26,13.82,14.13,4001487.0,14.841499999999993,14.998499999999993,1.0754009044366448,0.7836814829167951,16.56586296583358,13.431137034166403,17.34954444875038,12.647455551249607,18.133225931667173,11.863774068332813
20170530,ALSC3,ALIANSCE,14.21,14.21,13.72,13.84,18119192.0,14.788499999999994,14.956999999999994,1.0982439332143383,0.8002217641347127,16.55744352826942,13.356556471730569,17.357665292404132,12.556334707595855,18.157887056538843,11.756112943461144
20170531,ALSC3,ALIANSCE,14.0,14.0,13.6,13.75,12689391.0,14.746999999999995,14.915749999999994,1.1219630353231667,0.8191048506816794,16.553959701363354,13.277540298636636,17.373064552045033,12.458435447954955,18.192169402726712,11.639330597273275
20170601,ALSC3,ALIANSCE,13.89,13.89,13.45,13.45,15318019.0,14.699499999999995,14.864999999999995,1.1569900832036428,0.8457040762674521,16.5564081525349,13.17359184746509,17.402112228802352,12.327887771197638,18.247816305069804,11.482183694930185
20170602,ALSC3,ALIANSCE,13.46,13.71,13.27,13.71,10301652.0,14.655999999999995,14.820249999999996,1.1778857061880401,0.8585034309923523,16.5372568619847,13.10324313801529,17.39576029297705,12.244739707022939,18.254263723969405,11.386236276030587
20170605,ALSC3,ALIANSCE,13.75,14.28,13.72,13.99,23074013.0,14.623999999999995,14.785999999999996,1.1872852714446795,0.8637301335427306,16.513460267085456,13.058539732914534,17.377190400628187,12.194809599371805,18.240920534170918,11.331079465829074
20170606,ALSC3,ALIANSCE,14.08,15.29,14.08,15.17,41291935.0,14.644499999999997,14.783999999999995,1.193281521466614,0.8627202060031708,16.509440412006338,13.058559587993654,17.37216061800951,12.195839381990483,18.234880824012677,11.333119175987312
20170607,ALSC3,ALIANSCE,15.21,15.48,14.92,15.44,17798462.0,14.643499999999998,14.791999999999996,1.1925703112891977,0.8673868802328057,16.52677376046561,13.057226239534385,17.394160640698413,12.18983935930158,18.26154752093122,11.322452479068772
20170608,ALSC3,ALIANSCE,15.48,15.48,14.67,14.96,15958768.0,14.581999999999997,14.789249999999996,1.1391391024527402,0.8666569649358358,16.522563929871666,13.055936070128324,17.3892208948075,12.189279105192488,18.25587785974334,11.322622140256652
20170609,ALSC3,ALIANSCE,14.91,15.47,14.81,15.15,12704179.0,14.516999999999996,14.792749999999995,1.061374977142977,0.8678531941905072,16.52845638838101,13.05704361161898,17.396309582571515,12.189190417428474,18.264162776762024,11.321337223237965
20170612,ALSC3,ALIANSCE,15.32,15.34,14.64,14.94,10215986.0,14.445499999999996,14.794499999999996,0.9745955976441506,0.8680835065585418,16.53066701311708,13.058332986882911,17.398750519675623,12.19024948032437,18.266834026234164,11.322165973765829
20170613,ALSC3,ALIANSCE,14.95,14.95,14.68,14.91,8466892.0,14.346999999999998,14.797249999999996,0.7994017499947864,0.868275589890675,16.533801179781346,13.060698820218647,17.40207676967202,12.192423230327972,18.270352359562697,11.324147640437296
20170614,ALSC3,ALIANSCE,15.07,15.13,14.8,15.11,6770671.0,14.281499999999998,14.794249999999996,0.662564991846869,0.8669483393356969,16.52814667867139,13.060353321328602,17.395095018007087,12.193404981992906,18.262043357342783,11.32645664265721
20170616,ALSC3,ALIANSCE,15.11,15.56,14.81,15.56,10098001.0,14.366499999999997,14.798749999999995,0.712787522780505,0.8705264764232308,16.539802952846458,13.057697047153534,17.410329429269687,12.187170570730302,18.280855905692917,11.316644094307073
20170619,ALSC3,ALIANSCE,15.58,15.6,15.18,15.6,8008935.0,14.4515,14.815249999999995,0.7543786219552806,0.8794811626093051,16.574212325218607,13.056287674781386,17.453693487827913,12.17680651217208,18.333174650437215,11.297325349562776
20170620,ALSC3,ALIANSCE,15.69,15.69,15.09,15.19,10069593.0,14.550999999999998,14.822749999999996,0.7105883403727331,0.8814120009306743,16.585574001861346,13.059925998138647,17.46698600279202,12.178513997207972,18.348398003722693,11.297101996277298
20170621,ALSC3,ALIANSCE,15.18,15.21,14.95,15.05,5352169.0,14.613999999999999,14.824249999999996,0.695257619803428,0.8817549153643718,16.58775983072874,13.060740169271252,17.46951474609311,12.17898525390688,18.351269661457483,11.297230338542509
20170622,ALSC3,ALIANSCE,15.17,15.17,14.8,15.0,5023163.0,14.651499999999999,14.816749999999995,0.6948174694043501,0.8788757022469103,16.574501404493816,13.058998595506175,17.453377106740724,12.180122893259265,18.332252808987636,11.301247191012354
20170623,ALSC3,ALIANSCE,14.96,15.06,14.73,14.78,34433666.0,14.693999999999997,14.813499999999996,0.6740482569012181,0.8787623873000784,16.571024774600154,13.05597522539984,17.449787161900232,12.177212838099761,18.32854954920031,11.298450450799683
20170626,ALSC3,ALIANSCE,14.81,15.14,14.68,15.04,3660986.0,14.738499999999998,14.813499999999996,0.6655688109468887,0.8787623873000784,16.571024774600154,13.05597522539984,17.449787161900232,12.177212838099761,18.32854954920031,11.298450450799683
20170627,ALSC3,ALIANSCE,15.09,15.09,14.85,15.01,5939239.0,14.782499999999999,14.811999999999994,0.6521775266871606,0.878364447461361,16.568728894922717,13.055271105077273,17.44709334238408,12.17690665761591,18.325457789845437,11.298542210154551
20170628,ALSC3,ALIANSCE,15.09,15.09,14.82,15.03,4226268.0,14.841999999999999,14.815249999999995,0.6148821025204695,0.8789387175627028,16.5731274351254,13.05737256487459,17.452066152688104,12.178433847311886,18.33100487025081,11.299495129749184
20170629,ALSC3,ALIANSCE,15.05,15.1,14.74,14.78,15902804.0,14.893499999999998,14.820249999999993,0.5592219689231721,0.8781346415658297,16.576519283131653,13.063980716868333,17.45465392469748,12.185846075302504,18.33278856626331,11.307711433736674
20170630,ALSC3,ALIANSCE,14.73,15.07,14.64,15.07,7997519.0,14.974499999999997,14.836999999999994,0.44474090624115553,0.8763010839566441,16.589602167913284,13.084397832086706,17.465903251869925,12.208096748130062,18.342204335826573,11.331795664173418
20170703,ALSC3,ALIANSCE,15.09,15.3,14.96,15.29,3239748.0,15.0535,14.854749999999992,0.335124093277,0.8781507011021248,16.611051402204243,13.098448597795743,17.48920210330637,12.220297896693618,18.36735280440849,11.342147195591494
20170704,ALSC3,ALIANSCE,15.28,15.5,15.12,15.47,2787203.0,15.127500000000001,14.875749999999993,0.2369515828847195,0.8826704455144145,16.64109089102882,13.110409108971163,17.523761336543238,12.22773866345675,18.406431782057652,11.345068217942334
20170705,ALSC3,ALIANSCE,15.59,15.59,15.21,15.4,6094202.0,15.139,14.891749999999993,0.24458127483516653,0.88631153722923,16.664373074458453,13.119126925541533,17.550684611687682,12.232815388312304,18.43699614891691,11.346503851083073
20170706,ALSC3,ALIANSCE,15.26,15.41,14.97,15.22,12655084.0,15.128,14.885749999999993,0.23509460581690458,0.8831728567340567,16.652095713468107,13.119404286531879,17.535268570202163,12.236231429797822,18.41844142693622,11.353058573063766
20170707,ALSC3,ALIANSCE,15.18,15.35,15.1,15.2,17719340.0,15.14,14.860999999999994,0.23217507006112875,0.8592328122464977,16.57946562449299,13.142534375506997,17.438698436739486,12.283301563260501,18.297931248985986,11.424068751014003
20170710,ALSC3,ALIANSCE,15.3,15.52,15.13,15.46,3636328.0,15.1555,14.836249999999993,0.24297444093435816,0.8259002469721859,16.488050493944364,13.184449506055621,17.31395074091655,12.358549259083436,18.139850987888735,11.53264901211125
20170711,ALSC3,ALIANSCE,15.46,15.5,15.23,15.45,3386769.0,15.181000000000001,14.813249999999993,0.2459118370045308,0.7942982308221386,16.40184646164427,13.224653538355716,17.196144692466408,12.430355307533578,17.990442923288548,11.636057076711438
20170712,ALSC3,ALIANSCE,15.59,15.89,15.34,15.8,9187217.0,15.2255,14.786249999999992,0.2732932683516216,0.7386497990529921,16.263549598105975,13.308950401894007,17.002199397158968,12.570300602841016,17.74084919621196,11.831650803788023
20170713,ALSC3,ALIANSCE,15.82,15.97,15.68,15.96,7712865.0,15.267999999999997,14.774749999999994,0.31698580409853677,0.7157889228335976,16.20632784566719,13.343172154332798,16.922116768500786,12.627383231499202,17.637905691334385,11.911594308665602
20170714,ALSC3,ALIANSCE,16.0,16.14,15.89,16.08,11825119.0,15.293999999999997,14.830249999999996,0.36053177099214534,0.7289876630098154,16.288225326019628,13.372274673980366,17.017212989029442,12.64328701097055,17.746200652039256,11.914299347960734
20170717,ALSC3,ALIANSCE,16.16,16.39,15.93,16.39,2601822.0,15.333499999999995,14.892499999999995,0.43201212214960666,0.7534187040349759,16.399337408069947,13.385662591930043,17.15275611210492,12.632243887895067,17.9061748161399,11.87882518386009
20170718,ALSC3,ALIANSCE,16.35,16.35,16.0,16.12,11184698.0,15.379999999999995,14.965499999999995,0.46457677400766045,0.7261946832280698,16.417889366456134,13.513110633543855,17.144084049684203,12.786915950315786,17.870278732912276,12.060721267087716
20170719,ALSC3,ALIANSCE,16.04,16.12,15.88,16.0,8811471.0,15.427499999999995,15.020749999999996,0.4774479855935774,0.7184969621476369,16.45774392429527,13.583756075704722,17.176240886442905,12.865259113557086,17.894737848590545,12.146762151409447
20170720,ALSC3,ALIANSCE,16.0,16.1,15.9,15.9,5670094.0,15.472499999999993,15.061999999999994,0.47744798559357765,0.7204742028158084,16.50294840563161,13.621051594368378,17.223422608447418,12.900577391552568,17.94389681126323,12.18010318873676
20170721,ALSC3,ALIANSCE,15.83,16.18,15.83,16.18,8335469.0,15.542499999999995,15.118249999999994,0.4731848976546252,0.7176560403896074,16.55356208077921,13.68293791922078,17.271218121168815,12.965281878831172,17.988874161558424,12.247625838441564
20170724,ALSC3,ALIANSCE,16.28,16.28,15.99,16.01,5684878.0,15.590999999999994,15.164749999999994,0.4686587805979702,0.7135573126676901,16.591864625335376,13.737635374664615,17.305421938003064,13.024078061996924,18.018979250670753,12.310520749329234
20170725,ALSC3,ALIANSCE,15.98,16.45,15.98,16.34,11058808.0,15.657499999999994,15.219999999999995,0.4761785932101282,0.716934356684675,16.653868713369345,13.786131286630646,17.37080307005402,13.06919692994597,18.087737426738695,12.352262573261296
20170726,ALSC3,ALIANSCE,16.42,16.42,16.0,16.17,7145324.0,15.714499999999996,15.278249999999995,0.4652161353946972,0.6962938058769165,16.67083761175383,13.885662388246162,17.367131417630745,13.189368582369244,18.06342522350766,12.493074776492328
20170727,ALSC3,ALIANSCE,16.19,16.35,16.07,16.28,3136344.0,15.789499999999999,15.341499999999993,0.42587958515598073,0.6682566296542966,16.678013259308585,14.0049867406914,17.346269888962883,13.336730111037102,18.014526518617178,12.668473481382806
20170728,ALSC3,ALIANSCE,16.31,16.39,16.07,16.39,6938970.0,15.855499999999997,15.414999999999992,0.41051283716064657,0.6143915063515438,16.64378301270308,14.186216987296904,17.258174519054624,13.57182548094536,17.87256602540617,12.957433974593817
20170731,ALSC3,ALIANSCE,16.45,16.8,16.24,16.8,8159554.0,15.930999999999997,15.49224999999999,0.4389089343264483,0.5882197718540204,16.66868954370803,14.315810456291949,17.25690931556205,13.727590684437928,17.845129087416073,13.139370912583908
20170801,ALSC3,ALIANSCE,16.79,16.83,16.43,16.55,8025372.0,15.984999999999996,15.556249999999988,0.4455924500919501,0.5591279267408613,16.674505853481712,14.437994146518266,17.233633780222572,13.878866219777404,17.792761706963432,13.319738293036544
20170802,ALSC3,ALIANSCE,16.61,17.01,16.41,17.01,5867619.0,16.065499999999997,15.602249999999989,0.4785556668934037,0.6006811838366342,16.803612367673257,14.400887632326722,17.40429355150989,13.800206448490087,18.004974735346526,13.199525264653452
20170803,ALSC3,ALIANSCE,17.0,17.0,16.63,16.77,12391483.0,16.142999999999994,15.635499999999988,0.45955470437782575,0.627673563697005,16.890847127393997,14.380152872605978,17.518520691091002,13.752479308908972,18.146194254788007,13.124805745211969
20170804,ALSC3,ALIANSCE,16.77,16.98,16.59,16.95,7450639.0,16.230499999999996,15.685249999999987,0.4365833253801635,0.6511842761756895,16.987618552351368,14.382881447648609,17.638802828527055,13.73169717147292,18.289987104702746,13.080512895297229
20170807,ALSC3,ALIANSCE,16.98,17.05,16.8,16.98,5464109.0,16.306499999999996,15.73099999999999,0.4276037885706842,0.6764113450351811,17.083822690070352,14.378177309929628,17.760234035105533,13.701765964894445,18.436645380140714,13.025354619859264
20170808,ALSC3,ALIANSCE,17.01,17.07,16.82,16.87,4224306.0,16.377499999999998,15.779249999999987,0.39451335778866486,0.687288941962247,17.15382788392448,14.404672116075492,17.84111682588673,13.717383174113246,18.528405767848973,13.030094232150999
20170809,ALSC3,ALIANSCE,16.94,16.94,16.62,16.86,9391854.0,16.4305,15.827999999999989,0.3839061700056723,0.6931836623461237,17.214367324692237,14.44163267530774,17.90755098703836,13.748449012961618,18.600734649384485,13.055265350615494
20170810,ALSC3,ALIANSCE,16.86,16.92,16.6,16.75,10799760.0,16.47,15.86899999999999,0.37344766419772973,0.6981102697410659,17.265220539482122,14.472779460517858,17.963330809223187,13.774669190776791,18.661441078964252,13.076558921035726
20170811,ALSC3,ALIANSCE,16.84,17.11,16.75,16.95,42160085.0,16.5135,15.903749999999992,0.3762876139617889,0.7166828412008969,17.337115682401784,14.470384317598198,18.053798523602683,13.753701476397302,18.77048136480358,13.037018635196404
20170814,ALSC3,ALIANSCE,16.95,17.2,16.78,17.03,18390898.0,16.545499999999997,15.93949999999999,0.3921126986225469,0.7365336345828274,17.412567269165645,14.466432730834335,18.149100903748472,13.729899096251508,18.8856345383313,12.993365461668681
20170815,ALSC3,ALIANSCE,17.09,17.27,16.83,16.88,6785305.0,16.583499999999997,15.981749999999987,0.38547680659289507,0.7408965030320518,17.463543006064093,14.499956993935884,18.204439509096144,13.759060490903831,18.945336012128195,13.01816398787178
20170816,ALSC3,ALIANSCE,16.92,17.13,16.72,17.13,32035194.0,16.639999999999997,16.03374999999999,0.3781951598677223,0.7467937878279762,17.52733757565594,14.540162424344038,18.274131363483917,13.793368636516062,19.020925151311896,13.046574848688085
20170817,ALSC3,ALIANSCE,17.03,17.04,16.75,16.85,36264103.0,16.6875,16.07999999999999,0.33787065416720063,0.7383696524030078,17.55673930480601,14.603260695193976,18.295108957209013,13.864891042790967,19.033478609612022,13.12652139038796
20170818,ALSC3,ALIANSCE,16.95,16.95,16.74,16.92,7629553.0,16.7245,16.13349999999999,0.3193822161611439,0.7190362139162892,17.57157242783257,14.695427572167413,18.290608641748857,13.976391358251123,19.009644855665147,13.257355144334834
20170821,ALSC3,ALIANSCE,16.92,17.31,16.8,17.19,8700328.0,16.7835,16.18724999999999,0.2878829257656177,0.7155488748559998,17.61834774971199,14.756152250287991,18.33389662456799,14.040603375431992,19.049445499423992,13.325054500575993
20170822,ALSC3,ALIANSCE,17.27,17.66,17.16,17.6,6473979.0,16.846500000000002,16.251999999999992,0.3216123033781731,0.7234291558886317,17.698858311777254,14.80514168822273,18.422287467665885,14.081712532334096,19.14571662355452,13.358283376445465
20170823,ALSC3,ALIANSCE,17.58,17.63,17.3,17.61,6049075.0,16.9185,16.316499999999994,0.3233748842898562,0.7266909546634922,17.76988190932698,14.86311809067301,18.496572863990473,14.136427136009518,19.22326381865396,13.409736181346025
20170824,ALSC3,ALIANSCE,17.6,18.17,17.49,17.95,10590021.0,17.002000000000002,16.395749999999996,0.36300790190037213,0.7276829666826026,17.8511159333652,14.940384066634792,18.578798900047804,14.212701099952188,19.306481866730408,13.485018133269586
20170825,ALSC3,ALIANSCE,18.09,18.13,17.7,18.01,10006988.0,17.083000000000006,16.469249999999995,0.3982871220350378,0.738735536107264,17.946721072214523,14.991778927785468,18.685456608321786,14.253043391678204,19.42419214442905,13.514307855570939
20170828,ALSC3,ALIANSCE,18.01,18.1,17.83,17.86,7576196.0,17.136000000000003,16.533499999999997,0.4280604974459685,0.745274170854984,18.024048341709964,15.04295165829003,18.769322512564948,14.297677487435045,19.51459668341993,13.55240331658006
20170829,ALSC3,ALIANSCE,17.89,17.89,17.6,17.6,10851406.0,17.188500000000005,16.586749999999995,0.4166441748315447,0.7434306737461542,18.073611347492303,15.099888652507687,18.817042021238457,14.356457978761533,19.56047269498461,13.613027305015379
20170830,ALSC3,ALIANSCE,17.7,17.71,17.15,17.42,20001431.0,17.209000000000007,16.637249999999995,0.4174849508791096,0.7292215290716073,18.09569305814321,15.17880694185678,18.824914587214817,14.449585412785172,19.554136116286422,13.720363883713565
20170831,ALSC3,ALIANSCE,17.5,17.56,17.15,17.4,19622421.0,17.240500000000004,16.691749999999992,0.406233987538691,0.7015217433624216,18.094793486724836,15.288706513275148,18.796315230087256,14.587184769912728,19.49783697344968,13.885663026550306
20170901,ALSC3,ALIANSCE,17.44,17.59,17.24,17.41,14003622.0,17.263500000000008,16.746999999999993,0.40192006275142794,0.6672108035772888,18.08142160715457,15.412578392845415,18.748632410731858,14.745367589268128,19.41584321430915,14.078156785690837
20170904,ALSC3,ALIANSCE,17.52,17.74,17.43,17.47,6122245.0,17.288000000000004,16.79724999999999,0.39865035465074483,0.6430495753907716,18.083349150781533,15.511150849218447,18.726398726172306,14.868101273827676,19.36944830156308,14.225051698436905
20170905,ALSC3,ALIANSCE,17.46,17.71,17.21,17.47,11227733.0,17.318000000000005,16.84774999999999,0.38797178410699523,0.6131569736690349,18.07406394733806,15.62143605266192,18.687220921007096,15.008279078992885,19.30037789467613,14.395122105323852
20170906,ALSC3,ALIANSCE,17.64,17.9,17.51,17.7,23558471.0,17.360000000000007,16.895249999999994,0.3811892747152023,0.6034260624306081,18.10210212486121,15.688397875138778,18.70552818729182,15.084971812708169,19.308954249722426,14.481545750277562
20170908,ALSC3,ALIANSCE,17.7,17.94,17.7,17.9,10174622.0,17.417500000000004,16.94374999999999,0.3709287773882527,0.6042910128449072,18.152332025689805,15.735167974310176,18.756623038534713,15.130876961465269,19.36091405137962,14.526585948620362
20170911,ALSC3,ALIANSCE,17.95,18.14,17.91,18.0,9578833.0,17.470000000000006,16.99174999999999,0.37555572857189246,0.6101487313425885,18.212047462685167,15.771452537314811,18.822196194027754,15.161303805972224,19.432344925370344,14.551155074629635
20170912,ALSC3,ALIANSCE,18.05,18.05,17.85,17.95,11359035.0,17.516000000000002,17.03074999999999,0.37516873396829825,0.6204687537329905,18.27168750746597,15.78981249253401,18.892156261198963,15.169343738801018,19.512625014931952,14.548874985068029
20170913,ALSC3,ALIANSCE,17.97,18.23,17.83,18.15,6249475.0,17.579500000000003,17.08149999999999,0.36928772123188597,0.6270506870282182,18.335601374056427,15.827398625943555,18.962652061084647,15.200347938915337,19.589702748112863,14.57329725188712
20170914,ALSC3,ALIANSCE,18.17,18.25,18.03,18.23,3837592.0,17.634500000000003,17.13724999999999,0.3805601826670604,0.6275634098107774,18.392376819621546,15.882123180378436,19.019940229432322,15.254559770567658,19.6475036392431,14.62699636075688
20170915,ALSC3,ALIANSCE,18.24,18.82,18.15,18.82,17470523.0,17.733,17.210249999999995,0.4197505524901632,0.6494040167130736,18.509058033426143,15.911441966573848,19.158462050139214,15.262037949860774,19.807866066852288,14.6126339331477
20170918,ALSC3,ALIANSCE,18.84,19.04,18.65,18.9,9432172.0,17.832,17.278249999999993,0.45029347155641025,0.6804255361583715,18.639101072316734,15.91739892768325,19.31952660847511,15.236973391524877,19.99995214463348,14.556547855366507
20170919,ALSC3,ALIANSCE,18.9,19.04,18.53,19.04,15037742.0,17.924500000000002,17.353999999999992,0.4988668739200317,0.703871346053289,18.76174269210657,15.946257307893415,19.46561403815986,15.242385961840125,20.169485384213147,14.538514615786836
20170920,ALSC3,ALIANSCE,19.01,19.02,18.68,18.98,16094259.0,17.9935,17.419999999999995,0.5449314297761716,0.7296539397514885,18.87930787950297,15.960692120497018,19.60896181925446,15.231038180745529,20.338615759005947,14.50138424099404
20170921,ALSC3,ALIANSCE,18.95,18.97,18.72,18.8,13102974.0,18.053,17.485749999999992,0.5654350909744381,0.7326169723703687,18.95098394474073,16.020516055259254,19.6836009171111,15.287899082888886,20.416217889481466,14.555282110518517
20170922,ALSC3,ALIANSCE,18.75,18.9,18.67,18.73,10914077.0,18.092000000000002,17.546999999999993,0.5845340024327138,0.7316409375769368,19.01028187515387,16.08371812484612,19.741922812730806,15.352077187269183,20.47356375030774,14.620436249692247
20170925,ALSC3,ALIANSCE,18.83,18.83,18.16,18.57,7821559.0,18.12,17.601499999999994,0.5937392658309549,0.7244044415047388,19.05030888300947,16.152691116990518,19.77471332451421,15.428286675485777,20.499117766018948,14.703882233981039
20170926,ALSC3,ALIANSCE,18.72,18.72,18.37,18.62,5047779.0,18.158,17.647,0.6005050505944819,0.7299076162125765,19.106815232425152,16.187184767574845,19.836722848637727,15.45727715136227,20.566630464850306,14.727369535149693
20170927,ALSC3,ALIANSCE,18.69,18.73,18.19,18.54,7824660.0,18.205000000000002,17.696749999999998,0.5912475659235594,0.7209836140959579,19.138717228191915,16.25478277180808,19.85970084228787,15.533799157712124,20.58068445638383,14.812815543616166
20170928,ALSC3,ALIANSCE,18.7,18.7,18.2,18.35,22691621.0,18.2515,17.730249999999998,0.5621132588629103,0.7193853769106082,19.169020753821215,16.29147924617878,19.888406130731823,15.572093869268173,20.607791507642432,14.852708492357564
20170929,ALSC3,ALIANSCE,18.52,18.72,18.32,18.53,13267529.0,18.308000000000003,17.77425,0.5277619080408844,0.7129422154453332,19.200134430890664,16.348365569109333,19.913076646336,15.635423353663999,20.626018861781333,14.922481138218666
20171002,ALSC3,ALIANSCE,18.64,18.86,18.47,18.53,12138417.0,18.364,17.813749999999995,0.485163021977917,0.7098670424443687,19.233484084888733,16.394015915111257,19.943351127333102,15.684148872666889,20.65321816977747,14.97428183022252
20171003,ALSC3,ALIANSCE,18.69,19.05,18.66,19.0,11772877.0,18.440500000000004,17.864249999999995,0.4565600784816447,0.7208004364806991,19.305850872961393,16.422649127038596,20.02665130944209,15.701848690557897,20.747451745922792,14.981048254077198
20171004,ALSC3,ALIANSCE,19.04,19.2,18.95,19.15,9149048.0,18.5245,17.921249999999993,0.4218315328484476,0.7302482454617724,19.38174649092354,16.460753509076447,20.11199473638531,15.730505263614676,20.842242981847082,15.000257018152904
20171005,ALSC3,ALIANSCE,19.19,19.47,19.06,19.1,8893676.0,18.594500000000004,17.977249999999994,0.39298419681633023,0.7326628199194393,19.44257563983887,16.511924360161117,20.17523845975831,15.779261540241677,20.907901279677752,15.046598720322237
20171006,ALSC3,ALIANSCE,19.05,19.3,18.53,19.0,6900491.0,18.649500000000003,18.033499999999997,0.366770758749511,0.7223237075311425,19.47814741506228,16.58885258493771,20.200471122593424,15.86652887740657,20.922794830124566,15.144205169875427
20171009,ALSC3,ALIANSCE,19.06,19.22,18.7,18.95,9738911.0,18.697000000000003,18.083499999999994,0.338667668184744,0.7145791302111546,19.512658260422302,16.654341739577685,20.22723739063346,15.939762609366529,20.94181652084461,15.225183479155376
20171010,ALSC3,ALIANSCE,19.0,19.4,18.95,18.99,8390260.0,18.749000000000002,18.132499999999997,0.29495583969202693,0.7076532179839738,19.547806435967946,16.717193564032048,20.255459653951917,16.009540346048077,20.96311287193589,15.301887128064102
20171011,ALSC3,ALIANSCE,19.15,19.35,19.03,19.1,5036272.0,18.796500000000005,18.187999999999995,0.2687451345948959,0.6938232982761289,19.575646596552254,16.800353403447737,20.269469894828383,16.106530105171608,20.963293193104512,15.41270680689548
20171013,ALSC3,ALIANSCE,19.28,19.4,19.04,19.14,6686509.0,18.842000000000006,18.238249999999997,0.24364771808150332,0.6879955556654284,19.614241111330855,16.86225888866914,20.302236666996283,16.17426333300371,20.99023222266171,15.486267777338284
20171016,ALSC3,ALIANSCE,19.27,19.27,18.88,18.97,6032903.0,18.849500000000003,18.291249999999998,0.2452383373481216,0.6593710581362283,19.609992116272455,16.97250788372754,20.26936317440868,16.313136825591315,20.92873423254491,15.653765767455084
20171017,ALSC3,ALIANSCE,18.95,19.03,18.44,18.46,12512692.0,18.827500000000004,18.329749999999997,0.259774699955269,0.6211011210455992,19.571952242091196,17.087547757908798,20.193053363136794,16.4664466368632,20.814154484182396,15.8453455158176
20171018,ALSC3,ALIANSCE,18.47,18.83,18.47,18.7,13521997.0,18.8105,18.3675,0.2562374515541304,0.595408715473276,19.558317430946552,17.176682569053447,20.153726146419828,16.58127385358017,20.749134861893104,15.985865138106895
20171019,ALSC3,ALIANSCE,18.69,18.73,18.33,18.5,15532072.0,18.7865,18.389999999999997,0.2619416367297107,0.5825276487330535,19.555055297466104,17.22494470253389,20.137582946199156,16.642417053800838,20.720110594932212,16.059889405067782
20171020,ALSC3,ALIANSCE,18.6,18.65,18.4,18.54,10622361.0,18.773500000000002,18.413249999999998,0.26762650722308745,0.568999966202512,19.55124993240502,17.275250067594975,20.120249898607533,16.706250101392463,20.689249864810044,16.13725013518995
20171023,ALSC3,ALIANSCE,18.62,18.63,17.86,17.96,11574918.0,18.735,18.413499999999996,0.3237201520482058,0.568793369718649,19.551086739437295,17.275913260562696,20.119880109155943,16.707119890844048,20.68867347887459,16.1383265211254
20171024,ALSC3,ALIANSCE,18.1,18.39,18.01,18.25,14964851.0,18.719,18.419499999999996,0.33981264187630744,0.5656851983124023,19.550870396624802,17.28812960337519,20.116555594937203,16.722444405062788,20.682240793249605,16.156759206750387
20171025,ALSC3,ALIANSCE,18.36,18.45,18.15,18.33,3327689.0,18.7045,18.43125,0.3502852221292151,0.5586025948510778,19.548455189702153,17.314044810297844,20.10705778455323,16.755442215446767,20.665660379404308,16.19683962059569
20171026,ALSC3,ALIANSCE,18.42,18.6,18.01,18.12,5514617.0,18.6835,18.444249999999997,0.37254847794758306,0.5446376706652696,19.533525341330535,17.35497465866946,20.078163011995805,16.810336988004188,20.622800682661076,16.265699317338917
20171027,ALSC3,ALIANSCE,18.12,18.38,18.07,18.15,3107411.0,18.673499999999997,18.4625,0.3844651103190507,0.5211611788678938,19.504822357735787,17.42017764226421,20.02598353660368,16.89901646339632,20.547144715471575,16.377855284528422
20171030,ALSC3,ALIANSCE,18.15,18.15,17.64,17.79,6872662.0,18.636499999999995,18.472249999999995,0.4317074423605432,0.5041442991435813,19.480538598287158,17.463961401712833,19.98468289743074,16.95981710256925,20.48882719657432,16.45567280342567
20171031,ALSC3,ALIANSCE,17.9,17.92,17.45,17.54,10703161.0,18.586999999999996,18.475499999999997,0.49646222096158865,0.4974960378659374,19.470492075731872,17.48050792426812,19.96798811359781,16.983011886402185,20.465484151463745,16.48551584853625
20171101,ALSC3,ALIANSCE,17.57,17.76,17.3,17.34,5644552.0,18.503999999999994,18.472249999999995,0.5586487456825071,0.5046069173382778,19.48146383467655,17.46303616532344,19.98607075201483,16.958429247985162,20.490677669353108,16.453822330646883
20171103,ALSC3,ALIANSCE,17.47,17.69,17.12,17.29,7488894.0,18.410999999999994,18.467749999999995,0.5988225288452648,0.5144800088314199,19.496710017662835,17.438789982337155,20.011190026494255,16.924309973505736,20.525670035325675,16.409829964674316
20171106,ALSC3,ALIANSCE,17.3,17.48,17.2,17.2,5582694.0,18.315999999999995,18.455249999999996,0.633473299399933,0.5390970014042699,19.533444002808537,17.377055997191455,20.072541004212805,16.837958995787186,20.611638005617074,16.298861994382918
20171107,ALSC3,ALIANSCE,17.23,17.23,16.85,16.85,11561621.0,18.208499999999994,18.428999999999995,0.691095811774776,0.5899882658546287,19.608976531709253,17.249023468290737,20.19896479756388,16.659035202436108,20.78895306341851,16.06904693658148
20171108,ALSC3,ALIANSCE,16.84,17.26,16.81,17.26,5971031.0,18.123999999999995,18.410499999999995,0.6989345274660677,0.6148627113804771,19.64022542276095,17.180774577239042,20.255088134141428,16.565911865858563,20.869950845521902,15.951049154478087
20171109,ALSC3,ALIANSCE,17.28,17.32,16.77,16.79,9634797.0,18.013999999999996,18.381499999999996,0.7279849622507069,0.6626386647336527,19.7067773294673,17.05622267053269,20.369415994200953,16.39358400579904,21.032054658934605,15.730945341065384
20171110,ALSC3,ALIANSCE,16.82,16.88,16.35,16.41,5707212.0,17.879499999999997,18.337999999999994,0.7643674715599514,0.7317355554275885,19.80147111085517,16.874528889144816,20.53320666628276,16.14279333371723,21.26494222171035,15.41105777828964
20171113,ALSC3,ALIANSCE,16.48,16.48,16.25,16.3,5267741.0,17.737499999999997,18.28974999999999,0.7814822286426082,0.7995302707503649,19.88881054150072,16.69068945849926,20.688340812251084,15.891159187748897,21.48787108300145,15.09162891699853
20171114,ALSC3,ALIANSCE,16.42,16.55,16.15,16.22,12963134.0,17.599999999999994,18.224749999999993,0.7950239983137276,0.8588065287631154,19.942363057526222,16.507136942473764,20.80116958628934,15.648330413710648,21.659976115052455,14.789523884947531
20171116,ALSC3,ALIANSCE,16.21,17.06,16.21,16.95,7380366.0,17.524499999999996,18.175999999999995,0.7806237384634428,0.874692033715954,19.925384067431903,16.426615932568087,20.80007610114786,15.551923898852133,21.67476813486381,14.677231865136179
20171117,ALSC3,ALIANSCE,16.85,16.9,16.49,16.87,5240868.0,17.432999999999996,18.121749999999995,0.7418760004205625,0.8869390968597896,19.895628193719574,16.347871806280416,20.782567290579365,15.460932709420627,21.669506387439153,14.573993612560837
20171121,ALSC3,ALIANSCE,16.87,17.24,16.87,17.14,2971273.0,17.364999999999995,18.075749999999992,0.7000789429170116,0.888997959387348,19.85374591877469,16.297754081225296,20.742743878162038,15.408756121837948,21.631741837549384,14.5197581624506
20171122,ALSC3,ALIANSCE,17.22,17.28,16.92,17.28,4182682.0,17.301999999999996,18.037749999999996,0.6431550521084652,0.889731989320666,19.817213978641327,16.258286021358664,20.706945967961992,15.368554032037999,21.596677957282658,14.478822042717331
20171123,ALSC3,ALIANSCE,17.3,17.3,16.92,17.3,4431393.0,17.269,18.001999999999992,0.6242713647462268,0.8899328698393545,19.7818657396787,16.222134260321283,20.671798609518056,15.332201390481927,21.56173147935741,14.442268520642575
20171124,ALSC3,ALIANSCE,17.27,17.59,17.22,17.59,3745739.0,17.235999999999997,17.977499999999992,0.5859531147042316,0.8873809056965719,19.752261811393137,16.202738188606848,20.639642717089707,15.315357282910277,21.52702362278628,14.427976377213705
20171127,ALSC3,ALIANSCE,17.66,17.66,17.03,17.21,5866017.0,17.179999999999996,17.942249999999994,0.5263878897983194,0.8892073321150561,19.720664664230107,16.163835335769882,20.609871996345163,15.274628003654826,21.49907932846022,14.38542067153977
20171128,ALSC3,ALIANSCE,17.17,17.49,17.07,17.2,8106974.0,17.133999999999993,17.908749999999994,0.4778834916367787,0.8913492725307076,19.69144854506141,16.12605145493858,20.582797817592116,15.234702182407872,21.474147090122823,14.343352909877163
20171129,ALSC3,ALIANSCE,17.33,17.33,16.82,17.13,4848385.0,17.082999999999995,17.878249999999994,0.413891671563328,0.8967201990501894,19.671690398100374,16.084809601899615,20.568410597150564,15.188089402849426,21.465130796200754,14.291369203799237
20171130,ALSC3,ALIANSCE,17.02,17.04,16.53,17.04,5021424.0,17.045499999999997,17.840999999999994,0.37896639206637023,0.8998940108530706,19.640788021706136,16.041211978293852,20.540682032559207,15.141317967440783,21.44057604341228,14.241423956587711
20171201,ALSC3,ALIANSCE,16.97,17.05,16.7,16.9,3377438.0,17.013499999999993,17.800249999999995,0.36163772218240137,0.9047863822117864,19.60982276442357,15.990677235576422,20.514609146635355,15.085890853364635,21.41939552884714,14.18110447115285
20171204,ALSC3,ALIANSCE,17.02,17.55,17.02,17.36,8025093.0,17.014499999999995,17.759249999999994,0.36261441025740876,0.8859889085952722,19.53122781719054,15.98727218280945,20.41721672578581,15.101283274214177,21.303205634381083,14.215294365618906
20171205,ALSC3,ALIANSCE,17.4,17.62,17.09,17.33,4929061.0,17.016499999999994,17.713749999999997,0.36432020329145665,0.8590593767723557,19.43186875354471,15.995631246455286,20.290928130317063,15.13657186968293,21.14998750708942,14.277512492910574
20171206,ALSC3,ALIANSCE,17.3,17.3,16.92,17.21,7410996.0,17.016999999999992,17.666499999999996,0.36459205753974555,0.8324217064901015,19.3313434129802,16.00165658701979,20.1637651194703,15.169234880529691,20.9961868259604,14.33681317403959
20171207,ALSC3,ALIANSCE,17.15,17.15,16.79,16.97,4619690.0,17.02299999999999,17.61575,0.3626815334930284,0.8106340902066256,19.23701818041325,15.994481819586747,20.047652270619874,15.183847729380123,20.8582863608265,14.373213639173496
20171208,ALSC3,ALIANSCE,17.12,17.26,16.9,17.0,5764577.0,17.00999999999999,17.566999999999997,0.3583735187585446,0.7866162521872552,19.140232504374506,15.993767495625486,19.92684875656176,15.207151243438231,20.71346500874902,14.420534991250976
20171211,ALSC3,ALIANSCE,17.02,17.3,17.02,17.15,5660971.0,17.027999999999988,17.520999999999994,0.3557734347054567,0.7544085814015526,19.0298171628031,16.01218283719689,19.78422574420465,15.257774255795336,20.538634325606203,14.503365674393784
20171212,ALSC3,ALIANSCE,17.11,17.35,16.73,17.3,12814734.0,17.072499999999987,17.475999999999992,0.32906366365318246,0.7101960726014027,18.896392145202796,16.055607854797188,19.6065882178042,15.345411782195784,20.316784290405604,14.63521570959438
20171213,ALSC3,ALIANSCE,17.48,17.49,16.8,17.0,5186812.0,17.107499999999987,17.422499999999992,0.27543028538139386,0.660496122778267,18.743492245556528,16.101507754443457,19.403988368334794,15.44101163166519,20.06448449111306,14.780515508886925
20171214,ALSC3,ALIANSCE,16.98,17.09,16.75,16.99,4020864.0,17.145999999999987,17.372999999999994,0.18322835910131455,0.6141126598388559,18.601225319677706,16.144774680322282,19.215337979516562,15.530662020483426,19.829450639355418,14.91654936064457
20171215,ALSC3,ALIANSCE,17.05,17.4,16.97,17.2,6902432.0,17.158499999999986,17.341499999999993,0.17759430408129148,0.588716770525039,18.51893354105007,16.164066458949915,19.10765031157511,15.575349688424875,19.69636708210015,14.986632917899836
20171218,ALSC3,ALIANSCE,17.28,17.47,17.08,17.08,4232523.0,17.168999999999986,17.300999999999995,0.16543085691933557,0.5471173876760194,18.395234775352034,16.206765224647956,18.942352163028055,15.659647836971937,19.489469550704072,15.112530449295917
20171219,ALSC3,ALIANSCE,17.11,17.3,16.88,17.18,8344367.0,17.170999999999985,17.267999999999994,0.1653035485339253,0.5115998035323652,18.291199607064723,16.244800392935264,18.80279941059709,15.733200589402898,19.314399214129455,15.221600785870532
20171220,ALSC3,ALIANSCE,17.11,17.39,17.11,17.27,4248391.0,17.170499999999986,17.23624999999999,0.16497128936818828,0.4682027146987484,18.172655429397487,16.299844570602495,18.640858144096235,15.831641855903746,19.109060858794983,15.363439141204998
20171221,ALSC3,ALIANSCE,17.28,17.6,17.24,17.37,4020099.0,17.173999999999985,17.221499999999992,0.16856671332774548,0.45389228361826184,18.129284567236514,16.31371543276347,18.583176850854777,15.859823149145207,19.03706913447304,15.405930865526944
20171222,ALSC3,ALIANSCE,17.49,17.49,17.18,17.45,4597647.0,17.166999999999987,17.201499999999992,0.15252609785321572,0.42405581393647784,18.04961162787295,16.353388372127036,18.473667441809425,15.92933255819056,18.897723255745902,15.50527674425408
20171226,ALSC3,ALIANSCE,17.46,17.64,17.24,17.64,3620111.0,17.188499999999987,17.18424999999999,0.18562199846947736,0.389607873215866,17.963465746431723,16.40503425356826,18.35307361964759,16.015426380352395,18.742681492863454,15.625818507136527
20171227,ALSC3,ALIANSCE,17.62,17.78,17.31,17.72,8956325.0,17.21449999999999,17.174249999999994,0.2204654167891494,0.3695935917692816,17.913437183538555,16.435062816461432,18.28303077530784,16.065469224692148,18.65262436707712,15.695875632922867
20171228,ALSC3,ALIANSCE,17.75,18.04,17.65,18.04,9543618.0,17.25999999999999,17.17149999999999,0.28620934553871286,0.3624881960942834,17.896476392188557,16.446523607811425,18.25896458828284,16.084035411717142,18.621452784377126,15.721547215622858
