DATA DO PREGAO,CODIGO DE NEGOCIACAO DO PAPEL,NOME RESUMIDO DA EMPRESA EMISSORA,PRECO DE ABERTURA,PRECO MAXIMO,PRECO MINIMO,PRECO FECHAMENTO,VOLUME TOTAL DE TITULOS NEGOCIADOS NESTE PAPEL,MA_20,MA_40,STD_20,STD_40,BANDA_1_40 SUPERIOR,BANDA_1_40 INFERIOR,BANDA_2_40 SUPERIOR,BANDA_2_40 INFERIOR,BANDA_3_40 SUPERIOR,BANDA_3_40 INFERIOR
20170102,BRML3,BR MALLS PA,11.84,12.08,11.72,12.08,22390766.0,0.0,0.0,0.0,0.0,0.0,0.0,0.0,0.0,0.0,0.0
20170103,BRML3,BR MALLS PA,12.1,12.77,12.1,12.74,93880053.0,0.0,0.0,0.0,0.0,0.0,0.0,0.0,0.0,0.0,0.0
20170104,BRML3,BR MALLS PA,12.6,13.1,12.6,12.72,65857156.0,0.0,0.0,0.0,0.0,0.0,0.0,0.0,0.0,0.0,0.0
20170105,BRML3,BR MALLS PA,12.77,13.28,12.5,13.01,110422562.0,0.0,0.0,0.0,0.0,0.0,0.0,0.0,0.0,0.0,0.0
20170106,BRML3,BR MALLS PA,13.1,13.1,12.75,12.88,87026844.0,0.0,0.0,0.0,0.0,0.0,0.0,0.0,0.0,0.0,0.0
20170109,BRML3,BR MALLS PA,12.88,13.06,12.75,12.9,62633113.0,0.0,0.0,0.0,0.0,0.0,0.0,0.0,0.0,0.0,0.0
20170110,BRML3,BR MALLS PA,13.03,13.04,12.57,12.87,67090292.0,0.0,0.0,0.0,0.0,0.0,0.0,0.0,0.0,0.0,0.0
20170111,BRML3,BR MALLS PA,12.97,13.02,12.57,12.81,52618314.0,0.0,0.0,0.0,0.0,0.0,0.0,0.0,0.0,0.0,0.0
20170112,BRML3,BR MALLS PA,13.57,14.1,13.5,13.9,262389054.0,0.0,0.0,0.0,0.0,0.0,0.0,0.0,0.0,0.0,0.0
20170113,BRML3,BR MALLS PA,13.91,14.1,13.58,13.8,66819473.0,0.0,0.0,0.0,0.0,0.0,0.0,0.0,0.0,0.0,0.0
20170116,BRML3,BR MALLS PA,13.8,13.9,13.62,13.72,25080281.0,0.0,0.0,0.0,0.0,0.0,0.0,0.0,0.0,0.0,0.0
20170117,BRML3,BR MALLS PA,13.7,13.87,13.57,13.67,53147305.0,0.0,0.0,0.0,0.0,0.0,0.0,0.0,0.0,0.0,0.0
20170118,BRML3,BR MALLS PA,13.71,13.76,13.22,13.35,56710453.0,0.0,0.0,0.0,0.0,0.0,0.0,0.0,0.0,0.0,0.0
20170119,BRML3,BR MALLS PA,13.3,13.45,13.19,13.37,42432466.0,0.0,0.0,0.0,0.0,0.0,0.0,0.0,0.0,0.0,0.0
20170120,BRML3,BR MALLS PA,13.4,13.49,13.28,13.39,50533792.0,0.0,0.0,0.0,0.0,0.0,0.0,0.0,0.0,0.0,0.0
20170123,BRML3,BR MALLS PA,13.39,14.11,13.32,14.0,91545057.0,0.0,0.0,0.0,0.0,0.0,0.0,0.0,0.0,0.0,0.0
20170124,BRML3,BR MALLS PA,13.99,14.29,13.78,14.05,64495891.0,0.0,0.0,0.0,0.0,0.0,0.0,0.0,0.0,0.0,0.0
20170126,BRML3,BR MALLS PA,14.16,14.24,13.76,13.97,134239931.0,0.0,0.0,0.0,0.0,0.0,0.0,0.0,0.0,0.0,0.0
20170127,BRML3,BR MALLS PA,13.97,14.09,13.67,13.81,63098066.0,0.0,0.0,0.0,0.0,0.0,0.0,0.0,0.0,0.0,0.0
20170130,BRML3,BR MALLS PA,13.9,13.9,13.46,13.62,50541405.0,13.332999999999998,0.0,0.5508280847481982,0.0,0.0,0.0,0.0,0.0,0.0,0.0
20170131,BRML3,BR MALLS PA,13.57,14.72,13.51,14.67,113812990.0,13.4625,0.0,0.5451689742880788,0.0,0.0,0.0,0.0,0.0,0.0,0.0
20170201,BRML3,BR MALLS PA,14.76,15.1,14.47,15.0,134875924.0,13.5755,0.0,0.6170172308435921,0.0,0.0,0.0,0.0,0.0,0.0,0.0
20170202,BRML3,BR MALLS PA,14.85,14.97,14.6,14.69,94969686.0,13.673999999999998,0.0,0.6303582941053195,0.0,0.0,0.0,0.0,0.0,0.0,0.0
20170203,BRML3,BR MALLS PA,14.7,15.07,14.56,14.87,100263980.0,13.767,0.0,0.6635716754210147,0.0,0.0,0.0,0.0,0.0,0.0,0.0
20170206,BRML3,BR MALLS PA,14.91,14.94,14.55,14.62,46505476.0,13.854,0.0,0.6551689215686851,0.0,0.0,0.0,0.0,0.0,0.0,0.0
20170207,BRML3,BR MALLS PA,14.71,14.85,14.51,14.65,40435693.0,13.9415,0.0,0.6376789738451557,0.0,0.0,0.0,0.0,0.0,0.0,0.0
20170208,BRML3,BR MALLS PA,14.73,14.85,14.55,14.75,71877941.0,14.035499999999999,0.0,0.6093523308873898,0.0,0.0,0.0,0.0,0.0,0.0,0.0
20170209,BRML3,BR MALLS PA,14.8,15.1,14.68,14.95,102925807.0,14.142499999999998,0.0,0.5694122084728207,0.0,0.0,0.0,0.0,0.0,0.0,0.0
20170210,BRML3,BR MALLS PA,14.9,15.39,14.82,15.32,98143111.0,14.2135,0.0,0.6235406119386634,0.0,0.0,0.0,0.0,0.0,0.0,0.0
20170213,BRML3,BR MALLS PA,15.36,15.44,15.03,15.1,55528996.0,14.2785,0.0,0.6455375157266441,0.0,0.0,0.0,0.0,0.0,0.0,0.0
20170214,BRML3,BR MALLS PA,15.2,15.66,14.78,14.99,112606578.0,14.341999999999999,0.0,0.6501546374760242,0.0,0.0,0.0,0.0,0.0,0.0,0.0
20170215,BRML3,BR MALLS PA,15.01,15.63,14.96,15.4,91984430.0,14.428499999999996,0.0,0.6707990129610182,0.0,0.0,0.0,0.0,0.0,0.0,0.0
20170216,BRML3,BR MALLS PA,15.34,15.47,14.95,15.2,111085823.0,14.520999999999995,0.0,0.6411494611858849,0.0,0.0,0.0,0.0,0.0,0.0,0.0
20170217,BRML3,BR MALLS PA,15.03,15.24,14.97,15.14,52577954.0,14.609499999999993,0.0,0.5943636579525544,0.0,0.0,0.0,0.0,0.0,0.0,0.0
20170220,BRML3,BR MALLS PA,15.16,15.26,15.02,15.15,34932210.0,14.697499999999994,0.0,0.5312435758125555,0.0,0.0,0.0,0.0,0.0,0.0,0.0
20170221,BRML3,BR MALLS PA,15.16,15.7,15.15,15.68,85222171.0,14.781499999999994,0.0,0.5477155908143014,0.0,0.0,0.0,0.0,0.0,0.0,0.0
20170222,BRML3,BR MALLS PA,15.65,15.85,15.45,15.5,88210143.0,14.853999999999994,0.0,0.5417262855179357,0.0,0.0,0.0,0.0,0.0,0.0,0.0
20170223,BRML3,BR MALLS PA,15.56,15.66,15.06,15.13,101588886.0,14.911999999999992,0.0,0.5027984842752431,0.0,0.0,0.0,0.0,0.0,0.0,0.0
20170224,BRML3,BR MALLS PA,15.05,15.2,14.75,14.92,59515483.0,14.967499999999992,0.0,0.43087273734767967,0.0,0.0,0.0,0.0,0.0,0.0,0.0
20170301,BRML3,BR MALLS PA,14.92,15.21,14.91,15.19,33121278.0,15.045999999999992,14.189499999999999,0.2936055355852907,0.9706776644206504,16.1308553288413,12.248144671158698,17.10153299326195,11.277467006738048,18.0722106576826,10.306789342317398
20170302,BRML3,BR MALLS PA,15.01,15.14,14.87,15.05,39405269.0,15.064999999999992,14.263749999999996,0.2799718030915355,0.9173028678043322,16.09835573560866,12.429144264391333,17.015658603412994,11.511841396587,17.932961471217325,10.594538528782667
20170303,BRML3,BR MALLS PA,14.96,15.12,14.71,14.9,37203531.0,15.059999999999992,14.317749999999995,0.282078749736029,0.8884255376211545,16.094601075242302,12.540898924757686,16.98302661286346,11.652473387136531,17.871452150484615,10.764047849515377
20170306,BRML3,BR MALLS PA,14.92,14.97,14.68,14.75,185314544.0,15.062999999999992,14.368499999999994,0.27822936392009046,0.8520519726534093,16.072603945306813,12.664396054693174,16.924655917960223,11.812344082039766,17.77670789061363,10.960292109386357
20170307,BRML3,BR MALLS PA,14.75,15.13,14.72,14.99,81068094.0,15.068999999999992,14.417999999999996,0.27512485204091625,0.8282889375710425,16.07457787514208,12.76142212485791,16.90286681271312,11.933133187286868,17.731155750284167,11.104844249715825
20170308,BRML3,BR MALLS PA,14.99,15.1,14.63,14.85,48802887.0,15.080499999999992,14.467249999999996,0.2597463337464972,0.7922800188097203,16.051810037619436,12.882689962380557,16.844090056429156,12.090409943570835,17.63637007523888,11.298129924761115
20170309,BRML3,BR MALLS PA,14.74,14.82,14.54,14.74,53573203.0,15.084999999999994,14.513249999999996,0.2525762000706226,0.7513078767329864,16.015865753465967,13.010634246534023,16.767173630198954,12.259326369801038,17.51848150693194,11.50801849306805
20170310,BRML3,BR MALLS PA,14.9,15.1,14.69,14.85,111488162.0,15.089999999999995,14.562749999999998,0.24651251703035598,0.7040031595937277,15.970756319187453,13.154743680812542,16.67475947878118,12.450740521218815,17.37876263837491,11.746737361625087
20170313,BRML3,BR MALLS PA,14.85,14.98,14.73,14.82,82923596.0,15.083499999999995,14.613,0.2520500159220897,0.6449456347591439,15.902891269518287,13.323108730481712,16.547836904277432,12.678163095722567,17.192782539036575,12.033217460963424
20170314,BRML3,BR MALLS PA,14.82,15.28,14.64,14.81,51596759.0,15.057999999999996,14.635749999999998,0.25266162102078654,0.635125214789605,15.906000429579208,13.365499570420788,16.54112564436881,12.730374355631183,17.17625085915842,12.095249140841577
20170315,BRML3,BR MALLS PA,14.86,15.34,14.3,15.34,70257398.0,15.069999999999993,14.67425,0.2603439021149345,0.6298184007701915,15.933886801540384,13.414613198459618,16.563705202310576,12.784794797689425,17.193523603080767,12.154976396919235
20170316,BRML3,BR MALLS PA,15.24,15.25,14.8,14.8,54160882.0,15.060499999999994,14.701249999999998,0.2668031996967624,0.6107212528788829,15.922692505757764,13.479807494242232,16.533413758636648,12.86908624136335,17.14413501151553,12.258364988484466
20170317,BRML3,BR MALLS PA,14.91,14.93,14.18,14.24,95323919.0,15.002499999999994,14.7155,0.3114630163058283,0.5924176887540764,15.900335377508153,13.530664622491848,16.492753066262228,12.938246933737771,17.085170755016307,12.345829244983694
20170320,BRML3,BR MALLS PA,14.24,14.62,14.0,14.36,60735199.0,14.960499999999996,14.74075,0.33885993069642717,0.5529333780057272,15.846616756011455,13.634883243988545,16.399550134017183,13.081949865982818,16.95248351202291,12.529016487977092
20170321,BRML3,BR MALLS PA,14.29,14.45,13.84,14.21,52225325.0,14.913999999999996,14.761750000000001,0.3748318921442371,0.5141280270566196,15.79000605411324,13.733493945886762,16.30413408116986,13.219365918830142,16.81826210822648,12.705237891773523
20170322,BRML3,BR MALLS PA,14.14,14.14,13.78,14.03,76434427.0,14.857999999999995,14.777750000000001,0.41880280499740163,0.47910968446024316,15.735969368920488,13.819530631079514,16.21507905338073,13.340420946619272,16.694188737840975,12.861311262159028
20170323,BRML3,BR MALLS PA,13.85,14.4,13.81,14.3,79450230.0,14.788999999999996,14.78525,0.3888566235570865,0.46886107231056107,15.72297214462112,13.847527855378878,16.191833216931684,13.378666783068317,16.660694289242244,12.909805710757755
20170324,BRML3,BR MALLS PA,14.29,14.61,14.03,14.23,78566745.0,14.725499999999997,14.789750000000002,0.3698715993422676,0.46244327441458816,15.714636548829178,13.864863451170825,16.177079823243766,13.402420176756237,16.639523097658355,12.939976902341648
20170327,BRML3,BR MALLS PA,14.09,14.09,13.65,14.0,50147744.0,14.668999999999997,14.7905,0.3905583048325705,0.4611020800268985,15.712704160053796,13.868295839946203,16.173806240080694,13.407193759919304,16.634908320107595,12.946091679892406
20170328,BRML3,BR MALLS PA,14.0,14.29,13.9,14.17,35245333.0,14.631499999999997,14.7995,0.40105485909038296,0.4446949400921872,15.688889880184375,13.910110119815625,16.13358482027656,13.465415179723438,16.578279760368748,13.02072023963125
20170329,BRML3,BR MALLS PA,14.14,14.65,14.06,14.45,63354719.0,14.594499999999996,14.820250000000001,0.3804218572501995,0.40592084298448505,15.632091685968971,14.008408314031032,16.038012528953455,13.602487471046546,16.44393337193794,13.196566628062062
20170330,BRML3,BR MALLS PA,14.45,14.56,14.21,14.25,35783039.0,14.554499999999996,14.809750000000003,0.371971631629146,0.415232326072271,15.640214652144545,13.97928534785546,16.055446978216814,13.56405302178319,16.470679304289085,13.148820695710919
20170331,BRML3,BR MALLS PA,14.19,14.49,14.13,14.49,36203536.0,14.533999999999997,14.797000000000002,0.3631209744771981,0.41706667978228545,15.631133359564574,13.962866640435431,16.04820003934686,13.545799960653145,16.465266719129144,13.128733280870861
20170403,BRML3,BR MALLS PA,14.51,14.64,14.25,14.44,31968887.0,14.518499999999998,14.790750000000003,0.3600186398683244,0.42056974481816245,15.631889489636327,13.949610510363678,16.05245923445449,13.529040765545515,16.47302897927265,13.108471020727354
20170404,BRML3,BR MALLS PA,14.44,14.45,14.26,14.43,22868763.0,14.490499999999997,14.779750000000002,0.3427823461646059,0.42418239606118624,15.628114792122375,13.931385207877629,16.05229718818356,13.507202811816443,16.476479584244746,13.083020415755257
20170405,BRML3,BR MALLS PA,14.46,14.71,14.19,14.35,43301892.0,14.465499999999997,14.773000000000001,0.3332846894331221,0.4289115622189872,15.630823124437976,13.915176875562027,16.059734686656963,13.48626531334304,16.488646248875952,13.057353751124053
20170406,BRML3,BR MALLS PA,14.39,14.4,13.94,14.17,47936257.0,14.436999999999998,14.761000000000001,0.33294696906644533,0.4390362405460675,15.639072481092136,13.882927518907866,16.078108721638202,13.443891278361798,16.517144962184272,13.00485503781573
20170407,BRML3,BR MALLS PA,14.18,14.35,14.0,14.1,38117720.0,14.399499999999998,14.744750000000002,0.3261493845657808,0.45131140820888965,15.64737281641778,13.842127183582223,16.09868422462667,13.390815775373333,16.54999563283556,12.939504367164442
20170410,BRML3,BR MALLS PA,14.11,14.3,13.85,14.07,49788534.0,14.361999999999998,14.722750000000001,0.3182782628951981,0.4623628694834036,15.647475738966808,13.798024261033195,16.10983860845021,13.33566139154979,16.572201477933614,12.873298522066387
20170411,BRML3,BR MALLS PA,14.06,14.39,13.91,14.18,43539068.0,14.330499999999997,14.69425,0.3023848193070777,0.4597317361579174,15.613713472315835,13.774786527684165,16.073445208473753,13.315054791526247,16.53317694463167,12.85532305536833
20170412,BRML3,BR MALLS PA,14.27,14.3,14.07,14.1,50054792.0,14.2685,14.66925,0.19118123118627567,0.46426886275420265,15.597787725508406,13.740712274491594,16.062056588262607,13.276443411737391,16.52632545101681,12.81217454898319
20170413,BRML3,BR MALLS PA,14.2,14.42,14.02,14.1,65897753.0,14.233500000000001,14.647,0.1479429121761609,0.4697964643850799,15.58659292877016,13.70740707122984,16.05638939315524,13.237610606844761,16.52618585754032,12.767814142459681
20170417,BRML3,BR MALLS PA,14.11,14.6,14.11,14.46,67938626.0,14.244499999999999,14.623500000000002,0.1563893589057541,0.45442299282745346,15.532345985654908,13.714654014345095,15.986768978482361,13.260231021517642,16.441191971309816,12.805808028690187
20170418,BRML3,BR MALLS PA,14.45,14.74,14.42,14.52,62915987.0,14.252499999999998,14.6065,0.16638177405247107,0.4449232143490268,15.496346428698054,13.716653571301947,15.94126964304708,13.27173035695292,16.386192857396107,12.826807142603894
20170419,BRML3,BR MALLS PA,14.6,14.71,13.78,14.0,81984162.0,14.241999999999999,14.578,0.17557724346013062,0.44638261155363035,15.47076522310726,13.685234776892738,15.917147834660891,13.238852165339107,16.363530446214522,12.792469553785478
20170420,BRML3,BR MALLS PA,14.21,14.21,13.72,13.97,54516264.0,14.239,14.5485,0.17985081537062594,0.44660284656964055,15.441705693139282,13.65529430686072,15.888308539708923,13.208691460291078,16.334911386278563,12.762088613721438
20170424,BRML3,BR MALLS PA,14.05,14.22,13.99,14.0,39951189.0,14.224,14.506500000000003,0.18686893802878343,0.4153685419492294,15.337237083898462,13.675762916101544,15.752605625847691,13.260394374152314,16.16797416779692,12.845025832203085
20170425,BRML3,BR MALLS PA,13.93,14.53,13.82,14.46,55752299.0,14.235499999999998,14.480500000000003,0.19419130556721667,0.3828633685459632,15.246226737091929,13.714773262908077,15.629090105637893,13.331909894362113,16.011953474183855,12.94904652581615
20170426,BRML3,BR MALLS PA,14.46,14.46,14.09,14.1,61310343.0,14.2405,14.454750000000004,0.18902728847835465,0.3725586341737888,15.199867268347582,13.709632731652427,15.57242590252137,13.337074097478638,15.94498453669516,12.96451546330485
20170427,BRML3,BR MALLS PA,14.17,14.21,13.72,13.9,54736745.0,14.226999999999999,14.429250000000005,0.20342074623795203,0.37479832183627093,15.178846643672546,13.679653356327464,15.553644965508818,13.304855034491192,15.92844328734509,12.93005671265492
20170428,BRML3,BR MALLS PA,13.92,14.29,13.86,14.05,55798791.0,14.206999999999999,14.400750000000002,0.19997631438696611,0.3584538557006599,15.117657711401321,13.683842288598683,15.47611156710198,13.325388432898023,15.834565422802642,12.966934577197362
20170502,BRML3,BR MALLS PA,12.31,12.49,12.0,12.17,85250996.0,14.103,14.328750000000003,0.4968860930572404,0.48985705659655304,15.308464113193109,13.349035886806897,15.798321169789663,12.859178830210343,16.288178226386215,12.369321773613791
20170503,BRML3,BR MALLS PA,12.18,12.43,11.99,12.06,87221782.0,13.9815,14.257750000000001,0.6656953230704704,0.5986672698586444,15.45508453971729,13.060415460282712,16.053751809575935,12.461748190424068,16.65241907943458,11.863080920565423
20170504,BRML3,BR MALLS PA,12.0,12.17,11.93,12.0,89679311.0,13.8595,14.189000000000002,0.78934666522051,0.691408076467965,15.571816152935932,12.806183847064071,16.263224229403896,12.114775770596108,16.95463230587186,11.423367694128142
20170505,BRML3,BR MALLS PA,12.0,12.67,11.85,12.67,98660222.0,13.7715,14.131,0.8199119015575957,0.7192403399884283,15.569480679976857,12.692519320023143,16.288721019965287,11.973278980034715,17.007961359953715,11.254038640046288
20170508,BRML3,BR MALLS PA,12.75,12.75,12.2,12.43,71645729.0,13.6755,14.0705,0.8600335060792403,0.7579491559972389,15.586398311994477,12.554601688005521,16.344347467991717,11.796652532008283,17.102296623988956,11.038703376011043
20170509,BRML3,BR MALLS PA,12.52,12.92,12.25,12.9,85103660.0,13.611999999999998,14.024499999999998,0.8684444653941251,0.771980303986827,15.568460607973652,12.480539392026344,16.340440911960478,11.708559088039516,17.112421215947307,10.93657878405269
20170510,BRML3,BR MALLS PA,12.9,13.52,12.9,13.3,140480126.0,13.571999999999997,13.985749999999996,0.8631923613144307,0.768374533074156,15.522499066148308,12.449000933851684,16.290873599222465,11.680626400777527,17.05924813229662,10.912251867703372
20170511,BRML3,BR MALLS PA,13.21,13.51,13.18,13.51,99103114.0,13.543999999999997,13.952999999999994,0.8552340399901645,0.7597745954540992,15.472549190908193,12.433450809091795,16.232323786362294,11.673676213637696,16.99209838181639,10.913901618183598
20170512,BRML3,BR MALLS PA,13.51,13.6,13.13,13.3,80204012.0,13.499999999999996,13.915249999999995,0.8433454683268132,0.7535896574362444,15.422429314872485,12.408070685127505,16.17601897230873,11.654481027691261,16.929608629744973,10.900891370255017
20170515,BRML3,BR MALLS PA,13.34,13.34,13.12,13.24,65774874.0,13.456999999999997,13.862749999999995,0.8330040753043696,0.7243705932809954,15.311491186561986,12.414008813438004,16.035861779842982,11.689638220157008,16.760232373123976,10.965267626876013
20170516,BRML3,BR MALLS PA,13.25,13.56,13.21,13.55,49319588.0,13.429499999999996,13.831499999999995,0.8196306934737219,0.70971482174542,15.250929643490835,12.412070356509155,15.960644465236255,11.702355534763734,16.670359286981675,10.992640713018314
20170517,BRML3,BR MALLS PA,13.4,13.66,13.35,13.66,54377012.0,13.389499999999998,13.816999999999993,0.7855033585642985,0.7070748700066188,15.231149740013231,12.402850259986755,15.93822461001985,11.695775389980136,16.64529948002647,10.988700519973518
20170518,BRML3,BR MALLS PA,10.9,12.19,10.9,11.7,190289329.0,13.248499999999998,13.750499999999994,0.8240482548466401,0.7763852797188442,15.303270559437681,12.197729440562306,16.079655839156526,11.42134416084346,16.85604111887537,10.644958881124616
20170519,BRML3,BR MALLS PA,11.7,12.05,11.5,11.75,121759183.0,13.136,13.688999999999993,0.8684432533047455,0.8343239240585253,15.357647848117043,12.020352151882943,16.19197177217557,11.186028227824417,17.026295696234094,10.351704303765892
20170522,BRML3,BR MALLS PA,11.44,11.54,10.84,11.2,120972750.0,12.997499999999997,13.618249999999994,0.9458656575356079,0.9202337704668843,15.458717540933764,11.777782459066225,16.378951311400648,10.85754868859934,17.29918508186753,9.937314918132458
20170523,BRML3,BR MALLS PA,11.21,11.68,11.2,11.35,174687811.0,12.864999999999998,13.544499999999996,0.9829252795930944,0.9804367158803059,15.505373431760608,11.583626568239383,16.485810147640912,10.603189852359078,17.46624686352122,9.622753136478773
20170524,BRML3,BR MALLS PA,11.59,11.95,11.47,11.85,147148319.0,12.734499999999999,13.484999999999996,0.9319559228339437,1.0095543571299201,15.504108714259836,11.465891285740156,16.513663071389757,10.456336928610234,17.523217428519676,9.446782571480316
20170525,BRML3,BR MALLS PA,11.7,11.98,11.57,11.83,122405710.0,12.620999999999999,13.430749999999998,0.8943736414532353,1.0390439084031773,15.508837816806352,11.352662183193644,16.54788172520953,10.313618274790466,17.586925633612708,9.274574366387288
20170526,BRML3,BR MALLS PA,11.95,12.21,11.86,12.15,59785742.0,12.5335,13.380249999999998,0.8470088236662152,1.0512105049137552,15.48267100982751,11.277828990172488,16.533881514741264,10.226618485258733,17.58509201965502,9.175407980344978
20170529,BRML3,BR MALLS PA,12.01,12.21,11.89,12.15,49719985.0,12.4385,13.322749999999996,0.7711186337836908,1.054095766339753,15.430941532679501,11.21455846732049,16.485037299019254,10.160462700980737,17.539133065359007,9.106366934640985
20170530,BRML3,BR MALLS PA,12.26,12.26,11.9,12.04,44892153.0,12.432,13.267499999999995,0.7740433824371484,1.0621356087063734,15.391771217412742,11.143228782587247,16.453906826119116,10.081093173880875,17.516042434825486,9.018957565174501
20170531,BRML3,BR MALLS PA,12.08,12.18,11.84,11.98,101506336.0,12.428,13.204749999999995,0.7762704357849067,1.0622037746940867,15.329157549388169,11.080342450611822,16.391361324082254,10.018138675917736,17.45356509877634,8.95593490122365
20170601,BRML3,BR MALLS PA,12.01,12.29,11.84,11.84,186806065.0,12.419999999999998,13.139749999999996,0.7817187541093795,1.0642259435732462,15.268201887146489,11.011298112853503,16.332427830719734,9.947072169280258,17.39665377429298,8.882846225707011
20170602,BRML3,BR MALLS PA,12.0,12.03,11.56,11.72,62215906.0,12.3725,13.071999999999997,0.7944867591887989,1.0662399787607386,15.204479957521475,10.93952004247852,16.270719936282212,9.873280063717782,17.336959915042954,8.807040084957043
20170605,BRML3,BR MALLS PA,11.78,11.99,11.61,11.82,56402452.0,12.342000000000002,13.008749999999997,0.8038172088622901,1.0635214547038498,15.135792909407698,10.881707090592297,16.199314364111547,9.818185635888447,17.262835818815397,8.754664181184598
20170606,BRML3,BR MALLS PA,12.03,12.56,11.91,12.3,108562586.0,12.312000000000001,12.961999999999998,0.7930195457868642,1.0522069602409478,15.066413920481894,10.857586079518102,16.11862088072284,9.805379119277156,17.17082784096379,8.753172159036207
20170607,BRML3,BR MALLS PA,12.31,12.73,12.3,12.48,86331283.0,12.271,12.921499999999998,0.7597499588680504,1.0383679255051927,14.998235851010383,10.844764148989613,16.036603776515577,9.80639622348442,17.07497170202077,8.768028297979228
20170608,BRML3,BR MALLS PA,12.41,12.43,12.04,12.31,84845854.0,12.211000000000002,12.877499999999994,0.7019364193729439,1.0256648875429393,14.928829775085873,10.826170224914115,15.95449466262881,9.800505337371177,16.980159550171752,8.774840449828236
20170609,BRML3,BR MALLS PA,12.31,12.59,12.16,12.24,107821940.0,12.158000000000001,12.828999999999997,0.6537470941869636,1.0082144663990986,14.845428932798194,10.8125710672018,15.853643399197292,9.804356600802702,16.86185786559639,8.796142134403603
20170612,BRML3,BR MALLS PA,12.23,12.29,11.96,12.09,61501698.0,12.1005,12.778749999999997,0.6021057347256189,0.9932210937277007,14.765192187455398,10.792307812544596,15.758413281183099,9.799086718816895,16.7516343749108,8.805865625089194
20170613,BRML3,BR MALLS PA,12.02,12.14,11.81,12.08,49366505.0,12.027000000000001,12.728249999999997,0.496271360404666,0.975515347038529,14.679280694077056,10.777219305922939,15.654796041115585,9.80170395888441,16.630311388154112,8.82618861184588
20170614,BRML3,BR MALLS PA,12.09,12.3,12.06,12.25,61232194.0,11.956500000000002,12.672999999999998,0.3214322389097418,0.936732455030625,14.546464910061248,10.799535089938749,15.483197365091874,9.862802634908123,16.419929820122498,8.926070179877499
20170616,BRML3,BR MALLS PA,12.24,12.74,12.22,12.35,148543259.0,11.989,12.618749999999997,0.32694599586251166,0.8886237919332082,14.395997583866412,10.841502416133581,15.28462137579962,9.952878624200373,16.17324516773283,9.064254832267164
20170619,BRML3,BR MALLS PA,12.36,12.58,12.36,12.5,76691294.0,12.026500000000002,12.581249999999997,0.34080824983837765,0.8600303736437184,14.301310747287435,10.86118925271256,15.161341120931151,10.001158879068843,16.021371494574872,9.141128505425124
20170620,BRML3,BR MALLS PA,12.45,12.52,12.0,12.0,94175863.0,12.066500000000001,12.531999999999996,0.2802681986203538,0.8344910931911708,14.200982186382339,10.863017813617654,15.035473279573509,10.028526720426484,15.869964372764679,9.194035627235314
20170621,BRML3,BR MALLS PA,12.07,12.24,11.97,12.24,50055294.0,12.111000000000002,12.487999999999996,0.22589937210136937,0.8008239346816408,14.089647869363278,10.886352130636714,14.890471804044918,10.085528195955074,15.69129573872656,9.284704261273433
20170622,BRML3,BR MALLS PA,12.26,12.34,11.87,11.94,36700895.0,12.115500000000003,12.424999999999997,0.2212756080928162,0.7384009056304767,13.90180181126095,10.948198188739044,14.640202716891427,10.209797283108568,15.378603622521904,9.47139637747809
20170623,BRML3,BR MALLS PA,12.01,12.06,11.82,11.86,35654363.0,12.117000000000003,12.368999999999996,0.21933152028260142,0.6915675245597149,13.752135049119426,10.985864950880567,14.443702573679142,10.29429742632085,15.135270098238855,9.602729901761137
20170626,BRML3,BR MALLS PA,11.94,12.03,11.72,11.98,39479502.0,12.108500000000003,12.320999999999998,0.2212708509354264,0.647827929037516,13.61665585807503,11.025344141924966,14.264483787112546,10.37751621288745,14.912311716150061,9.729688283849935
20170627,BRML3,BR MALLS PA,11.96,12.0,11.8,11.91,44319295.0,12.096500000000002,12.267499999999998,0.2253716229276793,0.586876783468532,13.441253566937062,11.093746433062934,14.028130350405593,10.506869649594403,14.615007133874126,9.91999286612587
20170628,BRML3,BR MALLS PA,12.0,12.01,11.7,11.78,58154827.0,12.083500000000003,12.257749999999998,0.23604805487554795,0.5917574325467914,13.441264865093581,11.074235134906415,14.033022297640372,10.482477702359624,14.624779730187164,9.890720269812832
20170629,BRML3,BR MALLS PA,11.8,11.82,11.46,11.65,47555775.0,12.067000000000004,12.247499999999997,0.2544777934681617,0.5987797420481014,13.4450594840962,11.049940515903794,14.043839226144302,10.451160773855692,14.642618968192401,9.852381031807592
20170630,BRML3,BR MALLS PA,11.7,11.96,11.57,11.95,41909478.0,12.072500000000002,12.246249999999996,0.2504706096846351,0.5993615727353617,13.444973145470719,11.047526854529274,14.04433471820608,10.448165281793912,14.643696290941444,9.848803709058549
20170703,BRML3,BR MALLS PA,11.95,12.03,11.81,12.01,24541499.0,12.087000000000002,12.229749999999996,0.23702320561498502,0.5964746324693939,13.422699264938784,11.036800735061208,14.019173897408177,10.440326102591815,14.615648529877571,9.84385147012242
20170704,BRML3,BR MALLS PA,12.0,12.11,11.94,12.03,16749454.0,12.097500000000002,12.219749999999994,0.22909145496252292,0.5963843516322391,13.412518703264473,11.026981296735515,14.008903054896711,10.430596945103277,14.605287406528952,9.834212593471037
20170705,BRML3,BR MALLS PA,11.99,12.24,11.81,12.05,59900622.0,12.085000000000003,12.198499999999996,0.22422967548570488,0.5865874800870569,13.37167496017411,11.025325039825882,13.958262440261166,10.438737559738826,14.544849920348224,9.852150079651768
20170706,BRML3,BR MALLS PA,11.98,12.05,11.71,11.74,51150304.0,12.048000000000004,12.159499999999996,0.21654220446784203,0.5628542189545027,13.285208437909002,11.03379156209099,13.848062656863505,10.470937343136487,14.410916875818007,9.908083124181985
20170707,BRML3,BR MALLS PA,11.85,12.01,11.8,11.95,52051189.0,12.030000000000003,12.120499999999996,0.2084276979270294,0.5192348907718775,13.158969781543751,11.082030218456241,13.678204672315628,10.562795327684364,14.197439563087507,10.043560436912486
20170710,BRML3,BR MALLS PA,11.96,12.12,11.79,12.09,36978323.0,12.022500000000003,12.090249999999994,0.2031041993398382,0.482719260663376,13.055688521326745,11.124811478673243,13.538407781990122,10.642092218009866,14.021127042653498,10.15937295734649
20170711,BRML3,BR MALLS PA,12.02,12.35,11.95,12.35,45296117.0,12.035500000000003,12.067999999999994,0.2155891560596902,0.44759872138403956,12.963197442768074,11.172802557231915,13.410796164152114,10.725203835847875,13.858394885536153,10.277605114463835
20170712,BRML3,BR MALLS PA,12.36,12.87,12.31,12.85,110489139.0,12.074000000000002,12.050499999999996,0.2823659439730524,0.39924255207157844,12.848985104143154,11.252014895856838,13.24822765621473,10.852772343785261,13.64747020828631,10.453529791713683
20170713,BRML3,BR MALLS PA,12.86,13.15,12.86,12.98,64356898.0,12.1105,12.033499999999995,0.34626541386934556,0.3388634851064262,12.711226970212847,11.355773029787143,13.050090455319273,11.016909544680717,13.388953940425699,10.67804605957429
20170714,BRML3,BR MALLS PA,12.96,12.98,12.66,12.86,84985700.0,12.136,12.062499999999996,0.38178803708754677,0.358649532523742,12.77979906504748,11.345200934952512,13.138448597571223,10.98655140242877,13.497098130094965,10.627901869905028
20170717,BRML3,BR MALLS PA,12.86,12.88,12.65,12.69,58886466.0,12.1455,12.085999999999995,0.39350616928221355,0.3683142470980399,12.822628494196074,11.349371505803916,13.190942741294116,10.981057258705874,13.559256988392155,10.612743011607835
20170718,BRML3,BR MALLS PA,12.73,13.03,12.62,13.03,34430674.0,12.197,12.131749999999995,0.4383113529276513,0.3690937446065748,12.869937489213145,11.393562510786845,13.23903123381972,11.02446876618027,13.608124978426295,10.655375021573695
20170719,BRML3,BR MALLS PA,13.01,13.01,12.71,12.87,39231026.0,12.2285,12.169749999999995,0.463479687853348,0.3647653794582114,12.899280758916419,11.440219241083572,13.26404613837463,11.07545386162536,13.62881151783284,10.71068848216715
20170720,BRML3,BR MALLS PA,12.9,13.03,12.69,12.9,28106599.0,12.276499999999999,12.195999999999994,0.481393536352651,0.3786805703478661,12.953361140695726,11.438638859304262,13.332041711043592,11.059958288956397,13.710722281391458,10.68127771860853
20170721,BRML3,BR MALLS PA,12.88,13.11,12.85,12.96,34870796.0,12.331499999999997,12.224249999999994,0.4939771462857753,0.39257132293349495,13.009392645866985,11.439107354133004,13.40196396880048,11.046536031199508,13.794535291733974,10.653964708266015
20170724,BRML3,BR MALLS PA,12.92,13.26,12.83,13.13,33984463.0,12.388999999999998,12.248749999999994,0.5172894944348274,0.41760113161749923,13.083952263234993,11.413547736764995,13.501553394852492,10.995946605147497,13.919154526469992,10.578345473529996
20170725,BRML3,BR MALLS PA,13.16,13.19,12.92,13.15,45997142.0,12.450999999999997,12.273749999999994,0.5309861728797488,0.44082491146044966,13.155399822920893,11.392100177079096,13.596224734381343,10.951275265618646,14.037049645841794,10.510450354158195
20170726,BRML3,BR MALLS PA,13.11,13.16,12.94,13.05,39944418.0,12.514499999999996,12.298999999999994,0.5223879884973676,0.4557653467323531,13.210530693464701,11.387469306535287,13.666296040197054,10.931703959802935,14.122061386929406,10.475938613070582
20170727,BRML3,BR MALLS PA,13.2,13.24,12.8,12.99,49894336.0,12.581499999999995,12.324249999999994,0.4906416314646844,0.46551260689641677,13.255275213792828,11.39322478620716,13.720787820689244,10.927712179310744,14.18630042758566,10.462199572414328
20170728,BRML3,BR MALLS PA,12.92,13.1,12.84,13.1,59075443.0,12.638999999999996,12.355749999999995,0.4800098683196244,0.47444914077221995,13.304648281544434,11.406851718455556,13.779097422316655,10.932402577683336,14.253546563088875,10.457953436911115
20170731,BRML3,BR MALLS PA,13.08,13.29,13.02,13.2,70110651.0,12.698499999999996,12.392749999999994,0.47161843408462617,0.48125896595045664,13.355267931900908,11.43023206809908,13.836526897851364,10.948973102148624,14.31778586380182,10.467714136198168
20170801,BRML3,BR MALLS PA,13.2,13.25,13.07,13.22,44458463.0,12.757999999999997,12.427749999999994,0.457701350572406,0.48937682769741964,13.406503655394834,11.448996344605154,13.895880483092252,10.959619516907736,14.385257310789672,10.470242689210316
20170802,BRML3,BR MALLS PA,13.19,13.55,13.13,13.55,53097341.0,12.832999999999995,12.458999999999994,0.4584768834211771,0.5199644958293664,13.498928991658728,11.41907100834126,14.018893487488093,10.899106512511896,14.53885798331746,10.379142016682529
20170803,BRML3,BR MALLS PA,13.45,13.47,13.22,13.32,48476195.0,12.911999999999995,12.479999999999993,0.39145612108748595,0.5375013416799094,13.555002683359811,11.404997316640175,14.092504025039721,10.867495974960265,14.630005366719631,10.329994633280355
20170804,BRML3,BR MALLS PA,13.3,13.37,13.17,13.24,31446394.0,12.976499999999996,12.503249999999992,0.32528974938145744,0.549929540941392,13.603109081882776,11.403390918117209,14.153038622824168,10.853461377175817,14.702968163765561,10.303531836234423
20170807,BRML3,BR MALLS PA,13.3,13.74,13.29,13.57,50032998.0,13.050499999999996,12.536499999999993,0.2778957585707277,0.5733149221850153,13.683129844370024,11.389870155629962,14.256444766555038,10.816555233444948,14.829759688740054,10.243240311259932
20170808,BRML3,BR MALLS PA,13.6,13.7,13.36,13.42,79789846.0,13.103999999999996,12.569749999999992,0.2357384813282918,0.5851998891459398,13.740149778291872,11.399350221708112,14.325349667437811,10.814150332562173,14.910549556583751,10.228950443416233
20170809,BRML3,BR MALLS PA,13.31,13.43,13.06,13.27,67702831.0,13.124999999999995,12.599499999999994,0.2305713726696341,0.5898932976090782,13.77928659521815,11.419713404781838,14.369179892827228,10.82982010717276,14.959073190436307,10.23992680956368
20170810,BRML3,BR MALLS PA,13.28,13.28,12.96,13.08,29870932.0,13.129999999999992,12.620249999999993,0.22833493404489316,0.5918787449452451,13.804007489890484,11.436492510109503,14.395886234835729,10.844613765164258,14.987764979780973,10.252735020219014
20170811,BRML3,BR MALLS PA,13.07,13.27,13.0,13.2,36461098.0,13.146999999999991,12.641499999999994,0.2196672124158477,0.5971623066745172,13.835824613349027,11.44717538665096,14.432986920023545,10.850013079976442,15.030149226698063,10.252850773301924
20170814,BRML3,BR MALLS PA,13.19,13.47,13.11,13.17,25735206.0,13.170999999999992,12.658249999999992,0.19152847802548875,0.6024645430571289,13.86317908611425,11.453320913885733,14.465643629171378,10.850856370828605,15.068108172228508,10.248391827771476
20170815,BRML3,BR MALLS PA,13.27,13.69,13.17,13.25,134866233.0,13.181999999999993,12.689499999999992,0.18930899275223448,0.5998587440560671,13.889217488112125,11.489782511887858,14.489076232168193,10.88992376783179,15.08893497622426,10.290065023775723
20170816,BRML3,BR MALLS PA,13.31,13.37,13.14,13.19,52204692.0,13.197999999999993,12.713249999999993,0.17449475938450226,0.6004117710969732,13.91407354219394,11.512426457806047,14.514485313290912,10.912014686709075,15.114897084387886,10.3116029156121
20170817,BRML3,BR MALLS PA,13.2,13.26,12.87,12.97,56335495.0,13.201499999999996,12.738999999999994,0.16881241535790903,0.5883649660995652,13.915729932199124,11.562270067800863,14.504094898298689,10.973905101701298,15.092459864398254,10.385540135601733
20170818,BRML3,BR MALLS PA,12.97,13.21,12.96,13.13,74073012.0,13.209999999999997,12.770749999999996,0.16006577595352153,0.5738014822442079,13.918352964488411,11.62314703551158,14.49215444673262,11.049345553267372,15.065955928976827,10.475544071023165
20170821,BRML3,BR MALLS PA,13.14,13.26,12.99,13.05,24511718.0,13.205999999999998,12.797499999999994,0.1631402367355435,0.5607858497062654,13.919071699412525,11.675928300587463,14.47985754911879,11.115142450881198,15.040643398825056,10.554356601174932
20170822,BRML3,BR MALLS PA,13.15,13.5,13.08,13.36,48330487.0,13.2165,12.833749999999995,0.1660778194259765,0.5486799426689372,13.93110988533787,11.73639011466212,14.479789828006806,11.187710171993183,15.028469770675743,10.639030229324247
20170823,BRML3,BR MALLS PA,13.37,13.57,13.3,13.5,43133965.0,13.238999999999999,12.876749999999996,0.17268468374475007,0.5310965313773326,13.93894306275466,11.814556937245332,14.470039594131993,11.283460405867999,15.001136125509326,10.752363874490666
20170824,BRML3,BR MALLS PA,13.46,13.53,13.13,13.37,49150918.0,13.258,12.919749999999997,0.16456001944586834,0.49781310209293667,13.91537620418587,11.924123795814124,14.413189306278808,11.426310693721186,14.911002408371743,10.92849759162825
20170825,BRML3,BR MALLS PA,13.4,13.55,13.29,13.43,48434136.0,13.274499999999998,12.956749999999994,0.16442803577064716,0.4785147292966581,13.91377945859331,11.999720541406678,14.392294187889968,11.52120581211002,14.870808917186627,11.042691082813361
20170828,BRML3,BR MALLS PA,13.6,13.81,13.55,13.55,44877226.0,13.291999999999998,12.995249999999993,0.1744042491033064,0.4620577580723858,13.919365516144765,12.071134483855221,14.38142327421715,11.609076725782836,14.843481032289537,11.14701896771045
20170829,BRML3,BR MALLS PA,13.51,13.72,13.35,13.54,37144260.0,13.307999999999998,13.032999999999992,0.1819658730295149,0.44244194172216433,13.917883883444322,12.148116116555663,14.360325825166486,11.705674174833499,14.80276776688865,11.263232233111335
20170830,BRML3,BR MALLS PA,13.54,13.66,13.47,13.6,22814021.0,13.3105,13.071749999999994,0.1857693816481065,0.42152280407942505,13.914795608158844,12.228704391841145,14.33631841223827,11.807181587761718,14.757841216317695,11.385658783682294
20170831,BRML3,BR MALLS PA,13.61,13.77,13.46,13.6,47759037.0,13.3245,13.118249999999994,0.1967492392816807,0.37032825009782777,13.85890650019565,12.37759349980434,14.229234750293477,12.007265249706512,14.599563000391306,11.636936999608682
20170901,BRML3,BR MALLS PA,13.7,13.77,13.46,13.46,48261264.0,13.3355,13.155999999999995,0.19792276537239722,0.32199538139705,13.799990762794096,12.512009237205895,14.121986144191146,12.190013855808845,14.443981525588196,11.868018474411794
20170904,BRML3,BR MALLS PA,13.4,13.42,13.22,13.31,37712798.0,13.3225,13.186499999999992,0.19009346731493615,0.2723925335021097,13.731285067004212,12.641714932995772,14.00367760050632,12.369322399493663,14.27607013400843,12.096929865991553
20170905,BRML3,BR MALLS PA,13.45,13.64,13.32,13.52,81284677.0,13.327499999999997,13.215749999999991,0.19406659193505835,0.24130932909379502,13.698368658187581,12.7331313418124,13.939677987281376,12.491822012718606,14.180987316375171,12.25051268362481
20170906,BRML3,BR MALLS PA,13.6,14.25,13.53,13.97,118743517.0,13.3625,13.243749999999991,0.24067613093122872,0.2618835863900556,13.767517172780103,12.71998282721988,14.029400759170159,12.458099240829824,14.291284345560214,12.196215654439769
20170908,BRML3,BR MALLS PA,13.9,14.22,13.81,14.1,37399590.0,13.413500000000003,13.271749999999992,0.2821585034207864,0.291194599661119,13.85413919932223,12.689360800677754,14.14533379898335,12.398166201016634,14.436528398644468,12.106971601355516
20170911,BRML3,BR MALLS PA,14.28,14.41,14.21,14.21,44881824.0,13.464000000000002,13.305499999999991,0.32851179583087614,0.3191410748258986,13.943782149651788,12.667217850348194,14.262923224477687,12.348076775522296,14.582064299303585,12.028935700696398
20170912,BRML3,BR MALLS PA,14.23,14.51,14.05,14.08,41866035.0,13.5095,13.340249999999992,0.3480846085894489,0.3260052500757107,13.992260500151414,12.68823949984857,14.318265750227123,12.362234249772861,14.644271000302835,12.03622899969715
20170913,BRML3,BR MALLS PA,14.06,14.77,13.85,14.42,78952194.0,13.568000000000001,13.374999999999991,0.39704964557679695,0.3639597047293422,14.102919409458675,12.647080590541307,14.466879114188018,12.283120885811964,14.83083881891736,11.919161181082622
20170914,BRML3,BR MALLS PA,14.33,14.72,14.32,14.59,34672112.0,13.638,13.417999999999992,0.4471500395781781,0.40234696087217997,14.222693921744352,12.613306078255633,14.625040882616531,12.210959117383453,15.027387843488713,11.808612156511272
20170915,BRML3,BR MALLS PA,14.73,15.39,14.54,15.23,217064535.0,13.751,13.476249999999993,0.5444350040952928,0.48550099685656634,14.447251993713126,12.50524800628686,14.932752990569693,12.019747009430294,15.418253987426258,11.534246012573728
20170918,BRML3,BR MALLS PA,15.15,15.31,15.03,15.18,56823250.0,13.8535,13.531749999999992,0.6103517105131668,0.5478577744503059,14.627465548900604,12.43603445109938,15.17532332335091,11.888176676649074,15.723181097801216,11.340318902198767
20170919,BRML3,BR MALLS PA,15.19,15.19,14.84,15.19,61576898.0,13.9605,13.583249999999992,0.6484676269158925,0.6031557501793046,14.789561500358602,12.376938499641383,15.392717250537906,11.773782749462079,15.99587300071721,11.170626999282774
20170920,BRML3,BR MALLS PA,15.21,15.21,14.84,14.88,37136344.0,14.036499999999998,13.626499999999993,0.6632874664562344,0.6325996425009327,14.891699285001858,12.361300714998128,15.524298927502791,11.728701072497195,16.156898570003722,11.096101429996262
20170921,BRML3,BR MALLS PA,14.93,14.96,14.7,14.7,41015744.0,14.096499999999997,13.667749999999995,0.6664696858112149,0.6476604345345931,14.963070869069181,12.372429130930808,15.610731303603774,11.724768696396215,16.258391738138368,11.077108261861621
20170922,BRML3,BR MALLS PA,14.77,14.77,14.3,14.5,88696230.0,14.152999999999997,13.705499999999995,0.6493162395531205,0.6511408134761313,15.007781626952259,12.403218373047732,15.65892244042839,11.752077559571601,16.31006325390452,11.10093674609547
20170925,BRML3,BR MALLS PA,14.48,14.48,14.08,14.25,145303596.0,14.193999999999997,13.734249999999994,0.6267577388097669,0.6491054495344984,15.03246089906899,12.436039100930998,15.68156634860349,11.786933651396499,16.33067179813799,11.137828201862
20170926,BRML3,BR MALLS PA,14.19,14.51,14.16,14.3,77627601.0,14.231499999999997,13.761749999999992,0.6083651517754568,0.6491923483284467,15.060134696656885,12.4633653033431,15.709327044985333,11.814172955014651,16.358519393313777,11.164980606686205
20170927,BRML3,BR MALLS PA,14.21,14.28,13.87,14.1,43982614.0,14.259499999999997,13.783749999999992,0.5873891832776775,0.6452615748671214,15.074273149734235,12.49322685026575,15.719534724601356,11.847965275398629,16.364796299468477,11.202703700531506
20170928,BRML3,BR MALLS PA,14.08,14.16,13.85,13.9,57586010.0,14.274499999999994,13.792499999999993,0.5733234138269111,0.6443830283142821,15.081266056628557,12.50373394337143,15.72564908494284,11.859350915057147,16.37003211325712,11.214967886742865
20170929,BRML3,BR MALLS PA,14.04,14.34,14.04,14.07,90874207.0,14.297999999999993,13.811249999999992,0.5535112797786002,0.6411855505673905,15.093621101134772,12.528878898865212,15.734806651702163,11.887693348297821,16.375992202269554,11.24650779773043
20171002,BRML3,BR MALLS PA,14.02,14.25,13.89,14.09,51961071.0,14.329499999999992,13.832499999999992,0.5202375469563848,0.6358307709058805,15.104161541811754,12.56083845818823,15.739992312717634,11.925007687282351,16.375823083623516,11.289176916376471
20171003,BRML3,BR MALLS PA,14.19,14.47,14.06,14.39,63145402.0,14.383499999999993,13.85299999999999,0.461590784820948,0.6403532678860197,15.13370653577203,12.572293464227952,15.77405980365805,11.931940196341932,16.414413071544068,11.291586928455912
20171004,BRML3,BR MALLS PA,14.28,14.45,14.17,14.3,66727049.0,14.422499999999994,13.874999999999991,0.4154373092233977,0.6402123045301388,15.155424609060269,12.594575390939713,15.795636913590407,11.954363086409575,16.435849218120545,11.314150781879436
20171005,BRML3,BR MALLS PA,14.52,14.67,13.89,13.94,122990022.0,14.420999999999992,13.891749999999993,0.4172075086371266,0.6326982814775234,15.15714656295504,12.626353437044946,15.789844844432563,11.993655155567422,16.422543125910085,11.360956874089899
20171006,BRML3,BR MALLS PA,13.92,13.95,13.62,13.8,120142636.0,14.405999999999992,13.909749999999992,0.4343949209745218,0.619108074323299,15.14796614864659,12.671533851353393,15.767074222969889,12.052425777030095,16.38618229729319,11.433317702706796
20171009,BRML3,BR MALLS PA,13.8,14.0,13.44,13.9,70826109.0,14.390499999999992,13.92724999999999,0.4471014838290576,0.6083309975367834,15.143911995073557,12.710588004926423,15.752242992610341,12.102257007389639,16.360573990147124,11.493926009852856
20171010,BRML3,BR MALLS PA,14.04,14.08,13.81,13.97,119434439.0,14.384999999999994,13.947249999999991,0.45177427992310465,0.5958187105969659,15.138887421193923,12.75561257880606,15.734706131790889,12.159793868209094,16.330524842387856,11.563975157612127
20171011,BRML3,BR MALLS PA,13.97,14.14,13.93,14.01,37005642.0,14.364499999999992,13.966249999999992,0.4593413476753971,0.5850342418205612,15.136318483641114,12.79618151635887,15.721352725461674,12.211147274538309,16.306386967282236,11.626113032717747
20171013,BRML3,BR MALLS PA,14.11,14.25,13.73,14.0,81729818.0,14.334999999999994,13.986499999999989,0.46302779273186667,0.5713346946697073,15.129169389339403,12.843830610660575,15.700504084009111,12.272495915990866,16.27183877867882,11.70116122132116
20171016,BRML3,BR MALLS PA,13.94,14.08,13.75,13.96,138967874.0,14.271499999999993,14.01124999999999,0.41879872065359897,0.5471004571889921,15.105450914377974,12.917049085622006,15.652551371566966,12.369948628433013,16.199651828755957,11.822848171244022
20171017,BRML3,BR MALLS PA,13.81,14.0,13.58,13.8,164635110.0,14.202499999999992,14.027999999999988,0.3723449871741555,0.5293983038342281,15.086796607668445,12.969203392331531,15.616194911502673,12.439805088497303,16.145593215336902,11.910406784663076
20171018,BRML3,BR MALLS PA,13.94,14.02,13.83,13.85,79955748.0,14.135499999999993,14.047999999999991,0.29854868244477384,0.5061022497277409,15.060204499455473,13.03579550054451,15.566306749183214,12.529693250816768,16.072408998910955,12.023591001089027
20171019,BRML3,BR MALLS PA,13.84,13.84,13.4,13.54,91914673.0,14.068499999999995,14.05249999999999,0.2718411881576872,0.5005983599141244,15.053696719828238,13.05130328017174,15.554295079742364,12.550704920257616,16.05489343965649,12.050106560343492
20171020,BRML3,BR MALLS PA,13.63,13.76,13.1,13.4,81298821.0,14.003499999999994,14.049999999999988,0.2682943199273855,0.5036685927095759,15.05733718541914,13.042662814580837,15.561005778128717,12.53899422187126,16.06467437083829,12.035325629161685
20171023,BRML3,BR MALLS PA,13.47,13.53,13.11,13.29,66938817.0,13.942999999999994,14.047999999999988,0.2862663463501534,0.50658838801515,15.061176776030287,13.034823223969688,15.567765164045438,12.528234835954537,16.074353552060586,12.021646447939387
20171024,BRML3,BR MALLS PA,13.42,13.49,13.15,13.32,69151312.0,13.896499999999994,14.04524999999999,0.3084472999430195,0.5103140687046969,15.065878137409385,13.024621862590596,15.576192206114081,12.5143077938859,16.086506274818777,12.003993725181203
20171025,BRML3,BR MALLS PA,13.44,13.48,13.04,13.35,81561161.0,13.848999999999995,14.040249999999991,0.3160929243784783,0.5162363178791564,15.072722635758304,13.00777736424168,15.58895895363746,12.491541046362522,16.105195271516617,11.975304728483366
20171026,BRML3,BR MALLS PA,13.44,13.65,13.09,13.13,97413513.0,13.800499999999994,14.029999999999992,0.3483264500285709,0.5303022843817538,15.0906045687635,12.969395431236485,15.620906853145254,12.43909314685473,16.151209137527008,11.908790862472976
20171027,BRML3,BR MALLS PA,13.22,13.48,13.18,13.22,36129571.0,13.766499999999997,14.020499999999993,0.3705795603191683,0.541488688709186,15.103477377418365,12.937522622581621,15.644966066127552,12.396033933872435,16.18645475483674,11.85454524516325
20171030,BRML3,BR MALLS PA,13.24,13.24,12.77,12.97,86364491.0,13.711499999999997,14.004749999999992,0.40334489616603453,0.5627769403728075,15.130303880745608,12.879196119254377,15.693080821118414,12.31641917888157,16.25585776149122,11.753642238508762
20171031,BRML3,BR MALLS PA,13.1,13.12,12.68,12.68,74756156.0,13.641,13.98524999999999,0.4537782904041753,0.5947418638496694,15.174733727699328,12.795766272300652,15.769475591548998,12.201024408450982,16.364217455398666,11.606282544601312
20171101,BRML3,BR MALLS PA,12.85,13.12,12.75,12.88,133682205.0,13.5655,13.974499999999992,0.4481831744886976,0.6109259470840203,15.196351894168032,12.752648105831952,15.807277841252052,12.141722158747932,16.418203788336072,11.530796211663912
20171103,BRML3,BR MALLS PA,12.89,13.0,12.4,12.7,82656109.0,13.485499999999998,13.953999999999994,0.452949108329921,0.6396505456206657,15.233301091241325,12.674698908758662,15.872951636861991,12.035048363137996,16.512602182482656,11.395397817517331
20171106,BRML3,BR MALLS PA,12.57,12.77,12.46,12.63,62963433.0,13.419999999999998,13.920499999999993,0.47780198497090093,0.6730106487518073,15.266521297503608,12.574478702496378,15.939531946255414,11.901468053744573,16.612542595007223,11.228457404992763
20171107,BRML3,BR MALLS PA,12.51,12.62,12.1,12.35,108441668.0,13.3475,13.876749999999992,0.5248044748686237,0.7165171728398104,15.309784345679613,12.443715654320371,16.026301518519425,11.727198481480562,16.742818691359233,11.01068130864075
20171108,BRML3,BR MALLS PA,12.41,12.94,12.36,12.94,129261200.0,13.2995,13.844999999999994,0.5154300708095743,0.7293938473934237,15.303787694786841,12.386212305213146,16.033181542180266,11.656818457819723,16.762575389573687,10.927424610426298
20171109,BRML3,BR MALLS PA,12.97,12.97,12.61,12.7,70741778.0,13.235999999999999,13.810499999999994,0.5066338862895646,0.7503296711343704,15.311159342268734,12.309840657731254,16.061489013403104,11.559510986596884,16.811818684537474,10.809181315462512
20171110,BRML3,BR MALLS PA,12.8,12.8,12.4,12.45,104144513.0,13.157999999999998,13.761249999999995,0.5012573663981864,0.7735903225735732,15.30843064514714,12.21406935485285,16.082020967720716,11.440479032279276,16.855611290294288,10.666888709705702
20171113,BRML3,BR MALLS PA,12.45,12.5,12.1,12.29,56848216.0,13.0725,13.703749999999994,0.4958870308532428,0.7955765124609234,15.29490302492184,12.112596975078148,16.090479537382762,11.317020462617224,16.88605604984369,10.5214439501563
20171114,BRML3,BR MALLS PA,12.38,12.4,11.96,12.06,85960435.0,12.977500000000001,13.624499999999992,0.4989027433963898,0.797528072008143,15.219556144016279,12.029443855983706,16.017084216024422,11.231915783975563,16.814612288032563,10.434387711967421
20171116,BRML3,BR MALLS PA,12.11,12.27,11.87,12.2,100433941.0,12.897499999999999,13.549999999999994,0.4882393179363675,0.7876221923922152,15.125244384784423,11.974755615215564,15.91286657717664,11.187133422823347,16.700488769568853,10.399511230431132
20171117,BRML3,BR MALLS PA,12.3,12.38,12.0,12.32,45084444.0,12.820999999999998,13.478249999999994,0.44946635024217513,0.764785498668981,15.007820997337955,11.948679002662033,15.772606496006937,11.183893503993051,16.537391994675918,10.41910800532407
20171121,BRML3,BR MALLS PA,12.47,12.72,12.32,12.58,50002461.0,12.772999999999998,13.420749999999995,0.4188593533571358,0.7428406582772294,14.906431316554453,11.935068683445536,15.649271974831683,11.192228025168307,16.392112633108912,10.449387366891077
20171122,BRML3,BR MALLS PA,12.54,12.72,12.32,12.39,52429088.0,12.722499999999998,13.362999999999994,0.3997351096598314,0.7305291373469136,14.824058274693822,11.901941725306166,15.554587412040735,11.171412587959253,16.28511654938765,10.44088345061234
20171123,BRML3,BR MALLS PA,12.45,12.46,12.23,12.42,28489788.0,12.678999999999998,13.310999999999993,0.38165705189761434,0.7214934653292616,14.753986930658517,11.868013069341469,15.475480395987777,11.146519604012209,16.19697386131704,10.425026138682947
20171124,BRML3,BR MALLS PA,12.51,12.83,12.4,12.61,299994795.0,12.643499999999998,13.269999999999992,0.350657652809267,0.713316558633346,14.696633117266684,11.843366882733301,15.40994967590003,11.130050324099955,16.123266234533375,10.416733765466608
20171127,BRML3,BR MALLS PA,12.65,12.75,12.44,12.75,92382468.0,12.613499999999998,13.231249999999994,0.31038643147232675,0.6978618903112027,14.6269737806224,11.835526219377588,15.324835670933602,11.137664329066386,16.022697561244804,10.439802438755184
20171128,BRML3,BR MALLS PA,12.8,12.91,12.55,12.61,65263457.0,12.587499999999997,13.193999999999994,0.2856364085594776,0.6900234109740885,14.574046821948171,11.813953178051817,15.26407023292226,11.123929767077728,15.954093643896348,10.43390635610364
20171129,BRML3,BR MALLS PA,12.68,12.75,12.12,12.23,112021765.0,12.537999999999998,13.152249999999995,0.2543226297442279,0.6967009714287418,14.545651942857479,11.758848057142512,15.24235291428622,11.06214708571377,15.939053885714962,10.365446114285028
20171130,BRML3,BR MALLS PA,12.18,12.18,11.69,12.09,87199965.0,12.493999999999998,13.102749999999995,0.25176011974646834,0.7001537834739093,14.503057566947813,11.702442433052177,15.203211350421723,11.002288649578267,15.903365133895633,10.302134866104357
20171201,BRML3,BR MALLS PA,12.23,12.5,12.17,12.45,65052712.0,12.482499999999998,13.061749999999995,0.24804233509628795,0.6887852089748838,14.439320417949762,11.684179582050227,15.128105626924647,10.995394373075342,15.81689083589953,10.30660916410046
20171204,BRML3,BR MALLS PA,12.53,12.9,12.47,12.87,78086600.0,12.482,13.023749999999996,0.2472075624801708,0.6547134331042782,14.333176866208552,11.71432313379144,14.98789029931283,11.059609700687162,15.64260373241711,10.404896267582883
20171205,BRML3,BR MALLS PA,12.91,12.96,12.5,12.53,50544398.0,12.473499999999998,12.979499999999996,0.2421890301310292,0.6254022295434835,14.230304459086963,11.72869554091303,14.855706688630447,11.103293311369546,15.48110891817393,10.477891081826062
20171206,BRML3,BR MALLS PA,12.55,12.75,12.31,12.67,38496977.0,12.4755,12.947749999999994,0.24370981450124166,0.6073671111381644,14.162484222276323,11.733015777723665,14.769851333414486,11.125648666585501,15.377218444552652,10.518281555447336
20171207,BRML3,BR MALLS PA,12.58,12.62,12.24,12.51,38633960.0,12.4835,12.915499999999994,0.24199336659029175,0.5950778875976694,14.105655775195334,11.725344224804655,14.700733662793002,11.130266337206987,15.295811550390672,10.535188449609317
20171208,BRML3,BR MALLS PA,12.61,12.75,12.38,12.45,58263667.0,12.459,12.879249999999995,0.21684095554119595,0.5774718885376974,14.03419377707539,11.7243062229246,14.611665665613089,11.146834334386902,15.189137554150784,10.569362445849206
20171211,BRML3,BR MALLS PA,12.56,12.71,12.46,12.53,56427124.0,12.4505,12.843249999999994,0.2101246497226622,0.5520562378450251,13.947362475690044,11.739137524309944,14.49941871353507,11.187081286464919,15.051474951380094,10.635025048619895
20171212,BRML3,BR MALLS PA,12.48,12.68,12.19,12.68,37717029.0,12.462,12.809999999999993,0.21629901330776727,0.5190474510199142,13.848094902039822,11.771905097960165,14.367142353059736,11.252857646940251,14.88618980407965,10.733810195920336
20171213,BRML3,BR MALLS PA,12.71,12.85,12.35,12.61,69711824.0,12.478000000000002,12.775249999999994,0.21473606811010454,0.48258379105045535,13.740417582100905,11.810082417899084,14.22300137315136,11.327498626848628,14.705585164201816,10.844914835798173
20171214,BRML3,BR MALLS PA,12.43,12.46,12.22,12.42,45703885.0,12.496,12.736749999999994,0.19170701329734297,0.44565933580455613,13.628068671609105,11.845431328390882,14.073728007413662,11.399771992586325,14.519387343218218,10.954112656781769
20171215,BRML3,BR MALLS PA,12.3,12.57,12.17,12.41,103344660.0,12.506500000000003,12.701999999999995,0.18003727684191087,0.4136714911183963,13.529342982236788,11.874657017763202,13.943014473355184,11.460985526644805,14.35668596447358,11.047314035526409
20171218,BRML3,BR MALLS PA,12.5,12.82,12.5,12.57,78047070.0,12.519000000000002,12.669999999999993,0.17501578876149682,0.36976777188962845,13.40953554377925,11.930464456220736,13.779303315668878,11.560696684331107,14.149071087558507,11.190928912441478
20171219,BRML3,BR MALLS PA,12.61,12.63,12.3,12.35,48147682.0,12.507500000000004,12.640249999999993,0.178321855672673,0.34501941602743585,13.330288832054865,11.95021116794512,13.6753082480823,11.605191751917685,14.020327664109736,11.26017233589025
20171220,BRML3,BR MALLS PA,12.43,12.43,12.09,12.22,65018983.0,12.499000000000004,12.610749999999992,0.18800615891372527,0.32844144386982843,13.26763288773965,11.953867112260335,13.596074331609477,11.625425668390507,13.924515775479307,11.296984224520678
20171221,BRML3,BR MALLS PA,12.29,12.63,12.09,12.51,49896672.0,12.503500000000004,12.591249999999992,0.18709060568842406,0.30969950282701103,13.210649005654014,11.971850994345969,13.520348508481025,11.662151491518959,13.830048011308035,11.352451988691948
20171222,BRML3,BR MALLS PA,12.46,12.5,12.26,12.32,37798506.0,12.489000000000004,12.566249999999993,0.1896228944649942,0.28903630771843025,13.144322615436854,11.988177384563132,13.433358923155284,11.699141076844702,13.722395230873714,11.410104769126272
20171226,BRML3,BR MALLS PA,12.41,12.51,12.33,12.43,18707752.0,12.473000000000004,12.543249999999992,0.1796810038872052,0.26024039675380956,13.063730793507611,12.022769206492372,13.323971190261421,11.762528809738562,13.58421158701523,11.502288412984754
20171227,BRML3,BR MALLS PA,12.46,12.58,12.43,12.51,22290042.0,12.468000000000004,12.527749999999992,0.17703998953557337,0.24223836004427377,13.01222672008854,12.043273279911444,13.254465080132814,11.80103491986717,13.496703440177088,11.558796559822897
20171228,BRML3,BR MALLS PA,12.61,12.79,12.46,12.73,43918817.0,12.493000000000006,12.515499999999992,0.17696565233197775,0.21745556575295855,12.95041113150591,12.080588868494075,13.167866697258868,11.863133302741117,13.385322263011826,11.645677736988159
