DATA DO PREGAO,CODIGO DE NEGOCIACAO DO PAPEL,NOME RESUMIDO DA EMPRESA EMISSORA,PRECO DE ABERTURA,PRECO MAXIMO,PRECO MINIMO,PRECO FECHAMENTO,VOLUME TOTAL DE TITULOS NEGOCIADOS NESTE PAPEL,MA_20,MA_40,STD_20,STD_40,BANDA_1_40 SUPERIOR,BANDA_1_40 INFERIOR,BANDA_2_40 SUPERIOR,BANDA_2_40 INFERIOR,BANDA_3_40 SUPERIOR,BANDA_3_40 INFERIOR
20170102,CCRO3,CCR SA,15.96,15.97,15.48,15.79,29743544.0,0.0,0.0,0.0,0.0,0.0,0.0,0.0,0.0,0.0,0.0
20170103,CCRO3,CCR SA,15.86,16.49,15.86,16.39,98567761.0,0.0,0.0,0.0,0.0,0.0,0.0,0.0,0.0,0.0,0.0
20170104,CCRO3,CCR SA,16.4,16.68,16.29,16.5,142593498.0,0.0,0.0,0.0,0.0,0.0,0.0,0.0,0.0,0.0,0.0
20170105,CCRO3,CCR SA,16.51,16.65,16.4,16.47,100204208.0,0.0,0.0,0.0,0.0,0.0,0.0,0.0,0.0,0.0,0.0
20170106,CCRO3,CCR SA,16.48,16.48,16.13,16.23,65146657.0,0.0,0.0,0.0,0.0,0.0,0.0,0.0,0.0,0.0,0.0
20170109,CCRO3,CCR SA,16.24,16.53,16.14,16.4,46636120.0,0.0,0.0,0.0,0.0,0.0,0.0,0.0,0.0,0.0,0.0
20170110,CCRO3,CCR SA,16.59,16.7,16.33,16.43,64078681.0,0.0,0.0,0.0,0.0,0.0,0.0,0.0,0.0,0.0,0.0
20170111,CCRO3,CCR SA,16.4,16.48,15.71,15.85,85363112.0,0.0,0.0,0.0,0.0,0.0,0.0,0.0,0.0,0.0,0.0
20170112,CCRO3,CCR SA,16.48,16.66,15.91,16.16,166255003.0,0.0,0.0,0.0,0.0,0.0,0.0,0.0,0.0,0.0,0.0
20170113,CCRO3,CCR SA,16.14,16.63,16.0,16.14,151493469.0,0.0,0.0,0.0,0.0,0.0,0.0,0.0,0.0,0.0,0.0
20170116,CCRO3,CCR SA,16.23,16.3,15.87,15.9,50040720.0,0.0,0.0,0.0,0.0,0.0,0.0,0.0,0.0,0.0,0.0
20170117,CCRO3,CCR SA,16.0,16.2,15.73,15.75,88353472.0,0.0,0.0,0.0,0.0,0.0,0.0,0.0,0.0,0.0,0.0
20170118,CCRO3,CCR SA,15.83,15.95,15.17,15.2,86187811.0,0.0,0.0,0.0,0.0,0.0,0.0,0.0,0.0,0.0,0.0
20170119,CCRO3,CCR SA,15.15,15.48,15.04,15.48,73722000.0,0.0,0.0,0.0,0.0,0.0,0.0,0.0,0.0,0.0,0.0
20170120,CCRO3,CCR SA,15.51,15.69,15.24,15.55,52467372.0,0.0,0.0,0.0,0.0,0.0,0.0,0.0,0.0,0.0,0.0
20170123,CCRO3,CCR SA,15.64,16.14,15.41,15.94,73373335.0,0.0,0.0,0.0,0.0,0.0,0.0,0.0,0.0,0.0,0.0
20170124,CCRO3,CCR SA,15.94,15.94,15.41,15.44,79487017.0,0.0,0.0,0.0,0.0,0.0,0.0,0.0,0.0,0.0,0.0
20170126,CCRO3,CCR SA,15.5,15.85,15.15,15.82,129736488.0,0.0,0.0,0.0,0.0,0.0,0.0,0.0,0.0,0.0,0.0
20170127,CCRO3,CCR SA,15.66,15.71,15.44,15.5,57995560.0,0.0,0.0,0.0,0.0,0.0,0.0,0.0,0.0,0.0,0.0
20170130,CCRO3,CCR SA,15.48,15.6,15.15,15.28,53921986.0,15.910999999999998,0.0,0.415336261992998,0.0,0.0,0.0,0.0,0.0,0.0,0.0
20170131,CCRO3,CCR SA,15.3,16.0,15.22,15.51,133355063.0,15.896999999999997,0.0,0.42425290372110586,0.0,0.0,0.0,0.0,0.0,0.0,0.0
20170201,CCRO3,CCR SA,15.64,15.88,15.41,15.51,71706710.0,15.852999999999998,0.0,0.4159845644909643,0.0,0.0,0.0,0.0,0.0,0.0,0.0
20170202,CCRO3,CCR SA,15.49,16.15,15.43,16.1,61904031.0,15.832999999999998,0.0,0.39217477306881854,0.0,0.0,0.0,0.0,0.0,0.0,0.0
20170203,CCRO3,CCR SA,16.12,16.35,15.94,16.14,64094766.0,15.816499999999996,0.0,0.37029540128190475,0.0,0.0,0.0,0.0,0.0,0.0,0.0
20170206,CCRO3,CCR SA,16.14,16.45,15.88,16.05,77501074.0,15.807499999999996,0.0,0.3618065054257891,0.0,0.0,0.0,0.0,0.0,0.0,0.0
20170207,CCRO3,CCR SA,16.3,16.3,15.95,16.22,72290653.0,15.798499999999995,0.0,0.3482780951753181,0.0,0.0,0.0,0.0,0.0,0.0,0.0
20170208,CCRO3,CCR SA,16.29,16.51,15.9,16.51,67100001.0,15.802499999999995,0.0,0.35628012338017145,0.0,0.0,0.0,0.0,0.0,0.0,0.0
20170209,CCRO3,CCR SA,16.48,16.75,16.21,16.62,62216956.0,15.840999999999994,0.0,0.4005377963635772,0.0,0.0,0.0,0.0,0.0,0.0,0.0
20170210,CCRO3,CCR SA,17.5,17.6,16.91,17.28,359595159.0,15.896999999999995,0.0,0.5106456181819465,0.0,0.0,0.0,0.0,0.0,0.0,0.0
20170213,CCRO3,CCR SA,17.15,18.01,16.91,17.95,304907368.0,15.987499999999994,0.0,0.6861937351107665,0.0,0.0,0.0,0.0,0.0,0.0,0.0
20170214,CCRO3,CCR SA,17.91,18.1,17.34,18.1,751821129.0,16.097499999999997,0.0,0.8322251403379548,0.0,0.0,0.0,0.0,0.0,0.0,0.0
20170215,CCRO3,CCR SA,18.05,18.3,17.92,18.3,157209155.0,16.224999999999998,0.0,0.9614818606822779,0.0,0.0,0.0,0.0,0.0,0.0,0.0
20170216,CCRO3,CCR SA,18.16,18.52,18.15,18.45,228309146.0,16.387499999999996,0.0,1.0497211409151543,0.0,0.0,0.0,0.0,0.0,0.0,0.0
20170217,CCRO3,CCR SA,18.45,18.55,18.05,18.55,204533410.0,16.540999999999997,0.0,1.1313238635379914,0.0,0.0,0.0,0.0,0.0,0.0,0.0
20170220,CCRO3,CCR SA,18.51,18.89,18.41,18.5,53061158.0,16.688499999999998,0.0,1.1862913239433046,0.0,0.0,0.0,0.0,0.0,0.0,0.0
20170221,CCRO3,CCR SA,18.4,18.73,18.4,18.55,138162180.0,16.818999999999996,0.0,1.2418742202603965,0.0,0.0,0.0,0.0,0.0,0.0,0.0
20170222,CCRO3,CCR SA,18.41,19.12,18.26,18.93,182034154.0,16.993499999999997,0.0,1.2824412369835072,0.0,0.0,0.0,0.0,0.0,0.0,0.0
20170223,CCRO3,CCR SA,18.88,18.99,17.77,18.0,347775558.0,17.1025,0.0,1.2700347073583202,0.0,0.0,0.0,0.0,0.0,0.0,0.0
20170224,CCRO3,CCR SA,17.9,18.09,17.66,18.09,156625221.0,17.231999999999996,0.0,1.2294311906859914,0.0,0.0,0.0,0.0,0.0,0.0,0.0
20170301,CCRO3,CCR SA,18.68,18.68,18.15,18.63,117936433.0,17.399499999999996,16.65525,1.1765582053287074,1.1517589391214447,18.958767878242888,14.35173212175711,20.11052681736433,13.199973182635665,21.262285756485777,12.04821424351422
20170302,CCRO3,CCR SA,18.63,18.68,17.85,18.11,153405413.0,17.5295,16.71325,1.097799114017147,1.165403831186251,19.044057662372502,14.382442337627497,20.209461493558752,13.217038506441245,21.374865324745002,12.051634675254995
20170303,CCRO3,CCR SA,18.28,18.33,17.98,18.2,110501373.0,17.663999999999998,16.7585,0.9975622919476149,1.1874613084115038,19.133422616823008,14.383577383176995,20.32088392523451,13.19611607476549,21.50834523364602,12.008654766353986
20170306,CCRO3,CCR SA,18.36,18.37,17.95,18.0,169578879.0,17.758999999999997,16.796,0.9288867133917773,1.2026760759197572,19.201352151839515,14.390647848160485,20.40402822775927,13.187971772240727,21.606704303679027,11.985295696320971
20170307,CCRO3,CCR SA,17.45,18.03,17.21,17.83,260852682.0,17.8435,16.830000000000002,0.8471268779636314,1.212408072116536,19.254816144233075,14.40518385576693,20.46722421634961,13.192775783650394,21.679632288466145,11.980367711533859
20170308,CCRO3,CCR SA,17.91,17.96,17.4,17.5,144737407.0,17.915999999999997,16.86175,0.7409481834287087,1.2129216422574098,19.28759328451482,14.435906715485181,20.50051492677223,13.222985073227772,21.71343656902964,12.010063430970362
20170309,CCRO3,CCR SA,17.5,17.66,17.24,17.36,187903996.0,17.972999999999995,16.88575,0.6406748087183568,1.213048474944058,19.311846949888118,14.459653050111886,20.524895424832174,13.246604575167828,21.737943899776234,12.03355610022377
20170310,CCRO3,CCR SA,17.55,18.1,17.45,18.07,104297777.0,18.050999999999995,16.926750000000006,0.5402816029870929,1.2249068776745282,19.37656375534906,14.476936244650949,20.601470633023588,13.252029366976421,21.82637751069812,12.027122489301892
20170313,CCRO3,CCR SA,18.05,18.2,17.67,17.98,95583967.0,18.118999999999996,16.980000000000004,0.4237042165920488,1.223194640359878,19.42638928071976,14.533610719280247,20.64958392107964,13.31041607892037,21.872778561439517,12.087221438560492
20170314,CCRO3,CCR SA,17.76,17.98,17.37,17.55,79106837.0,18.1325,17.014750000000003,0.39915535822532433,1.2190391077212617,19.452828215442526,14.57667178455748,20.671867323163788,13.357632676836218,21.89090643088505,12.138593569114956
20170315,CCRO3,CCR SA,17.58,18.05,17.4,17.75,108924858.0,18.1225,17.055000000000003,0.40640756053885724,1.2159917341149573,19.48698346822992,14.623016531770089,20.702975202344874,13.407024797655131,21.91896693645983,12.191033063540175
20170316,CCRO3,CCR SA,17.71,18.19,17.65,17.96,83719480.0,18.115499999999997,17.106500000000004,0.40801799495918484,1.2094256954523983,19.525351390904802,14.687648609095207,20.734777086357198,13.47822291364281,21.944202781809597,12.26879721819041
20170317,CCRO3,CCR SA,18.02,18.15,17.35,17.75,127753056.0,18.087999999999997,17.156500000000005,0.41342726719840944,1.1931396849037887,19.542779369807583,14.770220630192426,20.73591905471137,13.577080945288639,21.929058739615158,12.38394126038485
20170320,CCRO3,CCR SA,17.91,18.29,17.65,17.75,108276825.0,18.052999999999997,17.220250000000004,0.41078999629082813,1.1533840677295282,19.52701813545906,14.913481864540948,20.68040220318859,13.760097796811419,21.833786270918118,12.606713729081891
20170321,CCRO3,CCR SA,17.75,17.91,17.03,17.4,99893680.0,17.995499999999996,17.268250000000002,0.4179835680476947,1.118528996219866,19.505307992439732,15.03119200756027,20.623836988659598,13.912663011340404,21.742365984879466,12.794134015120537
20170322,CCRO3,CCR SA,17.39,17.39,16.97,17.32,116646989.0,17.936499999999995,17.312500000000007,0.4262230080973645,1.0832660728627066,19.47903214572542,15.145967854274595,20.562298218588126,14.062701781411887,21.64556429145083,12.97943570854918
20170323,CCRO3,CCR SA,17.09,17.64,17.08,17.44,77143604.0,17.880999999999993,17.350000000000005,0.41423232738720217,1.0602539608690307,19.470507921738065,15.229492078261943,20.530761882607095,14.169238117392913,21.59101584347613,13.108984156523881
20170324,CCRO3,CCR SA,17.3,18.03,17.3,17.82,90050151.0,17.825499999999995,17.409500000000005,0.3326049498001585,1.016184290776294,19.441868581552594,15.377131418447417,20.458052872328885,14.360947127671123,21.47423716310518,13.34476283689483
20170327,CCRO3,CCR SA,17.57,18.07,17.41,18.0,68674972.0,17.825499999999995,17.464000000000006,0.3326049498001585,0.9867839500633212,19.43756790012665,15.490432099873363,20.424351850189968,14.503648149810042,21.41113580025329,13.51686419974672
20170328,CCRO3,CCR SA,17.73,17.96,17.63,17.82,95308344.0,17.811999999999994,17.522000000000006,0.3267318230759186,0.9352202537781837,19.392440507556373,15.651559492443639,20.327660761334556,14.716339238665455,21.26288101511274,13.781118984887271
20170329,CCRO3,CCR SA,17.7,18.09,17.54,18.09,138670770.0,17.784999999999993,17.592250000000007,0.2735632323709646,0.8654256030179498,19.323101206035908,15.861398793964108,20.188526809053855,14.995973190946158,21.053952412071805,14.130547587928207
20170330,CCRO3,CCR SA,18.14,18.33,17.96,18.23,78819410.0,17.790999999999993,17.66025000000001,0.28224476126784914,0.8021684953124265,19.26458699062486,16.055913009375157,20.06675548593729,15.25374451406273,20.868923981249715,14.451576018750302
20170331,CCRO3,CCR SA,18.14,18.22,17.9,18.05,105504175.0,17.783499999999997,17.723750000000006,0.27263383965733806,0.7243482924104647,19.172446584820936,16.275053415179077,19.8967948772314,15.550705122768612,20.621143169641865,14.826356830358147
20170403,CCRO3,CCR SA,18.01,18.23,17.95,18.08,60440222.0,17.787499999999994,17.773250000000008,0.2765363781151404,0.6766220302317085,19.126494060463425,16.42000593953659,19.803116090695134,15.743383909304882,20.479738120926843,15.066761879073173
20170404,CCRO3,CCR SA,18.14,18.23,17.62,17.9,71341747.0,17.790999999999993,17.81725000000001,0.2775437376626912,0.6227729038289934,19.062795807657995,16.571704192342022,19.68556871148699,15.948931288513029,20.30834161531598,15.326158384684035
20170405,CCRO3,CCR SA,17.91,18.06,17.83,17.85,67537180.0,17.808499999999995,17.86225000000001,0.2691365335367866,0.5529152923485005,18.96808058469701,16.75641941530301,19.52099587704551,16.20350412295451,20.073911169394012,15.650588830606008
20170406,CCRO3,CCR SA,17.76,17.99,17.36,17.6,84612354.0,17.820499999999996,17.896750000000008,0.2529504840248547,0.48693382638923144,18.87061765277847,16.922882347221545,19.357551479167704,16.435948520832312,19.844485305556933,15.949014694443083
20170407,CCRO3,CCR SA,17.63,17.99,17.62,17.84,62689267.0,17.808999999999994,17.93000000000001,0.2461471532490653,0.43213839188805775,18.794276783776127,17.065723216223894,19.226415175664183,16.633584824335838,19.658553567552243,16.201446432447778
20170410,CCRO3,CCR SA,17.93,18.13,17.7,17.85,57730805.0,17.802499999999995,17.96075000000001,0.24309138415957662,0.37674304308484213,18.714236086169695,17.207263913830328,19.09097912925454,16.830520870745485,19.46772217233938,16.453777827660645
20170411,CCRO3,CCR SA,17.84,18.2,17.37,17.58,82398991.0,17.803999999999995,17.968250000000012,0.24153892570674043,0.36566684781334813,18.699583695626707,17.236916304373317,19.065250543440058,16.871249456559966,19.430917391253406,16.505582608746618
20170412,CCRO3,CCR SA,17.48,17.77,17.2,17.67,106108856.0,17.799999999999994,17.96125000000001,0.2431373880621233,0.3686926835072831,18.698635367014578,17.223864632985443,19.06732805052186,16.855171949478162,19.436020734029142,16.48647926597088
20170413,CCRO3,CCR SA,17.48,17.7,17.13,17.15,69802671.0,17.759499999999996,17.937500000000007,0.2797832807916043,0.3895345677692631,18.716569135538535,17.15843086446148,19.106103703307795,16.76889629669222,19.49563827107706,16.379361728922955
20170417,CCRO3,CCR SA,17.17,17.58,17.15,17.5,85129849.0,17.746999999999993,17.91750000000001,0.2857510878553461,0.39098003096755696,18.699460061935124,17.1355399380649,19.090440092902682,16.74455990709734,19.48142012387024,16.353579876129782
20170418,CCRO3,CCR SA,17.49,17.63,17.12,17.28,87471331.0,17.723499999999994,17.888250000000006,0.3042207474152314,0.3938754684102478,18.6760009368205,17.100499063179512,19.06987640523075,16.706623594769262,19.463751873640998,16.312748126359015
20170419,CCRO3,CCR SA,17.37,17.37,16.96,17.01,87565705.0,17.703999999999997,17.849750000000007,0.3368023002796616,0.40269914646558436,18.655148292931177,17.044351707068838,19.05784743939676,16.641652560603255,19.460546585862346,16.23895341413767
20170420,CCRO3,CCR SA,17.02,17.27,16.88,17.12,63660943.0,17.693999999999996,17.81525000000001,0.3514541221838025,0.4046713608058001,18.62459272161161,17.00590727838841,19.02926408241741,16.60123591758261,19.43393544322321,16.19656455677681
20170424,CCRO3,CCR SA,17.15,17.54,17.06,17.24,59876521.0,17.683999999999997,17.78250000000001,0.3617559514659571,0.3966122565570688,18.575724513114146,16.989275486885873,18.972336769671216,16.592663230328803,19.368949026228286,16.196050973771733
20170425,CCRO3,CCR SA,17.11,17.28,16.95,17.15,65696950.0,17.650499999999997,17.73800000000001,0.37910524854408373,0.3629946669100476,18.463989333820106,17.012010666179915,18.826984000730153,16.649015999269867,19.1899786676402,16.28602133235982
20170426,CCRO3,CCR SA,17.1,17.2,16.84,17.19,71413964.0,17.609999999999996,17.717750000000013,0.38304871203211305,0.3705192994731307,18.458788598946274,16.976711401053752,18.829307898419405,16.60619210158062,19.199827197892535,16.23567280210749
20170427,CCRO3,CCR SA,17.14,17.26,17.05,17.2,64648641.0,17.578999999999997,17.695500000000013,0.3901807948010329,0.3742955777018851,18.444091155403783,16.946908844596244,18.81838673310567,16.572613266894358,19.192682310807555,16.19831768919247
20170428,CCRO3,CCR SA,17.24,17.78,16.95,17.7,110010184.0,17.559499999999996,17.672250000000012,0.3726501816646859,0.34227360101054627,18.356797202021106,16.98770279797892,18.699070803031653,16.645429196968372,19.0413444040422,16.303155595957826
20170502,CCRO3,CCR SA,17.61,18.08,17.52,18.02,110083835.0,17.548999999999996,17.670000000000012,0.3553189819688147,0.3396076167186803,18.349215233437373,16.99078476656265,18.688822850156054,16.65117714984397,19.028430466874735,16.31156953312529
20170503,CCRO3,CCR SA,18.0,18.11,17.71,17.71,57255252.0,17.531999999999993,17.657750000000014,0.3377884732070726,0.32866074395247363,18.315071487904962,17.000428512095066,18.643732231857435,16.671767768142594,18.97239297580991,16.343107024190118
20170504,CCRO3,CCR SA,17.83,17.83,17.15,17.44,76432478.0,17.499999999999993,17.643750000000015,0.31251105243610666,0.3256212011934656,18.294992402386946,16.992507597613084,18.620613603580413,16.666886396419617,18.946234804773876,16.341265195226153
20170505,CCRO3,CCR SA,17.53,17.59,17.19,17.36,47058758.0,17.472999999999995,17.632000000000012,0.29917606152474785,0.3272041627219508,18.286408325443915,16.97759167455611,18.613612488165863,16.65038751183416,18.940816650887815,16.32318334911221
20170508,CCRO3,CCR SA,17.27,17.58,17.27,17.5,48717287.0,17.455499999999994,17.632000000000012,0.285905302688231,0.3272041627219508,18.286408325443915,16.97759167455611,18.613612488165863,16.65038751183416,18.940816650887815,16.32318334911221
20170509,CCRO3,CCR SA,17.61,18.07,17.48,18.0,69764212.0,17.475499999999993,17.648000000000014,0.30955783406588977,0.3292041685875094,18.306408337175032,16.989591662824996,18.63561250576254,16.660387494237487,18.96481667435005,16.331183325649977
20170510,CCRO3,CCR SA,18.09,18.3,17.92,18.2,52547318.0,17.493499999999994,17.65125000000001,0.34076191719514753,0.3340826513734687,18.31941530274695,16.983084697253073,18.653497954120418,16.649002045879605,18.987580605493886,16.314919394506138
20170511,CCRO3,CCR SA,18.21,18.38,17.87,18.15,76091243.0,17.50849999999999,17.65550000000001,0.3631481501362147,0.3394108772413639,18.334321754482737,16.976678245517284,18.673732631724103,16.637267368275918,19.013143508965467,16.297856491034555
20170512,CCRO3,CCR SA,18.35,18.54,18.16,18.54,108490168.0,17.556499999999993,17.68025000000001,0.4303275985865302,0.3665325220817359,18.413315044163483,16.94718495583654,18.77984756624522,16.580652433754803,19.146380088326957,16.214119911673066
20170515,CCRO3,CCR SA,18.61,19.15,18.52,19.0,100435007.0,17.622999999999994,17.71150000000001,0.5380676928651735,0.4217579206010858,18.555015841202184,16.86798415879784,18.97677376180327,16.446226238196754,19.398531682404354,16.02446831759567
20170516,CCRO3,CCR SA,19.1,19.19,18.78,19.03,84129330.0,17.716999999999995,17.73825000000001,0.6104364271395806,0.4691885384527128,18.676627076905437,16.799872923094586,19.14581561535815,16.330684384641874,19.61500415381086,15.861495846189161
20170517,CCRO3,CCR SA,18.86,19.05,18.41,18.55,86114921.0,17.769499999999997,17.75825000000001,0.6354316808694868,0.4864359525132203,18.731121905026452,16.78537809497357,19.21755785753967,16.29894214246035,19.703993810052893,15.812506189947129
20170518,CCRO3,CCR SA,15.9,17.13,15.77,15.9,285960816.0,17.700499999999995,17.71200000000001,0.7550494929751916,0.5683002095768896,18.84860041915379,16.57539958084623,19.41690062873068,16.00709937126934,19.98520083830757,15.438799161692451
20170519,CCRO3,CCR SA,16.13,16.78,16.08,16.6,211079350.0,17.679999999999996,17.69200000000001,0.7799392688907791,0.5930979077733597,18.87819581554673,16.505804184453293,19.47129372332009,15.912706276679932,20.06439163109345,15.319608368906572
20170522,CCRO3,CCR SA,16.26,16.47,15.96,15.96,187483120.0,17.621999999999993,17.65800000000001,0.8625335996506476,0.6511142323661435,18.960228464732296,16.35577153526772,19.61134269709844,15.704657302901577,20.262456929464584,15.053543070535435
20170523,CCRO3,CCR SA,16.04,16.55,16.04,16.32,149150288.0,17.575999999999993,17.63000000000001,0.9073466232575232,0.6839815562065823,18.997963112413174,16.262036887586845,19.681944668619757,15.578055331380263,20.36592622482634,14.89407377517368
20170524,CCRO3,CCR SA,16.55,17.28,16.55,16.91,76615839.0,17.563999999999997,17.607250000000008,0.9148333181514474,0.6925796723584311,18.99240934471687,16.222090655283147,19.684989017075303,15.529510982924714,20.377568689433733,14.836931310566284
20170525,CCRO3,CCR SA,17.02,17.08,16.55,16.6,47796763.0,17.534499999999998,17.572250000000007,0.9367776515379942,0.7074384543313124,18.98712690866263,16.157373091337384,19.694565362993945,15.44993463700607,20.40200381732526,14.742496182674758
20170526,CCRO3,CCR SA,16.8,17.09,16.72,17.01,59652731.0,17.525,17.552000000000007,0.9413008915437397,0.7117446963768136,18.975489392753634,16.12851060724638,19.68723408913045,15.416765910869566,20.39897878550726,14.705021214492753
20170529,CCRO3,CCR SA,16.78,16.96,16.62,16.78,29391161.0,17.479,17.519250000000007,0.9546831935254683,0.7164778075543994,18.952205615108806,16.086294384891207,19.668683422663204,15.36981657733681,20.385161230217605,14.653338769782408
20170530,CCRO3,CCR SA,16.63,17.0,16.63,16.9,44969491.0,17.423,17.486000000000004,0.954127322409545,0.7135027356963423,18.91300547139269,16.058994528607318,19.62650820708903,15.345491792910977,20.340010942785373,14.631989057214636
20170531,CCRO3,CCR SA,17.03,17.03,16.46,16.58,92876664.0,17.3665,17.449250000000006,0.9695700349286613,0.7215204299042695,18.892290859808547,16.006209140191466,19.613811289712814,15.284688710287199,20.335331719617084,14.563168280382929
20170601,CCRO3,CCR SA,16.58,16.77,16.15,16.29,61449304.0,17.309,17.404500000000006,0.9986459253461724,0.7367459639418644,18.877991927883734,15.931008072116278,19.614737891825598,15.194262108174414,20.351483855767462,14.457516144232548
20170602,CCRO3,CCR SA,16.29,16.91,16.23,16.57,66017660.0,17.2695,17.371250000000007,1.0120561405272603,0.743788595206317,18.85882719041264,15.883672809587374,19.60261578561896,15.139884214381055,20.346404380825277,14.396095619174739
20170605,CCRO3,CCR SA,16.45,16.72,16.2,16.25,43528975.0,17.207,17.331250000000004,1.035400253143929,0.7602232718596135,18.851696543719232,15.810803456280777,19.611919815578844,15.050580184421165,20.37214308743846,14.29035691256155
20170606,CCRO3,CCR SA,16.25,16.6,16.25,16.39,48307872.0,17.1265,17.301000000000005,1.033085694718286,0.7732177190323914,18.84743543806479,15.754564561935222,19.62065315709718,14.98134684290283,20.393870876129572,14.208129123870439
20170607,CCRO3,CCR SA,16.52,16.81,16.47,16.75,63333753.0,17.054,17.273750000000003,1.0042614463532706,0.7729420567396607,18.819634113479324,15.727865886520682,19.592576170218987,14.954923829781022,20.365518226958645,14.181981773041361
20170608,CCRO3,CCR SA,16.75,16.75,16.22,16.45,62187394.0,16.969,17.238750000000003,0.9782201883226949,0.7778609311471701,18.794471862294344,15.683028137705662,19.572332793441515,14.905167206558492,20.350193724588685,14.127306275411323
20170609,CCRO3,CCR SA,16.37,16.96,16.37,16.63,69428147.0,16.8735,17.215000000000003,0.9074503031194389,0.7816681701368831,18.778336340273768,15.651663659726237,19.560004510410653,14.869995489589353,20.341672680547536,14.088327319452471
20170612,CCRO3,CCR SA,16.61,16.78,16.13,16.24,77152828.0,16.7355,17.179250000000003,0.765860197493801,0.7929444883082782,18.76513897661656,15.593361023383446,19.558083464924838,14.800416535075168,20.351027953233118,14.00747204676689
20170613,CCRO3,CCR SA,16.3,16.45,16.23,16.42,84359173.0,16.605,17.161000000000005,0.5447597249198171,0.8019840781078371,18.76496815621568,15.55703184378433,19.566952234323516,14.755047765676494,20.36893631243135,13.953063687568656
20170614,CCRO3,CCR SA,16.31,16.95,16.31,16.75,102556435.0,16.515,17.142250000000004,0.3003944774879181,0.8026222648294878,18.74749452965898,15.537005470341029,19.550116794488467,14.734383205511541,20.352739059317955,13.931760940682054
20170616,CCRO3,CCR SA,16.58,16.99,16.54,16.54,170309828.0,16.547000000000004,17.123750000000005,0.26322093981648154,0.8078768867238256,18.739503773447655,15.507996226552354,19.54738066017148,14.700119339828529,20.355257546895306,13.892242453104702
20170619,CCRO3,CCR SA,16.58,16.95,16.55,16.94,68245132.0,16.564,17.122000000000007,0.27742044853098935,0.8082053559807151,18.738410711961436,15.505589288038577,19.546616067942153,14.697383932057862,20.354821423922868,13.889178576077146
20170620,CCRO3,CCR SA,16.84,16.99,16.25,16.28,88922531.0,16.580000000000005,17.101000000000006,0.2484689962656124,0.8190983160049035,18.739196632009815,15.4628033679902,19.558294948014716,14.643705051985297,20.37739326401962,13.824606735980392
20170621,CCRO3,CCR SA,16.36,16.6,16.28,16.6,62752274.0,16.594000000000005,17.085000000000004,0.24081877877463054,0.8225569889071624,18.73011397781433,15.439886022185679,19.552670966721493,14.617329033278518,20.375227955628652,13.794772044371355
20170622,CCRO3,CCR SA,16.61,16.62,16.39,16.55,76525586.0,16.576000000000004,17.070000000000004,0.22912648770580607,0.8268010643437864,18.723602128687578,15.41639787131243,19.550403193031364,14.589596806968645,20.377204257375148,13.762795742624858
20170623,CCRO3,CCR SA,16.61,16.73,16.48,16.48,49882473.0,16.570000000000004,17.052250000000004,0.2300343223818175,0.8317651526908227,18.71578030538165,15.38871969461836,19.547545458072474,14.556954541927535,20.379310610763294,13.725189389236714
20170626,CCRO3,CCR SA,16.67,16.85,16.38,16.52,52931750.0,16.545500000000004,17.03525,0.20548978717093483,0.8356081387459556,18.706466277491913,15.36403372250809,19.542074416237867,14.528425583762134,20.377682554983824,13.692817445016178
20170627,CCRO3,CCR SA,16.52,16.64,16.03,16.35,49750702.0,16.524000000000008,17.0015,0.20213075497123112,0.8353336505207529,18.672167301041505,15.330832698958494,19.507500951562257,14.495499048437742,20.342834602083013,13.660165397916987
20170628,CCRO3,CCR SA,16.3,16.7,16.3,16.5,59313410.0,16.50400000000001,16.963500000000003,0.18172854249641432,0.8222843416127775,18.608068683225557,15.318931316774448,19.430353024838336,14.49664697516167,20.252637366451115,13.674362633548894
20170629,CCRO3,CCR SA,16.56,16.65,16.37,16.5,35008446.0,16.500000000000007,16.93325,0.1808459652794914,0.8163533281675757,18.565956656335153,15.300543343664849,19.38230998450273,14.484190015497274,20.198663312670305,13.667836687329698
20170630,CCRO3,CCR SA,16.62,16.98,16.52,16.9,68782712.0,16.530500000000007,16.91975,0.19448920955044227,0.8122128289353727,18.544175657870746,15.295324342129256,19.356388486806118,14.483111513193883,20.16860131574149,13.67089868425851
20170703,CCRO3,CCR SA,16.84,17.08,16.72,16.88,44670112.0,16.546000000000006,16.90775,0.20957099035882154,0.8090814275524301,18.52591285510486,15.28958714489514,19.33499428265729,14.480505717342709,20.14407571020972,13.67142428979028
20170704,CCRO3,CCR SA,16.88,16.95,16.74,16.9,32135939.0,16.578500000000005,16.89275,0.21164207620657682,0.8033614874309084,18.499472974861817,15.286027025138182,19.302834462292726,14.482665537707273,20.106195949723634,13.679304050276366
20170705,CCRO3,CCR SA,16.92,17.0,16.83,16.86,56337271.0,16.602000000000007,16.86425,0.2156654328986145,0.7830377647506305,18.43032552950126,15.298174470498738,19.21336329425189,14.515136705748107,19.99640105900252,13.732098940997476
20170706,CCRO3,CCR SA,16.86,16.95,16.51,16.68,61033422.0,16.59850000000001,16.826249999999995,0.21369616896789986,0.7528533330109289,18.331956666021853,15.320543333978137,19.08480999903278,14.567690000967207,19.83766333204371,13.814836667956278
20170707,CCRO3,CCR SA,16.74,16.85,16.65,16.71,28961926.0,16.611500000000007,16.790249999999997,0.21208923146930822,0.7217162149154052,18.233682429830807,15.346817570169186,18.95539864474621,14.625101355253781,19.677114859661618,13.903385140338376
20170710,CCRO3,CCR SA,16.71,17.29,16.71,16.9,65888848.0,16.625000000000007,16.749249999999996,0.22170392774808084,0.6640450536924123,18.07734010738482,15.421159892615172,18.741385161077233,14.75711483892276,19.405430214769645,14.093069785230348
20170711,CCRO3,CCR SA,16.92,17.07,16.75,17.0,52620760.0,16.663000000000004,16.69925,0.21733069635678962,0.5568749226596629,17.812999845319325,15.585500154680673,18.369874767978988,15.02862523202101,18.92674969063865,14.471750309361347
20170712,CCRO3,CCR SA,17.12,17.39,16.89,17.26,108071681.0,16.705000000000005,16.654999999999998,0.24703504971856663,0.4205612855123749,17.49612257102475,15.813877428975248,17.916683856537123,15.393316143462872,18.337245142049497,14.972754857950498
20170713,CCRO3,CCR SA,17.37,17.86,17.37,17.8,112226203.0,16.757500000000004,16.636249999999997,0.34803017110587164,0.3435835844262734,17.323417168852544,15.94908283114745,17.667000753278817,15.605499246721177,18.01058433770509,15.261915662294903
20170714,CCRO3,CCR SA,17.8,17.98,17.71,17.82,143986996.0,16.821500000000004,16.68425,0.4168209889653936,0.37110291267369244,17.426455825347382,15.942044174652613,17.797558738021078,15.570941261978922,18.16866165069477,15.199838349305228
20170717,CCRO3,CCR SA,17.74,17.95,17.66,17.81,35044464.0,16.865000000000002,16.714499999999997,0.47163210461677385,0.4112080389317279,17.536916077863452,15.89208392213654,17.94812411679518,15.480875883204813,18.35933215572691,15.069667844273086
20170718,CCRO3,CCR SA,17.72,17.82,17.67,17.77,57853414.0,16.939500000000002,16.759749999999997,0.4916189688430484,0.42539566800685724,17.61054133601371,15.908958663986283,18.035937004020568,15.483562995979426,18.461332672027424,15.058167327972567
20170719,CCRO3,CCR SA,17.99,17.99,17.49,17.64,75042643.0,16.991500000000002,16.792749999999995,0.5085301315918556,0.4413091683290842,17.675368336658163,15.910131663341826,18.116677504987248,15.468822495012741,18.557986673316332,15.027513326683657
20170720,CCRO3,CCR SA,17.74,17.83,17.42,17.5,90896288.0,17.039,16.807499999999997,0.5094878749654707,0.45497675342139404,17.717453506842787,15.89754649315721,18.17243026026418,15.442569739735815,18.627407013685573,14.987592986314421
20170721,CCRO3,CCR SA,17.55,17.67,17.49,17.65,70918803.0,17.0975,16.833749999999995,0.5090949141161574,0.4726449716550413,17.779039943310078,15.888460056689912,18.251684914965118,15.415815085034872,18.72432988662016,14.94317011337983
20170724,CCRO3,CCR SA,17.62,17.74,17.51,17.6,31256097.0,17.151500000000002,16.848499999999994,0.5018416084782051,0.48726631479970695,17.823032629599407,15.87396737040058,18.310298944399115,15.386701055600874,18.797565259198823,14.899434740801166
20170725,CCRO3,CCR SA,17.71,17.73,17.12,17.25,69182336.0,17.1965,16.860249999999997,0.46520255916388215,0.49122289838469607,17.84269579676939,15.877804203230605,18.333918695154086,15.386581304845908,18.82514159353878,14.895358406461213
20170726,CCRO3,CCR SA,17.24,17.24,16.93,17.0,105241456.0,17.2215,16.86275,0.43846952723739413,0.4916846367859256,17.84611927357185,15.879380726428147,18.337803910357774,15.38769608964222,18.8294885471437,14.896011452856296
20170727,CCRO3,CCR SA,17.05,17.19,16.95,17.05,94349342.0,17.249000000000002,16.874499999999994,0.40695143897547015,0.4903685165784071,17.855237033156808,15.89376296684318,18.345605549735215,15.403394450264773,18.83597406631362,14.913025933686367
20170728,CCRO3,CCR SA,16.97,17.15,16.9,17.06,38145140.0,17.257,16.893749999999994,0.4012624813602238,0.4818750103927896,17.857500020785572,15.929999979214415,18.339375031178363,15.448124968821624,18.82125004157115,14.966249958428834
20170731,CCRO3,CCR SA,17.14,17.18,17.02,17.08,88992356.0,17.267000000000003,16.906499999999994,0.3937952981462592,0.4798319684522316,17.866163936904456,15.946836063095532,18.345995905356688,15.467004094643299,18.82582787380892,14.987172126191068
20170801,CCRO3,CCR SA,17.15,17.37,17.03,17.36,127625574.0,17.290000000000003,16.934249999999995,0.38455716158500086,0.4729389156632634,17.880127831326522,15.988372168673468,18.353066746989786,15.515433253010205,18.82600566265305,15.042494337346941
20170802,CCRO3,CCR SA,17.35,17.48,17.21,17.25,75388558.0,17.309500000000003,16.955749999999995,0.37126348991971403,0.46707429541339857,17.889898590826792,16.021601409173197,18.35697288624019,15.5545271137598,18.82404718165359,15.087452818346401
20170803,CCRO3,CCR SA,17.31,17.34,16.94,17.07,50583957.0,17.329,16.963749999999997,0.34583080743105965,0.46619951434928847,17.896149028698574,16.03135097130142,18.36234854304786,15.565151456952131,18.82854805739715,15.098951942602843
20170804,CCRO3,CCR SA,17.16,17.18,16.96,17.0,57150114.0,17.343500000000002,16.977499999999996,0.32389528847257876,0.45870916991502114,17.89491833983004,16.060081660169953,18.35362750974506,15.601372490254931,18.81233667966008,15.142663320339912
20170807,CCRO3,CCR SA,17.0,17.16,16.95,17.08,159916761.0,17.352500000000003,16.988749999999996,0.3132491021535393,0.4554748860199614,17.89969977203992,16.077800227960072,18.35517465805988,15.622325341940112,18.81064954407984,15.16685045592015
20170808,CCRO3,CCR SA,17.05,17.27,16.98,16.98,185394857.0,17.351500000000005,17.007249999999996,0.31446320176318937,0.43901397384456226,17.88527794768912,16.129222052310872,18.324291921533682,15.69020807846631,18.763305895378245,15.251194104621746
20170809,CCRO3,CCR SA,16.97,16.97,16.7,16.86,71651049.0,17.331500000000005,17.01825,0.3327758056741853,0.42932796321696165,17.87690592643392,16.159594073566076,18.306233889650883,15.730266110349113,18.735561852867846,15.300938147132152
20170810,CCRO3,CCR SA,16.86,17.0,16.55,16.6,100708133.0,17.271500000000007,17.014499999999998,0.35151214697884875,0.43237537110534674,17.87925074221069,16.149749257789306,18.311626113316038,15.717373886683959,18.744001484421386,15.28499851557861
20170811,CCRO3,CCR SA,16.67,16.68,16.3,16.4,147976891.0,17.200500000000005,17.011,0.37735192285743596,0.43685824726695155,17.8847164945339,16.137283505466097,18.321574741800855,15.700425258199145,18.758432989067806,15.263567010932192
20170814,CCRO3,CCR SA,16.4,16.99,16.4,16.85,144906329.0,17.152500000000007,17.00875,0.35620625308497034,0.43746465058658773,17.883679301173174,16.133820698826824,18.321143951759762,15.696356048240236,18.75860860234635,15.258891397653649
20170815,CCRO3,CCR SA,17.14,17.14,16.73,16.79,132682021.0,17.103500000000007,17.021499999999996,0.3334709803518626,0.42286901651484216,17.86723803302968,16.175761966970313,18.290107049544524,15.75289295045547,18.712976066059365,15.330023933940627
20170816,CCRO3,CCR SA,16.91,17.22,16.87,17.13,165017740.0,17.07800000000001,17.034749999999995,0.30887912812209106,0.41759376346166377,17.869937526923323,16.199562473076668,18.287531290384987,15.781968709615004,18.70512505384665,15.36437494615334
20170817,CCRO3,CCR SA,17.15,17.24,16.94,17.07,85959604.0,17.056500000000007,17.04775,0.2924897659028152,0.4101437365307549,17.86803747306151,16.227462526938492,18.278181209592265,15.817318790407736,18.68832494612302,15.407175053876982
20170818,CCRO3,CCR SA,17.03,17.26,16.96,17.22,128104257.0,17.035000000000007,17.06625,0.2606368718108717,0.4004528686375271,17.867155737275056,16.265344262724945,18.26760860591258,15.864891394087419,18.668061474550107,15.464438525449891
20170821,CCRO3,CCR SA,17.28,17.33,17.04,17.09,54241757.0,17.009500000000006,17.0805,0.22495555116508587,0.39053513581714605,17.861570271634292,16.29942972836571,18.252105407451438,15.908894592548563,18.642640543268584,15.518359456731417
20170822,CCRO3,CCR SA,17.18,17.55,17.17,17.17,118522133.0,17.005500000000005,17.101,0.22113284885356302,0.37230260644971996,17.84560521289944,16.35639478710056,18.217907819349158,15.984092180650839,18.59021042579888,15.611789574201119
20170823,CCRO3,CCR SA,17.17,17.65,17.11,17.61,124193757.0,17.03600000000001,17.12875,0.25913621697353845,0.3676968337346484,17.864143667469296,16.393356332530704,18.231840501203944,16.025659498796056,18.599537334938592,15.657962665061406
20170824,CCRO3,CCR SA,17.68,17.83,17.41,17.75,105483657.0,17.071000000000005,17.16,0.3044390873306617,0.36600406330940966,17.89200812661882,16.42799187338118,18.25801218992823,16.06198781007177,18.624016253237638,15.695983746762362
20170825,CCRO3,CCR SA,17.9,17.94,17.39,17.69,126153501.0,17.102500000000006,17.179750000000002,0.3343631023461125,0.37286477579098953,17.92547955158198,16.434020448418025,18.29834432737297,16.061155672627034,18.67120910316396,15.688290896836044
20170828,CCRO3,CCR SA,17.8,17.98,17.71,17.8,92798027.0,17.138500000000008,17.20275,0.36879997431212364,0.38215976991778394,17.96706953983557,16.438430460164433,18.349229309753355,16.05627069024665,18.73138907967114,15.674110920328866
20170829,CCRO3,CCR SA,17.71,17.83,17.62,17.7,66739652.0,17.155500000000007,17.22275,0.3869377074849079,0.386814654483385,17.99637930896677,16.449120691033233,18.383193963450157,16.062306036549845,18.77000861793354,15.675491382066461
20170830,CCRO3,CCR SA,17.66,17.76,17.3,17.34,101096391.0,17.160000000000004,17.234750000000002,0.3886142722952555,0.3826961538268574,18.000142307653718,16.469357692346286,18.382838461480574,16.08666153851943,18.76553461530743,15.703965384692573
20170831,CCRO3,CCR SA,17.37,17.53,17.3,17.46,81404676.0,17.179500000000004,17.254250000000006,0.39361315500052385,0.373465321219882,18.00118064243977,16.50731935756024,18.374645963659653,16.13385403634036,18.748111284879535,15.760388715120477
20170901,CCRO3,CCR SA,17.54,17.72,17.5,17.55,63864480.0,17.207000000000004,17.275250000000003,0.3995800427027222,0.365611447809357,18.006472895618717,16.54402710438129,18.372084343428075,16.178415656571932,18.73769579123743,15.812804208762575
20170904,CCRO3,CCR SA,17.42,17.68,17.4,17.5,29235200.0,17.228000000000005,17.290250000000004,0.4035709029206696,0.36211265777807367,18.01447531555615,16.566024684443857,18.376587973334225,16.203912026665783,18.738700631112298,15.84179936888771
20170905,CCRO3,CCR SA,17.75,17.85,17.54,17.62,69617978.0,17.260000000000005,17.305750000000003,0.4082182079025296,0.36263909798122795,18.03102819596246,16.580471804037547,18.393667293943686,16.21783270605632,18.756306391924916,15.85519360807509
20170906,CCRO3,CCR SA,17.81,17.81,17.45,17.63,140003027.0,17.298500000000004,17.315000000000005,0.4048037211187353,0.3661441498393244,18.047288299678655,16.582711700321354,18.413432449517977,16.216567550482033,18.779576599357302,15.850423400642708
20170908,CCRO3,CCR SA,17.77,18.29,17.51,18.16,112988693.0,17.376500000000004,17.324000000000005,0.4133340053757958,0.38243350352107974,18.088867007042165,16.559132992957846,18.471300510563246,16.176699489436764,18.853734014084324,15.794265985915686
20170911,CCRO3,CCR SA,18.3,18.64,18.21,18.54,135052496.0,17.483500000000006,17.342000000000002,0.424093770663742,0.42134217777152755,18.18468435554306,16.499315644456946,18.606026533314584,16.07797346668542,19.027368711086112,15.656631288913893
20170912,CCRO3,CCR SA,18.6,18.69,18.24,18.45,67617042.0,17.563500000000005,17.358000000000004,0.4485095199365203,0.45069860302562864,18.25939720605126,16.456602793948747,18.71009580907689,16.00590419092312,19.16079441210252,15.55520558789749
20170913,CCRO3,CCR SA,18.54,18.59,18.31,18.5,87966635.0,17.649000000000004,17.376250000000006,0.4562190148094342,0.48153433991029426,18.339318679820593,16.41318132017942,18.82085301973089,15.931646980269123,19.302387359641184,15.450112640358828
20170914,CCRO3,CCR SA,18.32,18.81,18.28,18.69,81840374.0,17.727000000000004,17.402500000000007,0.49456094297447145,0.5231058626987141,18.448711725397434,16.35628827460258,18.97181758809615,15.833182411903865,19.494923450794865,15.310076549205151
20170915,CCRO3,CCR SA,18.72,19.22,18.68,19.22,159690263.0,17.834500000000006,17.445500000000006,0.5718619174517499,0.5968247176430995,18.639149435286207,16.251850564713806,19.235974152929305,15.655025847070707,19.832798870572404,15.058201129427609
20170918,CCRO3,CCR SA,19.3,19.32,18.67,18.85,75877470.0,17.916000000000007,17.475500000000007,0.595345101158731,0.6362266569190423,18.747953313838092,16.203046686161922,19.384179970757135,15.56682002924288,20.020406627676177,14.930593372323838
20170919,CCRO3,CCR SA,18.88,19.08,18.73,18.85,61269366.0,18.004000000000012,17.506750000000007,0.5968990040640461,0.6721812465437799,18.851112493087566,16.16238750691245,19.52329373963135,15.490206260368668,20.195474986175128,14.818025013824888
20170920,CCRO3,CCR SA,18.84,19.05,18.26,18.6,61160098.0,18.075500000000012,17.54050000000001,0.5770567335056679,0.6925425100346906,18.92558502006939,16.155414979930626,19.61812753010408,15.462872469895936,20.31067004013877,14.770329959861247
20170921,CCRO3,CCR SA,18.72,18.72,18.18,18.38,71754661.0,18.11400000000001,17.57500000000001,0.5700083101887488,0.6992670155057936,18.973534031011596,16.176465968988424,19.672801046517392,15.47719895348263,20.372068062023185,14.777931937976835
20170922,CCRO3,CCR SA,18.25,18.25,17.87,18.12,72836126.0,18.13250000000001,17.60175000000001,0.5635402661558181,0.699134584087132,19.000019168174273,16.203480831825747,19.699153752261406,15.504346247738614,20.39828833634854,14.805211663651482
20170925,CCRO3,CCR SA,18.03,18.17,17.77,17.93,57794606.0,18.14450000000001,17.62350000000001,0.5561282983364089,0.695371326739392,19.014242653478796,16.232757346521225,19.709613980218187,15.537386019781835,20.404985306957578,14.842014693042444
20170926,CCRO3,CCR SA,17.93,18.12,17.5,17.6,115375067.0,18.13450000000001,17.63650000000001,0.5643857863106554,0.6897883361712988,19.016076672342606,16.25692332765741,19.705865008513904,15.567134991486112,20.395653344685204,14.877346655314813
20170927,CCRO3,CCR SA,17.55,17.79,17.13,17.31,76680831.0,18.115000000000013,17.635250000000006,0.5864926974912379,0.6903473206125617,19.01594464122513,16.254555358774883,19.706291961837692,15.56420803816232,20.396639282450252,14.87386071754976
20170928,CCRO3,CCR SA,17.4,17.8,17.3,17.41,88342598.0,18.118500000000015,17.639250000000008,0.5818145390884962,0.6885189884352626,19.016287976870533,16.262212023129482,19.704806965305796,15.57369303469422,20.39332595374106,14.885174046258957
20170929,CCRO3,CCR SA,17.47,17.99,17.32,17.71,69564559.0,18.131000000000014,17.655250000000006,0.5694771378434247,0.6823601105815316,19.01997022116307,16.29052977883694,19.7023303317446,15.60816966825541,20.384690442326132,14.92580955767388
20171002,CCRO3,CCR SA,17.73,17.91,17.35,17.53,65643133.0,18.130000000000017,17.668500000000005,0.5705675844464665,0.67440971340757,19.017319426815146,16.319680573184865,19.691729140222716,15.645270859777295,20.366138853630286,14.970861146369725
20171003,CCRO3,CCR SA,17.58,17.88,17.54,17.8,117748357.0,18.145000000000017,17.686500000000002,0.5569134866197542,0.6678766583503646,19.02225331670073,16.350746683299274,19.690129975051097,15.682870024948908,20.35800663340146,15.014993366598544
20171004,CCRO3,CCR SA,17.8,18.38,17.76,18.1,84971209.0,18.16900000000002,17.714500000000005,0.5432737024645115,0.6609393082808644,19.036378616561734,16.392621383438275,19.697317924842597,15.731682075157412,20.358257233123464,15.070742766876547
20171005,CCRO3,CCR SA,18.3,18.45,17.89,17.89,73089417.0,18.182000000000016,17.740250000000003,0.5327051124610412,0.6467056061498608,19.033661212299727,16.44683878770028,19.680366818449585,15.800133181550422,20.327072424599447,15.15342757540056
20171006,CCRO3,CCR SA,17.77,17.8,17.4,17.52,129950638.0,18.150000000000013,17.763250000000003,0.5529347539314989,0.6209603294649736,19.00517065892995,16.521329341070057,19.626130988394923,15.900369011605083,20.247091317859898,15.279408682140108
20171009,CCRO3,CCR SA,17.61,17.66,17.3,17.49,46465810.0,18.097500000000014,17.7905,0.563699014499219,0.5823161094131508,18.955132218826304,16.6258677811737,19.537448328239453,16.04355167176055,20.119764437652606,15.461235562347397
20171010,CCRO3,CCR SA,17.6,17.85,17.49,17.73,145751072.0,18.061500000000017,17.812500000000004,0.562992708188752,0.5621467551796342,18.936793510359273,16.688206489640734,19.498940265538906,16.1260597344611,20.06108702071854,15.563912979281467
20171011,CCRO3,CCR SA,17.92,18.23,17.61,18.11,197218891.0,18.042000000000016,17.845500000000005,0.5536824094427565,0.5388446805375429,18.92318936107509,16.76781063892492,19.462034041612633,16.228965958387377,20.000878722150176,15.690121277849833
20171013,CCRO3,CCR SA,18.16,18.48,18.16,18.37,111103451.0,18.026000000000018,17.876500000000004,0.5383835455372711,0.5322547587435408,18.941009517487085,16.811990482512922,19.473264276230626,16.27973572376938,20.005519034974167,15.74748096502584
20171016,CCRO3,CCR SA,18.5,18.6,18.16,18.6,88770787.0,17.995000000000015,17.914750000000005,0.48078335201935407,0.5277673705676713,18.970284741135348,16.859215258864662,19.498052111703018,16.331447888296992,20.02581948227069,15.803680517729319
20171017,CCRO3,CCR SA,18.7,18.86,18.3,18.65,144952865.0,17.985000000000014,17.9505,0.46384548243888885,0.5279323480357876,19.00636469607158,16.894635303928425,19.534297044107365,16.366702955892638,20.062229392143152,15.838770607856851
20171018,CCRO3,CCR SA,18.74,19.05,18.67,18.94,153644418.0,17.989500000000014,17.996750000000002,0.47302470170285077,0.53163698574817,19.060023971496342,16.933476028503662,19.591660957244514,16.40183904275549,20.123297942992682,15.870202057007322
20171019,CCRO3,CCR SA,18.85,18.98,18.67,18.95,91577625.0,18.007000000000012,18.041250000000005,0.5023638857284921,0.5351452594557513,19.111540518911507,16.970959481088503,19.64668577836726,16.43581422163275,20.18183103782301,15.900668962177
20171020,CCRO3,CCR SA,18.74,18.75,18.4,18.4,97036704.0,18.00800000000001,18.061000000000003,0.5031647213807067,0.5333964706218155,19.127792941243634,16.994207058756373,19.66118941186545,16.460810588134557,20.194585882487267,15.927414117512741
20171023,CCRO3,CCR SA,18.35,18.35,17.89,17.91,72812722.0,17.99750000000001,18.065000000000005,0.5028955630828726,0.5316013544000942,19.128202708800192,17.001797291199818,19.659804063200287,16.470195936799723,20.191405417600382,15.938594582399627
20171024,CCRO3,CCR SA,18.1,18.27,18.0,18.05,127319425.0,18.00350000000001,18.074,0.5027636778741007,0.5281258591253959,19.130251718250793,17.01774828174921,19.65837757737619,16.489622422623814,20.186503436501585,15.961496563498418
20171025,CCRO3,CCR SA,18.27,18.76,17.98,18.62,133572853.0,18.05450000000001,18.094500000000004,0.5113395720015791,0.5331086866623784,19.16071737332476,17.028282626675246,19.69382605998714,16.49517394001287,20.22693474664952,15.96206525335049
20171026,CCRO3,CCR SA,18.71,18.84,18.16,18.23,71714909.0,18.10050000000001,18.107750000000003,0.4813410542706066,0.5296272879134705,19.167004575826944,17.048495424173062,19.696631863740414,16.51886813625959,20.226259151653885,15.989240848346121
20171027,CCRO3,CCR SA,18.44,18.89,18.36,18.55,108165548.0,18.15750000000001,18.137999999999998,0.4623950805602729,0.5191027762473497,19.176205552494697,17.0997944475053,19.695308328742048,16.58069167125795,20.214411104989395,16.0615888950106
20171030,CCRO3,CCR SA,18.54,18.62,17.84,18.05,129845185.0,18.174500000000013,18.152749999999997,0.4511911136676541,0.5075986073206463,19.16794721464129,17.137552785358704,19.675545821961936,16.62995417803806,20.18314442928258,16.122355570717414
20171031,CCRO3,CCR SA,18.22,18.33,17.89,18.2,83287876.0,18.20800000000001,18.169,0.4249284769538797,0.4981236588310106,19.165247317662022,17.17275268233798,19.66337097649303,16.67462902350697,20.161494635324043,16.176505364675958
20171101,CCRO3,CCR SA,18.26,18.59,17.86,17.92,129244826.0,18.21400000000001,18.179499999999997,0.41967907538477284,0.4879835537371749,19.155467107474347,17.203532892525647,19.64345066121152,16.715549338788474,20.131434214948698,16.227565785051297
20171103,CCRO3,CCR SA,18.07,18.2,17.6,17.81,121116319.0,18.199500000000008,18.18425,0.4287371296211901,0.48330002095636604,19.15085004191273,17.217649958087268,19.634150062869097,16.7343499371309,20.117450083825464,16.251049916174534
20171106,CCRO3,CCR SA,17.87,17.97,17.53,17.53,89243245.0,18.18150000000001,18.181749999999997,0.4494707413930831,0.48648866168568766,19.15472732337137,17.208772676628623,19.64121598505706,16.722284014942936,20.12770464674275,16.235795353257245
20171107,CCRO3,CCR SA,17.57,17.57,16.65,16.87,889552667.0,18.14900000000001,18.149499999999996,0.5180824969869521,0.5288785910798218,19.20725718215964,17.091742817840352,19.73613577323946,16.56286422676053,20.265014364319285,16.033985635680708
20171108,CCRO3,CCR SA,17.05,17.28,16.82,17.14,92573834.0,18.13150000000001,18.1145,0.5466382908767508,0.5483399189067673,19.211179837813535,17.017820162186464,19.7595197567203,16.469480243279698,20.307859675627068,15.921140324372931
20171109,CCRO3,CCR SA,17.15,17.4,16.93,16.99,94513613.0,18.09450000000001,18.077999999999996,0.5978864088560293,0.5734519853372144,19.224903970674426,16.931096029325566,19.79835595601164,16.35764404398835,20.371807941348855,15.784192058651138
20171110,CCRO3,CCR SA,17.08,17.17,16.34,16.57,94841639.0,18.01750000000001,18.02975,0.6881391765593704,0.6166056276097497,19.262961255219498,16.796538744780502,19.87956688282925,16.17993311717075,20.496172510439,15.563327489561
20171113,CCRO3,CCR SA,16.64,16.71,16.32,16.51,107444337.0,17.92450000000001,17.975249999999996,0.7599340345333401,0.652073566323194,19.279397132646384,16.671102867353607,19.931470698969576,16.019029301030415,20.583544265292772,15.366955734707219
20171114,CCRO3,CCR SA,16.68,16.68,16.15,16.29,144131502.0,17.809000000000008,17.901999999999994,0.8246523988611065,0.6728972947120403,19.247794589424075,16.556205410575913,19.920691884136115,15.883308115863873,20.593589178848156,15.210410821151832
20171116,CCRO3,CCR SA,16.23,17.14,16.23,16.91,174259198.0,17.722000000000012,17.853499999999993,0.8230405758367496,0.6727309440459357,19.198961888091866,16.50803811190812,19.8716928321378,15.835307167862187,20.544423776183734,15.16257622381625
20171117,CCRO3,CCR SA,16.95,17.2,16.68,17.07,66207170.0,17.62850000000001,17.808999999999994,0.782615553936387,0.6639385204778915,19.136877040955778,16.48112295904421,19.80081556143367,15.817184438566319,20.46475408191156,15.153245918088428
20171121,CCRO3,CCR SA,17.15,17.45,17.0,17.07,150535161.0,17.534500000000012,17.770749999999996,0.7264221985362997,0.661266800959563,19.093283601919122,16.44821639808087,19.754550402878685,15.786949597121307,20.415817203838248,15.125682796161744
20171122,CCRO3,CCR SA,17.15,17.15,16.86,17.05,153734617.0,17.467000000000013,17.737499999999994,0.7041463663636635,0.6632814694323367,19.064062938864666,16.41093706113532,19.727344408297004,15.747655591702983,20.39062587772934,15.084374122270647
20171123,CCRO3,CCR SA,17.1,17.1,16.73,16.8,43785404.0,17.41150000000001,17.704499999999992,0.7111019987537437,0.6764687723760882,19.05743754475217,16.351562455247816,19.733906317128255,15.675093682871728,20.410375089504345,14.99862491049564
20171124,CCRO3,CCR SA,16.8,16.93,16.55,16.65,47358671.0,17.34150000000001,17.672499999999992,0.713842640775585,0.6955342901093807,19.063568580218753,16.28143141978123,19.759102870328135,15.58589712967185,20.454637160437514,14.890362839562469
20171127,CCRO3,CCR SA,16.53,16.68,16.36,16.5,80764529.0,17.23550000000001,17.644999999999992,0.6700626443612595,0.7197969799239947,19.084593959847982,16.205406040152003,19.804390939771977,15.485609060228008,20.524187919695972,14.765812080304013
20171128,CCRO3,CCR SA,16.55,16.71,16.38,16.38,115832863.0,17.143000000000008,17.621749999999995,0.6530261540663705,0.7454576549909637,19.11266530998192,16.13083469001807,19.858122964972885,15.385377035027105,20.60358061996385,14.63991938003614
20171129,CCRO3,CCR SA,16.4,16.49,15.72,16.0,228479392.0,17.01550000000001,17.586499999999994,0.6114734146650017,0.787858343378288,19.16221668675657,16.01078331324342,19.950075030134858,15.22292496986513,20.737933373513144,14.435066626486842
20171130,CCRO3,CCR SA,15.89,15.96,15.45,15.83,229363739.0,16.904500000000006,17.539499999999997,0.6152832039415653,0.8349695219372459,19.20943904387449,15.869560956125504,20.044408565811736,15.03459143418826,20.879378087748982,14.199621912251013
20171201,CCRO3,CCR SA,15.6,16.45,15.6,16.45,121569441.0,16.817000000000007,17.512499999999996,0.5413443305424817,0.852560998644828,19.21762199728965,15.80737800271034,20.07018299593448,14.95481700406551,20.922743994579307,14.102256005420683
20171204,CCRO3,CCR SA,16.5,16.62,16.26,16.57,73542503.0,16.749500000000005,17.481749999999998,0.47690311274652625,0.8640301736777776,19.209810347355553,15.753689652644443,20.073840521033333,14.889659478966665,20.93787069471111,14.025629305288888
20171205,CCRO3,CCR SA,16.64,16.78,16.16,16.34,61802846.0,16.676000000000005,17.43775,0.4139844899204448,0.8764628431283462,19.190675686256693,15.68482431374331,20.06713852938504,14.808361470614962,20.943601372513385,13.931898627486616
20171206,CCRO3,CCR SA,16.13,16.42,16.05,16.41,51213279.0,16.620000000000005,17.40075,0.36526846651679357,0.8880441993504647,19.176838398700927,15.624661601299069,20.064882598051394,14.736617401948605,20.952926797401858,13.84857320259814
20171207,CCRO3,CCR SA,16.26,16.33,15.87,16.0,97687484.0,16.576500000000003,17.36275,0.38518997363563673,0.9149246501131242,19.192599300226245,15.53290069977375,20.10752395033937,14.617976049660626,21.022448600452496,13.703051399547501
20171208,CCRO3,CCR SA,16.2,16.43,15.96,15.97,147983898.0,16.518000000000008,17.32475,0.38394900977240326,0.9407061927220675,19.206162385444138,15.443337614555867,20.146868578166206,14.502631421833799,21.08757477088827,13.561925229111733
20171211,CCRO3,CCR SA,16.07,16.15,15.82,15.85,66537678.0,16.461000000000006,17.27775,0.39466041365356896,0.9665494734442672,19.210848946888536,15.344651053111466,20.177398420332803,14.378101579667199,21.14394789377707,13.411552106222931
20171212,CCRO3,CCR SA,15.84,16.3,15.56,16.3,81970542.0,16.44750000000001,17.232499999999998,0.3953529402551136,0.9689533078639639,19.170406615727927,15.294593384272071,20.13935992359189,14.325640076408106,21.108313231455853,13.356686768544142
20171213,CCRO3,CCR SA,16.5,16.58,15.62,15.95,146000912.0,16.419500000000006,17.172,0.41024350920160374,0.9716552095027586,19.115310419005517,15.228689580994484,20.086965628508278,14.257034371491724,21.058620838011034,13.285379161988967
20171214,CCRO3,CCR SA,15.8,15.91,15.51,15.51,105103238.0,16.380500000000005,17.094749999999998,0.45755039986977586,0.9780251884439232,19.050800376887842,15.138699623112151,20.02882556533177,14.160674434668229,21.00685075377569,13.182649246224305
20171215,CCRO3,CCR SA,15.51,15.89,15.51,15.79,122328290.0,16.324500000000008,17.023249999999997,0.45787236787460156,0.9658778058830406,18.95500561176608,15.091494388233915,19.92088341764912,14.125616582350876,20.88676122353216,13.159738776467835
20171218,CCRO3,CCR SA,15.85,15.94,15.72,15.85,56605480.0,16.263500000000008,16.945999999999998,0.4339691354534895,0.9316068280402849,18.80921365608057,15.082786343919429,19.740820484120853,14.151179515879143,20.672427312161137,13.219572687838859
20171219,CCRO3,CCR SA,15.8,15.85,15.5,15.5,69753082.0,16.18500000000001,16.85975,0.42224338204895506,0.9004998255954489,18.660749651190898,15.0587503488091,19.561249476786344,14.15825052321365,20.461749302381794,13.257750697618203
20171220,CCRO3,CCR SA,15.57,15.65,15.42,15.6,52502966.0,16.112500000000008,16.789749999999998,0.3890863116259192,0.8864174148409597,18.562584829681917,15.016915170318079,19.449002244522877,14.13049775547712,20.335419659363836,13.24408034063616
20171221,CCRO3,CCR SA,15.65,15.95,15.46,15.95,55492749.0,16.070000000000007,16.74075,0.35496478698586775,0.8770269928308033,18.494803985661605,14.986696014338392,19.371830978492408,14.109669021507589,20.24885797132321,13.232642028676786
20171222,CCRO3,CCR SA,15.95,15.98,15.7,15.9,35438472.0,16.032500000000006,16.687,0.32914362566470834,0.8604566468019383,18.407913293603876,14.966086706396124,19.268369940405815,14.105630059594187,20.128826587207755,13.245173412792248
20171226,CCRO3,CCR SA,15.92,16.18,15.88,16.07,39472466.0,16.011000000000006,16.623250000000002,0.3105157000860326,0.8063319527023043,18.23591390540461,15.010586094595393,19.042245858106917,14.20425414189309,19.848577810809218,13.397922189190785
20171227,CCRO3,CCR SA,16.12,16.2,16.06,16.14,43271889.0,15.999000000000006,16.571,0.29996315563208814,0.7662656699363928,18.103531339872788,15.038468660127215,18.86979700980918,14.272202990190824,19.63606267974557,13.50593732025443
20171228,CCRO3,CCR SA,16.15,16.25,16.02,16.15,62994484.0,16.006500000000006,16.511000000000003,0.3018587156443308,0.698279203581087,17.907558407162178,15.114441592837828,18.605837610743265,14.416162389256742,19.304116814324352,13.717883185675655
