DATA DO PREGAO,CODIGO DE NEGOCIACAO DO PAPEL,NOME RESUMIDO DA EMPRESA EMISSORA,PRECO DE ABERTURA,PRECO MAXIMO,PRECO MINIMO,PRECO FECHAMENTO,VOLUME TOTAL DE TITULOS NEGOCIADOS NESTE PAPEL,MA_20,MA_40,STD_20,STD_40,BANDA_1_40 SUPERIOR,BANDA_1_40 INFERIOR,BANDA_2_40 SUPERIOR,BANDA_2_40 INFERIOR,BANDA_3_40 SUPERIOR,BANDA_3_40 INFERIOR
20170102,CESP6,CESP,13.4,13.46,13.2,13.35,5753444.0,0.0,0.0,0.0,0.0,0.0,0.0,0.0,0.0,0.0,0.0
20170103,CESP6,CESP,13.47,13.7,13.35,13.68,23209626.0,0.0,0.0,0.0,0.0,0.0,0.0,0.0,0.0,0.0,0.0
20170104,CESP6,CESP,13.64,13.65,13.38,13.6,16452367.0,0.0,0.0,0.0,0.0,0.0,0.0,0.0,0.0,0.0,0.0
20170105,CESP6,CESP,13.49,13.68,13.37,13.43,12590782.0,0.0,0.0,0.0,0.0,0.0,0.0,0.0,0.0,0.0,0.0
20170106,CESP6,CESP,13.5,13.66,13.26,13.62,34819773.0,0.0,0.0,0.0,0.0,0.0,0.0,0.0,0.0,0.0,0.0
20170109,CESP6,CESP,13.68,13.9,13.59,13.76,16255838.0,0.0,0.0,0.0,0.0,0.0,0.0,0.0,0.0,0.0,0.0
20170110,CESP6,CESP,13.84,13.85,13.52,13.78,14758030.0,0.0,0.0,0.0,0.0,0.0,0.0,0.0,0.0,0.0,0.0
20170111,CESP6,CESP,13.78,13.89,13.55,13.65,7763002.0,0.0,0.0,0.0,0.0,0.0,0.0,0.0,0.0,0.0,0.0
20170112,CESP6,CESP,13.93,14.14,13.77,13.93,44973739.0,0.0,0.0,0.0,0.0,0.0,0.0,0.0,0.0,0.0,0.0
20170113,CESP6,CESP,13.94,15.12,13.83,15.1,54032377.0,0.0,0.0,0.0,0.0,0.0,0.0,0.0,0.0,0.0,0.0
20170116,CESP6,CESP,14.98,15.19,14.96,15.12,17303356.0,0.0,0.0,0.0,0.0,0.0,0.0,0.0,0.0,0.0,0.0
20170117,CESP6,CESP,15.11,16.58,15.01,16.1,90190720.0,0.0,0.0,0.0,0.0,0.0,0.0,0.0,0.0,0.0,0.0
20170118,CESP6,CESP,16.13,16.36,15.79,16.15,42836944.0,0.0,0.0,0.0,0.0,0.0,0.0,0.0,0.0,0.0,0.0
20170119,CESP6,CESP,16.09,16.17,15.51,16.0,70912341.0,0.0,0.0,0.0,0.0,0.0,0.0,0.0,0.0,0.0,0.0
20170120,CESP6,CESP,15.91,16.48,15.91,16.44,17790600.0,0.0,0.0,0.0,0.0,0.0,0.0,0.0,0.0,0.0,0.0
20170123,CESP6,CESP,16.61,17.18,16.28,17.02,28205776.0,0.0,0.0,0.0,0.0,0.0,0.0,0.0,0.0,0.0,0.0
20170124,CESP6,CESP,17.05,17.27,16.69,17.1,22252212.0,0.0,0.0,0.0,0.0,0.0,0.0,0.0,0.0,0.0,0.0
20170126,CESP6,CESP,17.1,17.13,16.76,16.95,17107059.0,0.0,0.0,0.0,0.0,0.0,0.0,0.0,0.0,0.0,0.0
20170127,CESP6,CESP,16.9,17.08,16.79,17.0,13939608.0,0.0,0.0,0.0,0.0,0.0,0.0,0.0,0.0,0.0,0.0
20170130,CESP6,CESP,16.83,17.3,16.75,17.1,28737101.0,15.144000000000002,0.0,1.4992327862504944,0.0,0.0,0.0,0.0,0.0,0.0,0.0
20170131,CESP6,CESP,17.08,17.4,16.87,17.4,21068236.0,15.3465,0.0,1.5175682591081794,0.0,0.0,0.0,0.0,0.0,0.0,0.0
20170201,CESP6,CESP,17.39,18.13,17.3,17.85,22598864.0,15.555000000000001,0.0,1.5623548353619758,0.0,0.0,0.0,0.0,0.0,0.0,0.0
20170202,CESP6,CESP,17.82,18.6,17.62,18.2,40118786.0,15.785,0.0,1.597598526736795,0.0,0.0,0.0,0.0,0.0,0.0,0.0
20170203,CESP6,CESP,18.26,18.27,17.77,17.82,20727417.0,16.0045,0.0,1.5580976085902747,0.0,0.0,0.0,0.0,0.0,0.0,0.0
20170206,CESP6,CESP,17.82,18.08,17.46,17.71,22611554.0,16.208999999999996,0.0,1.4958219004596545,0.0,0.0,0.0,0.0,0.0,0.0,0.0
20170207,CESP6,CESP,17.73,17.91,17.44,17.5,19559088.0,16.395999999999997,0.0,1.4045392576627345,0.0,0.0,0.0,0.0,0.0,0.0,0.0
20170208,CESP6,CESP,17.43,17.98,17.41,17.74,45323564.0,16.594,0.0,1.2908724100186522,0.0,0.0,0.0,0.0,0.0,0.0,0.0
20170209,CESP6,CESP,17.6,17.86,17.01,17.62,32572131.0,16.7925,0.0,1.1063970687254219,0.0,0.0,0.0,0.0,0.0,0.0,0.0
20170210,CESP6,CESP,17.55,17.95,17.39,17.92,25662414.0,16.992,0.0,0.9043613623348827,0.0,0.0,0.0,0.0,0.0,0.0,0.0
20170213,CESP6,CESP,17.94,18.09,17.57,18.05,57635627.0,17.1395,0.0,0.81576876883742,0.0,0.0,0.0,0.0,0.0,0.0,0.0
20170214,CESP6,CESP,17.94,18.22,17.83,18.0,39523808.0,17.2835,0.0,0.6840842899741718,0.0,0.0,0.0,0.0,0.0,0.0,0.0
20170215,CESP6,CESP,18.06,18.47,18.0,18.23,23218840.0,17.39,0.0,0.6553343863210063,0.0,0.0,0.0,0.0,0.0,0.0,0.0
20170216,CESP6,CESP,18.03,18.48,18.03,18.48,21304679.0,17.506500000000003,0.0,0.6299062169126893,0.0,0.0,0.0,0.0,0.0,0.0,0.0
20170217,CESP6,CESP,18.52,18.98,18.29,18.47,39038076.0,17.630000000000003,0.0,0.5568993105627406,0.0,0.0,0.0,0.0,0.0,0.0,0.0
20170220,CESP6,CESP,18.56,18.78,18.44,18.48,33784452.0,17.732000000000003,0.0,0.5125231702079361,0.0,0.0,0.0,0.0,0.0,0.0,0.0
20170221,CESP6,CESP,18.47,18.86,18.4,18.73,25277249.0,17.817500000000003,0.0,0.5298348799390175,0.0,0.0,0.0,0.0,0.0,0.0,0.0
20170222,CESP6,CESP,18.78,18.78,18.08,18.3,26134296.0,17.877500000000005,0.0,0.5119506041139367,0.0,0.0,0.0,0.0,0.0,0.0,0.0
20170223,CESP6,CESP,18.35,18.47,17.87,18.13,21602848.0,17.936500000000002,0.0,0.4653043712396544,0.0,0.0,0.0,0.0,0.0,0.0,0.0
20170224,CESP6,CESP,18.0,18.13,17.7,17.87,45913709.0,17.980000000000004,0.0,0.4105964852311864,0.0,0.0,0.0,0.0,0.0,0.0,0.0
20170301,CESP6,CESP,17.99,18.08,17.79,18.0,16998187.0,18.025000000000002,16.584500000000002,0.3545716466831102,1.812326667220331,20.209153334440664,12.95984666555934,22.021480001660997,11.147519998339009,23.833806668881326,9.335193331118678
20170302,CESP6,CESP,18.01,18.23,17.8,17.9,16330902.0,18.050000000000004,16.69825,0.3245401605186437,1.7456728737227047,20.18959574744541,13.206904252554592,21.935268621168117,11.461231378831886,23.68094149489082,9.715558505109183
20170303,CESP6,CESP,17.89,18.11,17.68,18.09,14060154.0,18.062,16.808500000000002,0.32117547261663637,1.6884867295591754,20.185473459118352,13.431526540881652,21.87396018867753,11.743039811322475,23.562446918236702,10.0545530817633
20170306,CESP6,CESP,18.15,18.15,17.75,17.91,13431267.0,18.047500000000003,16.91625,0.32116359169677416,1.614381976691598,20.1450139533832,13.687486046616804,21.759395930074795,12.073104069925208,23.373777906766392,10.45872209323361
20170307,CESP6,CESP,18.18,18.37,17.93,18.18,33318097.0,18.065500000000004,17.035000000000004,0.31781283800374305,1.5235080974766524,20.082016194953308,13.9879838050467,21.605524292429962,12.464475707570045,23.129032389906612,10.940967610093395
20170308,CESP6,CESP,18.24,18.44,17.82,17.9,14190840.0,18.075000000000003,17.142000000000003,0.30935416596514986,1.424601068765643,19.99120213753129,14.292797862468717,21.415803206296932,12.868196793703074,22.840404275062575,11.443595724937431
20170309,CESP6,CESP,17.9,17.9,17.29,17.5,34011130.0,18.075000000000003,17.235500000000002,0.30935416596514986,1.3154953244759011,19.866490648951803,14.6045093510482,21.181985973427704,13.289014026572298,22.497481297903605,11.973518702096397
20170310,CESP6,CESP,17.72,18.06,17.44,17.85,58434461.0,18.080500000000004,17.337250000000004,0.30401653348390834,1.1930740031209655,19.723398006241936,14.951101993758073,20.916472009362902,13.758027990637109,22.109546012483868,12.564953987516143
20170313,CESP6,CESP,17.86,18.0,17.51,18.0,16820402.0,18.099500000000003,17.446000000000005,0.28500184671607365,1.0363144755853322,19.51862895117067,15.373371048829341,20.554943426756,14.33705657324401,21.591257902341333,13.300742097658677
20170314,CESP6,CESP,17.99,17.99,17.68,17.87,13881772.0,18.097,17.544500000000006,0.28687242717570055,0.866963312150748,19.278426624301503,15.81057337569851,20.14538993645225,14.943610063547762,21.012353248603,14.076646751397014
20170315,CESP6,CESP,17.9,17.96,17.7,17.95,11818140.0,18.092000000000002,17.615750000000006,0.28860098114140714,0.7729261333997699,19.161602266799544,16.069897733200467,19.934528400199316,15.296971599800695,20.707454533599083,14.524045466400926
20170316,CESP6,CESP,17.99,18.03,17.87,17.92,8852056.0,18.088,17.685750000000006,0.2904914166681833,0.6595837362520527,19.00491747250411,16.3665825274959,19.664501208756164,15.706998791243848,20.324084945008217,15.047415054991795
20170317,CESP6,CESP,17.95,18.29,17.77,18.29,28307160.0,18.091,17.740500000000004,0.2923390245299987,0.6138902850276217,18.96828057005525,16.51271942994476,19.582170855082868,15.898829144917139,20.19606114011049,15.284938859889518
20170320,CESP6,CESP,18.26,18.26,17.69,17.85,14107613.0,18.059500000000003,17.783000000000005,0.2819756428450653,0.5571824725279151,18.897364945055834,16.668635054944176,19.45454741758375,16.11145258241626,20.011729890111667,15.554270109888344
20170321,CESP6,CESP,17.94,18.01,16.9,17.82,16024767.0,18.027000000000005,17.828500000000005,0.26934814098601906,0.4762866514600091,18.781073302920024,16.875926697079986,19.257359954380032,16.39964004561998,19.733646605840043,15.92335339415997
20170322,CESP6,CESP,17.82,17.89,17.59,17.84,9726010.0,17.995,17.863500000000005,0.2500210517452125,0.4197163266681549,18.702932653336315,17.024067346663696,19.12264898000447,16.60435101999554,19.542365306672625,16.184634693327386
20170323,CESP6,CESP,17.86,18.31,17.73,18.1,11316338.0,17.963500000000003,17.890500000000007,0.1833396330655875,0.39825227155019044,18.687004543100386,17.093995456899627,19.085256814650577,16.695743185349436,19.48350908620077,16.297490913799244
20170324,CESP6,CESP,18.14,18.39,17.9,18.28,22542391.0,17.962500000000002,17.920000000000005,0.18145247311622043,0.38154880052163986,18.683097601043286,17.156902398956724,19.064646401564925,16.775353598435085,19.446195202086564,16.393804797913447
20170327,CESP6,CESP,18.14,18.98,17.77,18.7,18628233.0,17.991000000000003,17.963750000000005,0.2433515974880646,0.36754687473602693,18.698843749472058,17.22865625052795,19.066390624208086,16.861109375791923,19.43393749894411,16.493562501055898
20170328,CESP6,CESP,18.7,18.95,18.53,18.8,19831981.0,18.0375,18.008750000000003,0.3010311227134142,0.35655177277175737,18.721853545543517,17.295646454456488,19.078405318315276,16.93909468168473,19.434957091087032,16.582542908912973
20170329,CESP6,CESP,18.91,19.24,18.45,18.69,24032157.0,18.072000000000003,18.048500000000004,0.3342170741173658,0.34093047640773716,18.730360952815477,17.36663904718453,19.071291429223216,17.025708570776793,19.412221905630954,16.684778094369054
20170330,CESP6,CESP,18.7,19.3,18.55,19.22,20555238.0,18.138000000000005,18.094000000000005,0.41823690088650944,0.3721786171678061,18.838357234335618,17.34964276566439,19.210535851503423,16.977464148496587,19.582714468671227,16.605285531328782
20170331,CESP6,CESP,19.24,19.51,19.0,19.3,22314706.0,18.198500000000006,18.130250000000004,0.4919485959453753,0.4158555438290453,18.961961087658093,17.298538912341915,19.37781663148714,16.88268336851287,19.793672175316186,16.466827824683822
20170403,CESP6,CESP,19.45,19.5,19.2,19.36,14517833.0,18.271000000000008,18.159250000000004,0.5505490082874649,0.45904799760219184,19.077345995204386,17.24115400479562,19.53639399280658,16.782106007193427,19.99544199040877,16.323058009591236
20170404,CESP6,CESP,19.25,19.4,19.07,19.37,11789554.0,18.330500000000008,18.198,0.602088251968007,0.493782885954502,19.185565771909005,17.210434228090996,19.679348657863507,16.716651342136494,20.17313154381801,16.222868456181992
20170405,CESP6,CESP,19.37,19.37,18.62,18.75,32516928.0,18.373000000000008,18.224,0.600097360521823,0.4948079140382562,19.213615828076513,17.234384171923487,19.708423742114768,16.739576257885233,20.203231656153026,16.244768343846975
20170406,CESP6,CESP,18.69,18.74,18.0,18.17,32772284.0,18.40650000000001,18.24075,0.5665618840171377,0.4808133466939048,19.20237669338781,17.27912330661219,19.683190040081712,16.798309959918285,20.16400338677562,16.317496613224378
20170407,CESP6,CESP,18.13,18.13,17.65,17.82,24368985.0,18.40500000000001,18.24275,0.5681502766364734,0.47883934193488537,19.20042868386977,17.28507131613023,19.679268025804657,16.806231974195345,20.158107367739543,16.32739263226046
20170410,CESP6,CESP,17.74,17.9,17.29,17.59,19227476.0,18.384500000000006,18.242,0.5904902067016202,0.4798621596955849,19.20172431939117,17.28227568060883,19.681586479086754,16.802413520913248,20.16144863878234,16.322551361217663
20170411,CESP6,CESP,17.66,17.75,17.34,17.45,18049411.0,18.363500000000005,18.230250000000005,0.6166400895173747,0.4935090859839732,19.21726817196795,17.24323182803206,19.710777257951925,16.749722742048085,20.204286343935898,16.256213656064112
20170412,CESP6,CESP,17.38,17.45,16.93,17.2,54433043.0,18.326000000000004,18.209000000000007,0.6640894042537504,0.5191057399324226,19.247211479864852,17.17078852013516,19.766317219797273,16.65168278020274,20.285422959729697,16.132577040270316
20170413,CESP6,CESP,17.2,17.38,16.98,17.35,10325421.0,18.297500000000007,18.192750000000007,0.6939882829285382,0.5357237496111728,19.26419749922235,17.121302500777663,19.799921248833527,16.585578751166487,20.3356449984447,16.049855001555315
20170417,CESP6,CESP,17.35,17.69,17.26,17.69,8349430.0,18.267500000000005,18.179250000000007,0.7071728367610189,0.5415333761052185,19.262316752210445,17.09618324778957,19.803850128315663,16.55464987168435,20.34538350442088,16.013116495579133
20170418,CESP6,CESP,17.65,17.7,17.18,17.44,18853588.0,18.247000000000003,18.153250000000007,0.7256148028432566,0.5515962268144298,19.256442453628868,17.050057546371146,19.808038680443296,16.498461319556718,20.359634907257725,15.946865092742287
20170419,CESP6,CESP,17.44,17.48,16.99,17.2,13651068.0,18.216,18.121500000000008,0.7573666288702656,0.5691674081160629,19.259834816232136,16.98316518376788,19.829002224348198,16.41399777565182,20.39816963246426,15.844830367535756
20170420,CESP6,CESP,17.36,17.75,17.19,17.75,22147037.0,18.211500000000004,18.10325000000001,0.7599811285745643,0.569081074391679,19.24141214878337,16.96508785121665,19.810493223175047,16.396006776824972,20.379574297566727,15.826925702433293
20170424,CESP6,CESP,17.72,17.89,17.58,17.64,14172463.0,18.1885,18.076000000000008,0.7704221330919107,0.5643775786493204,19.20475515729865,16.947244842701366,19.76913273594797,16.382867264052045,20.33351031459729,15.818489685402726
20170425,CESP6,CESP,17.6,17.63,17.41,17.51,11172224.0,18.15,18.05625000000001,0.7847158386119244,0.5701312826772429,19.196512565354496,16.915987434645523,19.766643848031737,16.34585615196828,20.33677513070898,15.775724869291038
20170426,CESP6,CESP,17.5,17.67,17.32,17.55,178078909.0,18.0925,18.041750000000008,0.7844265421312532,0.5755571993673684,19.192864398734745,16.89063560126527,19.768421598102112,16.315078401897903,20.343978797469482,15.739521202530534
20170427,CESP6,CESP,17.55,17.75,17.45,17.74,12540046.0,18.0395,18.038500000000006,0.7697810693546815,0.5769173162105716,19.19233463242115,16.88466536757886,19.76925194863172,16.307748051368293,20.346169264842292,15.73083073515772
20170428,CESP6,CESP,17.7,18.1,17.69,18.1,20761010.0,18.01,18.041000000000007,0.7546975692637589,0.5769628704225019,19.19492574084501,16.887074259155003,19.771888611267514,16.3101113887325,20.348851481690016,15.73314851831
20170502,CESP6,CESP,18.15,18.57,18.09,18.3,67433317.0,17.964000000000006,18.05100000000001,0.7033558656073076,0.5779220069817941,19.206844013963597,16.89515598603642,19.78476602094539,16.317233979054627,20.362688027927184,15.739311972072834
20170503,CESP6,CESP,18.05,18.05,17.77,17.8,99550073.0,17.889000000000003,18.043750000000006,0.6294935307556004,0.5792377285310972,19.2022254570622,16.88527454293781,19.7814631855933,16.306036814406713,20.360700914124394,15.726799085875617
20170504,CESP6,CESP,17.78,17.78,17.19,17.5,20198928.0,17.796000000000003,18.033500000000007,0.5303166879079693,0.5852615019297313,19.20402300385947,16.862976996140546,19.7892845057892,16.277715494210813,20.374546007718934,15.692453992281083
20170505,CESP6,CESP,17.52,17.9,17.45,17.71,18611962.0,17.713,18.021750000000008,0.3794469659912883,0.5869603904864614,19.195670780972932,16.847829219027084,19.782631171459393,16.260868828540623,20.369591561945853,15.673908438054163
20170508,CESP6,CESP,17.87,17.87,17.46,17.51,12209231.0,17.651000000000003,18.012000000000008,0.2924110301037044,0.5922499472351345,19.196499894470275,16.82750010552974,19.78874984170541,16.235250158294605,20.380999788940546,15.64300021105947
20170509,CESP6,CESP,17.6,17.93,17.52,17.82,9937915.0,17.6335,18.02000000000001,0.26927338876081014,0.5872971553804497,19.19459431076091,16.84540568923911,19.78189146614136,16.25810853385866,20.369188621521808,15.670811378478211
20170510,CESP6,CESP,17.82,18.06,17.6,17.6,18532614.0,17.622500000000002,18.01375000000001,0.2657239366829967,0.5904743312773684,19.194698662554746,16.83280133744527,19.785172993832113,16.242327006167905,20.375647325109483,15.651852674890534
20170511,CESP6,CESP,17.7,17.8,17.22,17.4,14728723.0,17.613000000000003,17.99875000000001,0.2703039225137313,0.5984003783592827,19.195550756718575,16.80194924328144,19.793951135077855,16.203548864922162,20.392351513437138,15.605148486562877
20170512,CESP6,CESP,17.47,17.58,17.4,17.5,7438991.0,17.615500000000004,17.98950000000001,0.2689448192277872,0.6032814115638584,19.196062823127725,16.782937176872295,19.799344234691585,16.179655765308436,20.402625646255444,15.576374353744576
20170515,CESP6,CESP,17.61,18.18,17.44,17.8,27365860.0,17.645500000000006,17.985750000000007,0.2531584691972781,0.6039990129895311,19.19374802597907,16.777751974020944,19.7977470389686,16.173752961031415,20.40174605195813,15.569753948041882
20170516,CESP6,CESP,18.2,18.3,17.62,17.9,14013849.0,17.673000000000002,17.985250000000008,0.2492113877604053,0.6040631122571246,19.193376224514257,16.77712377548576,19.797439336771383,16.173060663228632,20.401502449028506,15.56899755097151
20170517,CESP6,CESP,17.85,17.95,17.55,17.8,26885739.0,17.678500000000003,17.973000000000006,0.25081498738059943,0.6026913995378922,19.17838279907579,16.76761720092422,19.781074198613684,16.164925801386328,20.383765598151577,15.562234401848437
20170518,CESP6,CESP,14.51,15.93,14.3,14.8,137215124.0,17.5465,17.896750000000004,0.6911338890776322,0.7842435110445005,19.465237022089006,16.328262977911002,20.249480533133507,15.544019466866503,21.03372404417801,14.759775955822002
20170519,CESP6,CESP,15.1,15.6,14.8,14.95,28860623.0,17.434000000000005,17.825000000000006,0.9015857375232029,0.9122808834215653,19.64956176684314,16.000438233156874,20.5618426502647,15.08815734973531,21.474123533686267,14.175876466313746
20170522,CESP6,CESP,15.0,15.0,14.02,14.61,27056935.0,17.277000000000005,17.744250000000005,1.0960796167778073,1.0443152277314627,19.83288045546293,15.655619544537078,20.877195683194394,14.611304316805617,21.921510910925853,13.566989089074154
20170523,CESP6,CESP,14.72,15.68,14.55,15.0,39225545.0,17.145000000000003,17.666750000000004,1.2037419727010024,1.1288441728895489,19.9244383457791,15.409061654220906,21.053282518668652,14.280217481331357,22.1821266915582,13.151373308441809
20170524,CESP6,CESP,15.3,16.1,15.2,15.66,48955832.0,17.052500000000006,17.601250000000004,1.2446046719636237,1.1676915370255319,19.936633074051066,15.26586692594894,21.1043246110766,14.098175388923408,22.272016148102132,12.930483851897876
20170525,CESP6,CESP,15.87,15.99,15.46,15.9,17181103.0,16.970000000000006,17.531250000000004,1.2644199835247925,1.1839486031377455,19.899147206275494,15.163352793724513,21.08309580941324,13.979404190586767,22.267044412550987,12.795455587449021
20170526,CESP6,CESP,15.96,16.48,15.95,16.38,20167532.0,16.902000000000005,17.470750000000002,1.2573807362089924,1.1792748478055026,19.829299695611006,15.112200304388997,21.00857454341651,13.932925456583494,22.187849391222013,12.753650608777992
20170529,CESP6,CESP,16.43,16.91,16.11,16.89,13581574.0,16.841500000000003,17.42575,1.2254076657865394,1.1658228908460058,19.75739578169201,15.09410421830799,20.923218672538017,13.928281327461983,22.089041563384022,12.762458436615978
20170530,CESP6,CESP,16.69,16.88,16.51,16.61,12842254.0,16.757,17.360500000000002,1.1768472601337032,1.1354699693440053,19.63143993868801,15.08956006131199,20.76690990803202,13.954090091967986,21.902379877376024,12.81862012262398
20170531,CESP6,CESP,16.66,16.68,16.3,16.39,24719003.0,16.686500000000002,17.287750000000003,1.1530703863118967,1.1007095322377285,19.48916906447546,15.086330935524545,20.589878596713188,13.985621403286817,21.690588128950917,12.884911871049088
20170601,CESP6,CESP,16.45,16.7,16.09,16.23,14690317.0,16.623,17.209500000000002,1.1408173431914106,1.0601232390865258,19.329746478173053,15.08925352182695,20.38986971725958,14.029130282740425,21.449992956346104,12.9690070436539
20170602,CESP6,CESP,16.31,16.51,16.23,16.51,11932511.0,16.563000000000002,17.138,1.1118268513435052,1.0057226002819932,19.14944520056399,15.126554799436015,20.15516780084598,14.120832199154023,21.160890401127975,13.115109598872028
20170605,CESP6,CESP,16.3,16.65,16.19,16.36,28783416.0,16.505500000000005,17.078250000000004,1.0897922303187657,0.978114060518834,19.034478121037672,15.122021878962336,20.012592181556506,14.143907818443502,20.99070624207534,13.165793757924668
20170606,CESP6,CESP,16.29,17.0,16.29,16.8,21146801.0,16.454500000000003,17.044000000000004,1.0481084465786281,0.9627705746891131,18.96954114937823,15.118458850621778,19.932311724067343,14.155688275932665,20.895082298756456,13.192917701243552
20170607,CESP6,CESP,16.89,16.89,16.45,16.55,11599005.0,16.402000000000005,17.01225,1.0134339746883478,0.9574498380112233,18.92714967602245,15.097350323977555,19.88459951403367,14.139900485966333,20.842049352044896,13.182450647955108
20170608,CESP6,CESP,16.49,16.5,16.13,16.5,18291552.0,16.357000000000006,16.985,0.986408157220717,0.9560951567276,18.897190313455198,15.0728096865448,19.8532854701828,14.1167145298172,20.8093806269104,13.160619373089599
20170609,CESP6,CESP,16.96,17.02,16.64,16.83,13342117.0,16.323500000000003,16.9695,0.9564697975807716,0.9533851967244713,18.87627039344894,15.062729606551057,19.829655590173413,14.109344409826587,20.783040786897885,13.155959213102115
20170612,CESP6,CESP,16.68,16.92,16.5,16.65,25318332.0,16.266000000000002,16.95575,0.8956702870799532,0.9539415869339574,18.863633173867914,15.047866826132083,19.81757476080187,14.093925239198127,20.771516347735826,13.139983652264169
20170613,CESP6,CESP,16.68,16.88,16.54,16.86,14107518.0,16.214000000000006,16.943499999999997,0.8230584810072038,0.9518929857973963,18.84728597159479,15.039714028405204,19.799178957392186,14.087821042607807,20.751071943189583,13.13592805681041
20170614,CESP6,CESP,15.96,16.22,15.73,16.05,67213149.0,16.126500000000004,16.902499999999996,0.7337522527536412,0.9542314668400522,18.810962933680102,14.994037066319892,19.76519440052015,14.03980559947984,20.719425867360204,13.085574132639788
20170616,CESP6,CESP,15.88,15.98,15.5,15.98,22028861.0,16.185500000000005,16.865999999999993,0.6657680566557312,0.9610432365737391,18.78808647314747,14.943913526852514,19.74912970972121,13.982870290278775,20.71017294629495,13.021827053705035
20170619,CESP6,CESP,15.8,15.87,15.23,15.38,23372173.0,16.207000000000004,16.820499999999992,0.6297376228908365,0.9875427936200003,18.79558558723999,14.845414412759991,19.783128380859992,13.857871619139992,20.770671174479993,12.87032882551999
20170620,CESP6,CESP,15.28,15.32,14.7,15.0,33115658.0,16.226500000000005,16.751749999999994,0.5819049931497601,1.0164742672086986,18.78469853441739,14.718801465582597,19.80117280162609,13.702327198373897,20.817647068834788,12.6858529311652
20170621,CESP6,CESP,15.06,15.06,14.57,14.79,24388382.0,16.216000000000005,16.68049999999999,0.6065727708327999,1.051884633432444,18.78426926686488,14.576730733135104,19.836153900297322,13.524846099702659,20.88803853372977,12.472961466270215
20170622,CESP6,CESP,14.75,15.18,14.71,15.03,27897515.0,16.184500000000003,16.61849999999999,0.6516495264044537,1.074581731389438,18.767663462778867,14.469336537221114,19.842245194168303,13.394754805831678,20.916826925557743,12.320173074442238
20170623,CESP6,CESP,15.1,15.23,15.02,15.08,8589146.0,16.143500000000003,16.556749999999994,0.6948553427645295,1.0905312455110683,18.73781249102213,14.375687508977858,19.8283437365332,13.285156263466789,20.918874982044265,12.19462501795572
20170626,CESP6,CESP,15.12,15.51,14.83,15.26,16468137.0,16.087500000000002,16.494749999999993,0.7194872077426075,1.0920317162201807,18.678813432440354,14.310686567559632,19.770845148660534,13.218654851339451,20.862876864880715,12.12662313511927
20170627,CESP6,CESP,15.19,15.72,15.14,15.42,15606700.0,16.014000000000003,16.427749999999993,0.7081881997857491,1.073067702836973,18.573885405673938,14.281614594326047,19.64695310851091,13.208546891489073,20.720020811347887,12.1354791886521
20170628,CESP6,CESP,15.45,15.63,15.2,15.3,7807457.0,15.948500000000005,16.352749999999993,0.7107392371030921,1.043281281981689,18.43931256396337,14.266187436036615,19.48259384594506,13.222906154054925,20.52587512792675,12.179624872073237
20170629,CESP6,CESP,15.33,15.39,15.06,15.3,3644163.0,15.894000000000005,16.290249999999993,0.7168674545328526,1.02914574358469,18.348541487169374,14.231958512830612,19.377687230754063,13.202812769245924,20.406832974338755,12.173667025661233
20170630,CESP6,CESP,15.33,15.48,15.07,15.48,16158458.0,15.856500000000006,16.239749999999994,0.7179816373549797,1.0177589445594628,18.27526788911892,14.204232110881069,19.293026833678383,13.186473166321605,20.310785778237843,12.168714221762142
20170703,CESP6,CESP,15.46,15.58,15.14,15.4,26459847.0,15.801000000000005,16.18199999999999,0.7076343093642815,0.9975307976737933,18.177061595347578,14.186938404652405,19.17459239302137,13.189407606978612,20.172123190695164,12.19187680930482
20170704,CESP6,CESP,15.45,15.47,15.31,15.4,3977217.0,15.753000000000004,16.129249999999992,0.7002413117896086,0.9811594070543807,18.091568814108754,14.166931185891231,19.072728221163132,13.18577177883685,20.053887628217513,12.204612371782469
20170705,CESP6,CESP,15.44,15.68,15.2,15.49,22664861.0,15.687500000000004,16.07099999999999,0.6570898760924164,0.9467699474177214,17.964539894835433,14.177460105164549,18.911309842253154,13.230690157746826,19.858079789670875,12.283920210329105
20170706,CESP6,CESP,15.32,15.88,15.32,15.74,14578151.0,15.647000000000002,16.02449999999999,0.6253260202317958,0.9148881114159685,17.854276222831928,14.194723777168052,18.769164334247893,13.279835665752083,19.684052445663863,12.364947554336116
20170707,CESP6,CESP,15.8,15.85,15.47,15.57,10500594.0,15.600500000000002,15.978749999999991,0.5922612776913753,0.8897512977202632,17.758252595440517,14.199247404559465,18.64800389316078,13.309496106839202,19.537755190881043,12.419744809118939
20170710,CESP6,CESP,15.57,15.74,15.45,15.57,5767732.0,15.537500000000003,15.930499999999991,0.5168006334524282,0.8568635411809448,17.64422708236188,14.216772917638101,18.501090623542826,13.359909376457157,19.357954164723772,12.503045835276213
20170711,CESP6,CESP,15.58,15.69,15.47,15.58,8963852.0,15.484000000000004,15.874999999999995,0.4461224755130407,0.8028634650983713,17.480726930196738,14.269273069803251,18.283590395295107,13.46640960470488,19.08645386039348,12.66354613960651
20170712,CESP6,CESP,15.67,15.98,15.58,15.69,45114542.0,15.425500000000003,15.819749999999996,0.3130575027051553,0.7329339967485227,17.28561799349704,14.35388200650295,18.018551990245562,13.620948009754429,18.751485986994087,12.888014013005904
20170713,CESP6,CESP,15.76,15.87,15.6,15.84,7145063.0,15.415000000000001,15.770749999999998,0.29394772181101,0.6589322656914368,17.08861453138287,14.452885468617124,17.747546797074307,13.793953202925687,18.406479062765744,13.13502093723425
20170714,CESP6,CESP,15.88,15.95,15.65,15.72,11077026.0,15.402000000000001,15.79375,0.2726208085659384,0.6399626892169287,17.073675378433858,14.513824621566142,17.713638067650784,13.873861932349213,18.353600756867714,13.233899243132285
20170717,CESP6,CESP,15.82,15.84,15.61,15.84,5741084.0,15.425,15.815999999999999,0.2895459240004104,0.6251760777614159,17.066352155522832,14.565647844477168,17.691528233284245,13.940471766715751,18.31670431104566,13.315295688954336
20170718,CESP6,CESP,15.81,16.0,15.74,15.83,5959511.0,15.4665,15.8465,0.28486885255830136,0.5938036885308482,17.034107377061698,14.658892622938303,17.627911065592546,14.065088934407456,18.221714754123393,13.471285245876608
20170719,CESP6,CESP,15.96,15.98,15.6,15.75,40440078.0,15.514499999999998,15.86525,0.24262761156703802,0.5780204392624436,17.021290878524887,14.709209121475112,17.59931131778733,14.131188682212668,18.177331757049775,13.553168242950225
20170720,CESP6,CESP,15.76,15.99,15.67,15.92,30104561.0,15.559000000000001,15.87175,0.23039782528211059,0.5771143400908365,17.025978680181673,14.717521319818328,17.60309302027251,14.14040697972749,18.180207360363347,13.563292639636654
20170721,CESP6,CESP,15.96,16.56,15.88,16.35,34100683.0,15.622500000000002,15.883000000000001,0.2639951155847804,0.5820441431845225,17.047088286369046,14.718911713630956,17.629132429553568,14.136867570446434,18.21117657273809,13.554823427261912
20170724,CESP6,CESP,16.46,16.57,16.2,16.4,3252177.0,15.6795,15.883500000000002,0.3019493683593688,0.5824904533167462,17.048480906633493,14.71851909336651,17.63097135995024,14.136028640049762,18.213461813266985,13.553538186733016
20170725,CESP6,CESP,16.45,16.47,16.0,16.0,8348142.0,15.7085,15.861250000000002,0.30356261818261665,0.5596069476851196,16.980463895370242,14.742036104629763,17.54007084305536,14.182429156944643,18.09967779074048,13.622822209259523
20170726,CESP6,CESP,16.02,16.15,15.68,15.84,7994267.0,15.735499999999998,15.842000000000002,0.2889814235515587,0.5462750316977985,16.934550063395598,14.749449936604405,17.480825095093397,14.203174904906607,18.027100126791197,13.656899873208808
20170727,CESP6,CESP,16.05,16.05,15.74,15.85,6125345.0,15.763,15.828500000000002,0.2709651366193608,0.5390093001433706,16.90651860028674,14.75048139971326,17.445527900430115,14.21147209956989,17.984537200573484,13.672462799426519
20170728,CESP6,CESP,15.85,15.86,15.54,15.67,12031904.0,15.772499999999999,15.8145,0.2637557682082971,0.5355751760778217,16.885650352155643,14.743349647844358,17.421225528233464,14.207774471766536,17.956800704311288,13.672199295688714
20170731,CESP6,CESP,15.82,15.82,15.55,15.6,12911786.0,15.782500000000002,15.791750000000002,0.2524381112272693,0.5244869898902385,16.840723979780478,14.742776020219525,17.365210969670716,14.218289030329286,17.889697959560955,13.69380204043905
20170801,CESP6,CESP,15.58,15.64,15.42,15.6,25595871.0,15.792500000000004,15.772750000000002,0.24015072021762487,0.5170874423895283,16.806924884779058,14.738575115220945,17.32401232716859,14.221487672831417,17.841099769558117,13.70440023044189
20170802,CESP6,CESP,15.52,16.45,15.5,16.1,51032411.0,15.823000000000004,15.755250000000004,0.23844010612839064,0.4927004993414383,16.74065099868288,14.769849001317127,17.23335149802432,14.277148501975688,17.726051997365758,13.784448002634251
20170803,CESP6,CESP,16.55,16.95,16.15,16.41,53068038.0,15.856500000000006,15.751750000000005,0.27100737997329966,0.48737858448582366,16.72650716897165,14.776992831028357,17.213885753457475,14.289614246542534,17.7012643379433,13.80223566205671
20170804,CESP6,CESP,16.38,16.62,16.32,16.5,15083181.0,15.903000000000006,15.751750000000005,0.29773000838801905,0.48737858448582366,16.72650716897165,14.776992831028357,17.213885753457475,14.289614246542534,17.7012643379433,13.80223566205671
20170807,CESP6,CESP,16.51,16.55,16.16,16.23,43651045.0,15.936000000000007,15.736750000000004,0.2954461390044302,0.4619101227928244,16.660570245585653,14.812929754414355,17.122480368378476,14.351019631621531,17.584390491171302,13.889109508828707
20170808,CESP6,CESP,16.3,16.4,16.09,16.23,12304572.0,15.96850000000001,15.726250000000004,0.2899233110941295,0.4450853418598305,16.616420683719664,14.836079316280342,17.061506025579497,14.390993974420512,17.506591367439327,13.945908632560682
20170809,CESP6,CESP,16.15,16.25,15.83,16.0,13619117.0,15.984000000000009,15.704750000000004,0.2824404921022151,0.4081539899194912,16.521057979838986,14.888442020161023,16.929211969758477,14.48028803024153,17.337365959677967,14.07213404032204
20170810,CESP6,CESP,15.9,16.08,15.77,16.08,13411815.0,15.99600000000001,15.705500000000006,0.28109560089425006,0.40883166870162335,16.523163337403254,14.88783666259676,16.931995006104877,14.479004993895137,17.3408266748065,14.070173325193512
20170811,CESP6,CESP,16.02,16.15,15.88,16.15,4298418.0,16.017500000000005,15.709750000000005,0.2752582519437929,0.41262441791104754,16.5349988358221,14.88450116417791,16.94762325373315,14.471876746266862,17.360247671644196,14.059252328355814
20170814,CESP6,CESP,16.15,16.25,15.82,15.93,19227697.0,16.02200000000001,15.723500000000005,0.2729295262806576,0.4105128125050298,16.544525625010063,14.902474374989945,16.955038437515093,14.491961562484915,17.365551250020125,14.081448749979886
20170815,CESP6,CESP,15.93,16.09,15.79,16.09,10518934.0,16.035000000000007,15.750750000000005,0.2694731702297634,0.39721716271958213,16.54518432543917,14.956315674560841,16.94240148815875,14.55909851184126,17.339618650878332,14.161881349121677
20170816,CESP6,CESP,16.12,16.17,15.77,15.86,20616273.0,16.04050000000001,15.777500000000007,0.26442539491069894,0.36563082123354695,16.5087616424671,15.046238357532912,16.874392463700648,14.680607536299366,17.240023284934196,14.31497671506582
20170817,CESP6,CESP,15.86,15.86,15.58,15.65,25913660.0,16.027000000000008,15.793000000000006,0.277471667591097,0.3457299969184786,16.484459993836964,15.101540006163049,16.830189990755443,14.75581000924457,17.17591998767392,14.410080012326091
20170818,CESP6,CESP,15.65,15.93,15.34,15.48,35067251.0,15.983500000000006,15.803000000000006,0.29198548990623485,0.3300054389606483,16.463010877921302,15.14298912207871,16.79301631688195,14.81298368311806,17.1230217558426,14.482978244157414
20170821,CESP6,CESP,15.47,15.6,15.34,15.45,21874736.0,15.936000000000007,15.807750000000008,0.2978766964966942,0.32328829318866614,16.45432658637734,15.161173413622675,16.777614879566006,14.83788512043401,17.100903172754673,14.514596827245343
20170822,CESP6,CESP,15.62,15.87,15.33,15.5,31407397.0,15.911000000000007,15.809750000000008,0.3128291950300547,0.32106782972149633,16.451885659443,15.167614340557016,16.772953489164497,14.84654651083552,17.094021318885993,14.525478681114024
20170823,CESP6,CESP,15.6,15.77,15.1,15.1,42160785.0,15.87400000000001,15.80475000000001,0.36162498749248706,0.33062479702871184,16.465999594057433,15.143500405942586,16.796624391086144,14.812875608913874,17.127249188114856,14.482250811885162
20170824,CESP6,CESP,15.29,15.73,15.08,15.1,49370886.0,15.83650000000001,15.799750000000012,0.4009892372882925,0.3398377252266146,16.479425450453242,15.120074549546782,16.819263175679858,14.780236824320168,17.15910090090647,14.440399099093554
20170825,CESP6,CESP,15.25,15.3,14.84,14.84,21357850.0,15.795000000000007,15.783750000000012,0.45802206336191886,0.36908540808539003,16.52192081617079,15.045579183829233,16.89100622425618,14.676493775743841,17.26009163234157,14.307408367658452
20170828,CESP6,CESP,14.97,15.0,14.72,14.72,30513000.0,15.751000000000008,15.766750000000012,0.5163016254294057,0.40145496602185665,16.569659932043727,14.9638400679563,16.971114898065583,14.562385101934442,17.37256986408744,14.160930135912587
20170829,CESP6,CESP,14.8,14.81,14.62,14.65,19347166.0,15.703500000000005,15.748000000000014,0.5716575622005241,0.43512568181432276,16.61825136362866,14.877748636371368,17.053377045442982,14.442622954557045,17.488502727257305,14.007497272742722
20170830,CESP6,CESP,14.75,14.95,14.59,14.61,28042827.0,15.629000000000005,15.726000000000013,0.6128698668430381,0.4694011460333858,16.664802292066785,14.787197707933242,17.134203438100172,14.317796561899856,17.603604584133556,13.84839541586647
20170831,CESP6,CESP,14.8,15.15,14.66,14.73,68067313.0,15.545000000000005,15.700750000000014,0.6153176329942741,0.4950907065299526,16.690931413059918,14.71056858694011,17.18602211958987,14.215477880410155,17.681112826119822,13.720387173880203
20170901,CESP6,CESP,14.9,14.91,14.67,14.75,34816228.0,15.457500000000005,15.680250000000012,0.5965062756099865,0.5171295899680588,16.71450917993613,14.645990820063894,17.231638769904187,14.128861230095835,17.748768359872248,13.611731640127775
20170904,CESP6,CESP,14.85,14.87,14.68,14.84,25111301.0,15.388000000000002,15.662000000000011,0.5825768528474814,0.5337347848068741,16.72946956961376,14.594530430386264,17.263204354420633,14.06079564557939,17.796939139227508,13.527060860772515
20170905,CESP6,CESP,14.95,15.0,14.7,14.75,35874716.0,15.314000000000002,15.64125000000001,0.563685242517108,0.5527979530742643,16.74684590614854,14.535654093851482,17.299643859222805,13.982856140777217,17.852441812297066,13.430058187702953
20170906,CESP6,CESP,14.79,14.89,14.5,14.66,24316260.0,15.247000000000003,15.615500000000008,0.5574575745008878,0.5740497164210574,16.763599432842124,14.467400567157894,17.33764914926318,13.893350850736836,17.911698865684237,13.31930113431578
20170908,CESP6,CESP,14.74,14.78,14.6,14.7,27565255.0,15.178000000000003,15.587000000000009,0.5338302509619482,0.5906762747381014,16.768352549476212,14.405647450523805,17.359028824214313,13.814971175785704,17.949705098952414,13.224294901047603
20170911,CESP6,CESP,14.78,14.9,14.7,14.78,40867905.0,15.109500000000002,15.563500000000008,0.48851520474100785,0.6038022685343264,16.771104537068663,14.355895462931356,17.374906805602986,13.752093194397029,17.978709074137313,13.148290925862703
20170912,CESP6,CESP,14.85,15.08,14.75,14.8,60233509.0,15.053000000000003,15.537500000000005,0.452654161003381,0.6138978032380733,16.76529560647615,14.309704393523859,17.379193409714226,13.695806590285786,17.993091212952297,13.081908787047713
20170913,CESP6,CESP,14.93,15.3,14.8,15.24,89475701.0,15.010500000000004,15.522750000000006,0.38501503730030945,0.6137776574791006,16.750305314958208,14.295194685041805,17.36408297243731,13.681417027562704,17.977860629916407,13.067639370083603
20170914,CESP6,CESP,15.5,15.6,15.09,15.14,69354447.0,14.974500000000003,15.507500000000004,0.33132072234108983,0.6155620737721631,16.73862414754433,14.276375852455677,17.354186221316493,13.660813778683515,17.969748295088657,13.045251704911351
20170915,CESP6,CESP,14.1,14.49,14.06,14.44,107817502.0,14.914000000000005,15.470500000000007,0.31135358136942737,0.6343256059461839,16.739151211892374,14.20184878810764,17.373476817838558,13.567523182161455,18.007802423784742,12.93319757621527
20170918,CESP6,CESP,14.63,14.93,14.52,14.71,61843970.0,14.875500000000002,15.429500000000008,0.2840955176659506,0.6289998165586285,16.687499633117266,14.171500366882752,17.316499449675895,13.542500550324123,17.94549926623452,12.913500733765494
20170919,CESP6,CESP,14.82,14.95,14.73,14.88,47320542.0,14.847000000000003,15.391500000000008,0.24997052457816774,0.6146149513813971,16.6207299027628,14.162270097237213,17.2353448541442,13.547655145855817,17.849959805525597,12.933040194474419
20170920,CESP6,CESP,14.99,15.0,14.61,14.8,22411159.0,14.812000000000003,15.361500000000007,0.19715342676250922,0.6134373518260875,16.588374703652182,14.134625296347831,17.201812055478268,13.521187944521744,17.815249407304357,12.907750592695656
20170921,CESP6,CESP,14.83,14.87,14.62,14.65,17772299.0,14.7895,15.331750000000005,0.1880222551216801,0.6184715962634288,16.56869319252686,14.094806807473148,17.18716478879029,13.476335211209719,17.80563638505372,12.85786361494629
20170922,CESP6,CESP,14.65,14.74,14.33,14.74,18015167.0,14.7715,15.304000000000006,0.17339565343908872,0.6195233900098114,16.54304678001963,14.064953219980383,17.16257017002944,13.445429829970571,17.78209356003925,12.825906439960761
20170925,CESP6,CESP,14.79,14.79,14.37,14.37,22037211.0,14.748000000000001,15.271500000000007,0.19422179399631645,0.6337659116497579,16.539031823299524,14.003968176700491,17.17279773494928,13.370202265050732,17.806563646599038,12.736436353400975
20170926,CESP6,CESP,14.53,14.78,14.46,14.77,21456508.0,14.750499999999999,15.250750000000005,0.19416420072221077,0.6363170774676261,16.523384154935258,13.978115845064753,17.159701232402885,13.341798767597126,17.79601830987051,12.705481690129501
20170927,CESP6,CESP,14.8,14.83,14.39,14.5,32834757.0,14.743,15.223250000000004,0.20102631406698496,0.6445526673792134,16.512355334758432,13.934144665241577,17.156908002137644,13.289591997862363,17.801460669516857,12.64503933048315
20170928,CESP6,CESP,14.55,14.56,14.14,14.22,37736987.0,14.723500000000001,15.176250000000005,0.23125003556185225,0.6475186859990731,16.47128737199815,13.881212628001858,17.118806057997226,13.233693942002786,17.766324743996297,12.586175256003713
20170929,CESP6,CESP,14.29,14.43,14.17,14.43,76951961.0,14.7085,15.126750000000005,0.24035664290687528,0.6261129065870543,16.378975813174115,13.874524186825896,17.00508871976117,13.248411280238841,17.631201626348222,12.622298373651788
20171002,CESP6,CESP,14.45,14.51,14.17,14.2,40324366.0,14.681000000000001,15.069250000000006,0.26550646736099626,0.6019088758872163,16.273067751774438,13.865432248225574,16.874976627661653,13.263523372338357,17.47688550354887,12.66161449645114
20171003,CESP6,CESP,14.17,14.51,14.17,14.49,12458085.0,14.663500000000003,15.025750000000006,0.26600900261771876,0.5782816610330963,16.1823133220662,13.869186677933813,16.760594983099296,13.290905016900716,17.33887664413239,12.71262335586762
20171004,CESP6,CESP,14.46,14.5,14.27,14.28,13079231.0,14.64,14.977000000000004,0.2784354786830566,0.5559201196999412,16.088840239399886,13.865159760600122,16.644760359099827,13.30923964090018,17.200680478799768,12.75331952120024
20171005,CESP6,CESP,14.38,14.52,14.23,14.23,19925819.0,14.618500000000001,14.932750000000004,0.2930290986089402,0.5426902951134042,16.01813059022681,13.847369409773195,16.560820885340217,13.304679114659791,17.10351118045362,12.761988819546387
20171006,CESP6,CESP,14.27,14.27,13.87,14.02,22901579.0,14.5845,14.881250000000003,0.3211734242135261,0.5285887718667575,15.938427543733518,13.824072456266489,16.467016315600276,13.29548368439973,16.995605087467034,12.766894912532972
20171009,CESP6,CESP,14.0,14.14,13.9,13.97,11100061.0,14.544000000000002,14.826750000000004,0.34538155864582637,0.5063361987393978,15.839422397478799,13.814077602521209,16.345758596218197,13.307741403781812,16.852094794957594,12.801405205042412
20171010,CESP6,CESP,14.05,14.12,13.95,14.05,11366887.0,14.506500000000003,14.779750000000003,0.35665514819897204,0.4882332749508657,15.756216549901735,13.803283450098272,16.2444498248526,13.315050175147407,16.732683099803467,12.82681690019654
20171011,CESP6,CESP,14.45,14.45,14.22,14.4,35606920.0,14.464500000000001,14.737500000000002,0.3124516804748649,0.44296639914247166,15.623432798284945,13.85156720171506,16.06639919742742,13.408600802572588,16.50936559656989,12.965634403430116
20171013,CESP6,CESP,14.44,14.45,14.18,14.22,11742700.0,14.418500000000003,14.696500000000004,0.27300038557903855,0.4111618933754917,15.518823786750987,13.87417621324902,15.929985680126478,13.46301431987353,16.34114757350197,13.051852426498037
20171016,CESP6,CESP,14.18,14.31,14.01,14.02,9966846.0,14.397500000000003,14.655750000000003,0.2870517099940603,0.39468187449045417,15.445113748980912,13.866386251019094,15.839795623471366,13.47170437652864,16.23447749796182,13.077022502038187
20171017,CESP6,CESP,14.01,14.01,13.58,13.9,23194839.0,14.357000000000003,14.616250000000003,0.29758855382626626,0.3890994698478961,15.394448939695796,13.83805106030421,15.783548409543691,13.448951590456314,16.172647879391587,13.059852120608419
20171018,CESP6,CESP,13.9,14.23,13.78,14.15,28675682.0,14.320500000000001,14.58375,0.2738896243302704,0.37157107543857676,15.326892150877153,13.840607849122847,15.69846322631573,13.46903677368427,16.07003430175431,13.097465698245694
20171019,CESP6,CESP,14.16,14.2,13.85,14.11,22206598.0,14.286000000000001,14.549000000000001,0.2529697298304945,0.34793014329804894,15.244860286596099,13.853139713403904,15.592790429894148,13.505209570105855,15.940720573192197,13.157279426807806
20171020,CESP6,CESP,14.17,14.25,13.94,13.94,13002746.0,14.250500000000002,14.520000000000001,0.2489868946033054,0.3491675081074482,15.218335016214898,13.821664983785105,15.567502524322347,13.472497475677656,15.916670032429794,13.123329967570209
20171023,CESP6,CESP,14.0,14.05,13.62,13.64,15583762.0,14.195500000000001,14.483500000000001,0.2565453689228787,0.3630183296919369,15.209536659383875,13.757463340616127,15.572554989075812,13.39444501092419,15.935573318767748,13.031426681232254
20171024,CESP6,CESP,13.7,13.77,13.61,13.61,13392609.0,14.157500000000002,14.45275,0.2841399766238042,0.38355949292828173,15.219868985856564,13.685631014143436,15.603428478784846,13.302071521215154,15.986987971713127,12.918512028286873
20171025,CESP6,CESP,13.68,13.75,13.37,13.49,15751906.0,14.093500000000002,14.422,0.2830710344176912,0.40997936158188825,15.241958723163776,13.602041276836225,15.651938084745666,13.192061915254335,16.061917446327552,12.782082553672447
20171026,CESP6,CESP,13.55,13.55,13.22,13.26,14080014.0,14.031500000000003,14.38725,0.32241318700989907,0.4473625702165806,15.281975140433161,13.492524859566839,15.729337710649741,13.045162289350259,16.17670028086632,12.597799719133677
20171027,CESP6,CESP,13.27,13.44,13.05,13.27,13817154.0,13.984,14.35375,0.3608673761340583,0.47928733151822595,15.312324663036451,13.395175336963549,15.791611994554678,12.915888005445321,16.270899326072904,12.436600673927096
20171030,CESP6,CESP,13.31,13.31,12.89,13.02,15127812.0,13.913499999999999,14.310999999999998,0.4042702978011066,0.5194464509308256,15.349892901861649,13.272107098138347,15.869339352792474,12.752660647207522,16.3887858037233,12.233214196276695
20171031,CESP6,CESP,13.02,13.05,12.94,13.0,12355380.0,13.8535,14.267249999999999,0.44636868169707494,0.554066493741676,15.37538298748335,13.159117012516647,15.929449481225028,12.60505051877497,16.483515974966704,12.050984025033294
20171101,CESP6,CESP,13.0,13.08,12.8,12.85,8849290.0,13.7715,14.217499999999998,0.473122605674242,0.5895271899516789,15.396554379903355,13.03844562009664,15.986081569855035,12.44891843014496,16.575608759806713,11.859391240193283
20171103,CESP6,CESP,12.78,12.96,12.44,12.45,15338315.0,13.680000000000001,14.16,0.5416057995491252,0.6457434594207133,15.451486918841427,12.868513081158573,16.09723037826214,12.22276962173786,16.742973837682854,11.577026162317146
20171106,CESP6,CESP,12.58,12.66,12.36,12.66,10311882.0,13.601500000000001,14.11,0.5706900255507728,0.682424035408029,15.474848070816057,12.745151929183942,16.157272106224084,12.062727893775913,16.839696141632114,11.380303858367883
20171107,CESP6,CESP,12.65,12.8,12.2,12.3,18565440.0,13.515500000000003,14.049999999999997,0.6307428786338788,0.7328623195984317,15.515724639196861,12.584275360803133,16.248586958795293,11.851413041204701,16.981449278393725,11.11855072160627
20171108,CESP6,CESP,12.41,12.79,12.31,12.75,14324138.0,13.454500000000001,13.999249999999998,0.6433422188278172,0.7510757669452012,15.5014015338904,12.497098466109597,16.2524773008356,11.746022699164396,17.003553067780803,10.994946932219193
20171109,CESP6,CESP,12.8,12.8,12.35,12.35,19339112.0,13.369500000000002,13.937999999999999,0.6721800745570801,0.7833072554306327,15.504614510861265,12.371385489138733,16.2879217662919,11.588078233708101,17.07122902172253,10.804770978277467
20171110,CESP6,CESP,12.42,12.46,12.01,12.1,41744956.0,13.254500000000004,13.8595,0.6832544028012918,0.8064768265702901,15.472453653140581,12.24654634685942,16.278930479710873,11.44006952028913,17.085407306281162,10.63359269371884
20171113,CESP6,CESP,12.0,12.68,11.87,12.65,17026087.0,13.176000000000002,13.79725,0.6561402289145063,0.801184979761157,15.399619959522314,12.194880040477686,16.200804939283472,11.393695060716528,17.00198991904463,10.592510080955371
20171114,CESP6,CESP,12.75,12.75,12.03,12.15,11989034.0,13.082500000000001,13.739999999999998,0.6627444931177284,0.8351753999717438,15.410350799943487,12.06964920005651,16.24552619991523,11.234473800084768,17.080701599886975,10.399298400113024
20171116,CESP6,CESP,12.25,12.33,12.15,12.25,8845699.0,13.000000000000004,13.678499999999996,0.6583072391008704,0.8523137438459684,15.383127487691933,11.97387251230806,16.2354412315379,11.12155876846209,17.08775497538387,10.269245024616122
20171117,CESP6,CESP,12.3,12.3,12.14,12.22,6133751.0,12.903500000000005,13.611999999999998,0.6212743694256518,0.8599022007599512,15.3318044015199,11.892195598480097,16.19170660227985,11.032293397720146,17.0516088030398,10.172391196960193
20171121,CESP6,CESP,12.3,12.55,12.27,12.55,13861715.0,12.825500000000005,13.555749999999998,0.5563648462162584,0.8537665792210913,15.263283158442182,11.848216841557814,16.117049737663272,10.994450262336724,16.970816316884363,10.140683683115633
20171122,CESP6,CESP,12.43,12.92,12.43,12.83,13084652.0,12.770000000000005,13.51025,0.49084245516199093,0.8423760275523537,15.195002055104707,11.825497944895291,16.03737808265706,10.983121917342938,16.879754110209415,10.140745889790583
20171123,CESP6,CESP,12.85,13.03,12.81,12.95,11523750.0,12.735500000000005,13.4655,0.4489341177781437,0.8226877464780548,15.11087549295611,11.820124507043891,15.933563239434164,10.997436760565837,16.75625098591222,10.174749014087782
20171124,CESP6,CESP,13.0,13.22,12.9,13.14,11887266.0,12.712000000000003,13.43475,0.4114876732821225,0.8109158718893489,15.056581743778697,11.812918256221302,15.867497615668047,11.002002384331952,16.678413487557396,10.191086512442604
20171127,CESP6,CESP,13.21,13.21,12.71,12.9,20980046.0,12.682500000000001,13.388,0.372033883572844,0.7854680133525561,14.958936026705112,11.817063973294887,15.744404040057669,11.031595959942331,16.529872053410223,10.246127946589775
20171128,CESP6,CESP,13.0,13.04,12.75,12.84,10500965.0,12.6615,13.3465,0.348851876272615,0.7688871411965784,14.884274282393157,11.808725717606844,15.653161423589737,11.039838576410265,16.422048564786316,10.270951435213687
20171129,CESP6,CESP,12.9,12.9,12.26,12.46,13307077.0,12.620999999999999,13.3025,0.32034356556668336,0.7679768626322493,14.838453725264499,11.766546274735502,15.606430587896748,10.998569412103253,16.374407450529,10.230592549471003
20171130,CESP6,CESP,12.35,12.49,12.16,12.27,10494558.0,12.583499999999999,13.248500000000002,0.3150317444321692,0.7625851780923656,14.773670356184732,11.723329643815271,15.5362555342771,10.960744465722904,16.298840712369465,10.198159287630538
20171201,CESP6,CESP,12.27,12.5,12.18,12.4,19646703.0,12.5535,13.2035,0.3015621608260567,0.7580932558830711,14.719686511766142,11.687313488233858,15.477779767649213,10.929220232350787,16.235873023532285,10.171126976467715
20171204,CESP6,CESP,12.49,12.54,12.36,12.4,6117839.0,12.530999999999999,13.15125,0.29499152530195705,0.7389326588796741,14.629115317759346,11.673384682240652,15.368047976639021,10.934452023360977,16.106980635518696,10.195519364481303
20171205,CESP6,CESP,12.41,12.61,12.3,12.3,14932029.0,12.523499999999999,13.10175,0.29903837106364145,0.72761249020165,14.556974980403298,11.6465250195967,15.284587470604949,10.91891252939505,16.012199960806598,10.191300039193399
20171206,CESP6,CESP,12.3,12.57,12.08,12.53,25204407.0,12.516999999999998,13.059249999999997,0.2973231451326216,0.7094432179443184,14.478136435888633,11.640363564111361,15.187579653832952,10.930920346167042,15.89702287177727,10.221477128222723
20171207,CESP6,CESP,12.27,12.54,12.27,12.38,7979771.0,12.520999999999997,13.018249999999998,0.29477734684080015,0.6998200776097033,14.417890155219405,11.618609844780591,15.117710232829108,10.918789767170889,15.817530310438812,10.218969689561185
20171208,CESP6,CESP,12.45,12.62,12.31,12.5,6026435.0,12.508499999999998,12.981499999999997,0.2898143689002109,0.6870395427727165,14.355579085545429,11.607420914454565,15.042618628318147,10.920381371681847,15.729658171090863,10.233341828909131
20171211,CESP6,CESP,12.5,12.72,12.47,12.6,5520222.0,12.520999999999999,12.945249999999998,0.2880040204397305,0.6671830852403101,14.279616170480619,11.610883829519377,14.94679925572093,10.943700744279067,15.613982340961238,10.276517659038758
20171212,CESP6,CESP,12.6,12.6,12.32,12.45,5861448.0,12.5385,12.8965,0.2712209237386737,0.6282680711533721,14.153036142306744,11.639963857693255,14.781304213460116,11.011695786539883,15.409572284613489,10.38342771538651
20171213,CESP6,CESP,12.58,12.58,12.32,12.46,19345011.0,12.529,12.852500000000001,0.27043629466781877,0.5938909077064739,14.040281815412948,11.664718184587054,14.634172723119423,11.070827276880578,15.228063630825897,10.476936369174105
20171214,CESP6,CESP,12.48,12.93,12.26,12.9,24620866.0,12.566500000000001,12.8245,0.26709499591359015,0.5630364109007595,13.950572821801519,11.698427178198482,14.51360923270228,11.135390767297721,15.076645643603038,10.572354356396962
20171215,CESP6,CESP,12.9,12.95,12.67,12.94,7735083.0,12.601000000000003,12.800500000000003,0.2686202563196587,0.5358192864131678,13.872138572826339,11.728861427173667,14.407957859239506,11.1930421407605,14.943777145652675,10.657222854347332
20171218,CESP6,CESP,12.94,12.95,12.67,12.7,9641670.0,12.625000000000002,12.764250000000004,0.25382339488205174,0.48920074795004176,13.742651495900088,11.78584850409992,14.23185224385013,11.296647756149879,14.721052991800171,10.807447008199837
20171219,CESP6,CESP,12.7,12.8,12.56,12.63,14301698.0,12.629000000000001,12.727250000000003,0.2532088798641975,0.4381077463774245,13.603465492754852,11.851034507245155,14.041573239132276,11.41292676086773,14.4796809855097,10.974819014490306
20171220,CESP6,CESP,12.66,12.8,12.6,12.74,16544900.0,12.624500000000001,12.697250000000004,0.2502309459594591,0.3915451802859232,13.48034036057185,11.914159639428158,13.871885540857773,11.522614459142234,14.263430721143697,11.13106927885631
20171221,CESP6,CESP,12.75,12.9,12.64,12.81,8081126.0,12.617500000000001,12.676500000000004,0.24248439993224816,0.36111330702817956,13.398726614056363,11.954273385943646,13.759839921084543,11.593160078915465,14.120953228112722,11.232046771887287
20171222,CESP6,CESP,12.81,12.93,12.75,12.87,13409711.0,12.604000000000003,12.658000000000005,0.21815976762570635,0.3296478307341031,13.317295661468211,11.998704338531798,13.646943492202315,11.669056507797695,13.976591322936418,11.339408677063592
20171226,CESP6,CESP,12.87,13.15,12.83,13.04,10271023.0,12.611000000000002,12.646750000000003,0.23007779004862722,0.3074576268491314,13.261665253698265,12.03183474630174,13.569122880547397,11.724377119452608,13.876580507396529,11.416919492603476
20171227,CESP6,CESP,13.1,13.18,13.01,13.07,5216770.0,12.622500000000004,12.642000000000005,0.24723470630147423,0.29909435952127766,13.24018871904256,12.04381128095745,13.539283078563837,11.744716921436172,13.838377438085116,11.445622561914893
20171228,CESP6,CESP,13.07,13.31,13.07,13.2,19881599.0,12.659500000000005,12.640250000000005,0.275403531682393,0.29550901326877377,13.231268026537553,12.049231973462458,13.526777039806326,11.753722960193684,13.8222860530751,11.45821394692491
