DATA DO PREGAO,CODIGO DE NEGOCIACAO DO PAPEL,NOME RESUMIDO DA EMPRESA EMISSORA,PRECO DE ABERTURA,PRECO MAXIMO,PRECO MINIMO,PRECO FECHAMENTO,VOLUME TOTAL DE TITULOS NEGOCIADOS NESTE PAPEL,MA_20,MA_40,STD_20,STD_40,BANDA_1_40 SUPERIOR,BANDA_1_40 INFERIOR,BANDA_2_40 SUPERIOR,BANDA_2_40 INFERIOR,BANDA_3_40 SUPERIOR,BANDA_3_40 INFERIOR
20170102,CSMG3,COPASA,36.1,36.9,35.73,36.8,9831847.0,0.0,0.0,0.0,0.0,0.0,0.0,0.0,0.0,0.0,0.0
20170103,CSMG3,COPASA,36.77,37.02,35.83,36.2,19056146.0,0.0,0.0,0.0,0.0,0.0,0.0,0.0,0.0,0.0,0.0
20170104,CSMG3,COPASA,36.36,36.41,35.86,36.18,5569589.0,0.0,0.0,0.0,0.0,0.0,0.0,0.0,0.0,0.0,0.0
20170105,CSMG3,COPASA,35.94,36.41,35.89,36.15,20446877.0,0.0,0.0,0.0,0.0,0.0,0.0,0.0,0.0,0.0,0.0
20170106,CSMG3,COPASA,36.15,36.22,35.6,36.0,13744560.0,0.0,0.0,0.0,0.0,0.0,0.0,0.0,0.0,0.0,0.0
20170109,CSMG3,COPASA,36.45,37.19,36.23,37.07,32914972.0,0.0,0.0,0.0,0.0,0.0,0.0,0.0,0.0,0.0,0.0
20170110,CSMG3,COPASA,37.05,37.17,36.6,36.95,11460226.0,0.0,0.0,0.0,0.0,0.0,0.0,0.0,0.0,0.0,0.0
20170111,CSMG3,COPASA,37.08,37.64,36.68,37.64,15243603.0,0.0,0.0,0.0,0.0,0.0,0.0,0.0,0.0,0.0,0.0
20170112,CSMG3,COPASA,37.99,40.22,37.68,39.8,34591089.0,0.0,0.0,0.0,0.0,0.0,0.0,0.0,0.0,0.0,0.0
20170113,CSMG3,COPASA,39.51,39.77,39.19,39.7,18821177.0,0.0,0.0,0.0,0.0,0.0,0.0,0.0,0.0,0.0,0.0
20170116,CSMG3,COPASA,39.85,39.88,39.21,39.5,12287670.0,0.0,0.0,0.0,0.0,0.0,0.0,0.0,0.0,0.0,0.0
20170117,CSMG3,COPASA,39.5,40.47,39.37,40.15,22339292.0,0.0,0.0,0.0,0.0,0.0,0.0,0.0,0.0,0.0,0.0
20170118,CSMG3,COPASA,40.0,40.4,39.67,39.76,15415176.0,0.0,0.0,0.0,0.0,0.0,0.0,0.0,0.0,0.0,0.0
20170119,CSMG3,COPASA,39.79,39.93,38.62,39.45,11608696.0,0.0,0.0,0.0,0.0,0.0,0.0,0.0,0.0,0.0,0.0
20170120,CSMG3,COPASA,39.63,39.96,39.0,39.69,14600324.0,0.0,0.0,0.0,0.0,0.0,0.0,0.0,0.0,0.0,0.0
20170123,CSMG3,COPASA,39.88,40.35,39.57,40.21,15813682.0,0.0,0.0,0.0,0.0,0.0,0.0,0.0,0.0,0.0,0.0
20170124,CSMG3,COPASA,40.29,41.59,40.29,41.2,17385172.0,0.0,0.0,0.0,0.0,0.0,0.0,0.0,0.0,0.0,0.0
20170126,CSMG3,COPASA,41.31,41.59,40.76,41.45,21151970.0,0.0,0.0,0.0,0.0,0.0,0.0,0.0,0.0,0.0,0.0
20170127,CSMG3,COPASA,41.58,41.98,41.22,41.98,11112731.0,0.0,0.0,0.0,0.0,0.0,0.0,0.0,0.0,0.0,0.0
20170130,CSMG3,COPASA,41.96,41.96,40.85,40.95,13062319.0,38.84150000000001,0.0,1.999705965227993,0.0,0.0,0.0,0.0,0.0,0.0,0.0
20170131,CSMG3,COPASA,41.41,43.79,40.94,43.16,57352364.0,39.15950000000001,0.0,2.1574460412841443,0.0,0.0,0.0,0.0,0.0,0.0,0.0
20170201,CSMG3,COPASA,43.58,44.93,43.17,44.67,71261775.0,39.583000000000006,0.0,2.3670636929148703,0.0,0.0,0.0,0.0,0.0,0.0,0.0
20170202,CSMG3,COPASA,45.38,45.56,43.8,44.98,31972683.0,40.02300000000001,0.0,2.5145054970583844,0.0,0.0,0.0,0.0,0.0,0.0,0.0
20170203,CSMG3,COPASA,45.09,45.42,44.48,45.34,46833244.0,40.48250000000001,0.0,2.607474832093303,0.0,0.0,0.0,0.0,0.0,0.0,0.0
20170206,CSMG3,COPASA,45.45,46.24,45.18,45.41,46151412.0,40.95300000000001,0.0,2.6050519744284735,0.0,0.0,0.0,0.0,0.0,0.0,0.0
20170207,CSMG3,COPASA,45.41,45.8,44.26,44.92,43159201.0,41.3455,0.0,2.58047216201752,0.0,0.0,0.0,0.0,0.0,0.0,0.0
20170208,CSMG3,COPASA,45.42,45.52,44.44,45.08,36456476.0,41.752,0.0,2.490393331859133,0.0,0.0,0.0,0.0,0.0,0.0,0.0
20170209,CSMG3,COPASA,45.0,46.86,44.46,46.55,24915494.0,42.197500000000005,0.0,2.5129346966194124,0.0,0.0,0.0,0.0,0.0,0.0,0.0
20170210,CSMG3,COPASA,47.0,49.29,46.83,48.97,65739667.0,42.656000000000006,0.0,2.8644488769082734,0.0,0.0,0.0,0.0,0.0,0.0,0.0
20170213,CSMG3,COPASA,49.58,52.0,48.13,49.6,27314712.0,43.151,0.0,3.166244496327839,0.0,0.0,0.0,0.0,0.0,0.0,0.0
20170214,CSMG3,COPASA,49.32,49.59,48.49,48.79,18369677.0,43.615500000000004,0.0,3.281770181825017,0.0,0.0,0.0,0.0,0.0,0.0,0.0
20170215,CSMG3,COPASA,48.53,49.41,48.44,49.16,88395943.0,44.066,0.0,3.3973912592489364,0.0,0.0,0.0,0.0,0.0,0.0,0.0
20170216,CSMG3,COPASA,49.2,49.95,48.52,49.66,22329689.0,44.561,0.0,3.4576671478416166,0.0,0.0,0.0,0.0,0.0,0.0,0.0
20170217,CSMG3,COPASA,49.79,49.88,49.12,49.8,23920269.0,45.0785,0.0,3.4268479839734933,0.0,0.0,0.0,0.0,0.0,0.0,0.0
20170220,CSMG3,COPASA,49.81,50.8,49.39,49.71,19819539.0,45.579499999999996,0.0,3.3286420101265013,0.0,0.0,0.0,0.0,0.0,0.0,0.0
20170221,CSMG3,COPASA,50.21,51.78,49.95,51.29,52987016.0,46.13349999999999,0.0,3.309931268168579,0.0,0.0,0.0,0.0,0.0,0.0,0.0
20170222,CSMG3,COPASA,51.28,51.61,49.42,49.73,43018626.0,46.55999999999999,0.0,3.188091328018935,0.0,0.0,0.0,0.0,0.0,0.0,0.0
20170223,CSMG3,COPASA,49.73,50.84,49.5,50.49,33593711.0,47.011999999999986,0.0,3.063892604961362,0.0,0.0,0.0,0.0,0.0,0.0,0.0
20170224,CSMG3,COPASA,50.26,51.6,49.67,51.59,39926866.0,47.49249999999999,0.0,2.985762487469329,0.0,0.0,0.0,0.0,0.0,0.0,0.0
20170301,CSMG3,COPASA,51.57,52.49,51.32,52.49,37118473.0,48.06949999999999,43.4555,2.7615107897861595,5.2438740572409905,53.94324811448198,32.96775188551802,59.187122171722976,27.72387782827703,64.43099622896396,22.48000377103604
20170302,CSMG3,COPASA,52.73,53.76,52.3,53.76,36293291.0,48.59949999999999,43.8795,2.7867496157804994,5.375934957443831,54.631369914887664,33.12763008511234,60.00730487233149,27.75169512766851,65.38323982977532,22.375760170224677
20170303,CSMG3,COPASA,53.88,54.28,53.2,54.0,63205558.0,49.06599999999999,44.3245,2.87388861813986,5.460006551137229,55.24451310227446,33.40448689772554,60.70451965341169,27.944480346588314,66.16452620454892,22.484473795451084
20170306,CSMG3,COPASA,54.15,54.67,53.6,54.38,16883872.0,49.53599999999999,44.7795,2.938408806784658,5.521878141097295,55.82325628219459,33.735743717805406,61.34513442329188,28.213865576708116,66.86701256438917,22.69198743561082
20170307,CSMG3,COPASA,54.42,55.47,53.72,54.31,14272198.0,49.98449999999998,45.2335,2.948793642723851,5.540693074299427,56.31488614859885,34.15211385140115,61.855579222898285,28.611420777101717,67.39627229719771,23.07072770280229
20170308,CSMG3,COPASA,54.32,54.32,51.9,52.62,32352590.0,50.344999999999985,45.648999999999994,2.7969240623453646,5.452990616777783,56.55498123355556,34.74301876644443,62.00797185033335,29.290028149666643,67.46096246711113,23.83703753288886
20170309,CSMG3,COPASA,52.4,52.4,45.81,46.26,105399779.0,50.41199999999999,45.87875,2.673453512633184,5.27289109016276,56.424532180325514,35.33296781967448,61.69742327048828,30.060076729511714,66.97031436065103,24.787185639348955
20170310,CSMG3,COPASA,47.4,47.46,43.59,46.27,71792497.0,50.4715,46.111749999999994,2.559346699123816,5.070252048304226,56.252254096608446,35.97124590339154,61.32250614491267,30.900993855087314,66.3927581932169,25.830741806783088
20170313,CSMG3,COPASA,46.82,50.15,46.56,49.76,40562674.0,50.632000000000005,46.41474999999999,2.395914505108573,4.910631056370936,56.23601211274186,36.59348788725812,61.1466431691128,31.682856830887182,66.05727422548374,26.772225774516247
20170314,CSMG3,COPASA,49.98,50.84,49.14,49.54,37757360.0,50.6605,46.658249999999995,2.3784304311435425,4.814769418288056,56.287788836576105,37.028711163423885,61.102558254864164,32.21394174513583,65.91732767315222,27.399172326847772
20170315,CSMG3,COPASA,49.78,49.78,47.72,49.4,58069746.0,50.65050000000001,46.900749999999995,2.3835388882036583,4.6981880781795615,56.29712615635912,37.50437384364087,60.99531423453868,32.80618576546131,65.69350231271824,28.10799768728175
20170316,CSMG3,COPASA,49.68,51.06,48.11,49.13,24169336.0,50.667500000000004,47.14149999999999,2.3707491043528113,4.5537415160361965,56.24898303207239,38.0340169679276,60.802724548108586,33.4802754518914,65.35646606414478,28.926533935855208
20170317,CSMG3,COPASA,49.34,49.34,44.99,44.99,65663069.0,50.45900000000001,47.262499999999996,2.6742493290051303,4.425706230764247,56.113912461528486,38.411087538471506,60.539618692292734,33.98538130770726,64.96532492305698,29.55967507694301
20170320,CSMG3,COPASA,44.99,44.99,40.83,41.9,43409553.0,50.07100000000001,47.315999999999995,3.2886389762011956,4.34488369913099,56.00576739826197,38.62623260173802,60.35065109739297,34.28134890260702,64.69553479652396,29.936465203476036
20170321,CSMG3,COPASA,42.16,43.3,41.38,42.42,56826330.0,49.70200000000001,47.390249999999995,3.707949639128876,4.230896424078695,55.85204284815738,38.92845715184261,60.08293927223608,34.69756072776391,64.31383569631478,30.466664303685214
20170322,CSMG3,COPASA,42.7,44.4,41.86,44.25,26759893.0,49.42900000000001,47.50425,3.903187496339257,4.076720582174849,55.6576911643497,39.3508088356503,59.73441174652454,35.274088253475455,63.811132328699394,31.197367671300604
20170323,CSMG3,COPASA,44.45,45.49,43.76,45.35,20184931.0,49.132000000000005,47.632749999999994,3.979376571114754,3.9188584074891692,55.47046681497833,39.79503318502166,59.389325222467505,35.87617477753248,63.30818362995667,31.957316370043316
20170324,CSMG3,COPASA,45.12,46.11,45.03,45.8,21726710.0,48.935500000000005,47.74774999999999,4.044786735644079,3.7906440069174674,55.329038013834925,40.166461986165054,59.11968202075239,36.375817979247586,62.91032602766986,32.58517397233012
20170327,CSMG3,COPASA,45.69,45.7,43.11,44.98,25726648.0,48.660000000000004,47.83599999999999,4.120278478069448,3.679735079650447,55.19547015930088,40.4765298406991,58.87520523895133,36.79679476104865,62.55494031860178,33.1170596813982
20170328,CSMG3,COPASA,44.5,44.79,42.76,43.67,38757743.0,48.263999999999996,47.878249999999994,4.20360797410988,3.619990712199422,55.118231424398836,40.63826857560115,58.73822213659826,37.01827786340173,62.358212848797685,33.398287151202304
20170329,CSMG3,COPASA,43.99,44.14,43.66,43.66,17691204.0,47.8225,47.94599999999999,4.200096333481708,3.5107102064747493,54.96742041294949,40.924579587050495,58.478130619424235,37.41386938057575,61.98884082589899,33.90315917410099
20170330,CSMG3,COPASA,43.92,43.98,42.0,42.8,11711560.0,47.274499999999996,47.93699999999999,4.098400811356362,3.5237314138456837,54.98446282769136,40.88953717230862,58.50819424153704,37.36580575846294,62.03192565538272,33.84207434461726
20170331,CSMG3,COPASA,42.99,44.2,42.69,44.2,41973181.0,46.784499999999994,47.92524999999999,3.828969182430196,3.535668063300906,54.996586126601805,40.85391387339818,58.53225418990271,37.318245810097274,62.06792225320362,33.78257774679636
20170403,CSMG3,COPASA,44.2,44.76,43.96,44.55,11721166.0,46.29299999999999,47.91449999999999,3.410733984905541,3.5454925881050037,55.005485176209994,40.823514823789985,58.550977764315,37.27802223568498,62.096470352420006,33.73252964757997
20170404,CSMG3,COPASA,44.82,46.01,44.71,45.23,38281428.0,45.839,47.91174999999999,2.844795617485255,3.547582699926858,55.00691539985371,40.81658460014627,58.55449809978057,37.269001900219415,62.10208079970742,33.72141920029256
20170405,CSMG3,COPASA,45.84,45.97,45.25,45.6,46080952.0,45.488,47.916499999999985,2.355011677253459,3.544272772682615,55.00504554536521,40.82795445463476,58.54931831804783,37.28368168195214,62.09359109073044,33.73940890926953
20170406,CSMG3,COPASA,45.6,45.76,44.67,45.32,38868684.0,45.441,47.92649999999998,2.3481636722296635,3.5361565039619847,54.99881300792395,40.854186992076016,58.53496951188593,37.31803048811403,62.07112601584792,33.78187398415204
20170407,CSMG3,COPASA,44.79,45.39,44.71,45.21,20116303.0,45.388000000000005,47.929749999999984,2.3404174166611122,3.533532036623692,54.99681407324737,40.8626859267526,58.53034610987106,37.32915389012891,62.06387814649475,33.79562185350522
20170410,CSMG3,COPASA,45.52,46.11,44.94,45.5,20503589.0,45.175000000000004,47.90349999999999,2.103434534780061,3.547915639444547,54.99933127888908,40.80766872111089,58.54724691833363,37.25975308166635,62.095162557778174,33.7118374422218
20170411,CSMG3,COPASA,45.71,47.43,45.11,46.9,32027911.0,45.043000000000006,47.85174999999999,1.8867713999818903,3.54705720389341,54.94586440778681,40.75763559221317,58.49292161168022,37.21057838831976,62.039978815573626,33.66352118442635
20170412,CSMG3,COPASA,46.5,47.05,45.47,45.8,37629946.0,44.86300000000001,47.75674999999999,1.5990098910197825,3.54991974448825,54.85658948897649,40.65691051102349,58.40650923346474,37.10699076653524,61.95642897795299,33.55707102204699
20170413,CSMG3,COPASA,46.0,46.87,45.19,45.63,12636733.0,44.688,47.67774999999999,1.2638354323250114,3.5614787245086887,54.80070744901737,40.55479255098261,58.362186173526055,36.99331382647392,61.923664898034744,33.431835101965234
20170417,CSMG3,COPASA,46.18,46.48,45.5,46.05,20988930.0,44.741,47.59999999999999,1.2989060174259766,3.562237124804182,54.72447424960835,40.475525750391625,58.28671137441253,36.91328862558744,61.84894849921672,33.35105150078326
20170418,CSMG3,COPASA,46.19,47.11,45.85,46.62,36302311.0,44.977000000000004,47.52399999999999,1.178791084566209,3.5495668208084843,54.62313364161695,40.42486635838302,58.17270046242544,36.875299537574534,61.722267283233926,33.32573271676605
20170419,CSMG3,COPASA,46.8,47.12,46.16,46.7,27236272.0,45.19100000000001,47.446499999999986,1.0739984318326994,3.5323998887949837,54.511299777589954,40.38170022241002,58.04369966638494,36.849300333615034,61.57609955517992,33.31690044482005
20170420,CSMG3,COPASA,38.02,39.0,35.6,36.93,198409456.0,44.825,47.12699999999999,2.1348671843318474,3.882988011497814,54.89297602299562,39.36102397700436,58.77596403449343,35.47803596550655,62.65895204599124,31.595047954008734
20170424,CSMG3,COPASA,37.36,38.0,36.13,36.18,54609885.0,44.3665,46.74924999999999,2.8732107017833286,4.190418489290118,55.13008697858022,38.368413021419755,59.32050546787035,34.17799453212963,63.51092395716046,29.987576042839517
20170425,CSMG3,COPASA,36.19,36.28,33.88,35.1,102301609.0,43.831500000000005,46.383499999999984,3.516428024662487,4.54688935652856,55.4772787130571,37.289721286942864,60.02416806958566,32.742831930414305,64.57105742611422,28.195942573885745
20170426,CSMG3,COPASA,35.47,35.47,34.25,34.5,45511728.0,43.307500000000005,45.983749999999986,4.073058950043132,4.868149065149168,55.72004813029832,36.24745186970165,60.58819719544749,31.379302804552484,65.45634626059666,26.511153739403316
20170427,CSMG3,COPASA,34.35,34.71,33.6,34.1,40351645.0,42.82900000000001,45.54649999999999,4.561127399875482,5.130107486253356,55.8067149725067,35.28628502749328,60.936822458760055,30.15617754123992,66.06692994501341,25.026070054986562
20170428,CSMG3,COPASA,34.54,36.19,34.44,36.0,103486666.0,42.44600000000001,45.13424999999999,4.802875673681576,5.219606964032281,55.57346392806455,34.69503607193543,60.793070892096836,29.475429107903143,66.01267785612912,24.255822143870862
20170502,CSMG3,COPASA,36.19,37.2,35.8,37.0,34879013.0,42.15600000000001,44.71524999999998,4.953129154489389,5.18198951374014,55.07922902748027,34.3512709725197,60.2612185412204,29.169281458779565,65.44320805496054,23.987291945039424
20170503,CSMG3,COPASA,37.18,38.36,36.76,38.1,37603582.0,41.85100000000001,44.31774999999998,5.008145890762173,5.059903458843902,54.437556917687786,34.19794308231218,59.49746037653169,29.138039623468277,64.55736383537558,24.078136164624375
20170504,CSMG3,COPASA,37.99,38.0,36.85,37.0,41295388.0,41.473500000000016,43.88324999999998,5.078056274433745,4.91791929501773,53.71908859003544,34.047411409964525,58.63700788505317,29.129492114946792,63.554927180070905,24.211572819929064
20170505,CSMG3,COPASA,37.1,38.04,37.1,37.85,25573994.0,41.104500000000016,43.47174999999998,5.058820826822678,4.7072256990770365,52.88620139815405,34.05729860184591,57.593427097231086,29.35007290276887,62.30065279630813,24.642847203691833
20170508,CSMG3,COPASA,37.94,38.5,37.38,38.13,28406892.0,40.73100000000001,43.10949999999998,4.984659519597695,4.539727174678326,52.188954349356635,34.03004565064333,56.72868152403496,29.490318475965005,61.26840869871329,24.95059130128668
20170509,CSMG3,COPASA,38.11,38.5,37.27,38.19,15986237.0,40.374500000000005,42.907749999999986,4.893312810679288,4.5753057835319115,52.05836156706381,33.75713843293616,56.63366735059572,29.18183264940425,61.20897313412763,24.60652686587234
20170510,CSMG3,COPASA,38.39,38.77,37.84,38.26,29010406.0,40.027,42.70749999999999,4.777246619461679,4.599599620256824,51.90669924051364,33.50830075948634,56.50629886077046,28.908701139229517,61.10589848102728,24.309101518972692
20170511,CSMG3,COPASA,38.63,38.63,37.52,38.35,22180994.0,39.669500000000006,42.422249999999984,4.610754562062385,4.503820877876925,51.429891755753836,33.41460824424613,55.93371263363076,28.91078736636921,60.43753351150768,24.406966488492284
20170512,CSMG3,COPASA,38.48,39.31,37.57,37.89,43693107.0,39.21900000000001,42.130999999999986,4.296568888139286,4.407387620918511,50.94577524183701,33.31622475816296,55.35316286275552,28.908837137244454,59.76055048367403,24.50144951632594
20170515,CSMG3,COPASA,37.9,38.0,35.87,36.1,61804811.0,38.73400000000001,41.79849999999998,4.055299846140285,4.346203500964375,50.49090700192873,33.10609299807123,54.83711050289311,28.759889497106858,59.18331400385748,24.413685996142483
20170516,CSMG3,COPASA,36.38,37.39,36.35,37.3,31419765.0,38.31750000000001,41.50274999999998,3.7240030456768807,4.235614560501031,49.97397912100204,33.03152087899792,54.20959368150307,28.795906318496883,58.4452082420041,24.560291757995852
20170517,CSMG3,COPASA,37.1,37.26,36.5,36.55,12490422.0,37.84250000000001,41.29174999999998,3.2631577780136047,4.267542310486802,49.826834620973585,32.75666537902637,54.09437693146039,28.489123068539573,58.36191924194719,24.22158075805277
20170518,CSMG3,COPASA,30.8,33.37,30.8,32.6,39546669.0,37.14150000000001,41.05924999999998,2.742713360697309,4.481526404056612,50.0223028081132,32.09619719188675,54.50382921216981,27.614670787830143,58.98535561622643,23.13314438377353
20170519,CSMG3,COPASA,32.31,33.91,32.03,32.91,57338676.0,36.452000000000005,40.82149999999997,1.7764470750704833,4.656334835744127,50.13416967148822,31.508830328511717,54.790504507232356,26.852495492767588,59.44683934297648,22.196160657023462
20170522,CSMG3,COPASA,32.31,32.7,30.79,31.59,33445407.0,36.18500000000001,40.504999999999974,2.0767421348682173,4.843805983961024,50.19261196792202,30.817388032077925,55.036417951883045,25.973582048116903,59.88022393584407,21.129776064155877
20170523,CSMG3,COPASA,31.78,32.86,31.76,32.23,34796092.0,35.98750000000001,40.17699999999998,2.2572243668065926,4.950353626322191,50.07770725264436,30.276292747355598,55.028060878966556,25.325939121033404,59.97841450528874,20.375585494711213
20170524,CSMG3,COPASA,32.67,32.99,32.07,32.55,25225963.0,35.86000000000001,39.845749999999974,2.378741374407052,5.007425198181684,49.86060039636334,29.830899603636606,54.868025594545024,24.823474405454924,59.87545079272671,19.816049207273238
20170525,CSMG3,COPASA,32.95,33.19,32.1,33.15,29834370.0,35.792500000000004,39.549999999999976,2.4377856107973663,5.045617036800511,49.641234073601,29.458765926398954,54.686851110401506,24.413148889598443,59.73246814720202,19.36753185279793
20170526,CSMG3,COPASA,33.2,34.64,33.2,34.1,25796750.0,35.792500000000004,39.31074999999997,2.4377856107973663,5.072071031766251,49.45489206353247,29.166607936467468,54.526963095298726,24.094536904701215,59.599034127064975,19.022465872934966
20170529,CSMG3,COPASA,34.0,34.14,33.25,34.14,14858675.0,35.69950000000001,39.07274999999997,2.464782418068827,5.0860926453846895,49.24493529076935,28.900564709230594,54.331027936154044,23.8144720638459,59.417120581538725,18.728379418461213
20170530,CSMG3,COPASA,34.0,35.14,33.9,34.82,16558682.0,35.590500000000006,38.87324999999997,2.4524155117160356,5.092645973638936,49.058541947277845,28.6879580527221,54.151187920916776,23.595312079083165,59.24383389455571,18.502666105444227
20170531,CSMG3,COPASA,34.8,35.1,34.45,34.9,26400880.0,35.43050000000001,38.640749999999976,2.383492517073953,5.05537763305778,48.75150526611554,28.529994733884415,53.80688289917332,23.474617100826634,58.8622605322311,18.419239467768854
20170601,CSMG3,COPASA,35.01,35.38,33.98,34.59,23495847.0,35.31000000000001,38.39174999999997,2.360780424039151,5.0018616470168205,48.395473294033614,28.388026705966332,53.39733494105043,23.386165058949512,58.399196588067255,18.38430341193269
20170602,CSMG3,COPASA,34.89,34.9,33.96,34.85,10593277.0,35.16000000000001,38.13224999999997,2.2849899228155426,4.9063404752396425,47.944930950479254,28.319569049520688,52.8512714257189,23.413228574281042,57.75761190095854,18.5068880990414
20170605,CSMG3,COPASA,34.89,34.89,34.14,34.65,11318935.0,34.986000000000004,37.85849999999998,2.176864959668315,4.782918618670084,47.42433723734015,28.29266276265981,52.20725585601023,23.509744143989728,56.990174474680316,18.726825525319644
20170606,CSMG3,COPASA,34.31,36.29,34.31,36.27,20477454.0,34.89000000000001,37.63224999999998,2.0677320400559256,4.632598809606728,46.89744761921344,28.36705238078652,51.530046428820164,23.73445357117979,56.16264523842689,19.101854761573065
20170607,CSMG3,COPASA,36.89,36.89,35.5,36.14,25031898.0,34.784000000000006,37.405499999999975,1.9360252281958215,4.4713497933352775,46.34819958667053,28.46280041332942,50.81954938000581,23.991450619994144,55.29089917334109,19.520100826658865
20170608,CSMG3,COPASA,36.33,36.35,34.95,36.29,21220880.0,34.681000000000004,37.17524999999998,1.7852492086098959,4.276736706763093,45.72872341352616,28.621776586473793,50.00546012028926,24.345039879710697,54.282196827052346,20.068303172947605
20170609,CSMG3,COPASA,36.54,38.01,35.71,38.0,81583309.0,34.68650000000001,36.95274999999997,1.795794136015463,3.978976151970404,44.91070230394078,28.994797696059166,48.88967845591119,25.01582154408876,52.86865460788159,21.03684539211836
20170612,CSMG3,COPASA,37.98,38.27,37.42,37.77,29408447.0,34.77,36.751999999999974,1.9007366992827166,3.7149726161120005,44.181945232223974,29.322054767775974,47.896917848335974,25.607082151663974,51.611890464447974,21.892109535551974
20170613,CSMG3,COPASA,37.77,37.86,37.09,37.7,29443150.0,34.790000000000006,36.55374999999997,1.9306284768928565,3.4296876493050195,43.41312529861001,29.694374701389933,46.84281294791503,26.264687052084916,50.27250059722005,22.834999402779893
20170614,CSMG3,COPASA,37.81,38.36,37.05,38.36,21845976.0,34.88050000000001,36.36149999999997,2.055835020515777,3.081595116419254,42.52469023283848,30.19830976716146,45.60628534925773,27.11671465074221,48.68788046567698,24.035119534322956
20170616,CSMG3,COPASA,38.38,38.81,37.49,38.81,23692201.0,35.19100000000002,36.16624999999998,2.1596147317227326,2.6291576963560477,41.42456539271207,30.90793460728788,44.05372308906812,28.278776910931832,46.68288078542417,25.649619214575786
20170619,CSMG3,COPASA,38.73,38.93,38.11,38.51,63347700.0,35.47100000000002,35.96149999999997,2.2107343385829146,2.040881596837076,40.04326319367412,31.87973680632582,42.0841447905112,29.838855209488745,44.12502638734828,27.797973612651667
20170620,CSMG3,COPASA,38.65,38.65,37.33,37.61,13425269.0,35.77200000000001,35.97849999999997,2.0591352298324184,2.0519578518189854,40.08241570363794,31.874584296362,42.134373555456925,29.822626444543012,44.18633140727591,27.77066859272403
20170621,CSMG3,COPASA,37.48,37.99,36.63,36.74,13202075.0,35.99750000000002,35.992499999999964,1.8909058675672261,2.0552755757582117,40.10305115151639,31.88194884848354,42.1583267272746,29.82667327272533,44.213602303032815,27.771397696967117
20170622,CSMG3,COPASA,36.77,37.85,36.77,37.35,16337070.0,36.23750000000002,36.04874999999997,1.727897642558162,2.0610044694462637,40.1707589388925,31.926741061107442,42.231763408338765,29.86573659166118,44.292767877785025,27.804732122214915
20170623,CSMG3,COPASA,37.64,37.91,36.97,37.59,16742827.0,36.45950000000002,36.12599999999996,1.5900661191151935,2.059374811777876,40.24474962355571,32.00725037644421,42.30412443533359,29.947875564666333,44.36349924711146,27.888500752888458
20170626,CSMG3,COPASA,38.0,38.3,37.45,38.29,10777553.0,36.66900000000002,36.230749999999965,1.5380024638951417,2.060241941854135,40.35123388370823,32.1102661162917,42.41147582556237,30.05002417443756,44.47171776741651,27.989782232583423
20170627,CSMG3,COPASA,38.29,38.48,37.65,38.01,11617784.0,36.86250000000002,36.28099999999996,1.4436280137574984,2.0788973901986822,40.43879478039733,32.123205219602596,42.51769217059601,30.044307829403916,44.59658956079469,27.965410439205236
20170628,CSMG3,COPASA,38.3,38.36,37.4,38.3,8271883.0,37.03650000000001,36.31349999999996,1.3933347918233503,2.100475587172634,40.51445117434523,32.11254882565469,42.614926761517864,30.01207323848206,44.715402348690496,27.911597651309428
20170629,CSMG3,COPASA,38.4,38.8,37.33,38.7,17085259.0,37.226500000000016,36.32849999999997,1.3449096036929094,2.1156481094637294,40.55979621892743,32.09720378107251,42.67544432839116,29.98155567160878,44.791092437854886,27.865907562145054
20170630,CSMG3,COPASA,42.1,42.5,39.85,40.0,140711589.0,37.497000000000014,36.403499999999966,1.3307026240615776,2.191865555955734,40.78723111191143,32.0197688880885,42.97909666786717,29.827903332132763,45.1709622238229,27.63603777617703
20170703,CSMG3,COPASA,43.0,43.67,42.35,43.35,129041480.0,37.92200000000001,36.54099999999997,1.7363470426823475,2.443053784686761,41.42710756937349,31.654892430626447,43.87016135406025,29.211838645939686,46.31321513874701,26.768784861252925
20170704,CSMG3,COPASA,43.42,44.25,42.95,44.25,29411815.0,38.402000000000015,36.69399999999997,2.077608949578477,2.720950814207017,42.135901628414004,31.252098371585934,44.85685244262102,28.531147557378915,47.577803256828034,25.8101967431719
20170705,CSMG3,COPASA,44.59,44.88,43.3,44.22,60184200.0,38.799500000000016,36.84474999999996,2.3858827672263225,2.9622972612658316,42.769344522531625,30.9201554774683,45.73164178379746,27.957858216202467,48.69393904506329,24.995560954936636
20170706,CSMG3,COPASA,44.3,44.75,44.29,44.4,47592502.0,39.21250000000002,36.99824999999997,2.606041311220841,3.187995823679093,43.374241647358154,30.622258352641786,46.56223747103725,27.43426252896269,49.75023329471634,24.2462667052836
20170707,CSMG3,COPASA,44.29,44.75,43.61,44.35,40285034.0,39.61550000000002,37.14824999999997,2.7495673822392246,3.38810278012908,43.92445556025813,30.37204443974181,47.31255834038721,26.98394165961273,50.70066112051629,23.59583887948365
20170710,CSMG3,COPASA,43.91,44.98,43.61,44.64,29858215.0,39.94750000000002,37.316999999999965,2.9386138425777646,3.5881837416864535,44.49336748337287,30.140632516627058,48.08155122505933,26.552448774940604,51.66973496674578,22.96426503325415
20170711,CSMG3,COPASA,44.58,45.14,44.38,45.0,29314304.0,40.30900000000002,37.53949999999997,3.0970799490046272,3.7815157387021006,45.10253147740417,29.976468522595766,48.88404721610627,26.19495278389367,52.66556295480837,22.413437045191564
20170712,CSMG3,COPASA,44.45,45.88,44.45,45.61,47755236.0,40.70450000000002,37.747249999999966,3.247764372772881,3.990513743354085,45.72827748670814,29.766222513291794,49.71879123006222,25.77570876993771,53.70930497341631,21.785195026583626
20170713,CSMG3,COPASA,45.69,46.28,45.24,45.69,22461202.0,41.07100000000002,37.97574999999997,3.3801555554364016,4.177501331154216,46.3307526623084,29.620747337691537,50.50825399346262,25.443246006537322,54.685755324616835,21.265744675383104
20170714,CSMG3,COPASA,45.55,45.95,45.35,45.6,13155998.0,41.41050000000003,38.30074999999997,3.4806086506453973,4.253549581051323,46.80784916210262,29.793650837897324,51.061398743153944,25.540101256846004,55.31494832420526,21.28655167579468
20170717,CSMG3,COPASA,45.9,45.9,45.5,45.89,14144901.0,41.77950000000003,38.62524999999997,3.547481649372099,4.326244292626978,47.27773858525393,29.972761414746017,51.60398287788091,25.64651712211904,55.930227170507884,21.320272829492062
20170718,CSMG3,COPASA,45.65,45.89,45.41,45.58,12594640.0,42.178000000000026,38.97499999999997,3.5018109600605536,4.308369910076382,47.59173982015274,30.358260179847207,51.90010973022912,26.049890269770827,56.2084796403055,21.741520359694444
20170719,CSMG3,COPASA,45.36,45.91,44.75,45.23,14404121.0,42.60250000000003,39.29999999999997,3.317654331475495,4.276725922406634,47.853451844813236,30.7465481551867,52.13017776721987,26.469822232780068,56.4069036896265,22.193096310373434
20170720,CSMG3,COPASA,45.5,45.8,44.73,44.98,10429646.0,42.98400000000002,39.610749999999975,3.1143359518608222,4.2249632906917105,48.0606765813834,31.160823418616552,52.28563987207511,26.935860127924844,56.51060316276681,22.710896837233133
20170721,CSMG3,COPASA,45.22,45.27,44.51,44.94,13504896.0,43.35150000000003,39.905499999999975,2.86826790754872,4.173625337945256,48.25275067589049,31.55824932410946,52.42637601383574,27.384623986164208,56.600001351781,23.21099864821895
20170724,CSMG3,COPASA,44.97,44.97,43.65,44.21,16479674.0,43.64750000000003,40.158249999999974,2.6125020775615453,4.118801099834776,48.39585219966953,31.92064780033042,52.5146532995043,27.801846700495645,56.63345439933908,23.68304560066087
20170725,CSMG3,COPASA,44.0,44.7,42.96,43.7,27590979.0,43.93200000000003,40.39724999999997,2.251090028361751,4.037186750569572,48.47162350113911,32.32287649886083,52.50881025170869,28.285689748291254,56.545997002278256,24.248502997721683
20170726,CSMG3,COPASA,43.55,44.19,43.55,43.9,17080796.0,44.21200000000003,40.624249999999975,1.820848847739985,3.9702695687721348,48.564789137544246,32.683710862455705,52.53505870631638,28.713441293683573,56.505328275088516,24.743171724911434
20170727,CSMG3,COPASA,44.17,44.76,43.72,44.35,46913807.0,44.49450000000003,40.86049999999997,1.278055574938673,3.901479633848348,48.663459267696666,33.05754073230328,52.56493890154502,29.156061098454927,56.466418535393366,25.25458146460658
20170728,CSMG3,COPASA,43.5,43.52,41.71,42.98,58353099.0,44.64350000000003,41.07024999999997,0.8170632585187624,3.779341611024413,48.6289332220488,33.511566777951145,52.40827483307321,29.732225166926735,56.18761644409763,25.95288355590232
20170731,CSMG3,COPASA,42.78,43.18,42.02,42.38,29693910.0,44.595000000000034,41.258499999999984,0.9201687488260148,3.6467755690859467,48.552051138171876,33.96494886182809,52.19882670725782,30.318173292742145,55.84560227634377,26.6713977236562
20170801,CSMG3,COPASA,42.28,43.41,42.28,43.2,13839389.0,44.54250000000003,41.47224999999998,0.9695190071697415,3.4969932047916585,48.466236409583296,34.47826359041667,51.96322961437495,30.981270385625006,55.46022281916662,27.484277180833345
20170802,CSMG3,COPASA,43.46,43.55,42.69,43.55,25073372.0,44.50900000000003,41.654249999999976,0.992550674830009,3.4076015232162473,48.46945304643247,34.83904695356748,51.87705456964872,31.431445430351232,55.284656092864964,28.02384390713499
20170803,CSMG3,COPASA,43.54,44.38,43.37,43.87,18788303.0,44.48250000000003,41.847499999999975,1.0026379679311401,3.3044916983729005,48.456483396745774,35.238516603254176,51.76097509511868,31.934024904881273,55.06546679349158,28.629533206508373
20170804,CSMG3,COPASA,44.11,44.63,43.5,43.9,24978629.0,44.46000000000003,42.037749999999974,1.0107839583840652,3.193527498647131,48.42480499729424,35.65069500270571,51.61833249594137,32.45716750405858,54.8118599945885,29.26364000541145
20170807,CSMG3,COPASA,43.99,44.26,42.83,43.95,26003111.0,44.425500000000035,42.18649999999998,1.0160785040123785,3.138733657760559,48.4639673155211,35.90903268447886,51.60270097328166,32.770299026718305,54.74143463104222,29.631565368957745
20170808,CSMG3,COPASA,44.2,44.2,43.31,43.31,12737275.0,44.34100000000003,42.324999999999974,1.0358667868023586,3.0600980376451985,48.44519607529037,36.20480392470958,51.50529411293557,33.144705887064376,54.56539215058077,30.08460784941918
20170809,CSMG3,COPASA,43.35,43.5,42.21,43.2,12431882.0,44.22050000000003,42.46249999999998,1.0205389443046005,2.969168708664566,48.40083741732911,36.52416258267085,51.370006125993676,33.55499387400628,54.33917483465824,30.585825165341713
20170810,CSMG3,COPASA,43.5,43.5,42.11,42.45,9096815.0,44.05850000000004,42.56474999999998,1.03208667016733,2.893733270982265,48.35221654196451,36.777283458035456,51.245949812946776,33.88355018705319,54.13968308392904,30.98981691607092
20170811,CSMG3,COPASA,42.44,42.75,42.01,42.2,4902511.0,43.888500000000036,42.64949999999998,1.0447526778596845,2.82988443181623,48.30926886363244,36.989731136367524,51.13915329544867,34.15984670455129,53.969037727264904,31.32996227273506
20170814,CSMG3,COPASA,42.21,42.48,41.31,42.04,24307193.0,43.69600000000004,42.737749999999984,1.0106923109278438,2.751438306851567,48.24062661370312,37.23487338629685,50.99206492055468,34.483435079445286,53.74350322740625,31.731996772593718
20170815,CSMG3,COPASA,42.0,42.33,40.81,41.5,14547724.0,43.49200000000003,42.83499999999999,1.0221010352778412,2.6316904969609984,48.098380993921985,37.57161900607799,50.730071490882985,34.93992850911699,53.36176198784398,32.308238012155996
20170816,CSMG3,COPASA,41.38,41.97,41.06,41.8,20620771.0,43.32050000000003,42.96149999999999,1.0027093560109155,2.4462850432483245,47.854070086496634,38.06892991350334,50.30035512974496,35.622644870255016,52.74664017299328,33.17635982700669
20170817,CSMG3,COPASA,41.48,41.97,40.3,40.6,23134180.0,43.10150000000003,43.042749999999984,1.0952302089179964,2.305021260817446,47.65279252163488,38.43270747836509,49.95781378245232,36.12768621754765,52.26283504326977,33.8226649567302
20170818,CSMG3,COPASA,40.9,41.14,39.65,40.3,15915011.0,42.86950000000003,43.11049999999999,1.1739025109707348,2.1769090649181946,47.46431812983638,38.7566818701636,49.64122719475457,36.579772805245405,51.81813625967277,34.402863740327206
20170821,CSMG3,COPASA,40.6,40.88,39.82,40.8,17803591.0,42.69900000000003,43.17324999999998,1.2158466835481248,2.0678372046967652,47.30892440939351,39.03757559060645,49.37676161409028,36.969738385909686,51.44459881878704,34.90190118121292
20170822,CSMG3,COPASA,41.0,42.2,40.59,42.0,21322330.0,42.61400000000002,43.27299999999998,1.201522718097956,1.9019655150692765,47.07693103013853,39.46906896986143,48.97889654520781,37.567103454792154,50.88086206027709,35.665137939722875
20170823,CSMG3,COPASA,42.07,42.41,40.59,41.25,11851303.0,42.481500000000025,43.346749999999986,1.1983553422570559,1.7557646993509957,46.858279398701974,39.835220601298,48.61404409805297,38.079455901947,50.36980879740397,36.323691202596
20170824,CSMG3,COPASA,41.22,41.6,40.75,41.39,6775831.0,42.33350000000002,43.41399999999999,1.1366399003897976,1.6194440324873476,46.65288806497468,40.17511193502529,48.27233209746203,38.55566790253795,49.89177612994938,36.9362238700506
20170825,CSMG3,COPASA,41.3,41.52,40.92,41.4,6500990.0,42.25450000000002,43.44899999999999,1.1442233633619754,1.5577198984577383,46.564439796915465,40.33356020308452,48.122159695373206,38.775840304626776,49.67987959383095,37.218120406169035
20170828,CSMG3,COPASA,41.31,41.58,40.87,41.42,11971925.0,42.20650000000002,43.400749999999995,1.158725593054815,1.5904126016822335,46.581575203364466,40.219924796635524,48.1719878050467,38.62951219495329,49.76240040672893,37.03909959327106
20170829,CSMG3,COPASA,41.46,41.64,40.82,41.23,20329397.0,42.10800000000002,43.32525,1.1535464766035404,1.62046208588624,46.566174171772474,40.08432582822752,48.18663625765872,38.463863742341275,49.80709834354496,36.843401656455036
20170830,CSMG3,COPASA,41.5,42.8,40.75,42.1,32250648.0,42.03550000000002,43.27224999999999,1.1025877456431017,1.6251098384968947,46.52246967699378,40.022030323006206,48.147579515490676,38.39692048450931,49.77268935398757,36.77181064601241
20170831,CSMG3,COPASA,41.99,43.49,41.75,43.11,27564750.0,41.99750000000002,43.23999999999999,1.0477689329438702,1.6149239880500277,46.46984797610004,40.010152023899934,48.08477196415007,38.395228035849904,49.6996959522001,36.78030404779987
20170901,CSMG3,COPASA,43.5,43.98,42.8,43.19,23495677.0,41.96200000000002,43.21099999999999,0.9903726039915852,1.6048640808332146,46.42072816166642,40.001271838333565,48.025592242499634,38.39640775750035,49.63045632333285,36.79154367666713
20170904,CSMG3,COPASA,43.34,43.51,42.6,43.36,10096277.0,41.93250000000002,43.17899999999999,0.9352954782202134,1.5883159925869963,46.35563198517398,40.002368014826,47.94394797776098,38.414052022239,49.53226397034797,36.825736029652006
20170905,CSMG3,COPASA,43.5,43.81,43.17,43.3,38468744.0,41.932000000000016,43.136499999999984,0.9345226757972098,1.5608471565639515,46.25819431312789,40.01480568687208,47.81904146969184,38.45395853030813,49.37988862625579,36.893111373744176
20170906,CSMG3,COPASA,43.44,44.15,43.32,43.95,15783269.0,41.96950000000002,43.094999999999985,1.0007811422769077,1.5147835590503216,46.12456711810063,40.06543288189934,47.63935067715095,38.55064932284902,49.15413423620127,37.0358657637987
20170908,CSMG3,COPASA,44.15,44.25,43.44,44.2,9069879.0,42.057000000000016,43.057749999999984,1.1149892612181564,1.4668971045661474,45.99154420913228,40.12395579086769,47.45844131369843,38.65705868630154,48.92533841826457,37.190161581735396
20170911,CSMG3,COPASA,44.2,44.42,43.98,44.34,12109455.0,42.164000000000016,43.02624999999999,1.2265372738774634,1.4238007774425772,45.87385155488514,40.17864844511484,47.29765233232772,38.75484766767226,48.7214531097703,37.33104689022968
20170912,CSMG3,COPASA,44.08,44.59,43.9,44.4,17512947.0,42.28200000000002,42.98899999999999,1.3236576119542567,1.36524403754465,45.71948807508929,40.25851192491069,47.084732112633944,38.89326788736604,48.44997615017859,37.52802384982139
20170913,CSMG3,COPASA,44.5,44.59,42.61,43.8,20514112.0,42.39700000000001,42.94449999999999,1.351755583637431,1.30636499003128,45.55722998006255,40.33177001993743,46.86359497009383,39.02540502990615,48.16995996012511,37.71904003987487
20170914,CSMG3,COPASA,43.8,43.89,43.16,43.43,22429626.0,42.47850000000001,42.89949999999999,1.3629583729212071,1.2556353994731908,45.41077079894637,40.388229201053605,46.66640619841956,39.13259380158042,47.92204159789275,37.87695840210723
20170915,CSMG3,COPASA,43.19,44.35,43.01,44.25,20741479.0,42.661000000000016,42.88124999999999,1.3424012263968677,1.229657420501668,45.34056484100332,40.421935158996654,46.570222261504995,39.19227773849498,47.79987968200666,37.96262031799331
20170918,CSMG3,COPASA,44.25,44.9,43.91,44.55,24546525.0,42.873500000000014,42.87149999999998,1.2841063859846478,1.2143660369900076,45.30023207398,40.44276792601997,46.514598110970006,39.22840188902996,47.72896414796001,38.01403585203995
20170919,CSMG3,COPASA,44.67,44.83,43.92,44.0,11151685.0,43.03350000000002,42.86624999999999,1.209333330915591,1.2088725145399748,45.28399502907994,40.448504970920034,46.49286754361991,39.239632456380065,47.701740058159885,38.03075994184009
20170920,CSMG3,COPASA,44.27,44.3,42.75,43.93,16106206.0,43.13000000000001,42.871999999999986,1.1994867323371583,1.2134781542199988,45.29895630843998,40.44504369155999,46.51243446265998,39.23156553733999,47.72591261687998,38.01808738311999
20170921,CSMG3,COPASA,43.75,44.06,42.9,43.4,14351610.0,43.23750000000001,42.85949999999998,1.1155356277781312,1.2051639956496385,45.26982799129926,40.44917200870071,46.4749919869489,39.244008013051065,47.680155982598535,38.03884401740143
20170922,CSMG3,COPASA,43.31,43.36,42.5,43.29,10566647.0,43.33250000000001,42.832999999999984,1.0273362335877927,1.1829996640439726,45.19899932808793,40.46700067191204,46.381998992131905,39.28400100786806,47.564998656175874,38.101001343824095
20170925,CSMG3,COPASA,43.29,43.33,41.67,42.09,26041311.0,43.36700000000001,42.810749999999985,0.9689500557441353,1.1885207084266234,45.18779141685323,40.43370858314674,46.37631212527985,39.245187874720116,47.564832833706475,38.056667166293494
20170926,CSMG3,COPASA,42.4,42.4,41.95,42.29,13053166.0,43.41050000000001,42.80849999999998,0.8935351140275619,1.189441907485187,45.18738381497035,40.42961618502961,46.37682572245554,39.24017427754442,47.566267629940725,38.05073237005924
20170927,CSMG3,COPASA,42.07,42.19,40.88,41.45,14797645.0,43.421500000000016,42.76474999999998,0.8662154527174881,1.2067310951066887,45.17821219021336,40.3512878097866,46.38494328532004,39.144556714679915,47.59167438042673,37.937825619573225
20170928,CSMG3,COPASA,41.62,41.85,40.73,41.85,16428620.0,43.40900000000001,42.72224999999998,0.8878234770020651,1.2083013877297746,45.13885277545953,40.30564722454043,46.3471541631893,39.09734583681066,47.55545555091908,37.889044449080885
20170929,CSMG3,COPASA,41.88,43.0,41.82,42.8,29178645.0,43.39350000000001,42.69549999999998,0.8959868126380542,1.1939998496757018,45.083499699351385,40.30750030064858,46.277499549027084,39.11350045097288,47.47149939870279,37.91950060129717
20171002,CSMG3,COPASA,42.88,43.2,41.72,41.76,14611954.0,43.32200000000002,42.64199999999998,0.9673000949469902,1.1865662590767738,45.01513251815353,40.268867481846435,46.201698777230305,39.08230122276966,47.388265036307075,37.89573496369289
20171003,CSMG3,COPASA,42.13,42.31,41.8,42.05,39340757.0,43.25650000000001,42.594499999999975,1.0080845568127985,1.1707874842742811,44.93607496854854,40.25292503145141,46.10686245282282,39.08213754717713,47.2776499370971,37.91135006290285
20171004,CSMG3,COPASA,42.06,43.58,42.0,43.2,22230371.0,43.251500000000014,42.591749999999976,1.0081054403918341,1.1691918916444581,44.930133783288895,40.25336621671106,46.099325674933354,39.0841743250666,47.268517566577806,37.914982433422146
20171005,CSMG3,COPASA,43.22,44.39,43.22,43.9,13847945.0,43.24900000000001,42.60924999999998,1.006342517812966,1.1836782902764416,44.97660658055287,40.241893419447095,46.16028487082931,39.058215129170655,47.34396316110575,37.874536838894215
20171006,CSMG3,COPASA,43.9,43.9,42.46,43.58,22363052.0,43.21800000000001,42.637499999999974,0.9848248575255623,1.1932260731053543,45.02395214621068,40.25104785378927,46.21717821931604,39.05782178068391,47.41040429242139,37.86459570757856
20171009,CSMG3,COPASA,43.8,44.04,42.45,43.3,12043400.0,43.16600000000001,42.66499999999998,0.9492789507389445,1.195558017981116,45.05611603596221,40.27388396403774,46.251674053943326,39.07832594605663,47.44723207192444,37.882767928075516
20171010,CSMG3,COPASA,43.57,43.7,43.19,43.45,15685976.0,43.11850000000001,42.700249999999976,0.907113844187173,1.1974427613320917,45.09513552266416,40.30536447733579,46.29257828399625,39.1079217160037,47.49002104532834,37.91047895467161
20171011,CSMG3,COPASA,43.3,44.1,43.27,43.6,13663423.0,43.108500000000014,42.75274999999998,0.9002822656783696,1.189479497241936,45.13170899448385,40.373791005516104,46.321188491725785,39.18431150827417,47.510667988967725,37.99483201103223
20171013,CSMG3,COPASA,44.01,44.01,43.31,43.64,9260747.0,43.119000000000014,42.79874999999998,0.9054391199855691,1.1872661713105501,45.17328234262108,40.424217657378875,46.360548513931626,39.23695148606833,47.54781468524218,38.049685314757774
20171016,CSMG3,COPASA,43.55,43.97,42.12,42.99,23346897.0,43.05600000000002,42.85849999999998,0.8655597519586776,1.1326586604205118,45.123817320841,40.59318267915896,46.25647598126152,39.46052401873844,47.38913464168203,38.32786535831793
20171017,CSMG3,COPASA,43.15,43.15,42.16,42.3,29412954.0,42.943500000000014,42.90849999999998,0.8052804349713255,1.0585392692835385,45.02557853856706,40.791421461432904,46.084117807850596,39.73288219214937,47.14265707713414,38.674342922865826
20171018,CSMG3,COPASA,42.64,42.8,41.58,42.09,21347756.0,42.84800000000002,42.94074999999998,0.7864283016807367,1.011247991345318,44.963245982690616,40.918254017309344,45.97449397403594,39.90700602596402,46.98574196538125,38.89575803461871
20171019,CSMG3,COPASA,42.12,42.12,41.3,41.75,10529283.0,42.73900000000002,42.93449999999998,0.7796146146453748,1.017961638489309,44.97042327697859,40.898576723021364,45.988384915467904,39.88061508453205,47.006346553957215,38.86265344604274
20171020,CSMG3,COPASA,41.77,42.15,41.64,41.93,15442480.0,42.66550000000002,42.95149999999998,0.7833025563197631,0.9945171486577289,44.94053429731544,40.962465702684526,45.935051445973166,39.9679485540268,46.929568594630894,38.97343140536907
20171023,CSMG3,COPASA,42.31,42.31,40.66,41.09,27639179.0,42.55550000000002,42.943999999999974,0.8431736725642542,1.0076395366882824,44.959279073376536,40.92872092662341,45.96691861006482,39.921081389935125,46.974558146753104,38.913441853246844
20171024,CSMG3,COPASA,41.43,41.43,40.51,41.18,19633098.0,42.51000000000002,42.938499999999976,0.892713191403315,1.0168416411009453,44.97218328220187,40.904816717798084,45.989024923302814,39.88797507669714,47.00586656440376,38.87113343559619
20171025,CSMG3,COPASA,41.48,41.48,40.39,41.0,19639173.0,42.445500000000024,42.927999999999976,0.9539473393830584,1.0349314358560273,44.99786287171203,40.85813712828792,46.03279430756806,39.82320569243189,47.067725743424084,38.78827425657587
20171026,CSMG3,COPASA,41.28,42.02,41.09,41.43,31709167.0,42.44450000000002,42.93299999999998,0.9550556610950488,1.0269701516147551,44.98694030322949,40.87905969677047,46.01391045484424,39.852089545155714,47.040880606459,38.82511939354096
20171027,CSMG3,COPASA,41.43,41.8,40.41,40.85,32994861.0,42.394500000000015,42.90174999999998,1.012279735625544,1.0710404419092079,45.043830883818394,40.75966911618156,46.114871325727606,39.68862867427235,47.18591176763681,38.61758823236315
20171030,CSMG3,COPASA,40.46,40.93,40.0,40.14,18696185.0,42.26150000000002,42.82749999999998,1.1247000769796893,1.1558252684908736,45.139150536981724,40.515849463018235,46.2949758054726,39.360024194527355,47.450801073963476,38.20419892603648
20171031,CSMG3,COPASA,40.4,40.4,39.02,39.4,28609421.0,42.14350000000002,42.73274999999998,1.2915159391400686,1.2745899038815893,45.28192980776316,40.1835701922368,46.55651971164475,38.90898028835522,47.83110961552634,37.634390384473626
20171101,CSMG3,COPASA,39.71,40.89,39.71,40.46,51154980.0,42.06400000000002,42.660249999999984,1.3453874417509895,1.3196765095066108,45.299603019013205,40.02089698098676,46.61927952851982,38.70122047148015,47.938956038026426,37.38154396197354
20171103,CSMG3,COPASA,41.02,41.44,40.24,40.89,23423315.0,41.94850000000002,42.59999999999999,1.3418811422775923,1.3445006698704236,45.289001339740835,39.91099866025914,46.633502009611256,38.56649799038872,47.97800267948168,37.22199732051829
20171106,CSMG3,COPASA,41.4,41.4,40.47,40.8,9918761.0,41.793500000000016,42.52124999999999,1.2823181106271246,1.355606000357442,45.232462000714875,39.8100379992851,46.588068001072315,38.45443199892766,47.943674001429756,37.09882599857022
20171107,CSMG3,COPASA,40.95,41.11,39.51,39.95,14580169.0,41.612000000000016,42.414999999999985,1.2730096952540209,1.3868484841354152,45.18869696827082,39.64130303172915,46.57554545240623,38.25445454759374,47.962393936541645,36.867606063458325
20171108,CSMG3,COPASA,40.37,40.37,39.37,40.1,15282112.0,41.45200000000002,42.30899999999998,1.2505855470644631,1.3979358409399922,45.10487168187997,39.513128318119996,46.502807522819964,38.11519247718,47.90074336375995,36.717256636240016
20171109,CSMG3,COPASA,40.29,40.49,39.88,40.1,12117535.0,41.28450000000002,42.20149999999998,1.191860443084541,1.3983498516795794,44.99819970335914,39.40480029664082,46.39654955503872,38.006450444961246,47.7948994067183,36.60810059328166
20171110,CSMG3,COPASA,40.15,40.15,39.37,39.62,13632424.0,41.08550000000002,42.09699999999998,1.1146652790011564,1.4316212792423453,44.96024255848467,39.23375744151529,46.391863837727016,37.802136162272944,47.82348511696936,36.3705148830306
20171113,CSMG3,COPASA,39.78,39.86,38.69,39.5,14400604.0,40.87850000000002,41.99874999999998,0.9930933861850093,1.4720771779865096,44.942904355973,39.05459564402696,46.414981533959505,37.582518466040455,47.88705871194602,36.11044128805394
20171114,CSMG3,COPASA,39.81,40.19,39.02,39.48,26865108.0,40.70300000000002,41.87949999999998,0.9066949814981231,1.4782230323375933,44.83594606467516,38.923053935324795,46.31416909701276,37.4448309029872,47.792392129350354,35.966607870649604
20171116,CSMG3,COPASA,39.51,41.01,39.3,39.88,29019906.0,40.58200000000002,41.76274999999998,0.8414874049157101,1.4459651864802432,44.65468037296047,38.870819627039495,46.100645559440714,37.42485444055925,47.54661074592096,35.97888925407901
20171117,CSMG3,COPASA,40.05,41.2,39.61,40.9,16956182.0,40.52250000000002,41.68524999999998,0.7681205703055419,1.4054892158595398,44.49622843171906,38.8742715682809,45.9017176475786,37.468782352421364,47.30720686343814,36.063293136561825
20171121,CSMG3,COPASA,40.5,41.95,40.21,41.57,36192720.0,40.51350000000002,41.626249999999985,0.7539040494583304,1.3575594381849951,44.34136887636998,38.91113112362999,45.69892831455497,37.553571685445,47.05648775273997,36.19601224726
20171122,CSMG3,COPASA,41.68,42.99,41.68,42.54,28710297.0,40.544000000000025,41.60474999999998,0.8233653662354184,1.3353766154640563,44.275503230928095,38.93399676907187,45.61087984639215,37.59862015360781,46.94625646185621,36.263243538143755
20171123,CSMG3,COPASA,42.2,42.9,41.91,42.8,7088282.0,40.62950000000002,41.59249999999998,0.9604246593647967,1.3216981113083013,44.23589622261658,38.94910377738338,45.55759433392488,37.62740566607508,46.87929244523318,36.30570755476678
20171124,CSMG3,COPASA,42.92,42.92,42.33,42.8,8368003.0,40.71050000000002,41.61024999999998,1.0712190547026743,1.3332676025464776,44.276785205092935,38.943714794907024,45.61005280763941,37.610447192360546,46.94332041018589,36.27717958981407
20171127,CSMG3,COPASA,42.89,42.89,41.69,42.0,19373292.0,40.76050000000002,41.60299999999998,1.1081443711758039,1.330261589852135,44.26352317970425,38.94247682029571,45.593784769556386,37.612215230443574,46.92404635940852,36.28195364059144
20171128,CSMG3,COPASA,42.23,42.23,41.5,42.12,9467060.0,40.79500000000002,41.619749999999975,1.140357746268197,1.3325019603584103,44.284753920716796,38.954746079283154,45.61725588107521,37.62224411892474,46.949757841433616,36.289742158566334
20171129,CSMG3,COPASA,41.85,42.32,40.2,41.33,13827472.0,40.819000000000024,41.60674999999998,1.1466101067242966,1.3327345851140078,44.27221917022799,38.94128082977196,45.604953755342,37.60854624465795,46.937688340456006,36.27581165954395
20171130,CSMG3,COPASA,41.72,41.77,39.93,40.9,29979920.0,40.85700000000002,41.55924999999998,1.1354623449689132,1.3229384300652942,44.20512686013056,38.91337313986939,45.52806529019586,37.59043470980409,46.851003720261154,36.2674962797388
20171201,CSMG3,COPASA,41.14,41.14,39.61,40.4,16223252.0,40.907000000000025,41.525249999999986,1.0889932579174548,1.335067438035473,44.19538487607093,38.85511512392904,45.530452314106405,37.520047685893566,46.86551975214188,36.18498024785809
20171204,CSMG3,COPASA,40.69,41.62,40.12,41.62,8456015.0,40.96500000000002,41.514499999999984,1.094808322565231,1.3324624399382492,44.179424879876485,38.84957512012348,45.51188731981473,37.517112680185235,46.84434975975298,36.18465024024699
20171205,CSMG3,COPASA,41.62,42.2,41.01,41.8,12888671.0,41.01050000000002,41.47949999999998,1.1103270025680634,1.3051612534227093,44.0898225068454,38.86917749315456,45.394983760268104,37.564016239731856,46.700145013690815,36.258854986309146
20171206,CSMG3,COPASA,41.55,42.0,41.15,42.0,20553917.0,41.070500000000024,41.431999999999974,1.1305912519330634,1.248139538550218,43.92827907710041,38.935720922899534,45.176418615650626,37.68758138434932,46.424558154200845,36.4394418457991
20171207,CSMG3,COPASA,41.88,41.88,40.55,41.61,18828243.0,41.15350000000002,41.38274999999997,1.1046374732773763,1.1991128932545416,43.78097578650905,38.98452421349089,44.9800886797636,37.78541132023635,46.17920157301814,36.586298426981806
20171208,CSMG3,COPASA,41.95,42.58,41.84,41.98,15842938.0,41.24750000000002,41.34974999999998,1.0901659699813926,1.1626042550439093,43.6749585100878,39.02454148991216,44.83756276513171,37.86193723486825,46.00016702017562,36.69933297982434
20171211,CSMG3,COPASA,42.44,42.5,40.9,41.99,21397711.0,41.34200000000002,41.313249999999975,1.067133888901629,1.117000074604616,43.547250149209205,39.079249850790745,44.66425022381382,37.96224977618613,45.78125029841844,36.84524970158151
20171212,CSMG3,COPASA,41.64,41.92,40.66,41.77,14190975.0,41.449500000000015,41.26749999999998,0.9900423967531058,1.056791831137537,43.38108366227505,39.1539163377249,44.43787549341259,38.09712450658736,45.49466732455012,37.04033267544983
20171213,CSMG3,COPASA,41.43,42.57,41.31,41.63,12181278.0,41.55600000000002,41.21724999999998,0.8774568515408635,0.9865401534448722,43.19033030688972,39.24416969311024,44.1768704603346,38.25762953966536,45.16341061377947,37.27108938622049
20171214,CSMG3,COPASA,41.06,41.7,40.59,40.7,28203582.0,41.61700000000002,41.15999999999998,0.7600976391575286,0.9466675695192841,43.05333513903855,39.26666486096141,44.00000270855784,38.31999729144213,44.94667027807712,37.37332972192284
20171215,CSMG3,COPASA,40.92,41.38,40.12,41.35,23484623.0,41.69050000000002,41.136249999999976,0.6457673933515143,0.929087469316581,42.99442493863314,39.27807506136681,43.923512407949715,38.348987592050236,44.8525998772663,37.41990012273365
20171218,CSMG3,COPASA,41.35,42.05,41.15,41.65,13011426.0,41.72800000000002,41.12524999999998,0.6186538867405332,0.9200668523648575,42.965383704729696,39.285116295270264,43.88545055709455,38.36504944290541,44.80551740945941,37.44498259054055
20171219,CSMG3,COPASA,41.27,41.39,40.81,41.19,9715809.0,41.70900000000002,41.111249999999984,0.6295018916406591,0.9145608095468769,42.94037161909374,39.28212838090623,43.854932428640616,38.36756757135935,44.76949323818749,37.453006761812475
20171220,CSMG3,COPASA,41.51,41.82,40.99,41.67,9840619.0,41.66550000000002,41.10474999999998,0.5983439866130595,0.9095025055998321,42.923755011199646,39.28574498880032,43.83325751679948,38.376242483200485,44.74276002239931,37.46673997760065
20171221,CSMG3,COPASA,41.63,42.15,41.63,41.8,7654024.0,41.61550000000002,41.12249999999999,0.5372098972323842,0.9161114868891888,42.95472297377837,39.29027702622161,43.87083446066755,38.374165539332424,44.786945947556745,37.45805405244323
20171222,CSMG3,COPASA,42.13,42.13,41.31,41.7,4311083.0,41.560500000000026,41.135499999999986,0.46037141755921496,0.9206267374694552,42.976753474938896,39.29424652506108,43.89738021240835,38.37361978759162,44.818006949877805,37.45299305012217
20171226,CSMG3,COPASA,41.31,42.74,41.25,42.14,6979733.0,41.567500000000024,41.16399999999999,0.4684001325904427,0.933874751389132,43.031749502778254,39.29625049722172,43.96562425416738,38.362375745832594,44.899499005556514,37.42850099444346
20171227,CSMG3,COPASA,42.63,42.99,42.02,42.99,11680313.0,41.611000000000026,41.20299999999999,0.5548342569018231,0.9768531370078675,43.156706274015725,39.24929372598425,44.13355941102359,38.27244058897639,45.11041254803146,37.295587451968515
20171228,CSMG3,COPASA,42.74,44.02,42.66,43.39,24156305.0,41.71400000000002,41.26649999999999,0.6775606401296143,1.0341912484940083,43.33488249698801,39.19811750301198,44.36907374548202,38.16392625451797,45.40326499397602,37.129735006023964
