DATA DO PREGAO,CODIGO DE NEGOCIACAO DO PAPEL,NOME RESUMIDO DA EMPRESA EMISSORA,PRECO DE ABERTURA,PRECO MAXIMO,PRECO MINIMO,PRECO FECHAMENTO,VOLUME TOTAL DE TITULOS NEGOCIADOS NESTE PAPEL,MA_20,MA_40,STD_20,STD_40,BANDA_1_40 SUPERIOR,BANDA_1_40 INFERIOR,BANDA_2_40 SUPERIOR,BANDA_2_40 INFERIOR,BANDA_3_40 SUPERIOR,BANDA_3_40 INFERIOR
20170102,DTEX3,DURATEX,6.7,6.73,6.57,6.66,6492064.0,0.0,0.0,0.0,0.0,0.0,0.0,0.0,0.0,0.0,0.0
20170103,DTEX3,DURATEX,6.71,7.3,6.67,7.3,23663269.0,0.0,0.0,0.0,0.0,0.0,0.0,0.0,0.0,0.0,0.0
20170104,DTEX3,DURATEX,7.21,7.49,7.19,7.42,12493463.0,0.0,0.0,0.0,0.0,0.0,0.0,0.0,0.0,0.0,0.0
20170105,DTEX3,DURATEX,7.47,7.92,7.34,7.85,23512659.0,0.0,0.0,0.0,0.0,0.0,0.0,0.0,0.0,0.0,0.0
20170106,DTEX3,DURATEX,7.78,7.85,7.52,7.59,13269963.0,0.0,0.0,0.0,0.0,0.0,0.0,0.0,0.0,0.0,0.0
20170109,DTEX3,DURATEX,7.64,7.86,7.51,7.7,9921904.0,0.0,0.0,0.0,0.0,0.0,0.0,0.0,0.0,0.0,0.0
20170110,DTEX3,DURATEX,7.76,7.8,7.54,7.56,11657735.0,0.0,0.0,0.0,0.0,0.0,0.0,0.0,0.0,0.0,0.0
20170111,DTEX3,DURATEX,7.55,7.63,7.05,7.15,21829050.0,0.0,0.0,0.0,0.0,0.0,0.0,0.0,0.0,0.0,0.0
20170112,DTEX3,DURATEX,7.39,7.57,7.27,7.52,16528585.0,0.0,0.0,0.0,0.0,0.0,0.0,0.0,0.0,0.0,0.0
20170113,DTEX3,DURATEX,7.52,7.6,7.26,7.27,7843631.0,0.0,0.0,0.0,0.0,0.0,0.0,0.0,0.0,0.0,0.0
20170116,DTEX3,DURATEX,7.37,7.65,7.28,7.59,7017930.0,0.0,0.0,0.0,0.0,0.0,0.0,0.0,0.0,0.0,0.0
20170117,DTEX3,DURATEX,7.6,7.65,7.48,7.55,8846357.0,0.0,0.0,0.0,0.0,0.0,0.0,0.0,0.0,0.0,0.0
20170118,DTEX3,DURATEX,7.6,7.76,7.52,7.56,10206713.0,0.0,0.0,0.0,0.0,0.0,0.0,0.0,0.0,0.0,0.0
20170119,DTEX3,DURATEX,7.52,7.6,7.16,7.16,14938102.0,0.0,0.0,0.0,0.0,0.0,0.0,0.0,0.0,0.0,0.0
20170120,DTEX3,DURATEX,7.19,7.44,7.1,7.37,7379039.0,0.0,0.0,0.0,0.0,0.0,0.0,0.0,0.0,0.0,0.0
20170123,DTEX3,DURATEX,7.4,7.42,7.27,7.35,5401842.0,0.0,0.0,0.0,0.0,0.0,0.0,0.0,0.0,0.0,0.0
20170124,DTEX3,DURATEX,7.31,7.63,7.31,7.6,11770088.0,0.0,0.0,0.0,0.0,0.0,0.0,0.0,0.0,0.0,0.0
20170126,DTEX3,DURATEX,7.62,8.04,7.62,8.04,17874280.0,0.0,0.0,0.0,0.0,0.0,0.0,0.0,0.0,0.0,0.0
20170127,DTEX3,DURATEX,8.05,8.1,7.68,7.75,15735272.0,0.0,0.0,0.0,0.0,0.0,0.0,0.0,0.0,0.0,0.0
20170130,DTEX3,DURATEX,7.75,7.88,7.52,7.53,6750550.0,7.476000000000001,0.0,0.29242002955374047,0.0,0.0,0.0,0.0,0.0,0.0,0.0
20170131,DTEX3,DURATEX,7.65,7.65,7.42,7.54,6389281.0,7.5200000000000005,0.0,0.22054955285186573,0.0,0.0,0.0,0.0,0.0,0.0,0.0
20170201,DTEX3,DURATEX,7.6,8.18,7.6,7.98,23205146.0,7.553999999999999,0.0,0.23667432653776643,0.0,0.0,0.0,0.0,0.0,0.0,0.0
20170202,DTEX3,DURATEX,7.98,8.09,7.83,7.86,11523183.0,7.5760000000000005,0.0,0.24390248267008602,0.0,0.0,0.0,0.0,0.0,0.0,0.0
20170203,DTEX3,DURATEX,7.93,8.6,7.93,8.5,35339121.0,7.608500000000001,0.0,0.3152154651562711,0.0,0.0,0.0,0.0,0.0,0.0,0.0
20170206,DTEX3,DURATEX,8.53,8.59,8.11,8.25,15353136.0,7.641500000000001,0.0,0.34620156891006393,0.0,0.0,0.0,0.0,0.0,0.0,0.0
20170207,DTEX3,DURATEX,8.32,8.39,8.13,8.21,6886709.0,7.667000000000002,0.0,0.36878320546301907,0.0,0.0,0.0,0.0,0.0,0.0,0.0
20170208,DTEX3,DURATEX,8.22,8.37,8.15,8.3,7544643.0,7.704000000000002,0.0,0.39375921041859363,0.0,0.0,0.0,0.0,0.0,0.0,0.0
20170209,DTEX3,DURATEX,8.32,8.57,8.27,8.55,11043879.0,7.774000000000003,0.0,0.41400991597583336,0.0,0.0,0.0,0.0,0.0,0.0,0.0
20170210,DTEX3,DURATEX,8.56,9.05,8.46,9.0,17965637.0,7.848000000000002,0.0,0.49127760401887555,0.0,0.0,0.0,0.0,0.0,0.0,0.0
20170213,DTEX3,DURATEX,8.99,9.0,8.79,8.86,19520191.0,7.927500000000002,0.0,0.5205955597602674,0.0,0.0,0.0,0.0,0.0,0.0,0.0
20170214,DTEX3,DURATEX,8.86,8.89,8.69,8.8,12467208.0,7.988000000000002,0.0,0.5488514322991634,0.0,0.0,0.0,0.0,0.0,0.0,0.0
20170215,DTEX3,DURATEX,8.79,8.93,8.74,8.74,16329267.0,8.047500000000003,0.0,0.5631852551150008,0.0,0.0,0.0,0.0,0.0,0.0,0.0
20170216,DTEX3,DURATEX,8.74,8.86,8.54,8.59,14247472.0,8.099000000000002,0.0,0.5633536796907019,0.0,0.0,0.0,0.0,0.0,0.0,0.0
20170217,DTEX3,DURATEX,8.6,8.7,8.52,8.63,9751895.0,8.172500000000003,0.0,0.5292584186238438,0.0,0.0,0.0,0.0,0.0,0.0,0.0
20170220,DTEX3,DURATEX,8.63,8.88,8.63,8.67,4508132.0,8.2375,0.0,0.5047758752263501,0.0,0.0,0.0,0.0,0.0,0.0,0.0
20170221,DTEX3,DURATEX,8.7,8.8,8.63,8.7,9573519.0,8.305000000000001,0.0,0.46883393985279725,0.0,0.0,0.0,0.0,0.0,0.0,0.0
20170222,DTEX3,DURATEX,8.73,8.76,8.61,8.69,7358322.0,8.3595,0.0,0.44533222370909314,0.0,0.0,0.0,0.0,0.0,0.0,0.0
20170223,DTEX3,DURATEX,8.69,8.88,8.42,8.58,14800111.0,8.386500000000002,0.0,0.44129325492478,0.0,0.0,0.0,0.0,0.0,0.0,0.0
20170224,DTEX3,DURATEX,8.47,8.6,8.21,8.44,28859506.0,8.421000000000003,0.0,0.41510810259751246,0.0,0.0,0.0,0.0,0.0,0.0,0.0
20170301,DTEX3,DURATEX,8.47,8.52,8.02,8.09,17782253.0,8.449000000000002,7.9625,0.36806606958391197,0.5919535238166712,9.146407047633343,6.778592952366658,9.738360571450015,6.186639428549986,10.330314095266685,5.594685904733316
20170302,DTEX3,DURATEX,8.06,8.19,7.97,8.1,9394784.0,8.477000000000002,7.9985,0.3123611270376203,0.5532308369698485,9.104961673939696,6.892038326060303,9.658192510909545,6.338807489090454,10.211423347879395,5.785576652120605
20170303,DTEX3,DURATEX,8.18,8.34,8.05,8.15,8987683.0,8.485500000000004,8.019749999999998,0.3002012482880211,0.5419219713915677,9.103593942783133,6.935906057216863,9.645515914174702,6.393984085825295,10.187437885566268,5.8520621144337275
20170306,DTEX3,DURATEX,8.16,8.25,8.09,8.09,7226512.0,8.497000000000003,8.036499999999998,0.2786074393535818,0.5331933309833576,9.102886661966714,6.970113338033283,9.636079992950071,6.436920007049926,10.169273323933428,5.903726676066568
20170307,DTEX3,DURATEX,8.1,8.2,8.0,8.0,8001025.0,8.472000000000003,8.040249999999997,0.299940344945987,0.5323748799675966,9.10499975993519,6.975500240064804,9.637374639902786,6.443125360097207,10.169749519870383,5.910750480129611
20170308,DTEX3,DURATEX,8.0,8.09,7.79,7.79,12128315.0,8.449000000000002,8.04525,0.33360708057612953,0.528966033032901,9.103182066065802,6.9873179339341975,9.632148099098703,6.458351900901296,10.161114132131603,5.929385867868396
20170309,DTEX3,DURATEX,7.77,8.04,7.68,7.88,20942431.0,8.432500000000001,8.04975,0.35361107091504657,0.5267144777065095,9.103178955413018,6.99632104458698,9.629893433119527,6.469606566880471,10.156607910826038,5.942892089173961
20170310,DTEX3,DURATEX,7.9,8.04,7.81,7.9,38396293.0,8.412500000000001,8.058249999999997,0.37231671577046754,0.5213241892109076,9.100898378421812,7.015601621578182,9.62222256763272,6.494277432367275,10.143546756843628,5.9729532431563666
20170313,DTEX3,DURATEX,7.98,8.13,7.86,8.09,7953162.0,8.389500000000002,8.081749999999998,0.377547138918129,0.5000865950653972,9.081923190130793,7.081576809869203,9.58200978519619,6.581490214803806,10.082096380261586,6.081403619738409
20170314,DTEX3,DURATEX,8.09,8.32,8.02,8.29,16804186.0,8.354000000000001,8.100999999999999,0.3494567212116571,0.49267350191296,9.086347003825919,7.115652996174079,9.579020505738878,6.622979494261119,10.071694007651839,6.130305992348159
20170315,DTEX3,DURATEX,8.27,8.46,8.03,8.38,19511666.0,8.330000000000002,8.12875,0.32874562234428023,0.4756328442865384,9.080015688573077,7.177484311426923,9.555648532859616,6.701851467140385,10.031281377146154,6.226218622853846
20170316,DTEX3,DURATEX,8.45,8.58,8.35,8.48,19577023.0,8.314,8.151,0.31202901349579604,0.47057411743528776,9.092148234870574,7.209851765129424,9.562722352305864,6.739277647694136,10.03329646974115,6.268703530258849
20170317,DTEX3,DURATEX,8.48,8.54,8.11,8.26,21941942.0,8.29,8.16875,0.2955636898146385,0.4606082238708249,9.089966447741649,7.24753355225835,9.550574671612473,6.786925328387524,10.011182895483298,6.3263171045167
20170320,DTEX3,DURATEX,8.18,8.56,8.18,8.55,9341559.0,8.288,8.1935,0.293555338636699,0.4536040858134622,9.100708171626925,7.286291828373076,9.554312257440387,6.832687742559614,10.007916343253848,6.379083656746151
20170321,DTEX3,DURATEX,8.56,8.57,8.35,8.44,12959400.0,8.2785,8.2255,0.284850376236555,0.422938135744067,9.071376271488134,7.379623728511866,9.494314407232201,6.9566855927677995,9.917252542976268,6.533747457023733
20170322,DTEX3,DURATEX,8.45,8.71,8.28,8.66,21326966.0,8.278,8.25775,0.2841348827211278,0.40482656938749917,9.067403138774997,7.448096861225001,9.472229708162498,7.043270291837502,9.877056277549997,6.638443722450003
20170323,DTEX3,DURATEX,8.64,8.67,8.38,8.67,18258556.0,8.2765,8.29075,0.28185989427373614,0.3820953532488448,9.054940706497689,7.526559293502309,9.437036059746534,7.144463940253464,9.819131412995379,6.7623685870046195
20170324,DTEX3,DURATEX,8.65,8.66,8.41,8.6,11061280.0,8.272,8.31575,0.27555876247898387,0.3682034519817579,9.052156903963516,7.579343096036483,9.420360355945274,7.211139644054725,9.788563807927032,6.842936192072968
20170327,DTEX3,DURATEX,8.57,8.75,8.49,8.7,6604794.0,8.277999999999999,8.332249999999998,0.28380126478706635,0.37031163245056975,9.072873264901137,7.591626735098859,9.443184897351708,7.221315102648289,9.813496529802277,6.851003470197719
20170328,DTEX3,DURATEX,8.74,8.84,8.66,8.82,13052556.0,8.296999999999999,8.358999999999998,0.30699048502313336,0.36579243098252234,9.090584861965043,7.627415138034953,9.456377292947565,7.261622707052432,9.822169723930088,6.895830276069908
20170329,DTEX3,DURATEX,8.82,9.4,8.78,9.3,25233332.0,8.357499999999998,8.40325,0.375610030133441,0.36997149924880884,9.143192998497618,7.663307001502382,9.513164497746427,7.293335502253573,9.883135996995236,6.923364003004765
20170330,DTEX3,DURATEX,9.21,9.45,9.19,9.27,22236629.0,8.416,8.446499999999999,0.4216808471369172,0.3675807952350642,9.181661590470126,7.71133840952987,9.549242385705192,7.343757614294806,9.916823180940256,6.9761768190597415
20170331,DTEX3,DURATEX,9.28,9.31,9.07,9.2,21350733.0,8.468499999999999,8.476999999999999,0.4511537840272521,0.37833779507139975,9.233675590142798,7.720324409857199,9.612013385214198,7.3419866147857995,9.990351180285597,6.9636488197143995
20170403,DTEX3,DURATEX,9.25,9.3,9.14,9.27,16436924.0,8.5275,8.512249999999998,0.4755481601600225,0.38500407923247043,9.28225815846494,7.742241841535058,9.66726223769741,7.357237762302587,10.05226631692988,6.972233683070116
20170404,DTEX3,DURATEX,9.25,9.26,9.06,9.15,23600115.0,8.584999999999999,8.528499999999998,0.47792864475116803,0.39797274742412847,9.324445494848254,7.73255450515174,9.722418242272383,7.334581757727612,10.120390989696512,6.936609010303483
20170405,DTEX3,DURATEX,9.14,9.38,9.13,9.2,11712600.0,8.6555,8.552249999999997,0.45806773803836437,0.4091171702267708,9.370484340453539,7.734015659546456,9.77960151068031,7.3248984893196845,10.18871868090708,6.915781319092914
20170406,DTEX3,DURATEX,9.2,9.24,8.9,9.04,16466344.0,8.7135,8.572999999999997,0.42709884225157635,0.4123491177046418,9.39769823540928,7.748301764590713,9.810047353113923,7.335952646886072,10.222396470818564,6.923603529181429
20170407,DTEX3,DURATEX,9.02,9.13,8.95,9.08,20926319.0,8.772499999999999,8.592499999999998,0.38857194687051566,0.4175186161978849,9.427537232395768,7.757462767604228,9.845055848593653,7.339944151406343,10.262574464791538,6.922425535208458
20170410,DTEX3,DURATEX,9.09,9.23,8.92,9.01,8509865.0,8.818499999999998,8.603999999999996,0.35666990488775213,0.4226218531609939,9.449243706321983,7.758756293678008,9.871865559482977,7.336134440517014,10.29448741264397,6.913512587356021
20170411,DTEX3,DURATEX,9.02,9.08,8.76,8.86,16116353.0,8.846999999999998,8.600499999999997,0.33428793135953694,0.41982871965380797,9.440157439307612,7.760842560692381,9.859986158961421,7.341013841038572,10.279814878615229,6.921185121384765
20170412,DTEX3,DURATEX,8.87,9.09,8.84,8.92,7193832.0,8.873999999999999,8.601999999999997,0.31588472247759025,0.42088551339362734,9.443771026787251,7.760228973212742,9.864656540180878,7.339343459819115,10.285542053574506,6.918457946425487
20170413,DTEX3,DURATEX,8.95,9.12,8.88,9.07,8121767.0,8.903499999999998,8.608749999999997,0.3044974289062786,0.4262729804317366,9.46129596086347,7.756204039136524,9.887568941295207,7.329931058704787,10.313841921726944,6.90365807827305
20170417,DTEX3,DURATEX,9.05,9.24,9.05,9.12,3844814.0,8.946499999999999,8.618249999999996,0.26729197518819864,0.43344705115371135,9.48514410230742,7.751355897692574,9.91859115346113,7.317908846538862,10.352038204614841,6.884461795385151
20170418,DTEX3,DURATEX,9.17,9.32,9.03,9.05,7390915.0,8.971499999999999,8.629749999999998,0.25115051054572324,0.4387481463179508,9.5072462926359,7.752253707364096,9.94599443895385,7.313505561046146,10.384742585271802,6.874757414728195
20170419,DTEX3,DURATEX,9.06,9.15,8.86,9.02,6658498.0,9.000499999999999,8.639499999999996,0.21782356452681476,0.4430659498285081,9.525631899657013,7.75336810034298,9.96869784948552,7.310302150514472,10.411763799314029,6.867236200685964
20170420,DTEX3,DURATEX,8.96,9.11,8.89,8.96,8300161.0,9.0155,8.646749999999995,0.20296421774347403,0.44594116836307884,9.538632336726153,7.754867663273838,9.984573505089232,7.308926494910759,10.430514673452311,6.86298532654768
20170424,DTEX3,DURATEX,9.05,9.12,8.91,9.02,6720069.0,9.033000000000001,8.654749999999996,0.1859852852131039,0.44977480120041635,9.554299602400828,7.755200397599164,10.004074403601246,7.305425596398747,10.453849204801662,6.855650795198331
20170425,DTEX3,DURATEX,8.96,9.0,8.82,9.0,23772611.0,9.053,8.662499999999996,0.15607353192784323,0.4530565708719594,9.568613141743915,7.756386858256077,10.021669712615875,7.303330287384118,10.474726283487833,6.8502737165121586
20170426,DTEX3,DURATEX,8.96,9.04,8.88,8.93,8302343.0,9.064500000000002,8.671249999999997,0.1358588663980309,0.45479884254414016,9.580847685088278,7.761652314911717,10.035646527632418,7.306853472367576,10.490445370176557,6.852054629823437
20170427,DTEX3,DURATEX,8.93,9.02,8.66,8.81,11275357.0,9.064000000000004,8.680499999999997,0.1368210510119354,0.4537363404739245,9.587972680947846,7.773027319052147,10.04170902142177,7.319290978578223,10.495445361895694,6.865554638104299
20170428,DTEX3,DURATEX,8.85,8.98,8.7,8.93,28159134.0,9.045500000000002,8.701499999999998,0.127958669314126,0.4450615054009348,9.591623010801868,7.811376989198128,10.036684516202802,7.366315483797193,10.481746021603737,6.921253978396258
20170502,DTEX3,DURATEX,8.93,9.1,8.83,9.09,13310146.0,9.036500000000002,8.726249999999997,0.1172166235741133,0.43822888001825505,9.602707760036507,7.849792239963486,10.040936640054761,7.411563359945232,10.479165520073018,6.973334479926977
20170503,DTEX3,DURATEX,9.04,9.35,9.03,9.24,15095530.0,9.038500000000003,8.753499999999997,0.12044981483899013,0.4353575011943139,9.624215002388626,7.8827849976113695,10.059572503582938,7.447427496417055,10.494930004777252,7.012069995222742
20170504,DTEX3,DURATEX,9.24,9.29,8.84,8.84,14121431.0,9.017000000000003,8.772249999999996,0.11521604420442091,0.4219945770705193,9.616239154141034,7.928260845858958,10.038233731211553,7.506266268788439,10.460228308282073,7.084271691717919
20170505,DTEX3,DURATEX,8.83,9.13,8.83,9.02,9772756.0,9.010500000000004,8.797749999999997,0.1109041786503781,0.4045921498154793,9.606934299630955,7.988565700369039,10.011526449446436,7.583973550553559,10.416118599261914,7.17938140073808
20170508,DTEX3,DURATEX,8.95,9.0,8.72,8.83,10422594.0,8.992000000000004,8.823749999999995,0.10846294540683084,0.3701190903285655,9.563988180657127,8.083511819342863,9.934107270985692,7.7133927290142985,10.304226361314257,7.343273638685734
20170509,DTEX3,DURATEX,8.85,8.95,8.8,8.84,6534743.0,8.982000000000005,8.847749999999994,0.11293221068648014,0.33699644295467945,9.521742885909353,8.173757114090636,9.858739328864033,7.836760671135956,10.195735771818711,7.499764228181276
20170510,DTEX3,DURATEX,8.86,8.95,8.7,8.76,15933162.0,8.966000000000005,8.869249999999996,0.1207171552802514,0.3004303537192966,9.47011070743859,8.268389292561402,9.770541061157886,7.967958938842106,10.070971414877182,7.66752858512281
20170511,DTEX3,DURATEX,8.79,8.82,8.6,8.66,5828343.0,8.948500000000005,8.883499999999996,0.13811798922434798,0.27495967070249583,9.433419341404989,8.333580658595004,9.708379012107484,8.058620987892509,9.983338682809979,7.783661317190013
20170512,DTEX3,DURATEX,8.67,9.0,8.65,8.85,13213068.0,8.948000000000004,8.897499999999997,0.13847287402994832,0.2576794868605619,9.412858973721121,8.382141026278873,9.670538460581684,8.124461539418311,9.928217947442246,7.86678205255775
20170515,DTEX3,DURATEX,8.91,9.19,8.84,9.1,16372551.0,8.957000000000004,8.915499999999998,0.14235241665080586,0.24546084339672275,9.406421686793443,8.424578313206553,9.651882530190166,8.17911746980983,9.897343373586889,7.933656626413107
20170516,DTEX3,DURATEX,9.06,9.75,9.06,9.59,28757444.0,8.983000000000006,8.943249999999995,0.19992366964474162,0.257417026711581,9.458084053423157,8.428415946576834,9.71550108013474,8.170998919865252,9.97291810684632,7.913581893153672
20170517,DTEX3,DURATEX,9.55,9.65,9.36,9.56,22220540.0,9.005000000000006,8.975749999999996,0.23663207061198388,0.25092533877835305,9.477600677556703,8.47389932244329,9.728526016335055,8.222973983664938,9.979451355113408,7.972048644886584
20170518,DTEX3,DURATEX,8.24,8.95,8.12,8.3,31989278.0,8.967500000000005,8.969499999999996,0.2838434520350381,0.2645455706950402,9.498591141390078,8.440408858609915,9.763136712085117,8.175863287914876,10.027682282780157,7.911317717219836
20170519,DTEX3,DURATEX,8.35,8.73,8.35,8.6,28896440.0,8.946500000000004,8.973499999999998,0.2950695725275443,0.2574485260974495,9.488397052194896,8.4586029478051,9.745845578292347,8.201154421707649,10.003294104389795,7.9437058956102
20170522,DTEX3,DURATEX,8.59,8.59,7.85,7.85,25811687.0,8.891000000000004,8.953249999999997,0.38352794449757377,0.30936152198044375,9.571973043960885,8.33452695603911,9.881334565941328,8.025165434058666,10.190696087921772,7.715803912078222
20170523,DTEX3,DURATEX,7.91,8.12,7.91,8.01,13055235.0,8.840500000000002,8.936749999999996,0.42939951952514777,0.3408540367356378,9.618458073471272,8.25504192652872,9.959312110206909,7.914187889793083,10.300166146942548,7.573333853057445
20170524,DTEX3,DURATEX,8.01,8.3,8.01,8.25,22980958.0,8.803000000000003,8.927999999999995,0.4471206124808709,0.3539607395294147,9.635921479058824,8.220078520941167,9.989882218588239,7.866117781411751,10.343842958117655,7.512157041882337
20170525,DTEX3,DURATEX,8.2,8.47,8.04,8.2,10980498.0,8.766500000000002,8.915499999999996,0.46562097755239457,0.37065396122848043,9.656807922456958,8.174192077543035,10.027461883685437,7.803538116314555,10.398115844913917,7.432884155086074
20170526,DTEX3,DURATEX,8.23,8.36,8.08,8.25,13299414.0,8.738500000000002,8.901249999999996,0.47949836726576167,0.38509530954804183,9.67144061909608,8.131059380903912,10.056535928644122,7.74596407135587,10.441631238192162,7.360868761807828
20170529,DTEX3,DURATEX,8.12,8.25,8.1,8.25,4040179.0,8.704500000000001,8.874999999999996,0.4892149995548767,0.39292460293260845,9.660849205865214,8.08915079413478,10.053773808797821,7.696226191202172,10.44669841173043,7.303301588269562
20170530,DTEX3,DURATEX,8.27,8.34,7.99,8.01,7457352.0,8.650500000000001,8.843499999999995,0.5038115249094469,0.4105565328510444,9.664613065702085,8.022386934297906,10.075169598553128,7.611830401446862,10.485726131404173,7.201273868595818
20170531,DTEX3,DURATEX,8.06,8.11,7.9,8.03,19359507.0,8.59,8.814249999999996,0.5019435908755632,0.4258980707477676,9.666046141495531,7.96245385850446,10.091944212243298,7.5365557877566935,10.517842282991067,7.110657717008926
20170601,DTEX3,DURATEX,7.96,8.1,7.93,7.94,8544320.0,8.545,8.780999999999995,0.5184237242784496,0.4410523545875058,9.663104709175007,7.898895290824983,10.104157063762512,7.457842936237478,10.54520941835002,7.016790581649972
20170602,DTEX3,DURATEX,7.92,8.1,7.92,8.0,11825495.0,8.494,8.752249999999997,0.5194065439467788,0.4536828639321129,9.659615727864223,7.84488427213577,10.113298591796335,7.391201408203658,10.566981455728449,6.937518544271545
20170605,DTEX3,DURATEX,8.02,8.25,7.97,8.14,13638477.0,8.459499999999998,8.725749999999996,0.5188294010254436,0.4577978923678144,9.641345784735625,7.810154215264367,10.09914367710344,7.3523563228965525,10.556941569471254,6.894558430528739
20170606,DTEX3,DURATEX,8.17,8.24,8.01,8.2,7803087.0,8.427499999999998,8.704749999999995,0.5138387520982568,0.46225749012805584,9.629264980256107,7.780235019743884,10.091522470384163,7.317977529615828,10.55377996051222,6.855720039487772
20170607,DTEX3,DURATEX,8.22,8.43,8.15,8.43,10200396.0,8.410999999999998,8.688499999999996,0.5078634296323112,0.4601479695121517,9.608795939024299,7.768204060975693,10.06894390853645,7.308056091463541,10.529091878048602,6.847908121951389
20170608,DTEX3,DURATEX,8.39,8.43,8.15,8.22,14689302.0,8.389,8.668749999999998,0.5060361959177877,0.46294036554537343,9.594630731090744,7.742869268909251,10.057571096636117,7.279928903363877,10.520511462181492,6.816988537818504
20170609,DTEX3,DURATEX,8.15,8.36,7.91,8.05,18553291.0,8.349,8.648499999999997,0.4992510179732895,0.4719873422900798,9.592474684580157,7.704525315419837,10.064462026870236,7.232537973129757,10.536449369160316,6.760550630839678
20170612,DTEX3,DURATEX,8.05,8.18,8.01,8.09,9423553.0,8.2985,8.627749999999995,0.4694820774562412,0.4779522961927255,9.583654592385447,7.671845407614544,10.061606888578172,7.1938931114218185,10.539559184770898,6.715940815229093
20170613,DTEX3,DURATEX,8.09,8.3,8.05,8.3,8408999.0,8.234,8.608499999999996,0.3581149477325248,0.4751817466061732,9.558863493212343,7.658136506787649,10.034045239818516,7.1829547601814765,10.50922698642469,6.707773013575303
20170614,DTEX3,DURATEX,8.33,8.34,8.15,8.34,7921548.0,8.173,8.588999999999995,0.1799444358683927,0.4696250550254885,9.528250110050973,7.649749889949018,9.997875165076461,7.18012483492353,10.467500220101948,6.710499779898041
20170616,DTEX3,DURATEX,8.34,8.35,8.08,8.08,12746291.0,8.162,8.564749999999995,0.17849074869139547,0.4702535459046512,9.505257091809296,7.624242908190692,9.975510637713949,7.153989362286041,10.4457641836186,6.68373581638139
20170619,DTEX3,DURATEX,8.04,8.26,8.03,8.12,11693920.0,8.138000000000002,8.542249999999996,0.14576838152571017,0.46944313710433455,9.481136274208664,7.6033637257913265,9.950579411312999,7.133920588686992,10.420022548417334,6.664477451582657
20170620,DTEX3,DURATEX,8.06,8.18,7.98,8.0,23828238.0,8.145500000000002,8.518249999999997,0.13351424130620868,0.4720706569235212,9.46239131384704,7.574108686152954,9.93446197077056,7.102038029229433,10.406532627694082,6.629967372305912
20170621,DTEX3,DURATEX,7.98,8.01,7.75,7.9,7915440.0,8.140000000000002,8.490249999999996,0.14142135623728638,0.4747549300320564,9.43975986006411,7.540740139935883,9.914514790096165,7.065985209903827,10.389269720128222,6.591230279871771
20170622,DTEX3,DURATEX,7.83,7.95,7.82,7.89,4614418.0,8.122000000000002,8.462499999999995,0.14937060938270824,0.47663214865156095,9.415764297303117,7.5092357026968735,9.892396445954677,7.032603554045313,10.369028594606238,6.555971405393751
20170623,DTEX3,DURATEX,7.88,8.03,7.84,8.03,14349690.0,8.113500000000002,8.439999999999994,0.14953524492131365,0.47523813194153547,9.390476263883064,7.489523736116923,9.8657143958246,7.014285604175388,10.340952527766136,6.539047472233852
20170626,DTEX3,DURATEX,8.01,8.1,7.92,8.1,9269044.0,8.106000000000002,8.422249999999995,0.1460497391842326,0.47432266146525726,9.37089532293051,7.47360467706948,9.845217984395767,6.999282015604223,10.319540645861023,6.524959354138966
20170627,DTEX3,DURATEX,8.02,8.11,7.97,8.11,6495466.0,8.099,8.401749999999996,0.14208596360170264,0.4695108611288414,9.34077172225768,7.462728277742314,9.81028258338652,6.993217416613472,10.279793444515361,6.5237065554846305
20170628,DTEX3,DURATEX,8.07,8.2,8.06,8.18,11987075.0,8.107500000000002,8.378999999999996,0.14156549534995155,0.45719209899626706,9.29338419799253,7.4646158020074616,9.750576296988797,7.007423703011195,10.207768395985065,6.550231604014928
20170629,DTEX3,DURATEX,8.18,8.25,8.0,8.0,7658912.0,8.106000000000002,8.347999999999995,0.1425851546121909,0.4389918520358238,9.225983704071643,7.470016295928348,9.664975556107468,7.031024443892524,10.10396740814329,6.5920325918567
20170630,DTEX3,DURATEX,8.01,8.17,8.01,8.17,6616754.0,8.117500000000001,8.331249999999997,0.13768289271860013,0.43247165313951724,9.196193306279032,7.466306693720963,9.628664959418549,7.033835040581446,10.061136612558066,6.601363387441928
20170703,DTEX3,DURATEX,8.17,8.25,8.1,8.13,2342567.0,8.124,8.308999999999997,0.13488396572802705,0.4188066073487499,9.146613214697497,7.471386785302498,9.565419822046247,7.052580177953748,9.984226429394997,6.633773570604998
20170704,DTEX3,DURATEX,8.13,8.37,8.11,8.26,4667354.0,8.13,8.294749999999997,0.138259862120854,0.4102343764115081,9.115218752823013,7.474281247176981,9.52545312923452,7.064046870765472,9.93568750564603,6.653812494353964
20170705,DTEX3,DURATEX,8.26,8.41,8.21,8.38,9451543.0,8.139000000000001,8.283249999999999,0.14853317899766172,0.400898909823201,9.085047819646402,7.481452180353597,9.485946729469601,7.080553270530396,9.886845639292803,6.679654360707195
20170706,DTEX3,DURATEX,8.39,8.39,8.13,8.18,10012597.0,8.126500000000002,8.268749999999999,0.13239792493203634,0.3936364813977159,9.056022962795431,7.481477037204567,9.449659444193147,7.087840555806851,9.843295925590862,6.694204074409136
20170707,DTEX3,DURATEX,8.15,8.21,7.8,7.83,19909861.0,8.107000000000003,8.247999999999998,0.14593076945482497,0.3943589410156295,9.036717882031256,7.459282117968739,9.431076823046887,7.0649231769531085,9.825435764062515,6.67056423593748
20170710,DTEX3,DURATEX,7.85,7.88,7.76,7.81,6928836.0,8.095000000000002,8.221999999999998,0.16004933449932587,0.387881821812136,8.99776364362427,7.446236356375726,9.385645465436406,7.058354534563589,9.773527287248541,6.670472712751454
20170711,DTEX3,DURATEX,7.81,7.89,7.78,7.82,4715362.0,8.081500000000002,8.189999999999996,0.17147272301108052,0.3657587827783232,8.921517565556643,7.45848243444335,9.287276348334967,7.092723651665026,9.653035131113288,6.726964868886704
20170712,DTEX3,DURATEX,7.84,8.1,7.8,7.99,6262608.0,8.066,8.149999999999997,0.16455362267915719,0.2879369589123373,8.725873917824671,7.574126082175322,9.013810876737008,7.286189123262985,9.301747835649346,6.998252164350648
20170713,DTEX3,DURATEX,7.99,8.09,7.92,8.02,5288281.0,8.05,8.111499999999996,0.15155336041349798,0.1756241616459368,8.46274832329187,7.760251676708123,8.638372484937806,7.584627515062186,8.813996646583742,7.4090033534162485
20170714,DTEX3,DURATEX,8.04,8.2,8.02,8.14,45988553.0,8.053,8.107499999999996,0.15276745313329737,0.17302363852136332,8.453547277042723,7.761452722957269,8.626570915564086,7.588429084435907,8.79959455408545,7.415405445914543
20170717,DTEX3,DURATEX,8.15,8.19,8.07,8.17,7056278.0,8.0555,8.096749999999997,0.15432279907966168,0.15394616941293074,8.404642338825859,7.788857661174135,8.558588508238788,7.634911491761204,8.71253467765172,7.480965322348274
20170718,DTEX3,DURATEX,8.2,8.2,7.92,7.97,16989471.0,8.054,8.099749999999997,0.1550348008470238,0.15013647637550737,8.400022952751012,7.799477047248982,8.550159429126518,7.649340570873474,8.700295905502026,7.499204094497967
20170719,DTEX3,DURATEX,8.0,8.05,7.84,7.85,9629790.0,8.0515,8.095749999999997,0.15802314953659724,0.15465242253150605,8.40505484506301,7.786445154936985,8.559707267594515,7.631792732405479,8.714359690126022,7.477140309873973
20170720,DTEX3,DURATEX,7.87,7.92,7.8,7.85,2635843.0,8.0495,8.085749999999997,0.16040983694731983,0.15733171717985145,8.4004134343597,7.771086565640294,8.557745151539551,7.613754848460443,8.715076868719404,7.456423131280592
20170721,DTEX3,DURATEX,7.88,7.9,7.62,7.62,8464809.0,8.029,8.071249999999997,0.1870237812066525,0.1725255462317259,8.41630109246345,7.726198907536546,8.588826638695174,7.55367336130482,8.761352184926901,7.381147815073094
20170724,DTEX3,DURATEX,7.61,7.84,7.61,7.83,5250119.0,8.015500000000001,8.060749999999997,0.19132433196013374,0.17414093172644737,8.409031863452892,7.712468136547102,8.583172795179339,7.538327204820655,8.757313726905787,7.364186273094208
20170725,DTEX3,DURATEX,7.85,7.94,7.71,7.86,11472672.0,8.003000000000004,8.050999999999998,0.19298486441876223,0.1741911711383647,8.399382342276727,7.702617657723269,8.573573513415093,7.528426486584904,8.747764684553458,7.354235315446539
20170726,DTEX3,DURATEX,7.86,7.91,7.76,7.85,16577186.0,7.986500000000002,8.046999999999999,0.19115369952500572,0.176971676714002,8.400943353428003,7.6930566465719945,8.577915030142005,7.516084969857992,8.754886706856007,7.339113293143991
20170727,DTEX3,DURATEX,7.86,8.04,7.85,7.88,13159319.0,7.980500000000002,8.043249999999999,0.1925855927277702,0.17891965680085126,8.401089313601702,7.6854106863982965,8.580008970402552,7.506491029597445,8.758928627203403,7.327571372796593
20170728,DTEX3,DURATEX,7.85,7.9,7.76,7.85,7075036.0,7.964500000000003,8.041,0.1892777129816646,0.18080730641009182,8.402614612820184,7.679385387179817,8.583421919230275,7.498578080769725,8.764229225640367,7.317770774359633
20170731,DTEX3,DURATEX,7.86,8.01,7.82,7.92,9468705.0,7.954000000000002,8.039,0.18539857491075165,0.18171265002601752,8.402425300052034,7.675574699947965,8.584137950078052,7.4938620499219475,8.76585060010407,7.3121493998959295
20170801,DTEX3,DURATEX,7.92,8.09,7.88,8.02,11939984.0,7.942000000000003,8.036,0.1718199792316012,0.18099157084775908,8.397983141695518,7.674016858304482,8.578974712543276,7.493025287456723,8.759966283391035,7.312033716608964
20170802,DTEX3,DURATEX,8.03,8.15,8.01,8.06,8982828.0,7.926000000000004,8.0325,0.14102631333414786,0.17908241907150863,8.390664838143017,7.674335161856983,8.569747257214527,7.495252742785475,8.748829676286036,7.316170323713966
20170803,DTEX3,DURATEX,8.15,8.18,7.8,7.85,15118580.0,7.909500000000003,8.018,0.1284922688642553,0.1692850728724368,8.356570145744874,7.679429854255127,8.52585521861731,7.5101447813826905,8.695140291489748,7.340859708510253
20170804,DTEX3,DURATEX,7.86,7.94,7.7,7.7,14537031.0,7.903000000000001,8.004999999999999,0.1358055885990192,0.1732938811117094,8.351587762223417,7.65841223777658,8.524881643335128,7.485118356664871,8.698175524446837,7.311824475553161
20170807,DTEX3,DURATEX,7.71,7.87,7.71,7.76,24612683.0,7.900500000000001,7.997749999999999,0.13804938094369182,0.17738105440415092,8.3525121088083,7.642987891191697,8.529893163212451,7.465606836787546,8.707274217616602,7.288225782383395
20170808,DTEX3,DURATEX,7.76,7.87,7.73,7.75,9722432.0,7.897000000000001,7.98925,0.14105243519228342,0.18095738979955095,8.351164779599102,7.627335220400898,8.532122169398653,7.446377830601348,8.713079559198205,7.265420440801797
20170809,DTEX3,DURATEX,7.77,7.81,7.56,7.56,21254055.0,7.875500000000001,7.97075,0.15789653507744386,0.1861263356446426,8.343002671289286,7.598497328710715,8.529129006933928,7.412370993066072,8.71525534257857,7.22624465742143
20170810,DTEX3,DURATEX,7.59,7.71,7.46,7.68,20336716.0,7.858500000000001,7.95425,0.1598115666717955,0.1817562117585242,8.317762423517049,7.590737576482952,8.499518635275573,7.408981364724427,8.681274847034096,7.227225152965904
20170811,DTEX3,DURATEX,7.68,7.79,7.6,7.76,8443160.0,7.839500000000001,7.946250000000001,0.14662788562239235,0.18311671351687037,8.312483427033742,7.58001657296626,8.495600140550613,7.396899859449389,8.678716854067483,7.21378314593252
20170814,DTEX3,DURATEX,7.79,7.85,7.64,7.7,7732445.0,7.816000000000001,7.9357500000000005,0.12725440743060326,0.18493086026110317,8.305611720522206,7.565888279477794,8.49054258078331,7.380957419216691,8.675473441044414,7.196026558955587
20170815,DTEX3,DURATEX,7.72,7.87,7.67,7.85,10793003.0,7.8100000000000005,7.932,0.1223454987019103,0.18511534865505028,8.302230697310101,7.5617693026899,8.48734604596515,7.3766539540348495,8.672461394620202,7.191538605379799
20170816,DTEX3,DURATEX,7.84,8.04,7.76,7.93,17964702.0,7.814000000000002,7.932750000000001,0.12500105262709735,0.18504313426455485,8.302836268529111,7.5626637314708915,8.487879402793666,7.377620597206337,8.67292253705822,7.192577462941782
20170817,DTEX3,DURATEX,7.86,7.96,7.74,7.85,8183154.0,7.814000000000002,7.931750000000003,0.12500105262709735,0.18538784708319572,8.302525694166395,7.560974305833612,8.48791354124959,7.375586458750416,8.673301388332785,7.19019861166722
20170818,DTEX3,DURATEX,7.84,7.92,7.81,7.86,27361852.0,7.826000000000002,7.927500000000004,0.11663708898246578,0.18502598570093826,8.29755197140188,7.557448028598127,8.48257795710282,7.372422042897189,8.667603942803757,7.187396057196251
20170821,DTEX3,DURATEX,7.86,7.9,7.8,7.8,13010902.0,7.824500000000002,7.9200000000000035,0.11677576352718164,0.1839314253485725,8.287862850697149,7.552137149302858,8.47179427604572,7.368205723954286,8.655725701394294,7.184274298605714
20170822,DTEX3,DURATEX,7.89,7.99,7.85,7.96,9681006.0,7.829500000000001,7.9162500000000025,0.12045855369330417,0.18147101908905167,8.279192038178106,7.553307961821899,8.460663057267158,7.371836942732847,8.642134076356209,7.190365923643796
20170823,DTEX3,DURATEX,7.97,8.03,7.85,7.95,19155671.0,7.834500000000001,7.910500000000002,0.12339389219717052,0.17647473851325404,8.26344947702651,7.557550522973494,8.439924215539763,7.38107578446024,8.616398954053018,7.204601045946985
20170824,DTEX3,DURATEX,8.01,8.4,7.98,8.39,34589013.0,7.860000000000002,7.920250000000001,0.17513904250770237,0.19166594202758513,8.303581884055172,7.536918115944831,8.495247826082757,7.345252173917245,8.686913768110342,7.15358623188966
20170825,DTEX3,DURATEX,8.45,8.65,8.36,8.5,17611858.0,7.892500000000003,7.928500000000001,0.22608510274717275,0.20900926246188292,8.346518524923768,7.510481475076236,8.55552778738565,7.301472212614352,8.764537049847533,7.09246295015247
20170828,DTEX3,DURATEX,8.5,8.61,8.5,8.5,7182442.0,7.9215000000000035,7.937750000000001,0.26384355412369137,0.22567832223807804,8.389106644476158,7.486393355523845,8.614784966714236,7.260715033285767,8.840463288952314,7.035036711047689
20170829,DTEX3,DURATEX,8.61,9.16,8.32,8.33,22975211.0,7.937000000000003,7.939500000000001,0.2786263296584465,0.22849507653336582,8.396490153066733,7.482509846933269,8.624985229600098,7.254014770399904,8.853480306133465,7.025519693866538
20170830,DTEX3,DURATEX,8.38,8.58,8.21,8.58,14335226.0,7.963000000000004,7.944500000000001,0.31286620648111735,0.24026641196375642,8.425032823927513,7.4639671760724875,8.66529923589127,7.223700764108731,8.905565647855026,6.983434352144975
20170831,DTEX3,DURATEX,8.6,8.73,8.45,8.6,21073756.0,8.000500000000004,7.955000000000001,0.3421830073605452,0.25924940966228915,8.473498819324579,7.436501180675423,8.732748228986868,7.177251771013133,8.991997638649158,6.918002361350844
20170901,DTEX3,DURATEX,8.68,8.74,8.46,8.6,20623302.0,8.045500000000004,7.974250000000002,0.3593338134293463,0.27766321141690414,8.529576422833811,7.418923577166194,8.807239634250715,7.1412603657492895,9.084902845667619,6.8635971543323855
20170904,DTEX3,DURATEX,8.6,8.76,8.5,8.76,6799817.0,8.095500000000005,7.998000000000002,0.3860934574617002,0.30274979091227416,8.60349958182455,7.3925004181754534,8.906249372736825,7.08975062726318,9.208999163649098,6.787000836350906
20170905,DTEX3,DURATEX,8.78,8.97,8.73,8.8,17406618.0,8.148000000000005,8.022500000000003,0.4074387264233329,0.3266830189522945,8.675866037904592,7.369133962095414,9.002549056856886,7.042450943143119,9.32923207580918,6.715767924190825
20170906,DTEX3,DURATEX,8.81,8.93,8.73,8.87,20640353.0,8.213500000000005,8.044500000000003,0.4131939139511985,0.3530086800705033,8.750517360141009,7.338482639858996,9.103526040211513,6.985473959788493,9.456534720282017,6.63246527971799
20170908,DTEX3,DURATEX,8.9,9.18,8.83,9.11,18951926.0,8.285000000000005,8.071750000000003,0.4389401110090387,0.39108584866449997,8.853921697329003,7.2895783026710035,9.245007545993504,6.898492454006504,9.636093394658003,6.507406605342004
20170911,DTEX3,DURATEX,9.18,9.33,9.09,9.11,16453734.0,8.352500000000006,8.096000000000004,0.4573709193802479,0.4241056955826372,8.944211391165279,7.247788608834729,9.368317086747915,6.823682913252092,9.792422782330553,6.399577217669455
20170912,DTEX3,DURATEX,9.06,9.36,9.04,9.1,13717443.0,8.422500000000007,8.119250000000005,0.459380303406548,0.4527884404386487,9.024826880877303,7.213673119122707,9.47761532131595,6.760884678684058,9.930403761754599,6.30809623824541
20170913,DTEX3,DURATEX,9.08,9.35,9.01,9.25,17401486.0,8.492500000000007,8.151250000000003,0.47398506527659867,0.4859840004752638,9.12321800095053,7.179281999049476,9.609202001425794,6.693297998574211,10.095186001901059,6.207313998098948
20170914,DTEX3,DURATEX,9.18,9.6,9.15,9.6,14744242.0,8.576000000000006,8.195000000000004,0.5150002554930377,0.534516316222139,9.264032632444282,7.125967367555726,9.79854894866642,6.591451051333587,10.33306526488856,6.056934735111447
20170915,DTEX3,DURATEX,9.61,10.09,9.53,10.01,43704937.0,8.684000000000006,8.249000000000002,0.5774389919928206,0.6034337641301671,9.455867528260336,7.042132471739668,10.059301292390504,6.4386987076095,10.66273505652067,5.835264943479334
20170918,DTEX3,DURATEX,10.11,10.34,9.87,9.9,45481071.0,8.786000000000005,8.306000000000001,0.6037985024649767,0.6484964859640243,9.60299297192805,7.009007028071952,10.251489457892074,6.360510542107928,10.899985943856098,5.712014056143904
20170919,DTEX3,DURATEX,9.92,10.23,9.76,10.16,17220807.0,8.904000000000005,8.364250000000002,0.6309591695856497,0.7066783531931565,9.777606706386315,6.950893293613689,10.484285059579472,6.244214940420532,11.190963412772629,5.537536587227375
20170920,DTEX3,DURATEX,10.24,10.44,10.03,10.44,26214051.0,9.028000000000004,8.428750000000003,0.6776398670929029,0.7740078430000816,9.976765686000165,6.88073431399984,10.750773529000249,6.1067264709997575,11.52478137200033,5.332718627999676
20170921,DTEX3,DURATEX,10.31,10.76,10.21,10.3,39436082.0,9.145500000000006,8.490000000000002,0.6845857372009375,0.822457231371879,10.13491446274376,6.845085537256244,10.95737169411564,6.022628305884365,11.779828925487518,5.200171074512486
20170922,DTEX3,DURATEX,10.21,10.35,10.01,10.14,27093100.0,9.233000000000008,8.546500000000002,0.6947025111134786,0.8564043796819711,10.259308759363943,6.8336912406360595,11.115713139045916,5.977286860954088,11.972117518727886,5.120882481272117
20170925,DTEX3,DURATEX,10.08,10.22,9.77,9.78,20392071.0,9.297000000000008,8.594750000000001,0.6824730571123048,0.8704110066588209,10.335572013317643,6.8539279866823595,11.205983019976465,5.983516980023539,12.076394026635285,5.113105973364718
20170926,DTEX3,DURATEX,9.8,10.09,9.66,9.77,23806052.0,9.360500000000007,8.641,0.6632255708993299,0.8827021450767407,10.406404290153482,6.875595709846518,11.289106435230222,5.992893564769778,12.171808580306962,5.110191419693037
20170927,DTEX3,DURATEX,9.84,9.91,9.57,9.75,12842146.0,9.431500000000007,8.68425,0.62181631235904,0.8938074349485094,10.471864869897018,6.896635130102982,11.365672304845528,6.002827695154473,12.259479739794038,5.109020260205963
20170928,DTEX3,DURATEX,9.7,9.7,9.35,9.5,14507608.0,9.477500000000006,8.72025,0.5886548001029267,0.8970135278973073,10.514277055794615,6.926222944205385,11.411290583691923,6.0292094163080785,12.30830411158923,5.132195888410771
20170929,DTEX3,DURATEX,9.52,9.71,9.42,9.47,18625705.0,9.521000000000006,8.76075,0.551360995508775,0.8932779953200917,10.547305990640183,6.974194009359817,11.440583985960275,6.080916014039724,12.333861981280366,5.187638018719634
20171002,DTEX3,DURATEX,9.5,9.63,9.36,9.46,12212355.0,9.564000000000007,8.80475,0.5075472495505444,0.8829757016722464,10.570701403344493,7.038798596655507,11.45367710501674,6.155822894983261,12.336652806688985,5.272847193311015
20171003,DTEX3,DURATEX,9.53,9.74,9.45,9.63,12575951.0,9.607500000000007,8.8515,0.47097742710464663,0.8757167028153285,10.602933405630656,7.100066594369343,11.478650108445986,6.224349891554014,12.354366811261315,5.3486331887386855
20171004,DTEX3,DURATEX,9.6,9.85,9.52,9.7,15424917.0,9.652500000000007,8.90025,0.43106813480250816,0.8670595386648783,10.634369077329756,7.166130922670243,11.501428615994634,6.299071384005365,12.368488154659513,5.432011845340487
20171005,DTEX3,DURATEX,9.7,10.02,9.67,9.76,48646000.0,9.697000000000006,8.95525,0.3900215918449537,0.8494613300686856,10.654172660137371,7.2563273398626285,11.503633990206056,6.4068660097939425,12.353095320274742,5.557404679725257
20171006,DTEX3,DURATEX,9.78,9.95,9.63,9.86,23192122.0,9.734500000000006,9.00975,0.36592312968998586,0.8353610842178676,10.680472168435735,7.339027831564265,11.515833252653604,6.503666747346397,12.35119433687147,5.66830566312853
20171009,DTEX3,DURATEX,9.91,9.94,9.57,9.7,21036025.0,9.764000000000005,9.05825,0.3354400095397228,0.8170581610029666,10.692366322005933,7.424133677994066,11.5094244830089,6.6070755169911,12.326482644011865,5.790017355988133
20171010,DTEX3,DURATEX,9.77,9.88,9.62,9.8,13558603.0,9.799000000000005,9.11075,0.2968058021847552,0.7947080983219398,10.70016619664388,7.52133380335612,11.494874294965818,6.726625705034181,12.289582393287759,5.93191760671224
20171011,DTEX3,DURATEX,9.8,10.06,9.78,9.99,18285569.0,9.836000000000006,9.16425,0.26964694265691336,0.7795458490488192,10.723341698097638,7.60515830190236,11.502887547146457,6.825612452853542,12.282433396195277,6.046066603804722
20171013,DTEX3,DURATEX,10.04,10.3,9.97,10.2,47091507.0,9.866000000000005,9.221,0.27532564451268654,0.7699577077962702,10.76091541559254,7.68108458440746,11.53087312338881,6.91112687661119,12.300830831185081,6.141169168814919
20171016,DTEX3,DURATEX,10.41,10.56,9.92,10.03,46025168.0,9.867000000000006,9.275499999999997,0.2759118852479231,0.7472443392653559,10.769988678530709,7.781011321469285,11.517233017796066,7.03376698220393,12.264477357061422,6.286522642938573
20171017,DTEX3,DURATEX,10.06,10.21,9.98,10.18,23414777.0,9.881000000000006,9.333499999999997,0.2846401236649721,0.7242416015639493,10.781983203127895,7.885016796872098,11.506224804691845,7.160775195308149,12.230466406255795,6.436533593744199
20171018,DTEX3,DURATEX,10.25,10.4,10.07,10.15,16782603.0,9.880500000000007,9.392249999999997,0.2841325672806345,0.6912177567015372,10.774685513403071,8.009814486596923,11.465903270104608,7.318596729895385,12.157121026806145,6.627378973193848
20171019,DTEX3,DURATEX,10.09,10.23,9.95,10.14,20202337.0,9.865500000000006,9.446749999999998,0.2599286339302628,0.6606616244729987,10.768073248945996,8.125426751054,11.428734873418994,7.4647651265810016,12.089396497891993,6.804103502108003
20171020,DTEX3,DURATEX,10.18,10.33,9.99,9.99,30752824.0,9.850000000000005,9.497749999999998,0.24122494415839474,0.6196214208113091,10.736992841622616,8.25850715837738,11.356614262433926,7.638885737566071,11.976235683245235,7.019264316754762
20171023,DTEX3,DURATEX,9.98,10.3,9.76,9.99,19154433.0,9.842500000000006,9.537749999999999,0.2339562487214212,0.5975269010144385,10.732803802028876,8.342696197971122,11.330330703043314,7.745169296956684,11.927857604057753,7.1476423959422455
20171024,DTEX3,DURATEX,10.0,10.23,9.96,10.07,26876432.0,9.857000000000006,9.576999999999998,0.23881505727017643,0.5788857555241275,10.734771511048253,8.419228488951743,11.313657266572381,7.840342733427615,11.892543022096508,7.261456977903489
20171025,DTEX3,DURATEX,10.13,10.3,10.06,10.1,23511132.0,9.873500000000005,9.616999999999999,0.24383503914696103,0.5574401198151331,10.731880239630264,8.502119760369734,11.289320359445398,7.9446796405546,11.846760479260531,7.387239520739467
20171026,DTEX3,DURATEX,10.15,10.4,10.1,10.23,19717163.0,9.897500000000004,9.6645,0.25443177143548795,0.5249661771766928,10.714432354353386,8.614567645646614,11.239398531530078,8.089601468469922,11.764364708706772,7.564635291293229
20171027,DTEX3,DURATEX,10.24,10.34,9.82,10.04,25249859.0,9.924500000000005,9.701,0.23816126778654728,0.49767562291220374,10.696351245824408,8.705648754175593,11.194026868736612,8.207973131263389,11.691702491648815,7.710297508351186
20171030,DTEX3,DURATEX,10.14,10.19,9.61,9.84,13110224.0,9.943000000000005,9.732,0.21415931108949565,0.4648749487214199,10.661749897442839,8.80225010255716,11.126624846164258,8.33737515383574,11.591499794885678,7.87250020511432
20171031,DTEX3,DURATEX,9.94,9.94,9.49,9.56,32024517.0,9.948000000000004,9.755999999999998,0.20317480158723353,0.4282750134895946,10.612550026979187,8.89944997302081,11.040825040468782,8.471174959531215,11.469100053958377,8.04289994604162
20171101,DTEX3,DURATEX,9.65,10.25,9.65,9.99,48024979.0,9.966000000000005,9.78675,0.18896950464088783,0.3980167983828042,10.582783596765609,8.99071640323439,10.980800395148412,8.592699604851587,11.378817193531216,8.194682806468784
20171103,DTEX3,DURATEX,9.99,10.14,9.87,9.97,41712328.0,9.979500000000005,9.815999999999999,0.1783100493080036,0.365287382474263,10.546574764948526,9.085425235051472,10.911862147422788,8.72013785257721,11.27714952989705,8.354850470102948
20171106,DTEX3,DURATEX,10.07,10.11,9.82,9.9,13543231.0,9.986500000000007,9.84175,0.17187127986408166,0.3316461467689531,10.505042293537905,9.178457706462094,10.836688440306858,8.84681155969314,11.168334587075812,8.515165412924187
20171107,DTEX3,DURATEX,9.93,9.93,9.36,9.43,21995832.0,9.965000000000007,9.849749999999998,0.21097517938326626,0.3170819476704547,10.483913895340908,9.215586104659089,10.800995843011362,8.898504156988635,11.118077790681816,8.58142220931818
20171108,DTEX3,DURATEX,9.48,9.83,9.36,9.67,17604894.0,9.963500000000007,9.86375,0.21305484838666428,0.2951895305975243,10.454129061195047,9.273370938804952,10.749318591792573,8.978181408207426,11.044508122390097,8.682991877609902
20171109,DTEX3,DURATEX,9.53,9.7,9.45,9.59,31862987.0,9.953000000000007,9.875999999999998,0.22629975463393726,0.27193324972816457,10.419866499456326,9.33213350054367,10.691799749184492,9.060200250815504,10.963732998912656,8.78826700108734
20171110,DTEX3,DURATEX,9.59,9.66,9.2,9.39,15380225.0,9.923000000000005,9.879499999999997,0.258601502010558,0.26446801949075316,10.408436038981502,9.35056396101849,10.672904058472255,9.086095941527738,10.937372077963008,8.821627922036985
20171113,DTEX3,DURATEX,9.25,9.51,9.21,9.49,23486776.0,9.887500000000006,9.876749999999998,0.267165925183131,0.2679972014779781,10.412744402955955,9.34075559704404,10.680741604433932,9.072758395566064,10.94873880591191,8.804761194088085
20171114,DTEX3,DURATEX,9.46,9.52,9.01,9.01,46087939.0,9.836500000000004,9.851749999999997,0.3287820426649815,0.299981943901119,10.451713887802235,9.25178611219776,10.751695831703355,8.95180416829664,11.051677775604473,8.651822224395522
20171116,DTEX3,DURATEX,9.02,9.24,8.95,8.95,23348743.0,9.775000000000004,9.827999999999998,0.3731868446939699,0.3319653982586928,10.491930796517384,9.164069203482612,10.823896194776076,8.83210380522392,11.15586159303477,8.500138406965226
20171117,DTEX3,DURATEX,8.96,9.39,8.84,9.15,35205318.0,9.725000000000005,9.802749999999996,0.38703325030559604,0.3442493692153327,10.491248738430661,9.114251261569331,10.835498107645995,8.770001892353998,11.179747476861326,8.425752523138666
20171121,DTEX3,DURATEX,9.3,9.7,9.25,9.7,38681514.0,9.703000000000003,9.784249999999997,0.3745045850327267,0.32865606291735067,10.441562125834698,9.126937874165295,10.770218188752049,8.798281811247945,11.098874251669399,8.469625748330595
20171122,DTEX3,DURATEX,9.6,9.87,9.5,9.68,20610688.0,9.687500000000004,9.768749999999995,0.36836587932738807,0.31816128388622034,10.405072567772436,9.132427432227555,10.723233851658657,8.814266148341334,11.041395135544876,8.496104864455114
20171123,DTEX3,DURATEX,9.66,9.74,9.42,9.57,15746711.0,9.666500000000003,9.754499999999997,0.3621322090647464,0.3138426030468214,10.38218520609364,9.126814793906354,10.69602780914046,8.812972190859533,11.009870412187283,8.49912958781271
20171124,DTEX3,DURATEX,9.5,9.8,9.49,9.51,10715441.0,9.638500000000002,9.747749999999996,0.3507627028123401,0.3161749556244575,10.380099911248912,9.11540008875108,10.696274866873368,8.799225133126624,11.012449822497826,8.483050177502166
20171127,DTEX3,DURATEX,9.6,9.6,9.15,9.33,36031513.0,9.600000000000003,9.736749999999997,0.3395197847114851,0.3229621514699147,10.382674302939826,9.090825697060168,10.705636454409742,8.767863545590252,11.028598605879656,8.444901394120338
20171128,DTEX3,DURATEX,9.21,9.69,9.21,9.5,35377375.0,9.563500000000003,9.730499999999996,0.30579103632177146,0.325111026400527,10.38072205280105,9.080277947198942,10.705833079201577,8.755166920798414,11.030944105602103,8.430055894397888
20171129,DTEX3,DURATEX,9.59,9.67,9.17,9.37,24239956.0,9.530000000000005,9.727249999999996,0.2869623118478421,0.3281102652369639,10.383470530473923,9.071029469526069,10.711580795710887,8.742919204289105,11.039691060947852,8.41480893905214
20171130,DTEX3,DURATEX,9.3,9.3,8.61,8.83,381474950.0,9.479500000000005,9.711249999999996,0.316850869786111,0.3554425735290406,10.422135147058077,9.000364852941916,10.777577720587118,8.644922279412874,11.13302029411616,8.289479705883833
20171201,DTEX3,DURATEX,8.78,9.0,8.68,8.9,21109323.0,9.446500000000004,9.697249999999995,0.3414408325102125,0.3760250093974226,10.44930001879484,8.94519998120515,10.825325028192262,8.569174971807728,11.201350037589686,8.193149962410304
20171204,DTEX3,DURATEX,8.92,9.08,8.78,8.9,23941951.0,9.392000000000005,9.678999999999995,0.3370865889071465,0.39652852582745607,10.472057051654907,8.885942948345082,10.868585577482364,8.489414422517626,11.26511410330982,8.09288589669017
20171205,DTEX3,DURATEX,8.9,9.17,8.85,9.03,16506804.0,9.345000000000004,9.662249999999995,0.31719992035573785,0.40955565352386086,10.481361307047717,8.843138692952273,10.890916960571577,8.433583039428413,11.300472614095439,8.024027385904551
20171206,DTEX3,DURATEX,9.03,9.12,8.82,9.05,15322282.0,9.302500000000006,9.644499999999995,0.2950981103579682,0.4204512228181218,10.48540244563624,8.803597554363751,10.90585366845436,8.38314633154563,11.326304891272482,7.962695108727508
20171207,DTEX3,DURATEX,8.93,9.03,8.84,8.9,29718396.0,9.276000000000005,9.620499999999995,0.3066182265327785,0.4349827582790181,10.49046551655803,8.750534483441958,10.925448274837049,8.31555172516294,11.360431033116067,7.8805689668839225
20171208,DTEX3,DURATEX,9.01,9.09,8.9,8.94,10519451.0,9.239500000000005,9.601499999999994,0.30063923125304426,0.4478298097062777,10.49715961941255,8.70584038058744,10.944989429118827,8.258010570881162,11.392819238825105,7.810180761174884
20171211,DTEX3,DURATEX,8.94,9.03,8.71,8.87,22108372.0,9.203500000000005,9.578249999999993,0.29956591401911037,0.46120181632842416,10.500653632656842,8.655846367343145,10.961855448985267,8.19464455101472,11.423057265313691,7.733442734686297
20171212,DTEX3,DURATEX,8.87,8.87,8.65,8.81,10499178.0,9.174500000000005,9.548749999999995,0.30850189797249344,0.4718060634821082,10.492362126964212,8.605137873035778,10.964168190446319,8.13333180955367,11.435974253928428,7.661525746071562
20171213,DTEX3,DURATEX,8.88,8.89,8.67,8.76,13150524.0,9.138000000000005,9.512749999999993,0.31236955172056025,0.47576113107963625,10.464272262159266,8.56122773784072,10.940033393238902,8.085466606761084,11.415794524318539,7.609705475681448
20171214,DTEX3,DURATEX,8.69,8.81,8.66,8.73,11612330.0,9.124000000000006,9.480249999999995,0.3244493310534803,0.4838546481256958,10.447959296251387,8.512540703748602,10.931813944377081,8.028686055622908,11.415668592502778,7.544831407497211
20171215,DTEX3,DURATEX,8.68,8.78,8.65,8.73,18220325.0,9.113000000000005,9.443999999999996,0.33424069486712893,0.4844018251463839,10.412803650292764,8.475196349707227,10.897205475439147,7.990794524560844,11.38160730058553,7.50639269941446
20171218,DTEX3,DURATEX,8.73,8.86,8.6,8.6,11002115.0,9.085500000000005,9.405249999999997,0.3531284990511285,0.48845642537200634,10.38216285074401,8.428337149255984,10.870619276116017,7.939880723883978,11.359075701488022,7.451424298511972
20171219,DTEX3,DURATEX,8.67,8.76,8.52,8.53,5294574.0,9.027000000000005,9.364999999999997,0.342730521731451,0.49267454280510903,10.350349085610215,8.379650914389778,10.843023628415324,7.8869763715846695,11.335698171220432,7.394301828779561
20171220,DTEX3,DURATEX,8.56,8.91,8.56,8.74,9449106.0,8.980000000000006,9.333749999999997,0.31149892286710146,0.49165699686277214,10.31706399372554,8.350436006274453,10.808720990588313,7.8587790094116805,11.300377987451085,7.367122012548908
20171221,DTEX3,DURATEX,8.8,9.02,8.78,8.83,4937672.0,8.943000000000007,9.304749999999995,0.2800958482564881,0.48613592854844384,10.277021857096882,8.332478142903108,10.763157785645326,7.846342214354664,11.24929371419377,7.360206285806219
20171222,DTEX3,DURATEX,8.83,8.93,8.72,8.79,5526337.0,8.907000000000007,9.272749999999997,0.2477923578958267,0.4765042981483611,10.22575859629672,8.319741403703274,10.70226289444508,7.8432371055549135,11.17876719259344,7.366732807406552
20171226,DTEX3,DURATEX,8.84,8.84,8.73,8.8,6360187.0,8.880500000000007,9.240249999999996,0.22769959434121073,0.46277029523713115,10.16579059047426,8.314709409525733,10.628560885711389,7.851939114288602,11.09133118094852,7.389168819051472
20171227,DTEX3,DURATEX,8.8,9.15,8.8,9.15,8057991.0,8.863000000000007,9.213249999999995,0.18747912164458544,0.4341652025173573,10.08158040503471,8.34491959496528,10.515745607552066,7.910754392447923,10.949910810069424,7.476589189930566
20171228,DTEX3,DURATEX,9.15,9.2,9.04,9.2,6577975.0,8.854500000000005,9.192249999999994,0.16589391029714673,0.41294742634273834,10.01814485268547,8.366355147314518,10.43109227902821,7.9534077209717795,10.844039705370948,7.540460294629041
