DATA DO PREGAO,CODIGO DE NEGOCIACAO DO PAPEL,NOME RESUMIDO DA EMPRESA EMISSORA,PRECO DE ABERTURA,PRECO MAXIMO,PRECO MINIMO,PRECO FECHAMENTO,VOLUME TOTAL DE TITULOS NEGOCIADOS NESTE PAPEL,MA_20,MA_40,STD_20,STD_40,BANDA_1_40 SUPERIOR,BANDA_1_40 INFERIOR,BANDA_2_40 SUPERIOR,BANDA_2_40 INFERIOR,BANDA_3_40 SUPERIOR,BANDA_3_40 INFERIOR
20170102,EGIE3,ENGIE BRASI,35.02,35.04,34.41,34.85,13655746.0,0.0,0.0,0.0,0.0,0.0,0.0,0.0,0.0,0.0,0.0
20170103,EGIE3,ENGIE BRASI,35.05,36.33,34.87,36.2,44790871.0,0.0,0.0,0.0,0.0,0.0,0.0,0.0,0.0,0.0,0.0
20170104,EGIE3,ENGIE BRASI,35.81,36.38,35.43,35.74,28888970.0,0.0,0.0,0.0,0.0,0.0,0.0,0.0,0.0,0.0,0.0
20170105,EGIE3,ENGIE BRASI,35.98,36.01,35.29,35.48,23563873.0,0.0,0.0,0.0,0.0,0.0,0.0,0.0,0.0,0.0,0.0
20170106,EGIE3,ENGIE BRASI,35.68,35.69,34.79,35.04,31655422.0,0.0,0.0,0.0,0.0,0.0,0.0,0.0,0.0,0.0,0.0
20170109,EGIE3,ENGIE BRASI,34.88,35.44,34.88,35.07,29239048.0,0.0,0.0,0.0,0.0,0.0,0.0,0.0,0.0,0.0,0.0
20170110,EGIE3,ENGIE BRASI,35.2,35.29,34.51,35.05,25926547.0,0.0,0.0,0.0,0.0,0.0,0.0,0.0,0.0,0.0,0.0
20170111,EGIE3,ENGIE BRASI,35.24,35.51,34.6,34.8,23069853.0,0.0,0.0,0.0,0.0,0.0,0.0,0.0,0.0,0.0,0.0
20170112,EGIE3,ENGIE BRASI,35.99,36.52,35.24,35.3,57128019.0,0.0,0.0,0.0,0.0,0.0,0.0,0.0,0.0,0.0,0.0
20170113,EGIE3,ENGIE BRASI,35.34,35.89,35.23,35.38,24040921.0,0.0,0.0,0.0,0.0,0.0,0.0,0.0,0.0,0.0,0.0
20170116,EGIE3,ENGIE BRASI,35.5,35.71,34.81,34.98,11859758.0,0.0,0.0,0.0,0.0,0.0,0.0,0.0,0.0,0.0,0.0
20170117,EGIE3,ENGIE BRASI,34.98,35.77,34.84,35.55,24036028.0,0.0,0.0,0.0,0.0,0.0,0.0,0.0,0.0,0.0,0.0
20170118,EGIE3,ENGIE BRASI,35.61,35.97,35.44,35.65,18249802.0,0.0,0.0,0.0,0.0,0.0,0.0,0.0,0.0,0.0,0.0
20170119,EGIE3,ENGIE BRASI,35.84,35.91,35.43,35.8,23575382.0,0.0,0.0,0.0,0.0,0.0,0.0,0.0,0.0,0.0,0.0
20170120,EGIE3,ENGIE BRASI,35.92,36.19,35.39,35.85,19380998.0,0.0,0.0,0.0,0.0,0.0,0.0,0.0,0.0,0.0,0.0
20170123,EGIE3,ENGIE BRASI,36.03,36.45,35.77,36.24,19594219.0,0.0,0.0,0.0,0.0,0.0,0.0,0.0,0.0,0.0,0.0
20170124,EGIE3,ENGIE BRASI,36.24,36.24,35.53,35.53,26229152.0,0.0,0.0,0.0,0.0,0.0,0.0,0.0,0.0,0.0,0.0
20170126,EGIE3,ENGIE BRASI,35.64,36.67,35.61,36.16,28371524.0,0.0,0.0,0.0,0.0,0.0,0.0,0.0,0.0,0.0,0.0
20170127,EGIE3,ENGIE BRASI,36.19,36.41,35.77,36.1,14063307.0,0.0,0.0,0.0,0.0,0.0,0.0,0.0,0.0,0.0,0.0
20170130,EGIE3,ENGIE BRASI,35.81,36.19,35.51,35.61,20742103.0,35.519,0.0,0.457152513995747,0.0,0.0,0.0,0.0,0.0,0.0,0.0
20170131,EGIE3,ENGIE BRASI,35.67,36.24,35.03,35.8,23312667.0,35.5665,0.0,0.43268166248713513,0.0,0.0,0.0,0.0,0.0,0.0,0.0
20170201,EGIE3,ENGIE BRASI,36.1,36.25,35.13,35.65,28682745.0,35.538999999999994,0.0,0.40701609951346823,0.0,0.0,0.0,0.0,0.0,0.0,0.0
20170202,EGIE3,ENGIE BRASI,35.47,36.38,35.21,36.12,18037927.0,35.55799999999999,0.0,0.42534939198634986,0.0,0.0,0.0,0.0,0.0,0.0,0.0
20170203,EGIE3,ENGIE BRASI,36.17,36.79,35.88,36.45,31273985.0,35.6065,0.0,0.4690446617720347,0.0,0.0,0.0,0.0,0.0,0.0,0.0
20170206,EGIE3,ENGIE BRASI,36.63,36.71,36.02,36.3,19290744.0,35.66949999999999,0.0,0.47354736327336766,0.0,0.0,0.0,0.0,0.0,0.0,0.0
20170207,EGIE3,ENGIE BRASI,36.48,36.57,36.0,36.26,28974564.0,35.72899999999999,0.0,0.4689955672554526,0.0,0.0,0.0,0.0,0.0,0.0,0.0
20170208,EGIE3,ENGIE BRASI,36.38,36.49,36.03,36.4,17195304.0,35.796499999999995,0.0,0.4632411557936687,0.0,0.0,0.0,0.0,0.0,0.0,0.0
20170209,EGIE3,ENGIE BRASI,36.27,37.83,36.23,37.1,84805139.0,35.9115,0.0,0.4876827592648833,0.0,0.0,0.0,0.0,0.0,0.0,0.0
20170210,EGIE3,ENGIE BRASI,37.11,37.39,36.6,37.15,25953416.0,36.004,0.0,0.5384030968863776,0.0,0.0,0.0,0.0,0.0,0.0,0.0
20170213,EGIE3,ENGIE BRASI,37.15,37.65,36.81,37.32,37445587.0,36.101,0.0,0.5921406305226719,0.0,0.0,0.0,0.0,0.0,0.0,0.0
20170214,EGIE3,ENGIE BRASI,37.39,37.39,36.72,36.79,49965631.0,36.1915,0.0,0.5485029866060768,0.0,0.0,0.0,0.0,0.0,0.0,0.0
20170215,EGIE3,ENGIE BRASI,37.11,37.6,36.94,37.36,62897278.0,36.282,0.0,0.5851819330232578,0.0,0.0,0.0,0.0,0.0,0.0,0.0
20170216,EGIE3,ENGIE BRASI,37.09,37.53,36.9,37.15,22115323.0,36.357,0.0,0.5959433035554853,0.0,0.0,0.0,0.0,0.0,0.0,0.0
20170217,EGIE3,ENGIE BRASI,36.94,37.58,36.92,37.35,28372534.0,36.4345,0.0,0.6199955432776939,0.0,0.0,0.0,0.0,0.0,0.0,0.0
20170220,EGIE3,ENGIE BRASI,37.35,37.83,37.11,37.4,11697824.0,36.512,0.0,0.6396512207527766,0.0,0.0,0.0,0.0,0.0,0.0,0.0
20170221,EGIE3,ENGIE BRASI,37.69,37.95,37.11,37.57,22489484.0,36.578500000000005,0.0,0.6778780747380142,0.0,0.0,0.0,0.0,0.0,0.0,0.0
20170222,EGIE3,ENGIE BRASI,37.33,38.14,37.33,37.7,37151705.0,36.687000000000005,0.0,0.6748808861764458,0.0,0.0,0.0,0.0,0.0,0.0,0.0
20170223,EGIE3,ENGIE BRASI,37.99,38.04,37.29,37.7,31294138.0,36.76400000000001,0.0,0.6990098259982421,0.0,0.0,0.0,0.0,0.0,0.0,0.0
20170224,EGIE3,ENGIE BRASI,37.32,37.8,36.72,36.98,48450106.0,36.80800000000001,0.0,0.682515471195371,0.0,0.0,0.0,0.0,0.0,0.0,0.0
20170301,EGIE3,ENGIE BRASI,37.29,37.61,36.99,37.2,21011260.0,36.88750000000001,36.20325,0.625879381350742,0.8791236530977307,37.96149730619546,34.44500269380453,38.84062095929319,33.565879040706804,39.71974461239092,32.686755387609075
20170302,EGIE3,ENGIE BRASI,37.09,37.29,36.66,36.99,22874819.0,36.94700000000002,36.25675,0.5712322783154513,0.8595567954564647,37.97586359091292,34.53763640908707,38.83542038636939,33.6780796136306,39.694977181825855,32.81852281817414
20170303,EGIE3,ENGIE BRASI,36.99,37.16,36.17,36.74,26937066.0,37.001500000000014,36.27025,0.48672130791545837,0.8628767850358754,37.99600357007175,34.544496429928245,38.85888035510762,33.68161964489237,39.721757140143495,32.8187428598565
20170306,EGIE3,ENGIE BRASI,36.65,37.52,36.56,37.0,32535390.0,37.04550000000002,36.30175,0.4404121873164151,0.8660161883368814,38.03378237667376,34.569717623326234,38.89979856501064,33.703701434989355,39.76581475334753,32.83768524665247
20170307,EGIE3,ENGIE BRASI,37.18,37.35,36.96,37.18,20706350.0,37.08200000000001,36.34425,0.4181488025244346,0.8663684521448118,38.076986904289626,34.61151309571038,38.94335535643444,33.74514464356557,39.80972380857925,32.878776191420755
20170308,EGIE3,ENGIE BRASI,37.19,37.29,36.37,36.64,24761344.0,37.09900000000001,36.38425,0.39069304144246797,0.8411770980337095,38.06660419606742,34.70189580393258,38.90778129410113,33.860718705898876,39.74895839213484,33.019541607865165
20170309,EGIE3,ENGIE BRASI,36.61,36.64,35.66,35.69,30910950.0,37.07050000000002,36.399750000000004,0.46821581843372845,0.8218287534517169,38.043407506903435,34.756092493096574,38.865236260355154,33.934263739644855,39.68706501380687,33.112434986193136
20170310,EGIE3,ENGIE BRASI,35.83,36.27,35.36,35.84,62633023.0,37.04250000000002,36.419500000000006,0.5238609196703652,0.7976984521188589,38.01489690423772,34.82410309576229,38.81259535635658,34.02640464364343,39.61029380847544,33.22870619152457
20170313,EGIE3,ENGIE BRASI,36.01,37.15,35.45,36.65,48634633.0,37.02000000000002,36.46575000000001,0.5308781206146608,0.7538172515390924,37.973384503078194,34.95811549692182,38.72720175461728,34.20429824538273,39.48101900615637,33.45048099384364
20170314,EGIE3,ENGIE BRASI,36.3,36.98,36.2,36.2,32937376.0,36.97250000000002,36.48825000000001,0.5603182836097296,0.73122267645643,37.95069535291287,35.02580464708715,38.6819180293693,34.294581970630716,39.413140705825725,33.56335929417429
20170315,EGIE3,ENGIE BRASI,36.4,36.78,35.89,36.2,38250859.0,36.91650000000002,36.508750000000006,0.5794032774283568,0.7105584207021768,37.92986684140436,35.08763315859565,38.64042526210654,34.37707473789347,39.35098368280871,33.6665163171913
20170316,EGIE3,ENGIE BRASI,36.2,37.08,36.2,36.55,20266757.0,36.90450000000002,36.54800000000001,0.5846229104032835,0.6659067463780474,37.87981349275611,35.21618650724391,38.54572023913415,34.55027976086587,39.2116269855122,33.88437301448782
20170317,EGIE3,ENGIE BRASI,36.99,37.28,36.29,36.95,62625222.0,36.88400000000002,36.58300000000001,0.574917843100885,0.6486759690481182,37.88035193809625,35.28564806190378,38.52902790714437,34.63697209285566,39.17770387619249,33.98829612380754
20170320,EGIE3,ENGIE BRASI,36.97,37.22,36.37,36.56,20923566.0,36.85450000000002,36.60575000000001,0.5756870037752928,0.6308272448305599,37.867404489661126,35.34409551033889,38.49823173449169,34.713268265508326,39.129058979322245,34.08244102067777
20170321,EGIE3,ENGIE BRASI,36.56,36.69,35.72,35.96,35103792.0,36.785000000000025,36.609750000000005,0.5962558617167325,0.6260764576066032,37.861902915213214,35.357597084786796,38.487979372819815,34.731520627180196,39.114055830426416,34.105444169573595
20170322,EGIE3,ENGIE BRASI,35.9,36.28,35.56,36.03,30314324.0,36.716500000000025,36.61425000000001,0.6005635511312295,0.6211027723703672,37.85645554474075,35.37204445525928,38.47755831711111,34.750941682888914,39.09866108948148,34.129838910518544
20170323,EGIE3,ENGIE BRASI,35.78,36.63,35.59,35.91,20199559.0,36.63350000000002,36.60600000000001,0.5910318808748909,0.6283507104990156,37.86270142099804,35.349298579001974,38.49105213149706,34.72094786850296,39.11940284199607,34.09259715800395
20170324,EGIE3,ENGIE BRASI,35.91,36.22,35.74,36.2,28989410.0,36.55850000000002,36.62275000000001,0.5416862074747764,0.6075169618820213,37.83778392376405,35.40771607623597,38.44530088564608,34.800199114353944,39.0528178475281,34.192682152471924
20170327,EGIE3,ENGIE BRASI,36.02,36.33,35.64,35.93,18658781.0,36.47000000000001,36.61700000000001,0.4872263064369545,0.6130721294410946,37.8431442588822,35.390855741117825,38.4562163883233,34.777783611676725,39.06928851776439,34.16471148223563
20170328,EGIE3,ENGIE BRASI,35.8,35.97,35.25,35.53,30298897.0,36.397500000000015,36.602750000000015,0.5144631847091088,0.6317374799627975,37.86622495992561,35.33927504007442,38.497962439888404,34.707537560111625,39.129699919851205,34.075800080148824
20170329,EGIE3,ENGIE BRASI,35.45,35.8,35.13,35.79,21931779.0,36.32700000000001,36.607250000000015,0.49494390963441165,0.6250907113658782,37.85743142273177,35.35706857726826,38.48252213409765,34.73197786590238,39.10761284546353,34.1068871545365
20170330,EGIE3,ENGIE BRASI,35.76,35.77,35.1,35.4,21823975.0,36.24750000000001,36.59725000000002,0.5103030575317977,0.6413247007521808,37.87989940150438,35.31460059849565,38.52122410225656,34.67327589774347,39.16254880300874,34.031951196991294
20170331,EGIE3,ENGIE BRASI,35.24,35.84,35.17,35.37,19431863.0,36.17900000000001,36.59025000000001,0.5321940682831535,0.6533444040140031,37.89693880802802,35.283561191972005,38.55028321204202,34.630216787958005,39.203627616056025,33.976872383944
20170403,EGIE3,ENGIE BRASI,35.36,35.75,35.22,35.49,18122123.0,36.10350000000001,36.574500000000015,0.5164685245415148,0.67229019222662,37.91908038445325,35.22991961554678,38.59137057667988,34.55762942332015,39.2636607689065,33.88533923109353
20170404,EGIE3,ENGIE BRASI,35.49,35.96,35.31,35.89,13667011.0,36.03900000000001,36.56050000000002,0.4514059906791625,0.6807271752908728,37.921954350581764,35.199045649418274,38.60268152587264,34.5183184741274,39.28340870116351,33.83759129883653
20170405,EGIE3,ENGIE BRASI,35.89,35.89,35.05,35.46,26780305.0,35.98000000000001,36.53950000000002,0.4457991050969546,0.7016060330705757,37.94271206614117,35.13628793385887,38.644318099211745,34.43468190078829,39.34592413228232,33.733075867717716
20170406,EGIE3,ENGIE BRASI,35.36,35.41,34.69,35.06,22299073.0,35.94850000000001,36.50950000000002,0.48766117443632234,0.7385465629471375,37.986593125894295,35.03240687410574,38.72513968884143,34.2938603111586,39.463686251788566,33.55531374821147
20170407,EGIE3,ENGIE BRASI,34.99,35.64,34.86,35.0,19258940.0,35.90650000000001,36.47450000000002,0.5316832753276514,0.7760879873458739,38.02667597469177,34.92232402530827,38.802763962037645,34.146236037962396,39.57885194938352,33.37014805061652
20170410,EGIE3,ENGIE BRASI,35.12,35.26,34.73,35.01,14312625.0,35.824500000000015,36.42225000000002,0.5374155992486355,0.8027915637771749,38.027833127554366,34.81666687244567,38.83062469133154,34.013875308668496,39.63341625510872,33.21108374489132
20170411,EGIE3,ENGIE BRASI,35.0,35.24,34.38,34.95,26766280.0,35.762000000000015,36.36725000000002,0.5635003385792481,0.8266614583169312,38.02057291663388,34.71392708336616,38.847234374950816,33.887265625049224,39.67389583326774,33.0606041667323
20170412,EGIE3,ENGIE BRASI,35.09,35.49,34.6,34.66,27993058.0,35.68500000000001,36.30075000000002,0.6042437639858343,0.8545725802246441,38.00989516044931,34.59160483955073,38.86446774067395,33.73703225932609,39.7190403208986,32.882459679101444
20170413,EGIE3,ENGIE BRASI,34.63,34.94,34.0,34.0,21302149.0,35.55750000000001,36.23100000000002,0.6767948845768946,0.9246060838305271,38.080212167661074,34.38178783233897,39.004818251491606,33.45718174850844,39.92942433532213,32.532575664677914
20170417,EGIE3,ENGIE BRASI,34.17,34.91,34.06,34.75,28410993.0,35.447500000000005,36.165750000000024,0.6144734588075592,0.9349259877466868,38.0356019754934,34.29589802450665,38.97052796324009,33.36097203675996,39.90545395098677,32.42604604901328
20170418,EGIE3,ENGIE BRASI,34.62,34.87,34.55,34.8,17391056.0,35.359500000000004,36.10700000000002,0.5712725867928807,0.9452694636844972,37.997538927369014,34.21646107263103,38.94280839105351,33.27119160894653,39.88807785473801,32.325922145262034
20170419,EGIE3,ENGIE BRASI,34.83,34.91,34.19,34.31,21791604.0,35.277,36.03100000000002,0.5984814115743073,0.9647765783609518,37.96055315672192,34.10144684327812,38.925329735082876,33.136670264917164,39.89010631344383,32.17189368655621
20170420,EGIE3,ENGIE BRASI,34.45,35.23,34.31,34.44,28449028.0,35.197500000000005,35.95700000000002,0.5987959409910388,0.9705805822633631,37.89816116452675,34.015838835473296,38.868741746790114,33.04525825320993,39.83932232905347,32.07467767094657
20170424,EGIE3,ENGIE BRASI,34.5,35.0,34.0,34.49,18075603.0,35.12650000000001,35.880000000000024,0.5940341563810468,0.9614652279804031,37.80293045596083,33.957069544039214,38.76439568394123,32.99560431605882,39.725860911921636,32.03413908807841
20170425,EGIE3,ENGIE BRASI,34.54,34.91,34.02,34.75,28356970.0,35.054,35.80625000000002,0.5423574272998763,0.9309374583086011,37.668124916617224,33.944375083382816,38.59906237492582,33.01343762507422,39.52999983323443,32.08250016676561
20170426,EGIE3,ENGIE BRASI,35.0,35.37,34.32,34.58,24054671.0,34.98650000000001,35.72825000000002,0.5106783414450083,0.8983343204409383,37.52491864088189,33.93158135911814,38.42325296132283,33.0332470386772,39.32158728176377,32.134912718236265
20170427,EGIE3,ENGIE BRASI,34.76,34.78,34.11,34.34,28581987.0,34.92700000000001,35.662250000000014,0.5133389154401147,0.9009866031048364,37.46422320620969,33.86027679379034,38.36520980931452,32.95929019068551,39.26619641241936,32.05830358758067
20170428,EGIE3,ENGIE BRASI,34.33,34.54,34.0,34.0,46769543.0,34.83750000000001,35.582250000000016,0.5109936141324846,0.9030105985123748,37.388271197024764,33.77622880297527,38.29128179553714,32.873218204462894,39.19429239404951,31.970207605950517
20170502,EGIE3,ENGIE BRASI,34.17,35.09,34.1,34.68,81712868.0,34.80150000000001,35.52450000000002,0.49437121147656793,0.8843451872749962,37.29319037455001,33.75580962545003,38.177535561825,32.87146443817503,39.061880749100006,31.987119250900033
20170503,EGIE3,ENGIE BRASI,34.8,35.0,34.55,34.78,32297041.0,34.772000000000006,35.47550000000002,0.4759212672612408,0.8694441194942412,37.2143882389885,33.73661176101154,38.08383235848274,32.8671676415173,38.953276477976985,31.997723522023055
20170504,EGIE3,ENGIE BRASI,34.54,34.95,34.2,34.43,29205519.0,34.71900000000001,35.41125000000002,0.4500748475765091,0.8486072677462976,37.108464535492615,33.71403546450742,37.95707180323891,32.86542819676112,38.80567907098521,32.01682092901483
20170505,EGIE3,ENGIE BRASI,34.49,34.63,34.21,34.42,21984774.0,34.645500000000006,35.34225000000002,0.3597436953106387,0.8125442394268049,36.967338478853634,33.71716152114641,37.77988271828043,32.90461728171961,38.59242695770724,32.0920730422928
20170508,EGIE3,ENGIE BRASI,34.5,34.56,34.1,34.21,14784735.0,34.583000000000006,35.281500000000015,0.316811416593805,0.8038227576033604,36.889145515206735,33.673854484793296,37.6929682728101,32.87003172718993,38.496791030413455,32.066208969586576
20170509,EGIE3,ENGIE BRASI,34.38,34.54,34.05,34.05,27598377.0,34.532500000000006,35.24050000000001,0.3172725044897922,0.824023742500891,36.888547485001794,33.59245251499823,37.712571227502686,32.76842877249734,38.53659497000358,31.944405029996446
20170510,EGIE3,ENGIE BRASI,34.21,34.49,34.12,34.33,35123283.0,34.49900000000001,35.202750000000016,0.3002262304890194,0.8304184533669492,36.863586906733914,33.54191309326612,37.69400536010086,32.71149463989917,38.52442381346781,31.88107618653222
20170511,EGIE3,ENGIE BRASI,34.44,34.78,34.04,34.08,25568018.0,34.45250000000001,35.13850000000001,0.28871539437191346,0.8148479486917977,36.768195897383606,33.50880410261641,37.5830438460754,32.69395615392462,38.3978917947672,31.879108205232818
20170512,EGIE3,ENGIE BRASI,34.25,34.75,34.25,34.43,31807896.0,34.426500000000004,35.09425000000001,0.26390339141428387,0.8037089902605875,36.70166798052119,33.48683201947883,37.505376970781775,32.683123029218244,38.309085961042356,31.87941403895766
20170515,EGIE3,ENGIE BRASI,34.5,34.74,34.35,34.68,21530413.0,34.4275,35.05625000000001,0.26487087221385675,0.7858220830149145,36.62789416602984,33.484605833970186,37.413716249044754,32.69878375095527,38.199538332059674,31.912961667940355
20170516,EGIE3,ENGIE BRASI,34.73,34.92,34.4,34.87,30969065.0,34.471000000000004,35.01425000000001,0.26239584399782406,0.7479198075071912,36.510089615014394,33.51841038498563,37.25800942252158,32.77049057747844,38.00592923002878,32.022570769971246
20170517,EGIE3,ENGIE BRASI,34.61,34.77,34.06,34.51,51496978.0,34.459,34.95325000000001,0.25432883811062124,0.6826471382674013,36.318544276534816,33.58795572346521,37.001191414802214,32.90530858519781,37.68383855306962,32.2226614469304
20170518,EGIE3,ENGIE BRASI,32.9,33.96,30.3,32.71,89832866.0,34.35450000000001,34.85700000000001,0.4561448869544596,0.7206521263269455,36.29830425265391,33.41569574734612,37.01895637898085,32.695043621019174,37.73960850530779,31.97439149469223
20170519,EGIE3,ENGIE BRASI,32.83,33.65,32.83,33.4,59517342.0,34.309000000000005,34.79300000000001,0.503721936661133,0.7337406794061838,36.260481358812385,33.32551864118764,36.99422203821857,32.59177796178146,37.72796271762475,31.858037282375278
20170522,EGIE3,ENGIE BRASI,33.4,33.55,32.92,33.15,44523105.0,34.2445,34.72100000000002,0.5649357206098844,0.7503599136414913,36.221719827283,33.22028017271703,36.97207974092449,32.46992025907554,37.72243965456598,31.719560345434054
20170523,EGIE3,ENGIE BRASI,33.31,33.98,33.03,33.2,31769019.0,34.18000000000001,34.653250000000014,0.6074710302817192,0.7624972047027815,36.17824440940558,33.12825559059445,36.94074161410836,32.36575838589167,37.70323881881114,31.603261181188888
20170524,EGIE3,ENGIE BRASI,33.69,33.95,33.45,33.53,29478724.0,34.11900000000001,34.586500000000015,0.6084743648104913,0.7401612783365454,36.0668225566731,33.10617744332693,36.80698383500965,32.36601616499038,37.5471451133462,31.625854886653833
20170525,EGIE3,ENGIE BRASI,33.73,33.75,33.17,33.4,18061766.0,34.06,34.52325000000001,0.6185466837676441,0.7304455524734749,35.984141104946964,33.06235889505306,36.71458665742043,32.33191334257959,37.44503220989391,31.601467790106113
20170526,EGIE3,ENGIE BRASI,33.65,33.96,33.44,33.72,32164721.0,34.029,34.478000000000016,0.6193111623323309,0.7224999334575959,35.922999866915205,33.033000133084826,36.645499800372804,32.31050019962723,37.3679997338304,31.588000266169633
20170529,EGIE3,ENGIE BRASI,33.5,33.66,33.23,33.51,14668100.0,34.0045,34.421000000000014,0.6301167393928735,0.7060899920853968,35.833179984170805,33.00882001582922,36.53926997625621,32.30273002374382,37.2453599683416,31.596640031658428
20170530,EGIE3,ENGIE BRASI,33.0,33.3,32.86,33.15,27691609.0,33.928000000000004,34.364750000000015,0.6366325884146401,0.7156563689799867,35.796062737959986,32.933437262040044,36.51171910693998,32.21778089306005,37.22737547591996,31.502124524080067
20170531,EGIE3,ENGIE BRASI,33.26,33.26,32.57,33.17,40636104.0,33.847500000000004,34.30975000000002,0.6249115726918114,0.7209377351400049,35.75162547028003,32.86787452972001,36.47256320542004,32.14693679458001,37.19350094056004,31.425999059440002
20170601,EGIE3,ENGIE BRASI,33.17,33.66,32.88,33.38,37671653.0,33.795,34.25700000000002,0.6174608446993076,0.7094678395704053,35.67593567914083,32.83806432085921,36.385403518711236,32.1285964812888,37.09487135828164,31.419128641718398
20170602,EGIE3,ENGIE BRASI,33.63,33.75,33.25,33.39,36598806.0,33.743500000000004,34.19450000000002,0.605425252894231,0.6709960067136955,35.53649201342741,32.852507986572625,36.207488020141106,32.18151197985893,36.8784840268548,31.51051597314524
20170605,EGIE3,ENGIE BRASI,33.29,33.72,33.0,33.14,31778782.0,33.690000000000005,34.13650000000003,0.6092964018136777,0.6589640276552852,35.45442805531059,32.81857194468946,36.11339208296588,32.15960791703417,36.77235611062117,31.500643889378885
20170606,EGIE3,ENGIE BRASI,33.14,33.44,32.96,33.14,29241221.0,33.64450000000001,34.088500000000025,0.614949505843185,0.6598972336466079,35.40829446729324,32.76870553270681,36.06819170093985,32.1088082990602,36.72808893458646,31.448911065413593
20170607,EGIE3,ENGIE BRASI,33.41,33.46,33.08,33.46,34648821.0,33.601000000000006,34.050000000000026,0.5943320000771652,0.6502070676094797,35.35041413521898,32.74958586478107,36.00062120282846,32.09937879717159,36.65082827043794,31.449171729562106
20170608,EGIE3,ENGIE BRASI,33.35,33.39,32.93,33.2,22161795.0,33.557,34.00475000000003,0.5895591573370165,0.644642566436337,35.2940351328727,32.71546486712736,35.93867769930904,32.07082230069102,36.58332026574538,31.42617973425468
20170609,EGIE3,ENGIE BRASI,33.32,33.46,32.94,33.3,32627667.0,33.5005,33.963500000000025,0.5546025129481045,0.6353297145214725,35.23415942904297,32.69284057095708,35.869489143564444,32.057510856435606,36.50481885808591,31.422181141914134
20170612,EGIE3,ENGIE BRASI,33.38,33.38,32.95,33.2,27129364.0,33.42650000000001,33.92700000000003,0.4830634152550001,0.6362276644611826,35.19945532892239,32.654544671077666,35.83568299338358,32.01831700661648,36.47191065784476,31.382089342155297
20170613,EGIE3,ENGIE BRASI,33.17,33.5,33.0,33.31,34107586.0,33.34850000000001,33.909750000000024,0.34350017237401853,0.643509956490694,35.19676991298141,32.62273008701864,35.840279869472106,31.979220130527942,36.4837898259628,31.33571017403725
20170614,EGIE3,ENGIE BRASI,33.34,33.68,33.08,33.2,57248657.0,33.28300000000001,33.87100000000002,0.2088842540233086,0.6382620633709586,35.14752412674194,32.594475873258105,35.7857861901129,31.95621380988715,36.42404825348386,31.31795174651619
20170616,EGIE3,ENGIE BRASI,33.12,34.41,33.12,34.41,111673852.0,33.36800000000001,33.86125000000003,0.2925675810366083,0.6265787752059224,35.11440755041187,32.608092449588185,35.7409863256178,31.98151367438226,36.36756510082372,31.354934899176335
20170619,EGIE3,ENGIE BRASI,34.38,35.0,34.22,34.8,24937734.0,33.438,33.87350000000003,0.4339488206543459,0.6402185123767004,35.15393702475343,32.593062975246625,35.79415553713013,31.952844462869926,36.43437404950683,31.312625950493228
20170620,EGIE3,ENGIE BRASI,34.79,34.98,34.43,34.6,42563377.0,33.51050000000001,33.877500000000026,0.4994784121565789,0.6443352766363489,35.16617055327272,32.58882944672733,35.810505829909076,31.94449417009098,36.45484110654542,31.30015889345463
20170621,EGIE3,ENGIE BRASI,34.49,35.36,34.49,34.85,39764736.0,33.593,33.88650000000003,0.5759120912448691,0.6555269948871154,35.197553989774256,32.5754460102258,35.853080984661375,31.91991901533868,36.508607979548486,31.264392020451567
20170622,EGIE3,ENGIE BRASI,34.77,35.23,34.57,34.74,25816247.0,33.65350000000001,33.886250000000025,0.6299647024363542,0.6551910564964328,35.196632112992894,32.575867887007156,35.85182316948932,31.920676830510725,36.507014225985756,31.265485774014294
20170623,EGIE3,ENGIE BRASI,34.74,35.0,34.56,34.56,28951470.0,33.71150000000001,33.88575000000002,0.6581655126981356,0.6546554682055085,35.19506093641104,32.57643906358901,35.84971640461655,31.9217835953835,36.504371872822055,31.26712812717799
20170626,EGIE3,ENGIE BRASI,34.73,35.12,34.5,34.91,25503142.0,33.771,33.90000000000003,0.7106698100716715,0.6708012812856349,35.241602562571295,32.55839743742876,35.91240384385693,31.887596156143122,36.58320512514257,31.216794874857488
20170627,EGIE3,ENGIE BRASI,34.8,34.92,34.24,34.53,38022613.0,33.822,33.913250000000026,0.7273571482102656,0.6780227191565176,35.26929543831306,32.557204561686994,35.94731815746958,31.879181842530475,36.6253408766261,31.201159123373955
20170628,EGIE3,ENGIE BRASI,34.49,34.98,34.49,34.85,23178065.0,33.907000000000004,33.917500000000025,0.7438385506772449,0.6834630896192456,35.284426179238515,32.550573820761535,35.96788926885776,31.86711073114229,36.651352358477006,31.18364764152304
20170629,EGIE3,ENGIE BRASI,34.93,34.93,34.0,34.0,30075852.0,33.94850000000001,33.898000000000025,0.7234295149894261,0.6692023571924156,35.236404714384854,32.559595285615195,35.90560707157727,31.890392928422777,36.57480942876969,31.221190571230363
20170630,EGIE3,ENGIE BRASI,34.17,34.34,33.92,33.92,29171621.0,33.975500000000004,33.88525000000003,0.7110664710951654,0.6636418075423215,35.21253361508467,32.55796638491538,35.87617542262699,31.894324577373062,36.53981723016931,31.230682769830743
20170703,EGIE3,ENGIE BRASI,34.16,34.39,33.95,34.32,15148279.0,34.022000000000006,33.88275000000002,0.7011013891689848,0.6617613928189918,35.206272785638006,32.55922721436204,35.868034178456995,31.897465821543047,36.52979557127599,31.235704428724056
20170704,EGIE3,ENGIE BRASI,34.35,34.4,34.15,34.25,6941598.0,34.07750000000001,33.88375000000002,0.6708900215777368,0.6622985905745339,35.20834718114909,32.559152818850954,35.87064577172362,31.896854228276418,36.53294436229815,31.234555637701884
20170705,EGIE3,ENGIE BRASI,34.33,34.53,33.76,33.97,25879391.0,34.119000000000014,33.881750000000025,0.6345317378317137,0.6619043524520464,35.20555870490412,32.55794129509593,35.86746305735616,31.896036942643885,36.52936740980821,31.23413259019184
20170706,EGIE3,ENGIE BRASI,33.97,34.4,33.96,34.08,32094838.0,34.15000000000001,33.875500000000024,0.6155015071168415,0.6587359690522205,35.19297193810446,32.558028061895584,35.85170790715669,31.89929209284336,36.5104438762089,31.24055612379114
20170707,EGIE3,ENGIE BRASI,34.25,34.89,34.22,34.39,39243429.0,34.209500000000006,33.883250000000025,0.5750192216466379,0.6630132748023931,35.20927654960481,32.55722345039524,35.872289824407204,31.894210175592846,36.5353030992096,31.23119690079045
20170710,EGIE3,ENGIE BRASI,34.84,34.86,34.37,34.8,34632575.0,34.28450000000001,33.89250000000003,0.5473041586770667,0.6733374587333042,35.239174917466634,32.54582508253342,35.91251237619994,31.872487623800115,36.58584983493324,31.19915016506681
20170711,EGIE3,ENGIE BRASI,34.8,35.15,34.38,34.86,34772007.0,34.36750000000001,33.89700000000002,0.49781496245297346,0.6793103591898586,35.25562071837974,32.5383792816203,35.934931077569594,31.859068922430446,36.61424143675946,31.179758563240586
20170712,EGIE3,ENGIE BRASI,35.12,35.59,34.78,35.07,50595928.0,34.45550000000001,33.90200000000002,0.45473502984526354,0.6873442014610598,35.27668840292214,32.527311597077905,35.9640326043832,31.839967395616842,36.651376805844265,31.152623194155783
20170713,EGIE3,ENGIE BRASI,35.22,35.22,34.65,34.99,47722710.0,34.545,33.91400000000002,0.3611458372865834,0.7022593574515725,35.31851871490317,32.509481285096875,36.02077807235474,31.807221927645305,36.72303742980631,31.104962570193734
20170714,EGIE3,ENGIE BRASI,35.06,35.12,34.55,34.75,22598724.0,34.562000000000005,33.96500000000002,0.3624565309689689,0.6864774446778066,35.33795488935563,32.592045110644406,36.024432334033435,31.905567665966597,36.71090977871124,31.21909022128879
20170717,EGIE3,ENGIE BRASI,34.77,34.85,34.44,34.75,13457025.0,34.55950000000001,33.998750000000015,0.3608976382066137,0.6911572884922683,35.38106457698455,32.61643542301548,36.07222186547682,31.92527813452321,36.76337915396909,31.23412084603094
20170718,EGIE3,ENGIE BRASI,34.71,34.93,34.48,34.85,15525772.0,34.57200000000001,34.04125000000001,0.36665773513836575,0.6898947801602746,35.42103956032056,32.661460439679466,36.11093434048084,31.97156565951919,36.80082912064111,31.281670879358913
20170719,EGIE3,ENGIE BRASI,34.73,34.89,34.53,34.69,17183933.0,34.56400000000001,34.07850000000001,0.36198865931633556,0.6835036060528605,35.44550721210573,32.711492787894294,36.12901081815859,32.027989181841434,36.81251442421146,31.34448557578857
20170720,EGIE3,ENGIE BRASI,34.77,34.87,34.42,34.82,17381531.0,34.568000000000005,34.11075000000001,0.3644693330539566,0.6873822043607751,35.48551440872156,32.73598559127846,36.17289661308234,32.048603386917684,36.86027881744311,31.36122118255691
20170721,EGIE3,ENGIE BRASI,34.84,35.19,34.69,34.82,21868973.0,34.581,34.14625000000001,0.368780351114827,0.6864015700628157,35.51905314012564,32.773446859874376,36.205454710188455,32.08704528981156,36.891856280251275,31.400643719748746
20170724,EGIE3,ENGIE BRASI,34.97,35.15,34.87,35.11,10922270.0,34.59100000000001,34.181000000000004,0.3806905083632227,0.6993322822705409,35.57966456454108,32.782335435458926,36.27899684681163,32.08300315318838,36.97832912908217,31.38367087091784
20170725,EGIE3,ENGIE BRASI,35.12,35.58,34.78,35.31,25033971.0,34.63000000000001,34.226000000000006,0.4127188414710644,0.7128304002266324,35.65166080045327,32.80033919954674,36.3644912006799,32.08750879932011,37.07732160090654,31.374678399093476
20170726,EGIE3,ENGIE BRASI,35.25,35.39,34.95,35.06,23088554.0,34.6405,34.27375,0.4211947293116982,0.702806416429474,35.67936283285895,32.86813716714105,36.382169249288424,32.165330750711576,37.0849756657179,31.462524334282104
20170727,EGIE3,ENGIE BRASI,35.33,35.4,35.0,35.07,14911237.0,34.694,34.32125,0.4031246379026781,0.6903926326226011,35.7020352652452,32.9404647347548,36.392427897867805,32.250072102132194,37.0828205304904,31.559679469509597
20170728,EGIE3,ENGIE BRASI,35.5,35.58,34.81,34.93,21453889.0,34.7445,34.36,0.36225136663860147,0.6796228214879614,35.71924564297592,33.00075435702408,36.39886846446388,32.32113153553612,37.07849128595184,31.641508714048154
20170731,EGIE3,ENGIE BRASI,35.18,35.23,34.91,35.0,24090604.0,34.7785,34.40024999999999,0.35208065762498264,0.6682832483311821,35.73681649666236,33.06368350333763,36.40509974499354,32.39540025500644,37.07338299332472,31.727117006675265
20170801,EGIE3,ENGIE BRASI,35.17,35.66,35.1,35.45,30512000.0,34.8385,34.45799999999999,0.35944804177627554,0.6562879293068863,35.77057585861376,33.14542414138622,36.42686378792065,32.48913621207933,37.08315171722754,31.832848282772446
20170802,EGIE3,ENGIE BRASI,35.46,36.37,35.31,35.85,32075402.0,34.932500000000005,34.52574999999999,0.3661301896722405,0.6566187181505824,35.83898743630115,33.21251256369882,36.495606154451735,32.55589384554824,37.15222487260232,31.899275127397658
20170803,EGIE3,ENGIE BRASI,35.91,36.36,35.85,36.2,28199160.0,35.038500000000006,34.59424999999999,0.41052309377947704,0.6848989725238128,35.96404794504761,33.224452054952366,36.64894691757143,32.53955308242855,37.33384589009524,31.854654109904736
20170804,EGIE3,ENGIE BRASI,36.25,36.3,35.9,36.2,15356151.0,35.129000000000005,34.66924999999999,0.4569221976844647,0.69252191486203,36.05429382972405,33.28420617027593,36.74681574458608,32.5916842554139,37.439337659448114,31.89916234055187
20170807,EGIE3,ENGIE BRASI,36.36,36.66,35.8,36.29,27479853.0,35.203500000000005,34.743999999999986,0.5178627637755223,0.702237449797078,36.14847489959414,33.33952510040583,36.850712349391216,32.637287650608755,37.5529497991883,31.935050200811673
20170808,EGIE3,ENGIE BRASI,36.37,36.38,35.85,35.91,36427097.0,35.25600000000001,34.81174999999999,0.5341732421523361,0.6798260995586227,36.17140219911723,33.45209780088275,36.851228298675856,32.77227170132412,37.53105439823448,32.0924456017655
20170809,EGIE3,ENGIE BRASI,35.93,36.1,35.66,35.79,38969819.0,35.292,34.87374999999999,0.5451277011180731,0.6518678783076323,36.177485756615255,33.57001424338472,36.82935363492288,32.91814636507709,37.481221513230516,32.26627848676946
20170810,EGIE3,ENGIE BRASI,34.25,34.35,33.6,34.15,28852089.0,35.25,34.897499999999994,0.599289052478862,0.6049401326599414,36.107380265319875,33.68761973468011,36.712320397979816,33.08267960202017,37.31726053063976,32.47773946936023
20170811,EGIE3,ENGIE BRASI,34.2,34.57,33.96,34.36,22546819.0,35.2305,34.89624999999999,0.622317189390174,0.6060239798082476,36.108297959616486,33.68420204038349,36.71432193942473,33.07817806057525,37.32034591923298,32.472154080767
20170814,EGIE3,ENGIE BRASI,34.39,35.07,34.15,34.62,23704350.0,35.224000000000004,34.89174999999999,0.6282507042322998,0.6074236788610476,36.10659735772208,33.676902642277895,36.714021036583134,33.06947896341684,37.32144471544418,32.462055284555795
20170815,EGIE3,ENGIE BRASI,34.78,35.2,34.63,34.89,24051842.0,35.226,34.89899999999999,0.6270599736279421,0.6055800355751855,36.11016007115036,33.68783992884961,36.71574010672554,33.08225989327443,37.32132014230073,32.476679857699246
20170816,EGIE3,ENGIE BRASI,35.14,35.25,34.36,34.48,37868452.0,35.2155,34.88974999999999,0.6381674009058337,0.6091628871467686,36.10807577429353,33.67142422570645,36.7172386614403,33.062261338559686,37.326401548587064,32.45309845141292
20170817,EGIE3,ENGIE BRASI,34.49,34.76,34.24,34.52,18341279.0,35.20049999999999,34.884249999999994,0.6513425406520883,0.6115381511046337,36.10732630220926,33.66117369779073,36.7188644533139,33.04963554668609,37.33040260441853,32.43809739558146
20170818,EGIE3,ENGIE BRASI,34.67,34.93,34.42,34.89,13958454.0,35.20399999999999,34.8925,0.649375408413801,0.6092734218429079,36.11104684368581,33.673953156314184,36.72032026552872,33.06467973447128,37.32959368737163,32.45540631262837
20170821,EGIE3,ENGIE BRASI,34.86,34.9,34.6,34.6,11135020.0,35.17849999999999,34.88474999999999,0.6631287483151854,0.6110142366884432,36.10677847337688,33.6627215266231,36.71779271006532,33.05170728993466,37.328806946753765,32.440693053246214
20170822,EGIE3,ENGIE BRASI,34.8,35.0,34.8,34.91,26924326.0,35.15849999999999,34.89424999999999,0.6649833792936493,0.6083052856197158,36.11086057123942,33.677639428760564,36.71916585685914,33.06933414314084,37.327471142478856,32.46102885752113
20170823,EGIE3,ENGIE BRASI,34.91,35.13,34.8,34.89,19550270.0,35.14999999999999,34.89525,0.6673908347555791,0.6082635541293878,36.11177710825877,33.678722891741224,36.72004066238816,33.07045933761184,37.32830421651755,32.46219578348244
20170824,EGIE3,ENGIE BRASI,35.05,35.09,34.84,35.0,86729331.0,35.14649999999999,34.920249999999996,0.6680157183779131,0.5908250966841694,36.10190019336834,33.738599806631655,36.69272529005251,33.147774709947484,37.28355038673667,32.55694961326332
20170825,EGIE3,ENGIE BRASI,35.06,35.39,34.95,35.13,18295964.0,35.15649999999999,34.9505,0.6660984201025529,0.568867295597192,36.08823459119438,33.81276540880562,36.65710188679157,33.243898113208424,37.225969182388766,32.67503081761123
20170828,EGIE3,ENGIE BRASI,35.13,35.55,35.13,35.35,14821232.0,35.17399999999999,34.97625,0.6663680032755424,0.5628758003918178,36.10200160078364,33.85049839921636,36.66487740117545,33.28762259882455,37.227753201567275,32.724746798432726
20170829,EGIE3,ENGIE BRASI,35.27,35.8,35.2,35.73,21858281.0,35.18799999999999,35.01325,0.6753525395166131,0.562555467350746,36.13836093470149,33.88813906529851,36.700916402052236,33.32558359794776,37.263471869402984,32.763028130597014
20170830,EGIE3,ENGIE BRASI,35.65,35.68,35.29,35.55,22151992.0,35.17299999999999,35.052749999999996,0.6630956111102254,0.5425390804782783,36.13782816095655,33.96767183904344,36.68036724143483,33.42513275856516,37.22290632191311,32.882593678086884
20170831,EGIE3,ENGIE BRASI,35.6,36.37,35.6,36.1,65017798.0,35.167999999999985,35.103249999999996,0.6552749523351658,0.5436834839953231,36.19061696799064,34.01588303200935,36.734300451985966,33.472199548014025,37.27798393598129,32.9285160640187
20170901,EGIE3,ENGIE BRASI,36.01,36.3,35.82,36.18,30800485.0,35.16699999999998,35.147999999999996,0.6536303478105235,0.556975348163274,36.261950696326544,34.03404930367345,36.81892604448982,33.47707395551017,37.37590139265309,32.9200986073469
20170904,EGIE3,ENGIE BRASI,36.19,36.19,35.77,35.87,10101124.0,35.14599999999998,35.174749999999996,0.6216141974941324,0.5654632205954825,36.30567644119096,34.04382355880903,36.871139661786444,33.47836033821355,37.436602882381926,32.912897117618066
20170905,EGIE3,ENGIE BRASI,36.13,36.36,35.95,36.2,38745661.0,35.160499999999985,35.20825,0.6433749418414062,0.5856702822298917,36.37959056445978,34.03690943554022,36.965260846689674,33.451239153310325,37.550931128919565,32.865568871080434
20170906,EGIE3,ENGIE BRASI,36.33,36.46,36.0,36.0,37531978.0,35.170999999999985,35.2315,0.6557831798295286,0.5983633661486797,36.428226732297354,34.03477326770264,37.026590098446036,33.43640990155396,37.62495346459472,32.838046535405276
20170908,EGIE3,ENGIE BRASI,36.04,36.93,36.03,36.81,113781273.0,35.30399999999999,35.277,0.7056568422025892,0.6467679011428897,36.57053580228578,33.98346419771422,37.21730370342867,33.33669629657133,37.86407160457156,32.68992839542844
20170911,EGIE3,ENGIE BRASI,36.9,37.95,36.88,37.84,32812727.0,35.477999999999994,35.35424999999999,0.8704421139192275,0.7572991398249103,36.86884827964981,33.839651720350176,37.62614741947473,33.08235258052526,38.383446559299635,32.32505344070035
20170912,EGIE3,ENGIE BRASI,37.78,37.98,37.46,37.59,48871812.0,35.62649999999999,35.42524999999999,0.9646121391250125,0.8289381143583394,37.08312622871667,33.76737377128331,37.91206434307501,32.93843565692497,38.741002457433346,32.109497542566636
20170913,EGIE3,ENGIE BRASI,37.63,37.92,37.5,37.63,60585225.0,35.76349999999999,35.494749999999996,1.0456741718547788,0.8934978441137726,37.281745688227545,33.70775431177245,38.17524353234131,32.81425646765868,39.06874137645509,31.920758623544906
20170914,EGIE3,ENGIE BRASI,37.63,38.02,37.35,37.35,36438803.0,35.907,35.561249999999994,1.057131670332992,0.9302968577770249,37.42184371555405,33.70065628444594,38.35214057333107,32.77035942666892,39.28243743110809,31.840062568891895
20170915,EGIE3,ENGIE BRASI,37.43,37.49,36.51,36.56,76842372.0,36.00899999999999,35.604749999999996,1.0137886211735778,0.9354143124292565,37.47557862485851,33.733921375141485,38.410992937287766,32.798507062712225,39.346407249717025,31.86309275028297
20170918,EGIE3,ENGIE BRASI,36.76,37.36,36.76,37.13,21538445.0,36.120999999999995,35.6625,1.007372298293136,0.956786153531607,37.576072307063214,33.74892769293679,38.532858460594824,32.79214153940518,39.489644614126426,31.835355385873573
20170919,EGIE3,ENGIE BRASI,37.1,37.27,36.65,36.8,32118620.0,36.23099999999999,35.704750000000004,0.9510874662306449,0.9689989217003675,37.64274784340074,33.76675215659927,38.61174676510111,32.7977532348989,39.58074568680147,31.828754313198534
20170920,EGIE3,ENGIE BRASI,36.83,37.0,36.35,36.5,51068762.0,36.31049999999999,35.734500000000004,0.8999325998153984,0.9748187208202371,37.68413744164048,33.78486255835953,38.65895616246072,32.81004383753929,39.63377488328095,31.835225116719055
20170921,EGIE3,ENGIE BRASI,36.61,37.11,36.01,36.19,27719489.0,36.375499999999995,35.762750000000004,0.8366567239221752,0.9711372859720676,37.705024571944136,33.82047542805587,38.676161857916206,32.8493381420838,39.647299143888276,31.878200856111732
20170922,EGIE3,ENGIE BRASI,36.27,36.48,36.05,36.05,21007892.0,36.42799999999999,35.78725000000001,0.7765890330900678,0.9655581287525187,37.718366257505046,33.85613374249497,38.683924386257566,32.89057561374245,39.649482515010085,31.925017484989933
20170925,EGIE3,ENGIE BRASI,36.04,36.22,35.64,35.84,20149507.0,36.463499999999996,35.81,0.728894440411734,0.9555103348473346,37.721020669694674,33.89897933030533,38.67653100454201,32.943468995458,39.63204133938934,31.987958660610666
20170926,EGIE3,ENGIE BRASI,36.02,36.47,35.75,36.47,51652781.0,36.519499999999994,35.84675,0.6802435709284219,0.9518198156891496,37.7503896313783,33.9431103686217,38.702209447067446,32.991290552932554,39.6540292627566,32.0394707372434
20170927,EGIE3,ENGIE BRASI,36.61,36.69,35.86,35.89,40290004.0,36.52749999999999,35.85775,0.6713527192796552,0.949657124359218,37.757064248718436,33.95843575128157,38.706721373077656,33.00877862692235,39.656378497436876,32.05912150256313
20170928,EGIE3,ENGIE BRASI,36.0,37.11,35.68,36.34,48910137.0,36.56699999999999,35.870000000000005,0.6329554736147908,0.9527100347201533,37.77542006944031,33.9645799305597,38.72813010416046,33.011869895839546,39.68084013888062,32.05915986111939
20170929,EGIE3,ENGIE BRASI,36.49,36.82,36.21,36.25,35769708.0,36.57449999999999,35.87125,0.6279999580958567,0.9531867939195494,37.7776235878391,33.964876412160905,38.73081038175865,33.011689618241356,39.6839971756782,32.058502824321806
20171002,EGIE3,ENGIE BRASI,36.35,36.52,35.78,35.92,18033371.0,36.561499999999995,35.864250000000006,0.639187601157642,0.9517376483475459,37.7677252966951,33.960774703304914,38.71946294504264,33.00903705495737,39.67120059339019,32.05729940660982
20171003,EGIE3,ENGIE BRASI,36.16,37.13,35.99,36.72,43686361.0,36.604,35.87500000000001,0.6187202411769651,0.9590700624122567,37.79314012482452,33.956859875175496,38.75221018723678,32.99778981276324,39.711280249649036,32.03871975035098
20171004,EGIE3,ENGIE BRASI,36.83,37.39,36.58,36.62,17199346.0,36.62499999999999,35.89275,0.6113703331128387,0.9662775189301511,37.8253050378603,33.960194962139695,38.79158255679045,32.99391744320955,39.7578600757206,32.0276399242794
20171005,EGIE3,ENGIE BRASI,36.86,38.35,36.86,37.18,63647260.0,36.68399999999999,35.9275,0.6047826925955603,0.9872540264899289,37.90200805297986,33.952991947020145,38.88926207946979,32.965737920530216,39.876516105959716,31.978483894040288
20171006,EGIE3,ENGIE BRASI,36.93,37.16,36.57,36.95,15660198.0,36.690999999999995,35.9975,0.6071235025663224,0.9567861535316062,37.911072307063215,34.08392769293679,38.86785846059482,33.12714153940519,39.82464461412643,32.17035538587358
20171009,EGIE3,ENGIE BRASI,36.87,37.13,36.61,36.66,18692829.0,36.63199999999999,36.05500000000001,0.5436000852019385,0.9244180428511658,37.90383608570234,34.206163914297676,38.8282541285535,33.28174587144651,39.75267217140467,32.357327828595345
20171010,EGIE3,ENGIE BRASI,37.0,37.84,36.84,37.06,32080626.0,36.60549999999999,36.11600000000001,0.506062977150157,0.9076506726653184,37.931301345330645,34.30069865466937,38.838952017995965,33.39304798200405,39.74660269066128,32.48539730933874
20171011,EGIE3,ENGIE BRASI,36.91,37.52,36.81,37.0,55048402.0,36.57399999999999,36.16875,0.4560747861111051,0.8958084373404375,37.96036687468088,34.377133125319126,38.856175312021314,33.48132468797869,39.751983749361756,32.58551625063825
20171013,EGIE3,ENGIE BRASI,37.15,37.79,37.15,37.59,38036074.0,36.58599999999999,36.246500000000005,0.48009209642797335,0.8803074928974196,38.00711498579484,34.48588501420517,38.887422478692265,33.605577521307744,39.76772997158968,32.72527002841033
20171016,EGIE3,ENGIE BRASI,37.81,37.99,37.18,37.18,30197147.0,36.61699999999998,36.313,0.49800760932674876,0.8463562927981519,38.00571258559631,34.6202874144037,38.852068878394455,33.77393112160555,39.69842517119261,32.927574828807394
20171017,EGIE3,ENGIE BRASI,37.31,37.78,36.76,36.9,55028476.0,36.605499999999985,36.36325000000001,0.48809484626181343,0.8189279655870647,38.00110593117414,34.72539406882588,38.8200338967612,33.90646610323881,39.63896186234827,33.08753813765175
20171018,EGIE3,ENGIE BRASI,36.88,37.03,36.68,36.7,50031526.0,36.60049999999999,36.41575000000001,0.4865071536229356,0.7687682038703911,37.95328640774079,34.87821359225923,38.722054611611185,34.109445388388835,39.49082281548157,33.34067718451845
20171019,EGIE3,ENGIE BRASI,36.66,36.92,36.35,36.62,31719866.0,36.60649999999999,36.4585,0.48594211264520004,0.7294274185787192,37.91735483715744,34.99964516284256,38.646782255736156,34.270217744263846,39.37620967431488,33.54079032568512
20171020,EGIE3,ENGIE BRASI,36.89,36.92,36.45,36.47,36355071.0,36.62049999999999,36.498000000000005,0.47726716560894533,0.6836560838796764,37.865312167759356,35.13068783224065,38.54896825163903,34.44703174836098,39.23262433551871,33.7633756644813
20171023,EGIE3,ENGIE BRASI,36.56,36.67,35.98,36.0,30050088.0,36.617999999999995,36.523,0.48053259925560055,0.6446434116666222,37.812286823333245,35.23371317666676,38.45693023499987,34.58906976500014,39.101573646666495,33.94442635333351
20171024,EGIE3,ENGIE BRASI,36.02,36.44,36.02,36.23,38547576.0,36.637499999999996,36.5505,0.4545081204763267,0.6059997038165078,37.762499407633015,35.338500592366984,38.36849911144952,34.732500888550476,38.97449881526603,34.12650118473397
20171025,EGIE3,ENGIE BRASI,36.44,36.59,36.04,36.2,21261189.0,36.623999999999995,36.57175,0.46366276310990545,0.5770343610619807,37.72581872212396,35.41768127787604,38.302853083185944,34.84064691681406,38.87988744424793,34.263612555752076
20171026,EGIE3,ENGIE BRASI,36.33,36.58,35.99,35.99,24780329.0,36.629,36.578250000000004,0.4558035126073937,0.5687137421523017,37.71567748430461,35.4408225156954,38.28439122645691,34.8721087735431,38.85310496860921,34.3033950313908
20171027,EGIE3,ENGIE BRASI,36.0,37.04,35.89,36.63,40594908.0,36.643499999999996,36.605250000000005,0.4507102581948639,0.5437334730763259,37.69271694615266,35.51778305384735,38.23645041922898,34.97404958077103,38.78018389230531,34.4303161076947
20171030,EGIE3,ENGIE BRASI,36.56,36.71,35.51,36.01,39057399.0,36.631499999999996,36.60300000000001,0.46471581582044286,0.5460590744787296,37.69511814895747,35.51088185104255,38.241177223436196,34.96482277656382,38.78723629791493,34.41876370208509
20171031,EGIE3,ENGIE BRASI,36.01,36.26,35.71,35.8,30322792.0,36.625499999999995,36.593500000000006,0.47504542719061377,0.5568065999461967,37.7071131998924,35.479886800107614,38.2639197998386,34.923080200161415,38.820726399784796,34.366273600215216
20171101,EGIE3,ENGIE BRASI,36.09,36.36,35.56,35.62,21900647.0,36.570499999999996,36.587250000000004,0.5246199125381669,0.5664554093388863,37.720160818677776,35.45433918132223,38.28661622801666,34.88788377198335,38.85307163735555,34.32142836264446
20171103,EGIE3,ENGIE BRASI,35.62,35.78,35.06,35.27,40696083.0,36.50299999999999,36.56400000000001,0.599430431414052,0.6008020280617662,37.76560405612354,35.36239594387647,38.36640608418531,34.76159391581471,38.96720811224707,34.16079188775294
20171106,EGIE3,ENGIE BRASI,35.45,36.47,35.32,36.11,28790871.0,36.44949999999999,36.56675,0.5833611772803083,0.5984012353443071,37.763552470688616,35.36994752931138,38.36195370603292,34.77154629396708,38.960354941377226,34.17314505862277
20171107,EGIE3,ENGIE BRASI,35.96,36.71,35.36,35.71,50476130.0,36.387499999999996,36.53925,0.5931794349985803,0.6120557520273773,37.76336150405476,35.31513849594525,38.37541725608214,34.70308274391787,38.98747300810951,34.091026991890494
20171108,EGIE3,ENGIE BRASI,35.97,37.8,35.95,37.52,49723251.0,36.430499999999995,36.53125000000001,0.643047636771855,0.5965120305275974,37.724274061055205,35.33822593894481,38.3207860915828,34.74171390841722,38.917298122110395,34.14520187788962
20171109,EGIE3,ENGIE BRASI,37.03,37.98,37.03,37.71,29835538.0,36.463,36.53425000000001,0.6911630167980971,0.6022474468020116,37.73874489360403,35.329755106395986,38.34099234040604,34.727507659593975,38.94323978720806,34.12526021279196
20171110,EGIE3,ENGIE BRASI,37.16,37.21,36.04,36.3,29897739.0,36.428,36.501000000000005,0.6801749001079169,0.5763581507611153,37.65371630152224,35.34828369847777,38.230074452283354,34.771925547716656,38.80643260304446,34.195567396955546
20171113,EGIE3,ENGIE BRASI,36.07,37.26,35.76,36.31,43905288.0,36.36399999999999,36.47500000000001,0.6228913903807773,0.5603112688040212,37.59562253760805,35.354377462391966,38.15593380641207,34.794066193587945,38.716245075216094,34.23375492478392
20171114,EGIE3,ENGIE BRASI,36.49,36.65,35.69,35.92,28154723.0,36.300999999999995,36.45900000000001,0.5992881742446159,0.5669206067510937,37.5928412135022,35.32515878649782,38.159761820253294,34.758238179746726,38.726682427004384,34.19131757299564
20171116,EGIE3,ENGIE BRASI,36.26,36.95,36.08,36.9,29750126.0,36.300999999999995,36.45325000000001,0.5992881742446159,0.5610767464301734,37.57540349286036,35.33109650713966,38.136480239290535,34.77001976070949,38.6975569857207,34.20894301427932
20171117,EGIE3,ENGIE BRASI,36.54,37.19,36.47,36.59,27560844.0,36.29549999999999,36.44800000000001,0.5959289519644477,0.5587265741088733,37.565453148217756,35.33054685178226,38.12417972232663,34.771820277673385,38.6829062964355,34.21309370356452
20171121,EGIE3,ENGIE BRASI,37.06,37.99,36.66,37.1,29002762.0,36.31949999999999,36.46300000000001,0.6189079941826003,0.5681332454763041,37.599266490952616,35.3267335090474,38.16739973642892,34.7586002635711,38.73553298190522,34.19046701809479
20171122,EGIE3,ENGIE BRASI,37.39,37.84,37.09,37.21,24814384.0,36.3565,36.4885,0.6497309159628061,0.578364404692611,37.64522880938522,35.33177119061478,38.22359321407784,34.75340678592217,38.801957618770444,34.17504238122956
20171123,EGIE3,ENGIE BRASI,37.34,37.97,36.88,37.5,7534433.0,36.43149999999999,36.524750000000004,0.6916363130097041,0.5953666721937233,37.71548334438745,35.33401665561256,38.31085001658118,34.73864998341883,38.9062166887749,34.14328331122511
20171124,EGIE3,ENGIE BRASI,37.87,37.94,37.12,37.12,10750939.0,36.47599999999999,36.55675000000001,0.7064619034686899,0.5920082618100322,37.740766523620074,35.37273347637994,38.332774785430104,34.78072521456991,38.92478304724014,34.188716952759876
20171127,EGIE3,ENGIE BRASI,37.18,37.31,36.58,36.99,18044640.0,36.51549999999999,36.569750000000006,0.7122793287083633,0.5957520026974331,37.761254005394875,35.37824599460514,38.357006008092306,34.78249399190771,38.952758010789736,34.186741989210276
20171128,EGIE3,ENGIE BRASI,37.21,37.42,36.68,36.68,23400389.0,36.54999999999999,36.5895,0.702124595330768,0.5856486651350046,37.76079733027001,35.41820266972999,38.34644599540501,34.83255400459499,38.93209466054002,34.246905339459985
20171129,EGIE3,ENGIE BRASI,36.71,36.86,35.83,36.11,35901231.0,36.52399999999999,36.58375,0.708604261912087,0.5892789487901577,37.762307897580314,35.40519210241969,38.35158684637047,34.81591315362953,38.94086579516063,34.22663420483937
20171130,EGIE3,ENGIE BRASI,36.02,36.17,35.04,35.43,53334061.0,36.49499999999999,36.563250000000004,0.7418362707710862,0.6148937264860074,37.793037452972015,35.33346254702799,38.407931179458025,34.71856882054198,39.022824905944034,34.10367509405597
20171201,EGIE3,ENGIE BRASI,35.43,35.84,35.1,35.33,23629785.0,36.47149999999999,36.548500000000004,0.7718486011892927,0.6373846803691512,37.82326936073831,35.2737306392617,38.46065404110746,34.63634595889255,39.09803872147661,33.998961278523396
20171204,EGIE3,ENGIE BRASI,35.41,36.09,35.36,35.83,21186832.0,36.48199999999999,36.52625,0.7610076422605232,0.6467103639743601,37.81967072794872,35.232829272051276,38.466381091923076,34.58611890807692,39.11309145589744,33.939408544102555
20171205,EGIE3,ENGIE BRASI,35.6,36.15,35.27,35.42,14605807.0,36.48949999999999,36.49625,0.7490799620024938,0.6696753423134366,37.835600684626876,35.15689931537313,38.505276026940315,34.48722397305969,39.17495136925375,33.81754863074626
20171206,EGIE3,ENGIE BRASI,35.31,35.54,35.09,35.32,30166139.0,36.449999999999996,36.44975,0.7898634125760534,0.6853727696176647,37.82049553923533,35.07900446076467,38.505868308852996,34.39363169114701,39.19124107847066,33.70825892152934
20171207,EGIE3,ENGIE BRASI,35.06,35.5,34.68,35.0,31813045.0,36.41449999999999,36.400999999999996,0.8392821180533894,0.7174770611896862,37.83595412237937,34.96604587762062,38.55343118356905,34.24856881643094,39.27090824475874,33.53109175524125
20171208,EGIE3,ENGIE BRASI,35.24,35.55,34.85,34.85,26835340.0,36.28099999999999,36.35574999999999,0.8661037983253829,0.7567267145494972,37.86920342909899,34.842296570901,38.62593014364848,34.085569856351505,39.38265685819798,33.328843141802004
20171211,EGIE3,ENGIE BRASI,34.89,35.18,34.72,34.9,16744487.0,36.14049999999999,36.30175,0.8498574183820007,0.7818350783532584,37.86542015670651,34.738079843293484,38.647255235059774,33.95624476494022,39.429090313413035,33.17440968658696
20171212,EGIE3,ENGIE BRASI,34.71,35.05,34.36,35.05,21640533.0,36.07799999999999,36.253,0.8828339535120153,0.7978117508182276,37.84862350163645,34.65737649836355,38.64643525245468,33.85956474754532,39.44424700327291,33.06175299672709
20171213,EGIE3,ENGIE BRASI,35.3,35.78,34.37,34.8,46587679.0,36.00249999999998,36.18325,0.9254863586244644,0.799882643635802,37.7830152872716,34.5834847127284,38.58289793090741,33.783602069092595,39.38278057454321,32.98371942545679
20171214,EGIE3,ENGIE BRASI,34.47,35.25,34.35,34.81,31396532.0,35.94699999999999,36.123999999999995,0.9632079078185461,0.8118443705854819,37.74768874117096,34.50031125882903,38.55953311175644,33.68846688824355,39.37137748234192,32.87662251765807
20171215,EGIE3,ENGIE BRASI,34.81,35.66,34.81,35.51,52973940.0,35.87749999999998,36.08924999999999,0.9407101181106535,0.8075140309966543,37.7042780619933,34.474221938006686,38.51179209298996,33.66670790701003,39.31930612398661,32.85919387601338
20171218,EGIE3,ENGIE BRASI,35.6,35.77,35.18,35.63,16717316.0,35.82949999999998,36.06249999999999,0.9268309049205034,0.8044802431001749,37.671460486200345,34.45353951379964,38.47594072930052,33.64905927069947,39.28042097240069,32.844579027599295
20171219,EGIE3,ENGIE BRASI,35.66,35.94,34.71,35.08,40814723.0,35.72849999999998,36.023999999999994,0.890442084171187,0.8139104719871292,37.65182094397425,34.39617905602574,38.46573141596138,33.58226858403861,39.27964188794851,32.76835811205148
20171220,EGIE3,ENGIE BRASI,35.06,35.85,35.06,35.47,29230411.0,35.641499999999986,35.998999999999995,0.8203162098913414,0.8152168187289297,37.62943363745786,34.36856636254213,38.444650456186785,33.553349543813205,39.25986727491571,32.73813272508428
20171221,EGIE3,ENGIE BRASI,35.51,35.8,35.38,35.49,30037755.0,35.54099999999998,35.98625,0.694049141290647,0.8191793501379064,37.624608700275814,34.34789129972418,38.443788050413715,33.52871194958628,39.262967400551624,32.70953259944837
20171222,EGIE3,ENGIE BRASI,35.41,35.63,35.28,35.31,8188672.0,35.450499999999984,35.963249999999995,0.5870844555042356,0.8250544271091229,37.61335885421824,34.31314114578175,38.438413281327364,33.488086718672626,39.26346770843649,32.6630322915635
20171226,EGIE3,ENGIE BRASI,35.58,35.9,35.43,35.5,13022681.0,35.37599999999998,35.94574999999999,0.4628333791355947,0.8273246580053355,37.60039931601066,34.29110068398932,38.427723974016,33.46377602598398,39.25504863202133,32.63645136797865
20171227,EGIE3,ENGIE BRASI,35.75,36.06,35.42,35.72,10015165.0,35.32799999999999,35.93899999999999,0.3584997981354041,0.8280554917612425,37.59511098352248,34.282889016477505,38.42316647528372,33.454833524716264,39.25122196704496,32.62677803295502
20171228,EGIE3,ENGIE BRASI,35.98,36.14,35.51,35.51,31629332.0,35.29799999999999,35.91099999999999,0.3116610844794626,0.8230113561231998,37.557022712246386,34.26497728775359,38.38003406836959,33.441965931630385,39.203045424492785,32.61895457550719
