DATA DO PREGAO,CODIGO DE NEGOCIACAO DO PAPEL,NOME RESUMIDO DA EMPRESA EMISSORA,PRECO DE ABERTURA,PRECO MAXIMO,PRECO MINIMO,PRECO FECHAMENTO,VOLUME TOTAL DE TITULOS NEGOCIADOS NESTE PAPEL,MA_20,MA_40,STD_20,STD_40,BANDA_1_40 SUPERIOR,BANDA_1_40 INFERIOR,BANDA_2_40 SUPERIOR,BANDA_2_40 INFERIOR,BANDA_3_40 SUPERIOR,BANDA_3_40 INFERIOR
20170102,ESTC3,ESTACIO PAR,15.8,15.8,15.41,15.45,11869863.0,0.0,0.0,0.0,0.0,0.0,0.0,0.0,0.0,0.0,0.0
20170103,ESTC3,ESTACIO PAR,15.62,16.31,15.46,16.31,25887411.0,0.0,0.0,0.0,0.0,0.0,0.0,0.0,0.0,0.0,0.0
20170104,ESTC3,ESTACIO PAR,16.39,16.45,15.85,16.23,25496121.0,0.0,0.0,0.0,0.0,0.0,0.0,0.0,0.0,0.0,0.0
20170105,ESTC3,ESTACIO PAR,16.24,16.39,15.87,15.97,25488059.0,0.0,0.0,0.0,0.0,0.0,0.0,0.0,0.0,0.0,0.0
20170106,ESTC3,ESTACIO PAR,15.98,16.1,15.75,15.85,24565847.0,0.0,0.0,0.0,0.0,0.0,0.0,0.0,0.0,0.0,0.0
20170109,ESTC3,ESTACIO PAR,15.89,16.0,15.51,15.77,16430417.0,0.0,0.0,0.0,0.0,0.0,0.0,0.0,0.0,0.0,0.0
20170110,ESTC3,ESTACIO PAR,15.9,15.95,15.65,15.74,31221946.0,0.0,0.0,0.0,0.0,0.0,0.0,0.0,0.0,0.0,0.0
20170111,ESTC3,ESTACIO PAR,15.74,15.93,15.36,15.55,13585906.0,0.0,0.0,0.0,0.0,0.0,0.0,0.0,0.0,0.0,0.0
20170112,ESTC3,ESTACIO PAR,15.97,16.71,15.75,16.1,80150997.0,0.0,0.0,0.0,0.0,0.0,0.0,0.0,0.0,0.0,0.0
20170113,ESTC3,ESTACIO PAR,15.92,16.6,15.92,16.5,68157371.0,0.0,0.0,0.0,0.0,0.0,0.0,0.0,0.0,0.0,0.0
20170116,ESTC3,ESTACIO PAR,16.5,16.67,16.4,16.59,17552170.0,0.0,0.0,0.0,0.0,0.0,0.0,0.0,0.0,0.0,0.0
20170117,ESTC3,ESTACIO PAR,16.6,17.55,16.53,17.26,39371355.0,0.0,0.0,0.0,0.0,0.0,0.0,0.0,0.0,0.0,0.0
20170118,ESTC3,ESTACIO PAR,17.26,17.26,16.65,16.96,61772845.0,0.0,0.0,0.0,0.0,0.0,0.0,0.0,0.0,0.0,0.0
20170119,ESTC3,ESTACIO PAR,16.96,17.17,16.27,16.41,179214500.0,0.0,0.0,0.0,0.0,0.0,0.0,0.0,0.0,0.0,0.0
20170120,ESTC3,ESTACIO PAR,16.53,16.74,16.38,16.52,15359052.0,0.0,0.0,0.0,0.0,0.0,0.0,0.0,0.0,0.0,0.0
20170123,ESTC3,ESTACIO PAR,16.56,16.59,15.72,16.05,29910985.0,0.0,0.0,0.0,0.0,0.0,0.0,0.0,0.0,0.0,0.0
20170124,ESTC3,ESTACIO PAR,16.05,16.24,15.92,16.07,24984767.0,0.0,0.0,0.0,0.0,0.0,0.0,0.0,0.0,0.0,0.0
20170126,ESTC3,ESTACIO PAR,16.23,16.6,16.18,16.37,29554283.0,0.0,0.0,0.0,0.0,0.0,0.0,0.0,0.0,0.0,0.0
20170127,ESTC3,ESTACIO PAR,16.37,16.9,16.15,16.71,19724016.0,0.0,0.0,0.0,0.0,0.0,0.0,0.0,0.0,0.0,0.0
20170130,ESTC3,ESTACIO PAR,16.6,16.8,16.1,16.4,21555558.0,16.240499999999997,0.0,0.4591350563831957,0.0,0.0,0.0,0.0,0.0,0.0,0.0
20170131,ESTC3,ESTACIO PAR,16.41,16.44,15.79,15.9,15979689.0,16.262999999999998,0.0,0.4283517983595899,0.0,0.0,0.0,0.0,0.0,0.0,0.0
20170201,ESTC3,ESTACIO PAR,16.0,16.13,15.28,15.53,35521690.0,16.223999999999997,0.0,0.45830810137883693,0.0,0.0,0.0,0.0,0.0,0.0,0.0
20170202,ESTC3,ESTACIO PAR,15.5,16.15,15.32,15.99,22667742.0,16.211999999999996,0.0,0.4612751205539986,0.0,0.0,0.0,0.0,0.0,0.0,0.0
20170203,ESTC3,ESTACIO PAR,15.99,16.15,15.18,15.49,49336537.0,16.187999999999995,0.0,0.48633538351960237,0.0,0.0,0.0,0.0,0.0,0.0,0.0
20170206,ESTC3,ESTACIO PAR,15.0,15.43,14.67,15.06,80989417.0,16.14849999999999,0.0,0.5439066773668176,0.0,0.0,0.0,0.0,0.0,0.0,0.0
20170207,ESTC3,ESTACIO PAR,14.87,14.97,14.5,14.55,48081534.0,16.087499999999995,0.0,0.6471953662575654,0.0,0.0,0.0,0.0,0.0,0.0,0.0
20170208,ESTC3,ESTACIO PAR,14.61,14.7,14.08,14.15,45360602.0,16.007999999999992,0.0,0.7768058756349965,0.0,0.0,0.0,0.0,0.0,0.0,0.0
20170209,ESTC3,ESTACIO PAR,14.15,14.6,14.03,14.55,25746278.0,15.957999999999993,0.0,0.8376382839488914,0.0,0.0,0.0,0.0,0.0,0.0,0.0
20170210,ESTC3,ESTACIO PAR,14.56,14.83,14.34,14.7,20819666.0,15.887999999999991,0.0,0.8824463603796946,0.0,0.0,0.0,0.0,0.0,0.0,0.0
20170213,ESTC3,ESTACIO PAR,14.8,14.92,14.53,14.85,14501903.0,15.805499999999991,0.0,0.899189547373225,0.0,0.0,0.0,0.0,0.0,0.0,0.0
20170214,ESTC3,ESTACIO PAR,14.86,15.14,14.75,15.02,22953778.0,15.726999999999993,0.0,0.895621513105198,0.0,0.0,0.0,0.0,0.0,0.0,0.0
20170215,ESTC3,ESTACIO PAR,15.18,15.24,14.93,15.0,28747272.0,15.613999999999994,0.0,0.8323612576026691,0.0,0.0,0.0,0.0,0.0,0.0,0.0
20170216,ESTC3,ESTACIO PAR,15.02,15.14,14.78,14.85,35895265.0,15.508499999999994,0.0,0.7851602250161245,0.0,0.0,0.0,0.0,0.0,0.0,0.0
20170217,ESTC3,ESTACIO PAR,14.65,15.7,14.6,15.7,35559380.0,15.472999999999994,0.0,0.7578300045455291,0.0,0.0,0.0,0.0,0.0,0.0,0.0
20170220,ESTC3,ESTACIO PAR,15.7,15.71,15.38,15.5,13427903.0,15.421999999999993,0.0,0.7168762647398582,0.0,0.0,0.0,0.0,0.0,0.0,0.0
20170221,ESTC3,ESTACIO PAR,15.4,15.75,15.22,15.62,26771063.0,15.400499999999994,0.0,0.7033713925014841,0.0,0.0,0.0,0.0,0.0,0.0,0.0
20170222,ESTC3,ESTACIO PAR,15.57,15.57,14.73,15.2,29963153.0,15.356999999999994,0.0,0.6864868611461686,0.0,0.0,0.0,0.0,0.0,0.0,0.0
20170223,ESTC3,ESTACIO PAR,15.19,15.55,15.07,15.26,24347724.0,15.301499999999994,0.0,0.6438230796536734,0.0,0.0,0.0,0.0,0.0,0.0,0.0
20170224,ESTC3,ESTACIO PAR,15.07,15.28,14.95,14.99,24490110.0,15.215499999999995,0.0,0.5544506527327684,0.0,0.0,0.0,0.0,0.0,0.0,0.0
20170301,ESTC3,ESTACIO PAR,15.2,15.3,14.93,15.24,20908659.0,15.157499999999995,15.699000000000002,0.47964762284959467,0.7179986429527917,17.134997285905584,14.263002714094418,17.852995928858377,13.545004071141626,18.57099457181117,12.827005428188835
20170302,ESTC3,ESTACIO PAR,15.24,15.37,14.97,15.03,33178636.0,15.113999999999995,15.6885,0.44711237254656067,0.7247724665059561,17.138044933011912,14.238955066988087,17.862817399517866,13.514182600482131,18.587589866023823,12.789410133976176
20170303,ESTC3,ESTACIO PAR,15.2,15.24,14.82,15.15,20077685.0,15.094999999999995,15.6595,0.4364509980332437,0.7224706541817771,17.104441308363555,14.214558691636444,17.82691196254533,13.492088037454668,18.549382616727108,12.769617383272891
20170306,ESTC3,ESTACIO PAR,15.23,15.23,14.85,14.97,81250995.0,15.043999999999997,15.628,0.382641786586501,0.7244244399733956,17.07684887994679,14.17915112005321,17.80127331992019,13.454726680079814,18.525697759893582,12.730302240106418
20170307,ESTC3,ESTACIO PAR,14.97,15.23,14.9,15.16,12023363.0,15.027499999999998,15.60775,0.3692791698202893,0.7259387821191357,17.05962756423827,14.155872435761728,17.785566346357406,13.429933653642593,18.511505128476543,12.703994871523456
20170308,ESTC3,ESTACIO PAR,15.13,15.24,14.66,14.79,16053721.0,15.014,15.581249999999997,0.37294560066132404,0.736144451752611,17.05353890350522,14.108961096494776,17.78968335525783,13.372816644742164,18.52582780701044,12.636672192989554
20170309,ESTC3,ESTACIO PAR,14.78,15.09,14.4,14.4,33322723.0,15.006499999999997,15.546999999999997,0.3841090168716552,0.7586634671646278,17.06432693432925,14.02967306567074,17.822990401493882,13.271009598506113,18.58165386865851,12.512346131341486
20170310,ESTC3,ESTACIO PAR,14.52,15.45,14.45,15.45,29246817.0,15.071499999999997,15.539749999999998,0.3388723560342669,0.7581573055771459,17.05606461115429,14.023435388845707,17.814221916731434,13.26527808326856,18.57237922230858,12.507120777691414
20170313,ESTC3,ESTACIO PAR,15.31,15.45,14.96,15.0,17465649.0,15.093999999999998,15.526,0.31663360861612205,0.7629389867059456,17.05187797341189,14.000122026588109,17.814816960117838,13.237183039882163,18.577755946823782,12.474244053176218
20170314,ESTC3,ESTACIO PAR,15.07,15.07,14.7,14.75,13287768.0,15.096499999999997,15.492249999999999,0.31354131768355703,0.7667463308666258,17.02574266173325,13.958757338266746,17.792488992599875,13.192011007400122,18.559235323466503,12.425264676533494
20170315,ESTC3,ESTACIO PAR,14.75,15.84,14.75,15.8,35202764.0,15.143999999999997,15.474749999999997,0.34464932597459275,0.7509822200770082,16.976714440154012,13.972785559845981,17.72769666023102,13.221803339768972,18.47867888030803,12.470821119691964
20170316,ESTC3,ESTACIO PAR,15.84,16.23,15.79,15.94,26791813.0,15.189999999999998,15.458499999999997,0.38612787628208023,0.7330496537560002,16.924599307511997,13.992400692487998,17.657648961268,13.259351038731996,18.390698615023997,12.526301384975996
20170317,ESTC3,ESTACIO PAR,15.5,15.55,15.06,15.2,46024201.0,15.199999999999998,15.407,0.38352931679613417,0.6731563616125776,16.753312723225154,14.060687276774845,17.426469084837734,13.387530915162268,18.09962544645031,12.714374553549689
20170320,ESTC3,ESTACIO PAR,15.2,15.7,15.2,15.62,53406223.0,15.238499999999997,15.373499999999998,0.3851899736357083,0.6255481698642468,16.62459633972849,14.122403660271505,17.250144509592737,13.496855490407258,17.875692679456986,12.87130732054301
20170321,ESTC3,ESTACIO PAR,15.65,15.69,14.75,14.9,23548434.0,15.198499999999996,15.335749999999999,0.376175700829733,0.606671826548918,16.549093653097835,14.122406346902164,17.155765479646753,13.515734520353245,17.76243730619567,12.909062693804326
20170322,ESTC3,ESTACIO PAR,14.99,15.02,14.55,14.75,43368079.0,15.160999999999996,15.2915,0.3818776326466285,0.5821337849581816,16.45576756991636,14.127232430083636,17.037901354874545,13.545098645125455,17.620035139832726,12.962964860167272
20170323,ESTC3,ESTACIO PAR,14.63,14.93,14.59,14.78,15765375.0,15.118999999999994,15.25975,0.374866993956388,0.5742843372407037,16.408318674481407,14.111181325518594,16.982603011722112,13.536896988277888,17.556887348962814,12.962612651037185
20170324,ESTC3,ESTACIO PAR,14.64,15.23,14.64,14.9,35516755.0,15.103999999999994,15.230499999999997,0.3774484977067157,0.5616137462705075,16.35372749254101,14.107272507458983,16.91534123881152,13.545658761188475,17.476954985082028,12.984045014917967
20170327,ESTC3,ESTACIO PAR,14.88,15.13,14.8,14.96,22862932.0,15.088999999999993,15.195249999999998,0.37688334087829195,0.5317122197348657,16.25867443946973,14.131825560530267,16.790386659204596,13.600113340795401,17.32209887893946,13.068401121060536
20170328,ESTC3,ESTACIO PAR,15.03,15.3,14.83,15.25,21649748.0,15.101999999999993,15.158749999999998,0.3777718609787821,0.4718006287970865,16.102351257594172,14.215148742405825,16.574151886391256,13.743348113608738,17.045952515188343,13.271547484811652
20170329,ESTC3,ESTACIO PAR,15.38,15.47,15.06,15.23,27240161.0,15.101499999999993,15.129499999999998,0.3775861700188151,0.42701678343283656,15.983533566865672,14.275466433134325,16.410550350298507,13.84844964970149,16.837567133731344,13.421432866268653
20170330,ESTC3,ESTACIO PAR,15.38,15.57,15.22,15.57,23645287.0,15.128499999999994,15.12125,0.3912634729477848,0.41476089806549404,15.950771796130988,14.291728203869011,16.36553269419648,13.876967305803518,16.780293592261977,13.462206407738023
20170331,ESTC3,ESTACIO PAR,15.46,15.94,15.41,15.87,44999008.0,15.164499999999995,15.129750000000001,0.4250136220727199,0.42666558994254306,15.983081179885087,14.276418820114916,16.40974676982763,13.849753230172372,16.836412359770172,13.423087640229829
20170403,ESTC3,ESTACIO PAR,15.92,15.93,15.46,15.55,19413266.0,15.193499999999995,15.11875,0.4307921100777817,0.4092343538979212,15.937218707795843,14.300281292204158,16.346453061693765,13.891046938306237,16.755687415591684,13.481812584408315
20170404,ESTC3,ESTACIO PAR,15.61,15.7,15.33,15.4,23397892.0,15.205499999999992,15.116499999999998,0.4331460796495727,0.4073840876516748,15.931268175303348,14.301731824696649,16.338652262955023,13.894347737044974,16.746036350606698,13.4869636493933
20170405,ESTC3,ESTACIO PAR,15.49,16.08,15.4,15.68,23336887.0,15.249999999999991,15.132,0.43392941458503353,0.41686374826239964,15.9657274965248,14.2982725034752,16.3825912447872,13.881408755212801,16.799454993049597,13.4645450069504
20170406,ESTC3,ESTACIO PAR,15.58,16.48,15.48,16.2,35116909.0,15.339999999999993,15.173250000000001,0.43501966077772086,0.4388527438323975,16.050955487664798,14.295544512335207,16.489808231497193,13.85669176850281,16.928660975329592,13.41783902467041
20170407,ESTC3,ESTACIO PAR,16.2,16.5,16.0,16.0,30587292.0,15.367499999999993,15.219500000000002,0.459059393015539,0.42553104077923687,16.070562081558474,14.368437918441527,16.49609312233771,13.942906877662292,16.92162416311695,13.517375836883055
20170410,ESTC3,ESTACIO PAR,15.95,16.26,15.8,16.26,21771313.0,15.430499999999991,15.262250000000003,0.4912976908684164,0.44211895081149954,16.146487901623004,14.378012098377004,16.588606852434502,13.935893147565505,17.030725803246,13.493774196754005
20170411,ESTC3,ESTACIO PAR,16.26,16.63,15.89,16.12,16899607.0,15.498999999999992,15.297750000000002,0.48691185844539003,0.45269839113180904,16.20314678226362,14.392353217736384,16.65584517339543,13.939654826604576,17.10854356452724,13.486956435472766
20170412,ESTC3,ESTACIO PAR,16.22,16.61,16.11,16.49,32041830.0,15.533499999999993,15.338750000000001,0.5317426662944222,0.4842715253413168,16.307293050682635,14.370206949317367,16.79156457602395,13.88593542397605,17.275836101365268,13.401663898634734
20170413,ESTC3,ESTACIO PAR,16.36,16.61,15.73,15.74,28851889.0,15.523499999999993,15.356750000000002,0.5255400730877324,0.48549941244781636,16.327748824895636,14.38575117510437,16.81324823734345,13.900251762656552,17.298747649791267,13.414752350208737
20170417,ESTC3,ESTACIO PAR,15.62,16.75,15.62,16.7,35616936.0,15.598499999999992,15.399250000000004,0.5810451110306658,0.5261733530272062,16.451596706054417,14.34690329394559,16.97777005908162,13.820729940918385,17.50394341210883,13.29455658789118
20170418,ESTC3,ESTACIO PAR,16.63,16.8,16.41,16.6,18556782.0,15.647499999999994,15.443000000000003,0.622777099602644,0.551479129948928,16.54595825989786,14.340041740102148,17.09743738984679,13.78856261015322,17.648916519795716,13.23708348020429
20170419,ESTC3,ESTACIO PAR,16.65,16.82,16.41,16.6,16423461.0,15.732499999999996,15.465500000000002,0.6313383862040591,0.5798627158481268,16.625225431696254,14.305774568303748,17.205088147544384,13.725911852455623,17.78495086339251,13.146049136607495
20170420,ESTC3,ESTACIO PAR,16.47,16.8,16.45,16.7,32001711.0,15.829999999999995,15.495500000000003,0.622127081280961,0.6118527977821482,16.7192055955643,14.271794404435706,17.33105839334645,13.65994160665356,17.942911191128594,13.04808880887141
20170424,ESTC3,ESTACIO PAR,16.69,16.91,16.61,16.7,30036580.0,15.925999999999997,15.522500000000004,0.5992925654030584,0.6406397043340563,16.803779408668117,14.241220591331892,17.444419113002173,13.600580886997836,18.08505881733623,12.95994118266378
20170425,ESTC3,ESTACIO PAR,16.6,17.22,16.26,17.15,42742788.0,16.038499999999996,15.571250000000003,0.6076813136401185,0.6879184041506864,16.947086808301375,14.19541319169863,17.63500521245206,13.507494787547945,18.322923616602747,12.819576383397257
20170426,ESTC3,ESTACIO PAR,17.15,17.4,17.0,17.4,37842484.0,16.160499999999995,15.624750000000002,0.624461662891378,0.7440188428134968,17.112787685626998,14.136712314373009,17.856806528440494,13.392693471559511,18.60082537125399,12.648674628746015
20170427,ESTC3,ESTACIO PAR,17.46,17.95,17.09,17.48,38422840.0,16.272,15.687000000000003,0.6518201237183644,0.7921577154543427,17.27131543090869,14.102684569091318,18.06347314636303,13.310526853636976,18.855630861817374,12.518369138182631
20170428,ESTC3,ESTACIO PAR,17.48,17.89,17.3,17.83,31631277.0,16.401999999999994,15.751750000000005,0.6911515943089502,0.8578144186961856,17.467378837392374,14.036121162607634,18.32519325608856,13.178306743911449,19.183007674784747,12.320492325215262
20170502,ESTC3,ESTACIO PAR,17.95,18.38,17.44,18.2,46925155.0,16.533499999999997,15.831000000000007,0.7701966597803825,0.9325971455550539,17.696194291110114,13.9658057088899,18.628791436665168,13.033208563334846,19.56138858222022,12.100611417779792
20170503,ESTC3,ESTACIO PAR,18.06,18.72,18.06,18.5,36810112.0,16.664999999999996,15.914750000000007,0.8691163086116582,1.016517401821104,17.947784803642215,13.8817151963578,18.96430220546332,12.865197794536694,19.980819607284424,11.84868039271559
20170504,ESTC3,ESTACIO PAR,18.5,18.57,18.11,18.4,30776335.0,16.807499999999994,16.000500000000006,0.9093888925507927,1.0776135789980683,18.155727157996143,13.845272842003869,19.23334073699421,12.7676592630058,20.31095431599228,11.690045684007732
20170505,ESTC3,ESTACIO PAR,18.17,18.84,18.16,18.6,28514610.0,16.967499999999994,16.086500000000008,0.9299908035765011,1.1440359282505976,18.374571856501202,13.798428143498812,19.5186077847518,12.654392215248215,20.6626437130024,11.510356286997617
20170508,ESTC3,ESTACIO PAR,18.58,18.7,17.76,18.13,31926643.0,17.089999999999996,16.17000000000001,0.912671036602268,1.1686064460035415,18.507212892007093,13.832787107992926,19.675819338010633,12.664180661989384,20.844425784014174,11.495574215985844
20170509,ESTC3,ESTACIO PAR,17.95,18.32,17.91,18.3,30414188.0,17.194999999999997,16.267500000000005,0.9255979575103855,1.179784313186537,18.62706862637308,13.907931373626932,19.80685293955962,12.728147060440394,20.986637252746153,11.548362747253858
20170510,ESTC3,ESTACIO PAR,18.21,18.62,18.15,18.62,53009745.0,17.325999999999997,16.346750000000007,0.932943276890277,1.228909016890541,18.804568033781088,13.888931966218925,20.033477050671628,12.660022949328384,21.262386067562172,11.431113932437842
20170511,ESTC3,ESTACIO PAR,18.46,18.65,18.22,18.3,46787154.0,17.427999999999997,16.429250000000003,0.9217123652260287,1.2468182840066708,18.922886568013347,13.935613431986662,20.169704852020015,12.688795147979992,21.416523136026687,11.44197686397332
20170512,ESTC3,ESTACIO PAR,18.3,18.56,18.3,18.45,31429453.0,17.544499999999996,16.521750000000004,0.894535898488287,1.2562559095408934,19.03426181908179,14.009238180918217,20.290517728622685,12.752982271377324,21.54677363816358,11.49672636183643
20170515,ESTC3,ESTACIO PAR,18.3,18.6,18.15,18.4,39462251.0,17.639999999999993,16.586750000000006,0.8778322582841488,1.284891270467305,19.156532540934617,14.016967459065395,20.441423811401922,12.732076188598091,21.726315081869224,11.447184918130786
20170516,ESTC3,ESTACIO PAR,18.34,18.57,18.21,18.57,69817858.0,17.781499999999994,16.652500000000007,0.7778396195130792,1.3178162783900311,19.28813255678007,14.016867443219944,20.6059488351701,12.699051164829914,21.92376511356013,11.381234886439882
20170517,ESTC3,ESTACIO PAR,18.5,18.63,18.17,18.35,33334377.0,17.863999999999997,16.731250000000006,0.7438548245457866,1.3229012163442655,19.377052432688536,14.085447567311476,20.699953649032803,12.76254635096721,22.02285486537707,11.439645134622944
20170518,ESTC3,ESTACIO PAR,16.1,17.1,15.08,16.0,69359811.0,17.833999999999996,16.740750000000006,0.8069396377347012,1.3160632583580505,19.372876516716108,14.108623483283905,20.688939775074157,12.792560224925854,22.005003033432207,11.476496966567804
20170519,ESTC3,ESTACIO PAR,16.0,17.53,15.94,17.43,51931506.0,17.875499999999995,16.804000000000006,0.7601210083719989,1.2857758308428018,19.37555166168561,14.232448338314402,20.66132749252841,12.9466725074716,21.947103323371213,11.660896676628798
20170522,ESTC3,ESTACIO PAR,16.95,17.12,16.61,16.97,32315437.0,17.888999999999996,16.859500000000004,0.7402837293903222,1.2420102604968677,19.34352052099374,14.37547947900627,20.585530781490608,13.1334692185094,21.827541041987473,11.891458958012533
20170523,ESTC3,ESTACIO PAR,17.0,17.31,16.83,17.31,20029732.0,17.919499999999996,16.922750000000004,0.7001990318549226,1.1970004980398727,19.31675099607975,14.52874900392026,20.513751494119624,13.331748505880386,21.710751992159494,12.134748007840514
20170524,ESTC3,ESTACIO PAR,17.3,17.93,17.25,17.5,29159515.0,17.936999999999998,16.987750000000005,0.684144490740495,1.1541707812571345,19.296091562514274,14.679408437485737,20.45026234377141,13.525237656228601,21.604433125028542,12.371066874971469
20170525,ESTC3,ESTACIO PAR,17.61,17.81,17.2,17.6,30482456.0,17.947,17.053750000000004,0.6773096936060169,1.1098756860394552,19.273501372078915,14.833998627921094,20.38337705811837,13.724122941881639,21.493252744157825,12.614247255842184
20170526,ESTC3,ESTACIO PAR,17.74,17.98,17.68,17.84,56614625.0,17.964999999999996,17.118500000000004,0.6689780108100817,1.0770104634874966,19.272520926974998,14.96447907302501,20.349531390462495,13.887468609537514,21.426541853949992,12.810458146050017
20170529,ESTC3,ESTACIO PAR,17.6,17.97,17.38,17.65,12209224.0,17.955999999999996,17.179000000000006,0.6720933519119614,1.0353713566415967,19.249742713283197,15.108257286716812,20.285114069924795,14.072885930075216,21.320485426566393,13.037514573433619
20170530,ESTC3,ESTACIO PAR,17.14,17.75,17.11,17.6,19917467.0,17.926,17.229750000000003,0.6740170230554015,1.0037506266562604,19.23725125331252,15.222248746687482,20.241001879968785,14.21849812003122,21.244752506625044,13.214747493374961
20170531,ESTC3,ESTACIO PAR,17.5,18.01,17.18,17.39,38105325.0,17.8705,17.267750000000003,0.6699526691844817,0.9794307281692087,19.22661145633842,15.308888543661585,20.20604218450763,14.329457815492377,21.185472912676836,13.350027087323168
20170601,ESTC3,ESTACIO PAR,17.35,17.45,17.08,17.2,20119813.0,17.810499999999998,17.309000000000005,0.6737598744516438,0.9391480045014151,19.187296009002836,15.430703990997173,20.12644401350425,14.49155598649576,21.065592018005667,13.552407981994344
20170602,ESTC3,ESTACIO PAR,17.4,17.48,16.84,17.1,19030368.0,17.7355,17.35150000000001,0.6646762171796518,0.8875941264639764,19.126688252927963,15.576311747072056,20.014282379391936,14.68871762060808,20.901876505855913,13.801123494144104
20170605,ESTC3,ESTACIO PAR,16.79,16.86,15.71,15.9,61899888.0,17.624,17.357000000000006,0.7731984153331697,0.8775963677086411,19.11219273541729,15.601807264582725,19.98978910312593,14.724210896874084,20.86738547083457,13.846614529165443
20170606,ESTC3,ESTACIO PAR,16.09,16.64,15.72,16.56,44133630.0,17.537,17.366000000000007,0.7908230223201765,0.8672112687317898,19.100422537463587,15.631577462536427,19.967633806195376,14.764366193804637,20.834845074927166,13.897154925072847
20170607,ESTC3,ESTACIO PAR,16.53,17.2,16.53,17.19,45405882.0,17.4655,17.395750000000007,0.7514160316573085,0.8391047961812487,19.073959592362502,15.71754040763751,19.913064388543752,14.878435611456261,20.752169184725002,14.039330815275012
20170608,ESTC3,ESTACIO PAR,17.04,17.12,16.56,17.12,14309987.0,17.406499999999998,17.417250000000006,0.7284177156145298,0.8200593708963321,19.057368741792672,15.777131258207342,19.877428112689003,14.95707188731101,20.697487483585334,14.137012516414678
20170609,ESTC3,ESTACIO PAR,17.2,17.29,16.9,17.0,25028324.0,17.333999999999996,17.43925000000001,0.6902509078512755,0.7958107863633943,19.030871572726795,15.84762842727322,19.826682359090192,15.051817640909825,20.622493145453586,14.256006854546431
20170612,ESTC3,ESTACIO PAR,16.91,17.3,16.65,17.05,17909687.0,17.2665,17.453250000000004,0.6450481418182628,0.7835140680752396,19.020278136150484,15.886221863849524,19.803792204225722,15.102707795774286,20.587306272300964,14.319193727699046
20170613,ESTC3,ESTACIO PAR,17.16,17.17,16.68,16.9,19473398.0,17.183,17.482250000000004,0.571305983091219,0.7386595187333616,18.95956903746673,16.00493096253328,19.69822855620009,15.26627144379992,20.43688807493345,14.527611925066559
20170614,ESTC3,ESTACIO PAR,16.88,17.1,16.58,17.03,47100393.0,17.116999999999997,17.490500000000004,0.501357105632756,0.7315068746719502,18.953513749343905,16.027486250656104,19.685020624015856,15.295979375984153,20.416527498687806,14.564472501312203
20170616,ESTC3,ESTACIO PAR,17.03,17.03,16.52,16.95,24853156.0,17.164499999999997,17.499250000000004,0.4298650338983797,0.7226212523576864,18.944492504715377,16.05400749528463,19.66711375707306,15.331386242926945,20.389735009430748,14.608764990569258
20170619,ESTC3,ESTACIO PAR,16.93,17.09,16.66,17.01,26947517.0,17.143499999999996,17.509500000000003,0.4264575625213049,0.7123739654610375,18.934247930922076,16.08475206907793,19.646621896383117,15.37237810361689,20.358995861844154,14.660004138155852
20170620,ESTC3,ESTACIO PAR,16.8,16.86,15.58,15.8,61775948.0,17.084999999999997,17.487000000000002,0.5212283063768255,0.7517234898074037,18.99044697961481,15.983553020385195,19.742170469422213,15.23182953057779,20.493893959229617,14.480106040770387
20170621,ESTC3,ESTACIO PAR,15.81,15.84,14.25,14.65,135180954.0,16.951999999999995,17.43575,0.749972631079596,0.8676903840449763,19.171130768089952,15.700369231910045,20.03882115213493,14.83267884786507,20.906511536179906,13.964988463820093
20170622,ESTC3,ESTACIO PAR,14.78,15.29,14.56,15.16,88613545.0,16.834999999999997,17.386,0.8374114250097571,0.9386427735886917,19.263285547177382,15.508714452822616,20.201928320766076,14.570071679233923,21.140571094354765,13.631428905645233
20170623,ESTC3,ESTACIO PAR,15.22,16.0,14.53,15.68,63517117.0,16.738999999999997,17.342999999999996,0.8549662966579918,0.9766142455521524,19.2962284911043,15.389771508895691,20.272842736656454,14.413157263343539,21.249456982208606,13.436543017791386
20170626,ESTC3,ESTACIO PAR,15.62,15.97,15.25,15.4,23997109.0,16.616999999999997,17.290999999999997,0.8636343036993972,1.0233875371930545,19.337775074386105,15.244224925613889,20.36116261157916,14.220837388420833,21.384550148772213,13.197449851227779
20170627,ESTC3,ESTACIO PAR,15.47,15.49,14.79,14.8,71452706.0,16.4745,17.215249999999994,0.9176541889657243,1.0922876194435958,19.399825238887185,15.030674761112802,20.49211285833078,13.938387141669207,21.584400477774377,12.846099522225611
20170628,ESTC3,ESTACIO PAR,14.7,14.79,14.15,14.7,63668644.0,16.329499999999996,17.127749999999995,0.9586529749162689,1.1500401052092735,19.42783021041854,14.82766978958145,20.577870315627816,13.677629684372175,21.72791042083709,12.527589579162902
20170629,ESTC3,ESTACIO PAR,14.5,14.89,14.22,14.4,94863041.0,16.179999999999996,17.025249999999993,1.0159931620159557,1.2059510291116293,19.43715205822325,14.613347941776734,20.64310308733488,13.407396912665105,21.84905411644651,12.201445883553475
20170630,ESTC3,ESTACIO PAR,14.51,14.76,14.3,14.62,151332510.0,16.050999999999995,16.930749999999996,1.0430971090686567,1.2429955287994394,19.416741057598877,14.444758942401117,20.659736586398314,13.201763413601679,21.902732115197754,11.958767884802239
20170703,ESTC3,ESTACIO PAR,14.68,14.98,14.62,14.64,86808432.0,15.927999999999994,16.831749999999992,1.0578259731513986,1.2641565293780845,19.36006305875616,14.303436941243824,20.624219588134245,13.03928041186574,21.88837611751233,11.775123882487655
20170704,ESTC3,ESTACIO PAR,14.75,14.98,14.68,14.91,18456997.0,15.878499999999997,16.75124999999999,1.0820899612373014,1.2817659842816673,19.314781968563327,14.187718031436656,20.596547952844993,12.90595204715499,21.878313937126663,11.624186062873322
20170705,ESTC3,ESTACIO PAR,14.96,15.24,14.63,15.0,63401612.0,15.800499999999996,16.668749999999996,1.0865952376696364,1.2857207646356954,19.240191529271385,14.097308470728604,20.525912293907083,12.81158770609291,21.81163305854278,11.525866941457213
20170706,ESTC3,ESTACIO PAR,15.12,15.12,14.5,14.73,19535517.0,15.677499999999998,16.571499999999993,1.0599348291783226,1.2814566031048567,19.134413206209707,14.008586793790279,20.415869809314565,12.727130190685424,21.69732641241942,11.445673587580567
20170707,ESTC3,ESTACIO PAR,14.77,15.12,14.77,15.0,28316051.0,15.571499999999997,16.488999999999997,1.0130530977926995,1.2735248882631438,19.036049776526283,13.94195022347371,20.30957466478943,12.668425335210566,21.583099553052573,11.394900446947421
20170710,ESTC3,ESTACIO PAR,14.94,15.38,14.93,15.25,25442205.0,15.483999999999998,16.408999999999995,0.9572130599324682,1.2474215457576985,18.90384309151539,13.914156908484598,20.15126463727309,12.6667353627269,21.39868618303079,11.4193138169692
20170711,ESTC3,ESTACIO PAR,15.29,15.33,14.98,15.22,38526761.0,15.392499999999998,16.329499999999996,0.8843307014198362,1.2182710531627894,18.766042106325575,13.892957893674417,19.984313159488366,12.674686840511628,21.202584212651153,11.456415787348838
20170712,ESTC3,ESTACIO PAR,15.33,15.77,15.22,15.51,50168035.0,15.322999999999999,16.252999999999993,0.811218057517287,1.1690544064021222,18.591108812804237,13.91489118719575,19.76016321920636,12.745836780793626,20.92921762560848,11.576782374391504
20170713,ESTC3,ESTACIO PAR,15.54,15.95,15.53,15.6,35466409.0,15.251499999999998,16.184249999999995,0.7094866565267369,1.1225060961515754,18.429262192303145,13.939237807696845,19.55176828845472,12.81673171154527,20.674274384606296,11.694225615393695
20170714,ESTC3,ESTACIO PAR,15.52,15.92,15.52,15.87,29778964.0,15.1975,16.180999999999994,0.607123285841138,1.1232411892513483,18.42748237850269,13.934517621497298,19.55072356775404,12.811276432245949,20.673964757005386,11.688035242994602
20170717,ESTC3,ESTACIO PAR,15.76,16.08,15.76,16.0,15848369.0,15.147,16.145249999999997,0.47634684400076255,1.1050791536797036,18.355408307359404,13.93509169264059,19.460487461039108,12.830012538960887,20.56556661471881,11.724933385281183
20170718,ESTC3,ESTACIO PAR,16.08,16.3,15.86,16.18,25425683.0,15.166,16.125499999999995,0.5101434266845815,1.096991106244486,18.319482212488968,13.931517787511023,19.416473318733452,12.834526681266539,20.51346442497794,11.73753557502205
20170719,ESTC3,ESTACIO PAR,16.12,16.48,15.96,16.48,63575357.0,15.257500000000002,16.104749999999996,0.5729689529570039,1.0817554287787612,18.268260857557518,13.941239142442473,19.350016286336277,12.859483713663712,20.43177171511504,11.777728284884951
20170720,ESTC3,ESTACIO PAR,16.45,16.65,16.14,16.44,18880468.0,15.3215,16.078249999999997,0.6301401264380668,1.0594529006605073,18.19715580132101,13.959344198678982,19.25660870198152,12.899891298018474,20.316061602642026,11.840438397357968
20170721,ESTC3,ESTACIO PAR,16.44,16.5,16.04,16.13,21855014.0,15.344,16.041499999999996,0.6512934499092949,1.0304107968458134,18.102321593691624,13.98067840630837,19.132732390537434,12.950267609462555,20.16314318738325,11.919856812616743
20170724,ESTC3,ESTACIO PAR,16.13,16.74,16.08,16.67,19132082.0,15.407500000000002,16.012249999999995,0.7157614642352756,0.9940115242070509,18.000273048414098,14.024226951585893,18.994284572621147,13.030215427378842,19.988296096828197,12.036203903171792
20170725,ESTC3,ESTACIO PAR,16.67,16.9,16.47,16.9,38606479.0,15.5125,15.993499999999994,0.7736439749652394,0.9690877285576575,17.931675457115308,14.055324542884678,18.900763185672965,13.086236814327021,19.869850914230625,12.117149085769364
20170726,ESTC3,ESTACIO PAR,16.97,17.54,16.74,16.84,20203879.0,15.619499999999999,15.974499999999995,0.8027942975697715,0.9439060959379021,17.862312191875798,14.086687808124191,18.806218287813703,13.14278171218629,19.750124383751604,12.198875616248387
20170727,ESTC3,ESTACIO PAR,16.93,17.2,16.88,17.18,22436257.0,15.758500000000002,15.969249999999994,0.8209960253766325,0.9363852688903676,17.84202053778073,14.096479462219259,18.778405806671095,13.160094193328892,19.714791075561465,12.223708924438522
20170728,ESTC3,ESTACIO PAR,17.81,19.72,17.81,19.72,413456453.0,16.0135,16.032249999999994,1.1676214013292685,1.0929904578840817,18.218230915768157,13.846269084231832,19.311221373652238,12.753278626347749,20.404211831536323,11.660288168463667
20170731,ESTC3,ESTACIO PAR,19.6,20.5,19.01,20.4,80700257.0,16.301499999999997,16.114749999999994,1.4796773296905041,1.2835787061461434,18.68190741229228,13.547592587707706,19.965486118438424,12.264013881561564,21.24906482458457,10.980435175415419
20170801,ESTC3,ESTACIO PAR,20.4,20.56,20.0,20.29,61018499.0,16.5705,16.224499999999992,1.687790442841584,1.4425777319855333,19.10965546397106,13.339344536028925,20.552233195956592,11.896766804043391,21.994810927942126,10.454189072057858
20170802,ESTC3,ESTACIO PAR,20.08,20.88,19.23,19.5,132549433.0,16.795499999999997,16.297999999999995,1.7655637984269537,1.5322217821658854,19.362443564331766,13.233556435668223,20.89466534649765,11.70133465350234,22.426887128663537,10.169112871336452
20170803,ESTC3,ESTACIO PAR,19.5,19.5,18.38,18.45,136541120.0,16.981499999999997,16.329499999999992,1.7321458398548142,1.563659334004861,19.456818668009713,13.202181331990271,21.020478002014578,11.638521997985409,22.584137336019438,10.074862663980548
20170804,ESTC3,ESTACIO PAR,18.46,18.99,18.08,18.55,109269096.0,17.159,16.365249999999993,1.6999996904024561,1.5981623862488208,19.561574772497636,13.168925227502351,21.159737158746456,11.57076284125353,22.757899544995276,9.97260045500471
20170807,ESTC3,ESTACIO PAR,18.5,19.3,18.5,19.0,131886995.0,17.3465,16.415249999999993,1.6851027611957383,1.6490074520520182,19.71326490410403,13.117235095895957,21.362272356156048,11.468227643843939,23.011279808208066,9.81922019179192
20170808,ESTC3,ESTACIO PAR,19.01,19.56,19.01,19.35,39280033.0,17.552999999999997,16.472749999999994,1.6637152463846274,1.7106558758678025,19.8940617517356,13.05143824826439,21.604717627603403,11.340782372396585,23.315373503471204,9.630126496528785
20170809,ESTC3,ESTACIO PAR,19.18,19.33,18.91,19.14,77662324.0,17.734499999999997,16.528749999999995,1.6266998396818895,1.7609266026725852,20.050603205345165,13.006896794654825,21.811529808017752,11.24597019198224,23.572456410690336,9.485043589309655
20170810,ESTC3,ESTACIO PAR,19.24,19.61,19.04,19.2,104757304.0,17.914499999999997,16.582999999999995,1.576480006383319,1.8095206901843208,20.202041380368637,12.963958619631352,22.011562070552955,11.154437929447033,23.821082760737276,9.344917239262712
20170811,ESTC3,ESTACIO PAR,19.3,19.49,19.22,19.45,83673069.0,18.093499999999995,16.645499999999995,1.534814492476477,1.864850238023532,20.37520047604706,12.91579952395293,22.24005071407059,11.050949285929399,24.104900952094123,9.186099047905866
20170814,ESTC3,ESTACIO PAR,19.49,19.98,19.37,19.98,72000576.0,18.292499999999997,16.719749999999998,1.5068540773831938,1.9374480803630783,20.594646160726153,12.844853839273842,22.532094241089233,10.907405758910762,24.46954232145231,8.969957678547685
20170815,ESTC3,ESTACIO PAR,19.97,20.86,19.92,20.83,79583549.0,18.524999999999995,16.845499999999998,1.5224063362426017,2.036904325384293,20.919308650768585,12.77169134923141,22.956212976152877,10.734787023847119,24.99311730153717,8.697882698462825
20170816,ESTC3,ESTACIO PAR,20.8,21.21,20.57,21.12,61562115.0,18.756999999999994,17.00725,1.5477015216119827,2.1135387599340594,21.234327519868117,12.780172480131881,23.347866279802176,10.66663372019782,25.461405039736235,8.553094960263762
20170817,ESTC3,ESTACIO PAR,21.15,21.8,20.74,21.77,308408464.0,19.02349999999999,17.1725,1.586148181170861,2.2210759116086547,21.614651823217308,12.730348176782691,23.835727734825966,10.509272265174035,26.056803646434616,8.28819635356538
20170818,ESTC3,ESTACIO PAR,21.86,22.66,21.76,22.5,141110335.0,19.34199999999999,17.343,1.61385970824443,2.360931150507339,22.064862301014678,12.621137698985322,24.42579345152202,10.260206548477983,26.786724602029356,7.899275397970644
20170821,ESTC3,ESTACIO PAR,22.59,23.41,22.37,23.17,88926142.0,19.666999999999994,17.53725,1.6996566216677458,2.5117937073344896,22.56083741466898,12.513662585331021,25.072631122003468,10.001868877996532,27.58442482933796,7.490075170662042
20170822,ESTC3,ESTACIO PAR,23.55,24.33,23.01,24.26,101649572.0,20.034999999999993,17.77375,1.8583906450135181,2.6867229944149353,23.14719598882987,12.400304011170128,25.833918983244807,9.713581016755194,28.520641977659743,7.026858022340258
20170823,ESTC3,ESTACIO PAR,24.15,25.0,23.62,24.9,141462961.0,20.437999999999995,18.02875,1.9977713899032274,2.865601639518351,23.7599532790367,12.297546720963297,26.625554918555054,9.431945081444946,29.491156558073403,6.566343441926595
20170824,ESTC3,ESTACIO PAR,24.8,25.81,24.56,25.52,129252666.0,20.854999999999993,18.30675,2.1467858471874424,3.038702816613087,24.384155633226175,12.229344366773827,27.42285844983926,9.19064155016074,30.46156126645235,6.151938733547652
20170825,ESTC3,ESTACIO PAR,25.52,25.69,24.71,25.08,99256763.0,21.12299999999999,18.56825,2.324820536367461,3.16091668584792,24.890083371695837,12.246416628304159,28.05100005754376,9.085499942456238,31.21191674339168,5.924583256608319
20170828,ESTC3,ESTACIO PAR,24.95,25.3,24.95,25.21,54665446.0,21.36349999999999,18.832500000000003,2.4890820015673287,3.2642309731625683,25.36096194632514,12.304038053674866,28.62519291948771,9.039807080512299,31.889423892650278,5.77557610734973
20170829,ESTC3,ESTACIO PAR,25.0,25.39,24.93,25.3,68739346.0,21.61399999999999,19.09225,2.6238148201667024,3.3561909785671293,25.80463195713426,12.379868042865741,29.16082293570139,9.023677064298612,32.51701391426852,5.667486085731483
20170830,ESTC3,ESTACIO PAR,25.26,26.28,25.26,26.28,118151991.0,21.952999999999992,19.37425,2.770215838066377,3.475308425715069,26.324866851430137,12.423633148569863,29.800175277145208,8.948324722854792,33.27548370286028,5.473016297139724
20170831,ESTC3,ESTACIO PAR,26.28,26.5,25.47,25.81,140374857.0,22.32099999999999,19.651249999999997,2.7692368319771914,3.5366710318008776,26.724592063601754,12.577907936398242,30.26126309540263,9.041236904597366,33.797934127203504,5.504565872796487
20170901,ESTC3,ESTACIO PAR,25.7,26.52,25.68,26.39,100844807.0,22.71299999999999,19.936,2.76222469454569,3.610337579215748,27.156675158431497,12.715324841568503,30.767012737647242,9.104987262352756,34.377350316862994,5.494649683137007
20170904,ESTC3,ESTACIO PAR,26.19,26.63,25.71,26.52,47278393.0,23.08899999999999,20.21775,2.741946868846859,3.6744512846940474,27.566652569388093,12.868847430611904,31.24110385408214,9.194396145917857,34.915555138776185,5.519944861223809
20170905,ESTC3,ESTACIO PAR,26.67,26.93,26.21,26.52,65580123.0,23.447499999999987,20.500249999999998,2.6956922263024623,3.71452691366043,27.929303827320858,13.071196172679137,31.643830740981286,9.356669259018707,35.35835765464172,5.642142345358277
20170906,ESTC3,ESTACIO PAR,26.4,28.09,26.4,28.09,96473625.0,23.89499999999999,20.814749999999997,2.6858449616265836,3.812449234634693,28.439648469269383,13.18985153073061,32.25209770390408,9.377402296095918,36.06454693853877,5.564953061461225
20170908,ESTC3,ESTACIO PAR,28.15,28.59,27.77,27.8,98831059.0,24.32499999999999,21.119749999999996,2.5809983788408566,3.872106355487297,28.86396271097459,13.375537289025402,32.73606906646189,9.503430933538105,36.608175421949184,5.631324578050808
20170911,ESTC3,ESTACIO PAR,27.92,28.6,27.92,28.5,87764011.0,24.77749999999999,21.435499999999998,2.4723670205312804,3.9472658177398476,29.330031635479692,13.540968364520303,33.27729745321954,9.593702546780454,37.224563270959386,5.646436729040607
20170912,ESTC3,ESTACIO PAR,28.49,29.08,28.02,28.08,114616948.0,25.182499999999987,21.737499999999997,2.3027372156220363,3.9826931681708624,29.70288633634172,13.772113663658272,33.68557950451259,9.78942049548741,37.66827267268344,5.806727327316548
20170913,ESTC3,ESTACIO PAR,28.25,28.63,27.61,28.45,150740437.0,25.56349999999999,22.044249999999998,2.1713257531554304,4.016057441296733,30.076364882593467,14.012135117406531,34.0924223238902,9.996077676109799,38.10847976518693,5.980020234813065
20170914,ESTC3,ESTACIO PAR,28.45,28.54,28.1,28.4,215459598.0,25.92749999999999,22.34225,1.9898370073424834,4.034792586732149,30.411835173464297,14.272664826535703,34.44662776019645,10.237872239803554,38.481420346928594,6.203079653071406
20170915,ESTC3,ESTACIO PAR,28.5,28.64,27.88,28.5,122633871.0,26.263999999999992,22.643749999999997,1.8107555852389101,4.033029457190226,30.70980891438045,14.577691085619545,34.74283837157068,10.544661628429319,38.7758678287609,6.511632171239093
20170918,ESTC3,ESTACIO PAR,28.26,28.82,27.87,27.87,147813542.0,26.53249999999999,22.93725,1.6102888756860123,3.9735884366781815,30.88442687335636,14.990073126643637,34.858015310034546,11.016484689965454,38.83160374671272,7.042896253287273
20170919,ESTC3,ESTACIO PAR,28.0,28.32,27.63,27.86,124827033.0,26.766999999999996,23.217,1.425770705710911,3.914507664625303,31.046015329250604,15.387984670749393,34.96052299387591,11.473477006124089,38.87503065850121,7.558969341498786
20170920,ESTC3,ESTACIO PAR,27.75,28.75,27.75,28.6,318932694.0,26.983999999999998,23.5095,1.352515784517378,3.8672238435873147,31.24394768717463,15.77505231282537,35.11117153076194,11.907828469238055,38.97839537434926,8.04060462565074
20170921,ESTC3,ESTACIO PAR,28.76,29.78,28.25,29.73,246062878.0,27.2255,23.83175,1.3914720527859883,3.8341247037087527,31.499999407417505,16.163500592582494,35.33412411112626,12.329375888873741,39.16824881483501,8.495251185164989
20170922,ESTC3,ESTACIO PAR,29.89,30.75,29.11,30.4,136832827.0,27.4695,24.16225,1.5002753256092116,3.8157799804200376,31.793809960840075,16.530690039159925,35.60958994126011,12.714910058739887,39.42536992168015,8.89913007831985
20170925,ESTC3,ESTACIO PAR,30.4,30.63,28.26,28.6,185795791.0,27.6455,24.38425,1.408890847813585,3.8090162183012604,32.00228243660252,16.766217563397483,35.81129865490378,12.95720134509622,39.62031487320505,9.14818512679496
20170926,ESTC3,ESTACIO PAR,28.62,29.9,28.62,29.6,244760237.0,27.865,24.614250000000002,1.3502299999006957,3.8399031020760557,32.29405620415211,16.93444379584789,36.13395930622817,13.094540693771835,39.97386240830423,9.25463759169578
20170927,ESTC3,ESTACIO PAR,29.62,29.93,29.14,29.56,105286270.0,28.077999999999996,24.846,1.2571002556008954,3.8519470933874973,32.54989418677499,17.142105813225005,36.40184128016249,13.290158719837509,40.25378837354999,9.43821162645001
20170928,ESTC3,ESTACIO PAR,29.44,30.77,29.32,30.75,128352940.0,28.301499999999997,25.127250000000004,1.3165636091136532,3.86229570864604,32.851841417292086,17.40265858270792,36.71413712593812,13.540362874061884,40.57643283458417,9.678067165415843
20170929,ESTC3,ESTACIO PAR,30.92,31.48,30.81,30.99,126725698.0,28.5605,25.44075,1.3101284589488293,3.8150534408328056,33.07085688166561,17.81064311833439,36.88591032249842,13.995589677501584,40.700963763331224,10.180536236668779
20171002,ESTC3,ESTACIO PAR,30.99,32.0,30.89,31.82,143484805.0,28.832000000000004,25.7725,1.396448879724739,3.777262439712325,33.32702487942465,18.21797512057535,37.10428731913697,14.440712680863026,40.8815497588493,10.6634502411507
20171003,ESTC3,ESTACIO PAR,31.78,33.09,31.63,32.5,121582584.0,29.131000000000007,26.110000000000003,1.5108760094030704,3.7596951594920105,33.62939031898402,18.590609681015984,37.389085478476034,14.830914521523972,41.148780637968045,11.071219362031961
20171004,ESTC3,ESTACIO PAR,32.8,33.31,32.21,33.31,99590402.0,29.470500000000005,26.459000000000003,1.6497798098694587,3.7640245782461332,33.98704915649227,18.930950843507738,37.751073734738405,15.166926265261603,41.515098312984534,11.40290168701547
20171005,ESTC3,ESTACIO PAR,33.31,33.9,31.53,31.75,151590145.0,29.6535,26.774250000000002,1.691064053068134,3.661998114732945,34.09824622946589,19.45025377053411,37.76024434419884,15.788255655801168,41.422242458931784,12.126257541068222
20171006,ESTC3,ESTACIO PAR,31.48,32.65,31.26,32.48,99270653.0,29.887500000000006,27.10625,1.7440541849381517,3.5582203038554505,34.2226906077109,19.989809392289096,37.78091091156635,16.431589088433647,41.3391312154218,12.873368784578197
20171009,ESTC3,ESTACIO PAR,32.8,32.8,30.71,31.65,93169789.0,30.045000000000005,27.411250000000003,1.7543614822853917,3.4046831905780994,34.220616381156205,20.601883618843804,37.6252995717343,17.197200428265702,41.0299827623124,13.792517237687605
20171010,ESTC3,ESTACIO PAR,32.01,32.51,30.93,32.33,171872358.0,30.257500000000004,27.72,1.7612013692812576,3.270851845448175,34.26170369089635,21.17829630910365,37.532555536344525,17.907444463655473,40.803407381792695,14.636592618207299
20171011,ESTC3,ESTACIO PAR,32.36,32.38,30.77,31.14,166238658.0,30.392000000000003,27.977750000000004,1.7180882888901075,3.1165698497234198,34.210889699446845,21.744610300553163,37.327459549170264,18.628040450829744,40.44402939889368,15.511470601106325
20171013,ESTC3,ESTACIO PAR,31.13,31.54,30.31,31.39,90442473.0,30.541500000000003,28.234500000000008,1.6648953657655654,2.9560246607347036,34.146549321469415,22.3224506785306,37.10257398220412,19.366426017795895,40.05859864293882,16.410401357061193
20171016,ESTC3,ESTACIO PAR,31.75,31.99,30.43,30.87,107157723.0,30.660000000000004,28.462000000000007,1.5948106635685215,2.791337515995701,34.04467503199141,22.879324968008603,36.83601254798711,20.087987452012904,39.62735006398281,17.296649936017204
20171017,ESTC3,ESTACIO PAR,30.92,31.27,30.36,31.15,107668145.0,30.824,28.67825000000001,1.4553545417201799,2.649046163607383,33.97634232721477,23.380157672785245,36.62538849082216,20.73111150917786,39.27443465442954,18.082065345570477
20171018,ESTC3,ESTACIO PAR,31.32,31.94,30.93,31.6,131780609.0,31.011000000000003,28.889000000000003,1.2847399900779766,2.5323525091837324,33.953705018367465,23.824294981632537,36.486057527551196,21.291942472448806,39.018410036734934,18.75958996326507
20171019,ESTC3,ESTACIO PAR,31.58,31.58,29.82,30.85,132428110.0,31.1235,29.05375,1.154407002021422,2.4360104916408982,33.925770983281794,24.181729016718204,36.361781474922694,21.745718525077308,38.797791966563594,19.309708033436408
20171020,ESTC3,ESTACIO PAR,30.62,31.06,30.4,30.95,83118529.0,31.184500000000003,29.205000000000002,1.1082061132632253,2.358067439935076,33.92113487987015,24.48886512012985,36.27920231980523,22.130797680194775,38.637269759740306,19.772730240259698
20171023,ESTC3,ESTACIO PAR,31.15,31.15,29.03,29.4,104987153.0,31.134500000000003,29.302000000000003,1.1664903500854193,2.2811447868255645,33.864289573651135,24.739710426348875,36.1454343604767,22.458565639523307,38.42657914730226,20.177420852697743
20171024,ESTC3,ESTACIO PAR,29.3,30.19,29.3,29.96,66858756.0,31.202500000000004,29.424000000000007,1.0441963668926837,2.177704978723905,33.77940995744782,25.068590042552195,35.95711493617172,22.890885063828293,38.13481991489563,20.713180085104387
20171025,ESTC3,ESTACIO PAR,30.16,30.39,29.26,30.11,41612154.0,31.228,29.5465,1.0086238670899372,2.0697213363775124,33.685942672755026,25.407057327244978,35.75566400913254,23.337335990867466,37.82538534551005,21.267614654489954
20171026,ESTC3,ESTACIO PAR,30.38,30.55,29.09,29.79,117440776.0,31.239500000000003,29.658750000000005,0.9897393330411411,1.9519131804725505,33.56257636094511,25.754923639054905,35.51448954141766,23.803010458582353,37.466402721890205,21.851097278109805
20171027,ESTC3,ESTACIO PAR,29.81,30.09,27.82,28.4,258044687.0,31.122000000000003,29.711750000000006,1.1733694173081155,1.8854692505770805,33.482688501154165,25.940811498845846,35.368157751731246,24.055342248268765,37.25362700230833,22.169872997691684
20171030,ESTC3,ESTACIO PAR,28.15,28.85,27.73,28.3,135184455.0,30.9875,29.774000000000008,1.3326581075351804,1.792142107460576,33.35828421492116,26.189715785078857,35.15042632238173,24.39757367761828,36.94256842984231,22.605431570157705
20171031,ESTC3,ESTACIO PAR,28.33,29.79,28.33,29.33,137303974.0,30.863,29.847500000000004,1.3666674796746652,1.7081159961812182,33.26373199236244,26.431268007637566,34.97184798854366,24.72315201145635,36.67996398472488,23.01503601527513
20171101,ESTC3,ESTACIO PAR,29.55,30.0,28.45,28.86,106731653.0,30.681,29.906,1.3795037246474133,1.6294938651035649,33.16498773020713,26.647012269792867,34.79448159531069,25.017518404689305,36.423975460414255,23.38802453958574
20171103,ESTC3,ESTACIO PAR,28.86,29.23,27.13,28.48,78635291.0,30.4395,29.955000000000002,1.316372507669338,1.5527246523945397,33.06044930478908,26.849550695210922,34.61317395718362,25.296826042816384,36.165898609578164,23.744101390421843
20171106,ESTC3,ESTACIO PAR,28.48,28.67,27.79,28.1,81170794.0,30.256999999999998,29.95525,1.37675476545782,1.5524174489799236,33.06008489795985,26.850415102040152,34.61250234693977,25.29799765306023,36.164919795919694,23.745580204080305
20171107,ESTC3,ESTACIO PAR,27.72,28.19,26.95,28.02,131829015.0,30.034,29.96075,1.3588206961224931,1.5449577000266683,33.05066540005334,26.870834599946665,34.595623100080005,25.325876899919997,36.140580800106676,23.780919199893326
20171108,ESTC3,ESTACIO PAR,28.02,30.12,27.69,30.12,118529771.0,29.9575,30.00125,1.3050584782220445,1.5268102958413259,33.05487059168265,26.947629408317347,34.58168088752397,25.42081911247602,36.1084911833653,23.894008816634695
20171109,ESTC3,ESTACIO PAR,30.12,30.12,28.75,29.12,105273181.0,29.796999999999997,30.02725,1.1902635709880998,1.5019064594109746,33.031062918821945,27.02343708117805,34.53296937823292,25.521530621767077,36.034875837643895,24.019624162356102
20171110,ESTC3,ESTACIO PAR,29.12,29.35,27.8,28.0,91427590.0,29.639999999999997,30.016,1.2107066227274388,1.5156462614157324,33.04729252283146,26.984707477168534,34.562938784247194,25.469061215752802,36.078585045662926,23.95341495433707
20171113,ESTC3,ESTACIO PAR,28.0,29.29,27.44,29.14,70039688.0,29.527499999999996,30.034499999999998,1.1421303962794942,1.4998494796273252,33.034198959254645,27.034801040745347,34.534048438881975,25.53495156111802,36.0338979185093,24.0351020814907
20171114,ESTC3,ESTACIO PAR,29.14,29.69,28.3,28.47,84787051.0,29.4075,30.033749999999998,1.1195105838573893,1.5006437721088663,33.03503754421773,27.032462455782266,34.535681316326595,25.5318186836734,36.03632508843546,24.031174911564534
20171116,ESTC3,ESTACIO PAR,28.46,29.66,28.26,29.62,70407245.0,29.331,30.077499999999997,1.0438940256761686,1.4609283139365308,32.999356627873055,27.155643372126935,34.46028494180959,25.694715058190404,35.92121325574612,24.233786744253873
20171117,ESTC3,ESTACIO PAR,29.7,31.13,29.23,31.13,155315123.0,29.307499999999997,30.159250000000004,0.9942353581364488,1.4247021956022041,33.00865439120441,27.309845608795595,34.43335658680662,25.88514341319339,35.85805878240882,24.46044121759119
20171121,ESTC3,ESTACIO PAR,31.2,31.79,31.2,31.3,188645542.0,29.329999999999995,30.226750000000003,1.035226901139261,1.4128447162754958,33.052439432551,27.40106056744901,34.46528414882649,25.988215851173514,35.878128865101985,24.57537113489802
20171122,ESTC3,ESTACIO PAR,31.31,31.74,30.76,31.0,82140618.0,29.332499999999992,30.258500000000005,1.0393969658565831,1.4156624796928645,33.08982495938574,27.427175040614276,34.5054874390786,26.01151256092141,35.92114991877146,24.595850081228548
20171123,ESTC3,ESTACIO PAR,30.98,31.66,30.56,31.59,39550111.0,29.441999999999997,30.288249999999998,1.1557298901333564,1.4311316796910332,33.15051335938207,27.425986640617932,34.581645039073095,25.994854960926897,36.01277671876413,24.563723281235866
20171124,ESTC3,ESTACIO PAR,31.31,31.77,31.2,31.6,33428107.0,29.523999999999994,30.36325,1.2488453614608963,1.4189457760550641,33.20114155211013,27.52535844788987,34.62008732816519,26.10641267183481,36.03903310422026,24.687466895779743
20171127,ESTC3,ESTACIO PAR,31.29,31.7,30.51,31.7,79506253.0,29.603499999999997,30.415750000000003,1.3357011760042876,1.428797033010061,33.27334406602012,27.55815593397988,34.702141099030186,26.12935890096982,36.13093813204025,24.70056186795976
20171128,ESTC3,ESTACIO PAR,31.7,32.22,31.52,32.03,74368101.0,29.7155,30.477500000000003,1.4418572635394054,1.444156661009585,33.36581332201917,27.589186677980834,34.80996998302876,26.145030016971248,36.254126644038344,24.70087335596166
20171129,ESTC3,ESTACIO PAR,31.95,32.01,30.32,30.79,117379510.0,29.834999999999997,30.478500000000004,1.4260453229677454,1.4443640247172207,33.367228049434445,27.589771950565563,34.81159207415167,26.145407925848343,36.255956098868886,24.701043901131122
20171130,ESTC3,ESTACIO PAR,30.44,30.97,29.22,30.65,135671704.0,29.952499999999997,30.470000000000006,1.389251502371832,1.4422756235750733,33.354551247150155,27.58544875284986,34.796826870725226,26.143173129274786,36.2391024943003,24.700897505699714
20171201,ESTC3,ESTACIO PAR,30.27,30.73,29.71,30.3,58498340.0,30.000999999999994,30.432000000000006,1.3832946940282114,1.425723747830588,33.28344749566118,27.58055250433883,34.70917124349177,26.15482875650824,36.134894991322355,24.729105008677653
20171204,ESTC3,ESTACIO PAR,30.75,31.03,29.99,30.61,52547972.0,30.088499999999993,30.384750000000004,1.3625142201093854,1.3862012054716932,33.15715241094339,27.61234758905662,34.54335361641508,26.226146383584926,35.929554821886775,24.839945178113233
20171205,ESTC3,ESTACIO PAR,30.84,31.24,30.12,30.4,43978321.0,30.184499999999993,30.312000000000005,1.3098391825757896,1.3025816574629279,32.91716331492586,27.706836685074148,34.21974497238879,26.40425502761122,35.52232662985172,25.101673370148294
20171206,ESTC3,ESTACIO PAR,30.1,31.65,30.01,31.35,116859603.0,30.34699999999999,30.302000000000003,1.2372086578900827,1.2927573393570164,32.887514678714034,27.71648532128597,34.18027201807105,26.423727981928955,35.47302935742807,25.13097064257194
20171207,ESTC3,ESTACIO PAR,30.63,31.26,30.55,30.71,49235917.0,30.481499999999993,30.257750000000005,1.110667295865664,1.2457321758090896,32.749214351618186,27.766285648381825,33.994946527427274,26.520553472572736,35.24067870323636,25.274821296763648
20171208,ESTC3,ESTACIO PAR,30.85,31.59,30.84,31.45,90939689.0,30.547999999999995,30.252750000000002,1.1275712137623706,1.2403907314497966,32.7335314628996,27.77196853710041,33.97392219434939,26.531577805650613,35.21431292579919,25.291187074200817
20171211,ESTC3,ESTACIO PAR,31.51,31.83,29.83,29.9,79746496.0,30.586999999999996,30.192000000000007,1.088388959111618,1.194710993912023,32.58142198782405,27.80257801217596,33.776132981736076,26.60786701826394,34.9708439756481,25.413156024351913
20171212,ESTC3,ESTACIO PAR,29.91,31.34,29.59,31.28,70697977.0,30.750999999999994,30.195500000000003,0.9106671932393229,1.1977606241734646,32.591021248346934,27.79997875165307,33.788781872520396,26.60221812747961,34.98654249669386,25.404457503306144
20171213,ESTC3,ESTACIO PAR,31.31,32.98,30.8,31.25,169029612.0,30.856499999999993,30.192,0.8331315369706129,1.1943804315981195,32.58076086319624,27.80323913680376,33.77514129479436,26.60885870520564,34.96952172639248,25.41447827360752
20171214,ESTC3,ESTACIO PAR,30.74,31.47,30.48,30.99,72597255.0,30.982499999999995,30.195000000000004,0.6152866255487957,1.1962762737247687,32.58755254744954,27.802447452550467,33.78382882117431,26.606171178825697,34.98010509489908,25.409894905100927
20171215,ESTC3,ESTACIO PAR,30.7,32.47,30.7,32.23,96046859.0,31.112999999999992,30.222,0.5872424407438542,1.2300931797100272,32.68218635942006,27.76181364057995,33.91227953913008,26.53172046086992,35.14237271884011,25.30162728115989
20171218,ESTC3,ESTACIO PAR,32.55,33.18,31.93,33.0,99231015.0,31.206499999999995,30.257000000000005,0.7232185008697378,1.2888221615500173,32.834644323100036,27.67935567689997,34.12346648465006,26.390533515349954,35.412288646200075,25.101711353799935
20171219,ESTC3,ESTACIO PAR,32.92,33.39,32.5,32.88,45768705.0,31.285499999999995,30.30775000000001,0.8145032389843878,1.3512282873797747,33.01020657475956,27.60529342524046,34.36143486213933,26.254065137860685,35.71266314951911,24.90283685048091
20171220,ESTC3,ESTACIO PAR,32.99,33.69,32.83,33.4,63193756.0,31.405499999999996,30.36900000000001,0.9377042233703453,1.4340757767054109,33.23715155341083,27.50084844658919,34.671227330116245,26.06677266988378,36.10530310682165,24.632696893178366
20171221,ESTC3,ESTACIO PAR,33.38,34.2,32.9,34.2,99314323.0,31.535999999999994,30.48900000000001,1.1272014717409666,1.547271875402041,33.5835437508041,27.39445624919593,35.130815626206136,25.847184373793887,36.678087501608175,24.299912498391848
20171222,ESTC3,ESTACIO PAR,33.91,34.51,33.23,34.1,77793497.0,31.660999999999994,30.59250000000001,1.2648815213916897,1.6462774636067208,33.88505492721345,27.299945072786567,35.53133239082017,25.653667609179845,37.17760985442689,24.007390145573126
20171226,ESTC3,ESTACIO PAR,33.9,34.56,33.9,34.19,65238827.0,31.785499999999992,30.694500000000012,1.3856956261824995,1.7393779465732946,34.1732558931466,27.21574410685342,35.912633839719895,25.47636616028013,37.65201178629319,23.736988213706834
20171227,ESTC3,ESTACIO PAR,34.23,34.45,33.81,33.88,42244176.0,31.877999999999993,30.796750000000014,1.4624946243716737,1.8038639261602998,34.40447785232061,27.189022147679413,36.208341778480914,25.385158221519113,38.01220570464121,23.581294295358816
20171228,ESTC3,ESTACIO PAR,33.99,34.09,32.76,32.82,117774700.0,31.979499999999994,30.907250000000012,1.4534259889183931,1.7885949040431477,34.48443980808631,27.330060191913716,36.27303471212946,25.54146528787057,38.0616296161726,23.75287038382742
