DATA DO PREGAO,CODIGO DE NEGOCIACAO DO PAPEL,NOME RESUMIDO DA EMPRESA EMISSORA,PRECO DE ABERTURA,PRECO MAXIMO,PRECO MINIMO,PRECO FECHAMENTO,VOLUME TOTAL DE TITULOS NEGOCIADOS NESTE PAPEL,MA_20,MA_40,STD_20,STD_40,BANDA_1_40 SUPERIOR,BANDA_1_40 INFERIOR,BANDA_2_40 SUPERIOR,BANDA_2_40 INFERIOR,BANDA_3_40 SUPERIOR,BANDA_3_40 INFERIOR
20170102,FLRY3,FLEURY,35.7,35.7,34.4,34.7,9917702.0,0.0,0.0,0.0,0.0,0.0,0.0,0.0,0.0,0.0,0.0
20170103,FLRY3,FLEURY,34.6,34.99,34.28,34.52,23946813.0,0.0,0.0,0.0,0.0,0.0,0.0,0.0,0.0,0.0,0.0
20170104,FLRY3,FLEURY,34.47,35.44,34.47,35.29,21005540.0,0.0,0.0,0.0,0.0,0.0,0.0,0.0,0.0,0.0,0.0
20170105,FLRY3,FLEURY,35.21,36.84,35.21,36.0,57575986.0,0.0,0.0,0.0,0.0,0.0,0.0,0.0,0.0,0.0,0.0
20170106,FLRY3,FLEURY,36.23,36.24,35.55,36.0,16251348.0,0.0,0.0,0.0,0.0,0.0,0.0,0.0,0.0,0.0,0.0
20170109,FLRY3,FLEURY,35.67,36.42,35.62,35.86,13790476.0,0.0,0.0,0.0,0.0,0.0,0.0,0.0,0.0,0.0,0.0
20170110,FLRY3,FLEURY,35.86,36.09,35.47,35.81,32445337.0,0.0,0.0,0.0,0.0,0.0,0.0,0.0,0.0,0.0,0.0
20170111,FLRY3,FLEURY,36.03,36.47,35.61,35.96,14189940.0,0.0,0.0,0.0,0.0,0.0,0.0,0.0,0.0,0.0,0.0
20170112,FLRY3,FLEURY,36.23,36.89,35.75,35.75,27882189.0,0.0,0.0,0.0,0.0,0.0,0.0,0.0,0.0,0.0,0.0
20170113,FLRY3,FLEURY,35.76,35.95,35.6,35.8,22796664.0,0.0,0.0,0.0,0.0,0.0,0.0,0.0,0.0,0.0,0.0
20170116,FLRY3,FLEURY,35.82,36.79,35.75,36.79,12970752.0,0.0,0.0,0.0,0.0,0.0,0.0,0.0,0.0,0.0,0.0
20170117,FLRY3,FLEURY,36.42,38.35,36.34,37.85,34581663.0,0.0,0.0,0.0,0.0,0.0,0.0,0.0,0.0,0.0,0.0
20170118,FLRY3,FLEURY,37.84,38.39,37.2,37.81,32065600.0,0.0,0.0,0.0,0.0,0.0,0.0,0.0,0.0,0.0,0.0
20170119,FLRY3,FLEURY,37.82,37.96,37.06,37.8,21300599.0,0.0,0.0,0.0,0.0,0.0,0.0,0.0,0.0,0.0,0.0
20170120,FLRY3,FLEURY,37.54,38.24,36.86,37.63,24722567.0,0.0,0.0,0.0,0.0,0.0,0.0,0.0,0.0,0.0,0.0
20170123,FLRY3,FLEURY,37.37,37.8,36.96,37.47,14301571.0,0.0,0.0,0.0,0.0,0.0,0.0,0.0,0.0,0.0,0.0
20170124,FLRY3,FLEURY,37.79,39.11,37.55,38.7,26140112.0,0.0,0.0,0.0,0.0,0.0,0.0,0.0,0.0,0.0,0.0
20170126,FLRY3,FLEURY,38.89,39.52,38.12,38.73,27393648.0,0.0,0.0,0.0,0.0,0.0,0.0,0.0,0.0,0.0,0.0
20170127,FLRY3,FLEURY,38.5,39.43,37.94,38.36,17607095.0,0.0,0.0,0.0,0.0,0.0,0.0,0.0,0.0,0.0,0.0
20170130,FLRY3,FLEURY,38.44,38.83,37.0,37.0,49569615.0,36.691500000000005,0.0,1.2911409682912303,0.0,0.0,0.0,0.0,0.0,0.0,0.0
20170131,FLRY3,FLEURY,37.04,38.38,37.03,37.98,27670408.0,36.855500000000006,0.0,1.2318171215942122,0.0,0.0,0.0,0.0,0.0,0.0,0.0
20170201,FLRY3,FLEURY,38.33,38.44,37.35,37.72,29077961.0,37.01550000000001,0.0,1.1147549884214676,0.0,0.0,0.0,0.0,0.0,0.0,0.0
20170202,FLRY3,FLEURY,37.91,38.19,36.25,37.11,24598125.0,37.10650000000001,0.0,1.0381373755560188,0.0,0.0,0.0,0.0,0.0,0.0,0.0
20170203,FLRY3,FLEURY,37.09,37.2,36.72,37.05,11909999.0,37.159000000000006,0.0,1.0052645632395918,0.0,0.0,0.0,0.0,0.0,0.0,0.0
20170206,FLRY3,FLEURY,37.4,38.3,37.16,37.96,21251974.0,37.25700000000001,0.0,0.9815889374403568,0.0,0.0,0.0,0.0,0.0,0.0,0.0
20170207,FLRY3,FLEURY,38.15,38.48,37.49,38.2,25539614.0,37.37400000000001,0.0,0.9450892466907843,0.0,0.0,0.0,0.0,0.0,0.0,0.0
20170208,FLRY3,FLEURY,38.43,39.84,38.05,39.65,30243611.0,37.56600000000001,0.0,0.9991438440248055,0.0,0.0,0.0,0.0,0.0,0.0,0.0
20170209,FLRY3,FLEURY,39.49,41.17,39.17,40.51,62803802.0,37.79350000000001,0.0,1.1243771375159048,0.0,0.0,0.0,0.0,0.0,0.0,0.0
20170210,FLRY3,FLEURY,40.73,41.0,39.91,40.74,22326983.0,38.043000000000006,0.0,1.1982711229978673,0.0,0.0,0.0,0.0,0.0,0.0,0.0
20170213,FLRY3,FLEURY,40.74,42.11,40.5,41.75,33929366.0,38.340500000000006,0.0,1.3420701801400352,0.0,0.0,0.0,0.0,0.0,0.0,0.0
20170214,FLRY3,FLEURY,42.13,42.14,40.92,41.75,36229276.0,38.58850000000001,0.0,1.4905395526099936,0.0,0.0,0.0,0.0,0.0,0.0,0.0
20170215,FLRY3,FLEURY,41.75,41.99,41.14,41.37,49231758.0,38.76450000000001,0.0,1.6023715154995364,0.0,0.0,0.0,0.0,0.0,0.0,0.0
20170216,FLRY3,FLEURY,41.35,41.35,40.3,41.28,34006180.0,38.93800000000001,0.0,1.6795820282063507,0.0,0.0,0.0,0.0,0.0,0.0,0.0
20170217,FLRY3,FLEURY,41.36,41.68,40.82,41.26,21955322.0,39.11100000000001,0.0,1.7335236400252505,0.0,0.0,0.0,0.0,0.0,0.0,0.0
20170220,FLRY3,FLEURY,41.26,42.35,41.26,42.05,15549413.0,39.33200000000001,0.0,1.8146265383500524,0.0,0.0,0.0,0.0,0.0,0.0,0.0
20170221,FLRY3,FLEURY,42.21,42.96,41.98,42.62,28772387.0,39.58950000000001,0.0,1.8998932795513293,0.0,0.0,0.0,0.0,0.0,0.0,0.0
20170222,FLRY3,FLEURY,42.62,43.35,41.9,42.8,39156203.0,39.794500000000006,0.0,2.016483324999268,0.0,0.0,0.0,0.0,0.0,0.0,0.0
20170223,FLRY3,FLEURY,42.85,44.0,42.84,43.69,31814665.0,40.042500000000004,0.0,2.1772698379779514,0.0,0.0,0.0,0.0,0.0,0.0,0.0
20170224,FLRY3,FLEURY,43.65,43.86,43.09,43.32,35548817.0,40.29050000000001,0.0,2.256577462021942,0.0,0.0,0.0,0.0,0.0,0.0,0.0
20170301,FLRY3,FLEURY,43.32,44.39,43.11,43.55,13115794.0,40.61800000000001,38.65474999999999,2.22902527670968,2.6806543283693203,44.016058656738636,33.29344134326135,46.69671298510795,30.61278701489203,49.37736731347727,27.932132686522714
20170302,FLRY3,FLEURY,43.91,44.77,42.85,43.0,24490767.0,40.86900000000001,38.862249999999996,2.198772145395828,2.6879088120788865,44.23806762415777,33.48643237584222,46.92597643623665,30.798523563763336,49.61388524831554,28.11061475168445
20170303,FLRY3,FLEURY,42.67,43.27,41.51,42.0,25314001.0,41.083000000000006,39.049249999999994,2.0813004537902575,2.637796659704605,44.324843319409204,33.77365668059078,46.96263997911381,31.135860020886177,49.600436638818415,28.498063361181572
20170306,FLRY3,FLEURY,42.13,42.41,41.02,42.0,17451959.0,41.3275,39.217,1.8661101535716846,2.605764024973522,44.42852804994704,34.00547195005296,47.034292074920565,31.399707925079433,49.64005609989409,28.79394390010591
20170307,FLRY3,FLEURY,42.55,42.87,42.02,42.3,16427552.0,41.59,39.3745,1.580066620847356,2.596712862891805,44.56792572578361,34.181074274216385,47.164638588675416,31.584361411324583,49.761351451567215,28.98764854843278
20170308,FLRY3,FLEURY,42.3,42.57,40.83,41.69,14243570.0,41.7765,39.516749999999995,1.329286611208074,2.562744309804621,44.64223861960924,34.39126138039075,47.20498292941386,31.82851707058613,49.76772723921848,29.26577276078151
20170309,FLRY3,FLEURY,41.0,41.38,40.8,41.38,22069448.0,41.9355,39.65475,1.0370325833586813,2.5088397435815684,44.672429487163136,34.637070512836864,47.181269230744704,32.128230769255296,49.69010897432627,29.61939102567373
20170310,FLRY3,FLEURY,41.5,41.59,39.36,40.6,38520674.0,41.983,39.7745,0.9444636461757443,2.4338140901969285,44.64212818039386,34.906871819606145,47.07594227059079,32.47305772940922,49.50975636078772,30.039243639212287
20170313,FLRY3,FLEURY,40.55,42.01,40.49,41.9,23947059.0,42.052499999999995,39.923,0.8792573121975432,2.375623211080773,44.674246422161545,35.17175357783846,47.049869633242324,32.79613036675768,49.425492844323095,30.42050715567691
20170314,FLRY3,FLEURY,41.8,42.77,41.17,41.71,21533511.0,42.101,40.072,0.8283267852472925,2.2926372676517603,44.65727453530352,35.486725464696484,46.949911802955285,33.19408819704472,49.24254907060704,30.90145092939296
20170315,FLRY3,FLEURY,41.51,43.23,41.12,42.55,23695097.0,42.141,40.240750000000006,0.8297995953368947,2.2173134442961615,44.675376888592325,35.806123111407686,46.89269033288849,33.58880966711152,49.11000377718465,31.37149622281536
20170316,FLRY3,FLEURY,42.5,43.88,42.47,42.9,19655233.0,42.198499999999996,40.3935,0.8410474359237471,2.183700164916537,44.76090032983308,36.02609967016693,46.944600494749615,33.84239950525039,49.12830065966615,31.658699340333854
20170317,FLRY3,FLEURY,42.9,43.09,41.92,42.36,17750654.0,42.248,40.50625000000001,0.8185519949406278,2.16535978830785,44.83696957661571,36.17553042338431,47.00232936492356,34.010170635076456,49.16768915323141,31.84481084676861
20170320,FLRY3,FLEURY,42.36,42.36,41.33,42.15,10356028.0,42.2915,40.61475000000001,0.7869078391836322,2.135318372346888,44.88538674469378,36.34411325530623,47.02070511704067,34.208794882959346,49.15602348938756,32.07347651061246
20170321,FLRY3,FLEURY,42.15,42.61,41.25,41.29,17612006.0,42.29299999999999,40.70200000000001,0.7848640512519353,2.088137680891537,44.87827536178309,36.525724638216936,46.966413042674624,34.4375869573254,49.05455072356616,32.349449276433866
20170322,FLRY3,FLEURY,41.39,42.07,41.0,41.92,17443796.0,42.2865,40.809250000000006,0.7875162487882359,2.03582451953971,44.880899039079424,36.73760096092059,46.91672355861914,34.70177644138087,48.95254807815885,32.66595192184116
20170323,FLRY3,FLEURY,41.88,42.71,41.68,42.0,23373887.0,42.2555,40.92250000000001,0.7858985805735991,1.9702463076530905,44.86299261530619,36.98200738469382,46.83323892295928,35.01176107704073,48.80348523061237,33.041514769387646
20170324,FLRY3,FLEURY,41.62,42.29,40.39,40.75,34697249.0,42.153,40.97375000000001,0.8427717428382013,1.9373398196814111,44.848429639362834,37.099070360637185,46.785769459044246,35.16173054095577,48.72310927872565,33.22439072127437
20170327,FLRY3,FLEURY,40.83,41.7,40.05,41.45,21700915.0,42.041,41.04175000000001,0.7737801945474573,1.9040145004565605,44.84977900091313,37.233720999086884,46.753793501369685,35.32970649863033,48.65780800182625,33.42569199817377
20170328,FLRY3,FLEURY,41.42,42.02,41.12,41.6,11474325.0,41.955,41.12275000000001,0.7176973412828154,1.8552973187674724,44.83334463753496,37.412155362465064,46.688641956302426,35.556858043697595,48.5439392750699,33.70156072493012
20170329,FLRY3,FLEURY,41.91,42.56,41.2,42.0,22462055.0,41.8775,41.24775000000001,0.6123541716842915,1.7349388336222091,44.71762766724443,37.77787233275559,46.45256650086664,36.04293349913338,48.18750533448885,34.307994665511174
20170330,FLRY3,FLEURY,41.82,43.15,41.8,42.15,25591348.0,41.834999999999994,41.35200000000001,0.557376372887151,1.6570876522319586,44.66617530446393,38.037824695536095,46.323262956695885,36.38073704330414,47.98035060892784,34.72364939107218
20170331,FLRY3,FLEURY,42.18,42.59,41.97,42.3,28976540.0,41.849999999999994,41.46650000000001,0.5660202711640516,1.5547652968230508,44.57603059364611,38.35696940635391,46.13079589046916,36.80220410953086,47.685561187292215,35.247438812707806
20170403,FLRY3,FLEURY,42.51,42.9,41.72,41.72,14707792.0,41.836,41.581750000000014,0.5655774878273063,1.3851629312662073,44.35207586253243,38.8114241374676,45.73723879379864,37.42626120620139,47.12240172506484,36.04109827493519
20170404,FLRY3,FLEURY,41.85,42.48,41.85,42.0,13450904.0,41.821,41.705500000000015,0.5565296606274445,1.175104905300666,44.05570981060135,39.35529018939868,45.230814715902014,38.180185284098016,46.40591962120268,37.00508037879735
20170405,FLRY3,FLEURY,42.02,44.07,41.8,43.1,29870314.0,41.89149999999999,41.83400000000001,0.6242492332901707,1.0266869794861078,43.887373958972226,39.780626041027794,44.914060938458334,38.753939061541686,45.94074791794444,37.72725208205558
20170406,FLRY3,FLEURY,43.11,43.51,42.01,42.48,13102289.0,41.9465,41.94100000000001,0.6252685738735756,0.8452394593190143,43.63147891863804,40.25052108136198,44.476718377957056,39.40528162204296,45.32195783727607,38.56004216272395
20170407,FLRY3,FLEURY,42.09,44.12,42.09,43.65,18570802.0,42.099,42.04100000000001,0.6509903386785804,0.8027957558689413,43.646591511737896,40.43540848826213,44.44938726760684,39.632612732393184,45.25218302347577,38.82981697652425
20170410,FLRY3,FLEURY,43.93,44.03,42.84,43.55,14557526.0,42.18149999999999,42.117000000000004,0.72481050155066,0.7980238412993756,43.713047682598756,40.52095231740125,44.51107152389813,39.72292847610188,45.30909536519751,38.9249046348025
20170411,FLRY3,FLEURY,43.59,44.16,43.32,43.52,13061423.0,42.27199999999999,42.18650000000001,0.7741589664037914,0.7960786908663263,43.778657381732664,40.594342618267355,44.57473607259899,39.79826392740103,45.37081476346531,39.00218523653471
20170412,FLRY3,FLEURY,43.38,43.98,42.63,43.03,17616897.0,42.29599999999999,42.218500000000006,0.7904988431698439,0.8037717178149135,43.826043435629835,40.61095656437018,44.629815153444746,39.807184846555266,45.433586871259664,39.00341312874035
20170413,FLRY3,FLEURY,43.02,44.37,42.27,42.74,16820514.0,42.288,42.24325,0.784853992455867,0.8042176880321351,43.851685376064275,40.63481462393573,44.65590306409641,39.8305969359036,45.460120752128546,39.02637924787146
20170417,FLRY3,FLEURY,42.95,45.6,42.95,44.73,23984127.0,42.406499999999994,42.32725000000001,0.9564532893649728,0.8823482291227546,44.091946458245516,40.5625535417545,44.97429468736827,39.68020531263174,45.856642916491026,38.79785708350899
20170418,FLRY3,FLEURY,44.99,46.14,44.66,44.78,30290732.0,42.538,42.41475000000001,1.0907052281607,0.9470060447104409,44.308762089420895,40.52073791057913,45.25576813413134,39.57373186586869,46.20277417884178,38.626725821158246
20170419,FLRY3,FLEURY,44.83,45.63,44.28,44.5,17118127.0,42.698499999999996,42.49575000000001,1.1327622271060005,0.9835620442412165,44.462874088482444,40.52862591151757,45.446436132723655,39.54506386727636,46.42999817696487,38.561501823035144
20170420,FLRY3,FLEURY,44.51,45.1,44.2,45.1,9771231.0,42.8575,42.57200000000001,1.2361948194274268,1.06312601467422,44.69825202934845,40.44574797065157,45.76137804402267,39.38262195597735,46.82450405869689,38.31949594130313
20170424,FLRY3,FLEURY,45.33,46.5,44.54,45.02,18347255.0,43.0085,42.63200000000001,1.308282421626582,1.1314347596679106,44.894869519335835,40.36913048066419,46.026304279003746,39.23769572099628,47.15773903867166,38.10626096132837
20170425,FLRY3,FLEURY,45.02,46.99,44.6,46.99,20265322.0,43.320499999999996,42.736750000000015,1.4747898155331445,1.32481907327878,45.38638814655757,40.08711185344246,46.71120721983635,38.762292780163676,48.036026293115135,37.437473706884894
20170426,FLRY3,FLEURY,47.17,47.2,46.06,46.06,16565392.0,43.551,42.79600000000001,1.5264092711845652,1.4182470219904515,45.63249404398091,39.9595059560191,47.05074106597136,38.541258934028654,48.46898808796181,37.1230119120382
20170427,FLRY3,FLEURY,46.36,47.29,46.13,47.27,18331348.0,43.8345,42.89475000000001,1.6652120933351968,1.583550032404526,46.061850064809065,39.727649935190954,47.64540009721359,38.14409990278643,49.22895012961811,36.560549870381905
20170428,FLRY3,FLEURY,50.83,53.21,50.83,52.52,73983025.0,44.360499999999995,43.119000000000014,2.5049918058486265,2.1955792413685224,47.51015848273706,38.727841517262966,49.70573772410558,36.532262275894446,51.9013169654741,34.336683034525926
20170502,FLRY3,FLEURY,52.01,54.5,52.0,53.57,33352878.0,44.9315,43.38325000000001,3.1841090218706807,2.74757831600198,48.87840663200397,37.88809336799605,51.62598494800595,35.14051505199407,54.37356326400793,32.392936735992095
20170503,FLRY3,FLEURY,54.09,55.41,53.4,53.88,64590557.0,45.5105,43.680250000000015,3.692656261170039,3.1991917949735083,50.07863358994703,37.281866410053,53.27782538492054,34.08267461507949,56.47701717989405,30.883482820105982
20170504,FLRY3,FLEURY,53.55,55.13,53.28,54.35,42858860.0,46.142,43.98900000000001,4.070894897090604,3.6032946462498026,51.19558929249962,36.782410707500404,54.79888393874942,33.1791160612506,58.40217858499922,29.575821415000803
20170505,FLRY3,FLEURY,54.01,58.12,54.01,57.35,54072400.0,46.9095,44.36525000000001,4.654106816904652,4.164460741708457,52.69417148341692,36.0363285165831,56.85863222512538,31.871867774874637,61.02309296683384,27.70740703316618
20170508,FLRY3,FLEURY,57.35,57.61,55.62,56.5,22801563.0,47.5795,44.73550000000001,5.0264610078223395,4.56007869365298,53.85565738730597,35.61534261269405,58.41573608095895,31.055263919041067,62.97581477461193,26.495185225388088
20170509,FLRY3,FLEURY,56.5,58.03,56.28,57.69,35103656.0,48.339999999999996,45.14325000000001,5.354245732913418,4.963682662794154,55.07061532558832,35.2158846744117,60.03429798838247,30.25220201161755,64.99798065117662,25.288519348823392
20170510,FLRY3,FLEURY,58.79,58.98,57.5,58.15,31912162.0,49.065000000000005,45.58200000000001,5.658800784246605,5.315005463489502,56.21201092697901,34.951989073021004,61.52701639046852,29.6369836095315,66.84202185395802,24.321978146042
20170511,FLRY3,FLEURY,57.93,59.0,57.36,58.4,47246622.0,49.807500000000005,45.99450000000001,5.867481190964001,5.651547983993837,57.29759596798768,34.691404032012336,62.949143951981526,29.039856048018496,68.60069193597536,23.38830806402466
20170512,FLRY3,FLEURY,58.0,58.87,58.0,58.6,26993821.0,50.5615,46.41675000000001,5.984736968234104,5.946491483348703,58.30973296669741,34.523767033302605,64.25622445004612,28.577275549953896,70.20271593339481,22.630784066605194
20170515,FLRY3,FLEURY,59.36,59.36,57.83,58.37,45797235.0,51.3285,46.812250000000006,5.95159357253435,6.203268984152129,59.21878796830426,34.40571203169575,65.42205695245639,28.202443047543618,71.62532593660852,21.99917406339149
20170516,FLRY3,FLEURY,58.07,59.3,57.72,58.29,44114575.0,52.105999999999995,47.197,5.7839063470616106,6.4276107935080145,60.052221587016035,34.34177841298397,66.47983238052404,27.91416761947596,72.90744317403207,21.486556825967945
20170517,FLRY3,FLEURY,57.71,58.49,57.7,57.85,24711650.0,52.761999999999986,47.584250000000004,5.645675196205791,6.593206249909551,60.77066249981911,34.3978375001809,67.36386874972865,27.80463125027135,73.95707499963821,21.2114250003618
20170518,FLRY3,FLEURY,52.53,58.3,52.53,56.06,29641320.0,53.325999999999986,47.932,5.362648010471246,6.665668720179522,61.263337440359045,34.60066255964096,67.92900616053856,27.934993839461434,74.59467488071809,21.269325119281913
20170519,FLRY3,FLEURY,56.31,58.09,55.53,57.2,53212126.0,53.96099999999999,48.329750000000004,5.002351973138097,6.733509576584039,61.796769153168086,34.86273084683192,68.53027872975213,28.12922127024789,75.26378830633615,21.39571169366385
20170522,FLRY3,FLEURY,57.13,57.39,54.2,54.4,42090769.0,54.426,48.64175,4.546820057092614,6.71801095696851,62.07777191393702,35.20572808606298,68.79578287090553,28.48771712909447,75.51379382787404,21.76970617212596
20170523,FLRY3,FLEURY,54.0,58.36,54.0,57.9,43723965.0,55.07000000000001,49.03925,4.026876809899457,6.785008507637865,62.609267015275734,35.46923298472427,69.3942755229136,28.68422447708641,76.17928403055146,21.899215969448544
20170524,FLRY3,FLEURY,58.0,58.84,57.21,57.42,28360639.0,55.59150000000001,49.456,3.575470929601002,6.774755857082762,63.00551171416553,35.90648828583448,69.78026757124829,29.131732428751718,76.55502342833105,22.356976571668955
20170525,FLRY3,FLEURY,56.6,58.16,56.6,57.38,20929869.0,56.15750000000001,49.85425000000001,2.798852913530788,6.76026281066284,63.37477562132569,36.333724378674326,70.13503843198853,29.57346156801149,76.89530124265137,22.813198757348648
20170526,FLRY3,FLEURY,57.58,59.26,57.51,58.22,35643501.0,56.70500000000002,50.26975000000001,1.893327619215723,6.750674225586677,63.771098451173366,36.76840154882665,70.52177267676004,30.017727323239978,77.27244690234672,23.2670530976533
20170529,FLRY3,FLEURY,57.5,58.11,57.31,57.88,8928692.0,56.97300000000003,50.666750000000015,1.6309348304127662,6.7187362927707746,64.10422258554156,37.229277414458466,70.82295887831233,30.51054112168769,77.54169517108312,23.791804828916916
20170530,FLRY3,FLEURY,57.8,58.16,56.9,57.26,37720581.0,57.15750000000003,51.04450000000001,1.420899918695283,6.652054608376334,64.34860921675268,37.74039078324735,71.00066382512901,31.08833617487101,77.65271843350536,24.436281566494678
20170531,FLRY3,FLEURY,57.48,57.72,56.1,56.77,32396171.0,57.30200000000002,51.406250000000014,1.1997964739689262,6.557094293734337,64.52043858746869,38.29206141253134,71.07753288120303,31.734967118797005,77.63462717493736,25.177872825062668
20170601,FLRY3,FLEURY,57.29,58.36,56.61,57.16,43928398.0,57.44250000000003,51.79225000000001,0.9803805652054153,6.425402905655048,64.6430558113101,38.941444188689914,71.06845871696515,32.516041283034866,77.4938616226202,26.09063837737982
20170602,FLRY3,FLEURY,57.5,58.09,56.46,57.91,29634267.0,57.47050000000004,52.19000000000001,0.9855827824457687,6.294802088496006,64.77960417699202,39.600395823008,71.07440626548802,33.305593734511994,77.36920835398404,27.01079164601599
20170605,FLRY3,FLEURY,57.46,58.05,57.17,57.31,16515998.0,57.51100000000004,52.54525000000001,0.9599117283983478,6.16835388734203,64.88195777468407,40.20854222531595,71.0503116620261,34.040188337973916,77.21866554936813,27.87183445063189
20170606,FLRY3,FLEURY,57.39,59.0,57.2,58.19,32010894.0,57.53600000000004,52.93800000000001,0.9712628783950736,6.009135865176806,64.95627173035362,40.9197282696464,70.96540759553042,34.91059240446959,76.97454346070724,28.901456539292784
20170607,FLRY3,FLEURY,58.74,59.1,57.21,58.2,37301170.0,57.538500000000035,53.301750000000006,0.9729892897127144,5.871286011009623,65.04432202201926,41.55917797798076,70.91560803302887,35.68789196697114,76.78689404403849,29.816605955961514
20170608,FLRY3,FLEURY,58.21,58.63,57.62,58.0,22503969.0,57.51850000000003,53.663,0.9583498701857927,5.69787373747484,65.05874747494968,42.26725252505032,70.75662121242452,36.569378787575474,76.45449494989936,30.871505050100637
20170609,FLRY3,FLEURY,57.81,58.21,56.9,57.4,32931132.0,57.458500000000036,54.010000000000005,0.9240259451819158,5.482917995336984,64.97583599067397,43.04416400932604,70.45875398601096,37.56124601398905,75.94167198134794,32.07832801865207
20170612,FLRY3,FLEURY,57.4,57.68,56.13,56.55,24754207.0,57.36750000000004,54.348,0.919140760081398,5.198014019179839,64.74402803835967,43.951971961640325,69.94204205753951,38.75395794246048,75.14005607671936,33.555943923280644
20170613,FLRY3,FLEURY,56.2,57.16,56.11,56.46,28309176.0,57.276000000000046,54.69100000000001,0.9135437073638337,4.853662534622736,64.39832506924549,44.98367493075454,69.25198760386822,40.130012396131804,74.10565013849096,35.27634986150906
20170614,FLRY3,FLEURY,56.51,56.88,55.45,56.44,30079881.0,57.20550000000005,54.98375000000001,0.9212889997462936,4.583059490653836,64.14986898130768,45.81763101869234,68.73292847196151,41.2345715280385,73.31598796261535,36.65151203738466
20170616,FLRY3,FLEURY,56.44,57.58,55.74,57.2,61306001.0,57.26250000000006,55.29425,0.881075150627647,4.285071813717754,63.864393627435504,46.72410637256449,68.14946544115327,42.439034558846735,72.43453725487102,38.15396274512898
20170619,FLRY3,FLEURY,56.93,57.56,56.22,57.5,19028325.0,57.27750000000005,55.61925,0.8825076412377433,3.9230949239155186,63.465439847831036,47.773060152168966,67.38853477174655,43.849965228253446,71.31162969566208,39.926870304337925
20170620,FLRY3,FLEURY,56.9,58.02,56.61,57.35,25849014.0,57.42500000000005,55.9255,0.5660435170186185,3.5403374821025073,63.006174964205016,48.84482503579498,66.54651244630752,45.30448755369248,70.08684992841003,41.76415007158997
20170621,FLRY3,FLEURY,57.36,57.92,55.24,55.68,22921962.0,57.31400000000004,56.19199999999999,0.6751483267836785,3.068094873671053,62.3281897473421,50.055810252657885,65.39628462101315,46.987715378986834,68.46437949468421,43.91962050531578
20170622,FLRY3,FLEURY,55.73,55.77,53.54,54.4,30879095.0,57.163000000000046,56.377250000000004,0.9370957374001495,2.6998423387017625,61.77693467740353,50.977565322596476,64.47677701610529,48.27772298389472,67.17661935480706,45.577880645192955
20170623,FLRY3,FLEURY,54.09,54.55,53.25,54.25,20882010.0,57.00650000000004,56.58200000000001,1.1386384990767853,2.152395445508703,60.88679089101741,52.2772091089826,63.039186336526114,50.1248136634739,65.19158178203482,47.9724182179652
20170626,FLRY3,FLEURY,54.43,55.35,53.96,54.52,11714484.0,56.821500000000036,56.763250000000006,1.2281576917441626,1.576297816940939,59.91584563388189,53.610654366118126,61.49214345082282,52.03435654917719,63.06844126776376,50.45805873223625
20170627,FLRY3,FLEURY,27.44,28.0,26.89,27.22,14700779.0,55.288500000000035,56.13075,6.715205271777331,4.8981945326301215,65.92713906526023,46.334360934739756,70.82533359789036,41.436166402109635,75.72352813052049,36.53797186947951
20170628,FLRY3,FLEURY,27.25,27.65,26.58,26.75,17883797.0,53.763000000000034,55.460249999999995,9.236090024862746,6.7451564721164,68.9505629442328,41.9699370557672,75.69571941634919,35.2247805836508,82.4408758884656,28.479624111534395
20170629,FLRY3,FLEURY,26.84,27.06,26.4,26.6,21499740.0,52.25450000000003,54.77824999999999,11.012138983866874,8.143268696543359,71.0647873930867,38.491712606913275,79.20805608963008,30.348443910369916,87.35132478617342,22.205175213826557
20170630,FLRY3,FLEURY,26.49,26.9,26.3,26.8,12746861.0,50.73650000000003,54.0895,12.315711093430316,9.267843759403712,72.62518751880742,35.55381248119258,81.89303127821114,26.285968721788862,91.16087503761486,17.01812496238515
20170703,FLRY3,FLEURY,26.89,27.09,25.73,26.25,16526127.0,49.15350000000002,53.312,13.337461793957031,10.240756732856163,73.79351346571232,32.83048653428767,84.03427019856849,22.58972980143151,94.27502693142465,12.348973068575347
20170704,FLRY3,FLEURY,26.24,26.24,25.55,25.75,17423151.0,47.57550000000002,52.54325,14.163079309469252,11.11237734205908,74.76800468411815,30.31849531588184,85.88038202617724,19.206117973822757,96.99275936823632,8.09374063176368
20170705,FLRY3,FLEURY,25.8,26.63,25.59,26.38,19023208.0,45.98500000000003,51.7605,14.684849514487984,11.820702167958977,75.40190433591795,28.119095664082046,87.22260650387693,16.29839349612307,99.04330867183592,4.4776913281640915
20170706,FLRY3,FLEURY,26.38,26.59,25.9,26.5,24622602.0,44.40000000000002,50.96925,15.004325341293036,12.425836480639445,75.8209229612789,26.117577038721112,88.24675944191833,13.69174055808167,100.67259592255778,1.2659040774422223
20170707,FLRY3,FLEURY,26.55,27.21,26.3,26.91,17551209.0,42.84550000000002,50.181999999999995,15.131139893401423,12.930282524130957,76.0425650482619,24.32143495173808,88.97284757239287,11.391152427607125,101.90313009652382,-1.5391300965238344
20170710,FLRY3,FLEURY,27.09,27.38,26.7,27.35,15114101.0,41.343000000000025,49.400749999999995,15.101766052178686,13.346006295460144,76.09276259092029,22.708737409079706,89.43876888638043,9.36273111361956,102.78477518184057,-3.9832751818405825
20170711,FLRY3,FLEURY,27.35,27.8,27.05,27.6,31656780.0,39.89550000000003,48.631499999999996,14.954167690506521,13.69790823447143,76.02731646894286,21.235683531057134,89.72522470341428,7.5377752965857,103.42313293788573,-6.160132937885727
20170712,FLRY3,FLEURY,27.77,28.5,27.69,28.43,38955925.0,38.49400000000002,47.885,14.630009677300091,13.969011858671054,75.82302371734211,19.94697628265789,89.79203557601316,5.977964423986833,103.76104743468422,-7.991047434684219
20170713,FLRY3,FLEURY,28.3,29.46,28.3,29.0,27672279.0,37.12200000000003,47.16375,14.13680511810812,14.184437425012765,75.53262485002553,18.79487514997447,89.7170622750383,4.610437724961706,103.90149970005106,-9.573999700051061
20170714,FLRY3,FLEURY,29.14,29.3,28.5,28.99,14160100.0,35.71150000000002,46.487,13.417092506045744,14.393334140924676,75.27366828184935,17.70033171815065,89.66700242277403,3.306997577225978,104.06033656369871,-11.086336563698701
20170717,FLRY3,FLEURY,29.19,29.65,28.82,29.21,7450200.0,34.297000000000025,45.78725,12.455951061324246,14.538803073420194,74.8648561468404,16.709643853159612,89.40365922026058,2.1708407797394216,103.94246229368078,-12.367962293680776
20170718,FLRY3,FLEURY,29.3,29.31,28.86,29.09,10928730.0,32.88400000000003,45.1545,11.247465866631998,14.704175920029645,74.5628518400593,15.74614815994071,89.26702776008894,1.0419722399110611,103.97120368011858,-13.66220368011858
20170719,FLRY3,FLEURY,29.05,29.25,28.5,28.96,14663803.0,31.54800000000003,44.431,9.903870907244684,14.772787491073252,73.9765749821465,14.885425017853493,88.74936247321975,0.1126375267802402,103.522149964293,-14.660149964293012
20170720,FLRY3,FLEURY,29.14,29.36,28.62,29.25,10741786.0,30.29050000000003,43.726749999999996,8.319562535943392,14.809114204625512,73.34497840925101,14.108521590748971,88.15409261387653,-0.7005926138765375,102.96320681850204,-15.509706818502053
20170721,FLRY3,FLEURY,29.33,30.29,29.11,29.85,34102929.0,29.07050000000003,43.038499999999985,6.119234966803161,14.798033575185178,72.63456715037034,13.442432849629629,87.43260072555552,-1.3556007255555471,102.23063430074069,-16.153634300740727
20170724,FLRY3,FLEURY,29.99,30.29,29.57,29.8,22361996.0,27.83450000000003,42.32799999999999,1.3329211095220805,14.732553906753054,71.7931078135061,12.86289218649388,86.52566172025915,-1.8696617202591739,101.2582156270122,-16.602215627012228
20170725,FLRY3,FLEURY,29.86,30.28,29.33,30.0,30555735.0,27.97350000000003,41.630999999999986,1.40828852830179,14.63711489015825,70.90522978031649,12.356770219683487,85.54234467047473,-2.2803446704747614,100.17945956063298,-16.917459560633013
20170726,FLRY3,FLEURY,30.1,30.19,29.72,29.95,20360850.0,28.133500000000033,40.94824999999999,1.443312254211456,14.525922343723906,70.0000946874478,11.896405312552176,84.5260170311717,-2.62951703117173,99.05193937489561,-17.155439374895636
20170727,FLRY3,FLEURY,30.15,30.15,29.15,29.57,18447054.0,28.282000000000032,40.26824999999998,1.4299562010219653,14.402399352725384,69.07304870545074,11.463451294549213,83.47544805817614,-2.938948058176173,97.87784741090152,-17.341347410901555
20170728,FLRY3,FLEURY,29.5,29.93,29.34,29.5,24170963.0,28.417000000000037,39.57674999999998,1.4099910414045826,14.233611608550966,68.04397321710192,11.109526782898051,82.27758482565288,-3.124084825652915,96.51119643420384,-17.35769643420388
20170731,FLRY3,FLEURY,29.61,30.06,29.31,30.03,36913707.0,28.606000000000034,38.87974999999998,1.356560666577189,13.993434630440454,66.8666192608809,10.892880739119072,80.86005389132134,-3.1005538913213826,94.85348852176179,-17.093988521761837
20170801,FLRY3,FLEURY,29.99,30.15,29.35,29.35,32441016.0,28.786000000000037,38.180749999999975,1.1857416067144764,13.745330468180349,65.67141093636067,10.690089063639277,79.41674140454103,-3.0552414045410714,93.16207187272137,-16.80057187272142
20170802,FLRY3,FLEURY,29.1,29.58,28.63,29.34,22471770.0,28.934000000000037,37.45949999999998,1.0461377588661134,13.421577527747369,64.30265505549471,10.61634494450524,77.72423258324208,-2.8052325832421303,91.14581011098946,-16.226810110989497
20170803,FLRY3,FLEURY,29.17,29.67,29.09,29.25,38823724.0,29.071500000000036,36.735749999999975,0.8763277144750122,13.049890438188275,62.835530876376524,10.635969123623426,75.88542131456481,-2.4139213145648526,88.93531175275308,-15.463811752753124
20170804,FLRY3,FLEURY,29.26,29.43,28.56,28.8,24892413.0,29.166000000000036,36.00574999999997,0.7187005818245153,12.64016570962052,61.286081419241015,10.72541858075893,73.92624712886153,-1.9147471288615918,86.56641283848205,-14.55491283848211
20170807,FLRY3,FLEURY,28.8,29.4,28.7,29.34,18963302.0,29.26550000000004,35.30424999999997,0.5780409291638311,12.193116992269829,59.690483984539625,10.91801601546031,71.88360097680945,-1.2751009768095187,84.07671796907928,-13.468217969079348
20170808,FLRY3,FLEURY,29.37,29.44,29.01,29.32,9590125.0,29.351500000000037,34.623499999999964,0.4248625164613282,11.727793538515717,58.0790870770314,11.16791292296853,69.80688061554712,-0.5598806155471863,81.53467415406283,-12.287674154062906
20170809,FLRY3,FLEURY,29.37,29.4,28.8,29.14,16586378.0,29.38700000000004,33.94049999999997,0.36992317836796096,11.207462017414763,56.3554240348295,11.525575965170447,67.56288605224427,0.318113947755684,78.77034806965902,-10.889348069659079
20170810,FLRY3,FLEURY,29.21,29.48,28.65,29.0,19195959.0,29.38700000000004,33.254499999999965,0.36992317836796096,10.619331899888978,54.49316379977792,12.015836200222008,65.11249569966691,1.396504300333028,75.73182759955588,-9.222827599555949
20170811,FLRY3,FLEURY,29.1,29.52,28.81,29.17,19149676.0,29.396000000000036,32.553749999999965,0.3618577795635969,9.89909648492974,52.351942969859444,12.755557030140487,62.25103945478918,2.856460545210748,72.15013593971892,-7.042635939718991
20170814,FLRY3,FLEURY,29.44,30.04,29.3,29.97,26211954.0,29.434000000000037,31.86549999999997,0.38071124573710513,9.039947228686431,49.94539445737283,13.785605542627106,58.985341686059265,4.745658313940673,68.02528891474569,-4.294288914745756
20170815,FLRY3,FLEURY,30.05,30.46,29.2,29.2,31270623.0,29.439500000000038,31.161749999999973,0.3762484481509019,8.046244190734123,47.25423838146822,15.069261618531726,55.30048257220234,7.023017427797601,63.34672676293647,-1.0232267629365204
20170816,FLRY3,FLEURY,29.32,29.75,29.32,29.75,24575879.0,29.479000000000035,30.513499999999972,0.36454586022837765,6.996297757220732,44.506095514441434,16.52090448555851,51.50239327166217,9.524606728337776,58.4986910288829,2.5283089711170454
20170817,FLRY3,FLEURY,29.74,30.0,29.34,29.34,9251270.0,29.48350000000004,29.886999999999965,0.36211767496966724,5.826753593202389,41.54050718640474,18.233492813595188,47.36726077960713,12.4067392203928,53.19401437280952,6.5799856271904105
20170818,FLRY3,FLEURY,29.37,29.67,28.76,29.31,21354316.0,29.456500000000034,29.263499999999965,0.35337880375949127,4.282697179138936,37.828894358277836,20.698105641722094,42.11159153741677,16.415408462583155,46.39428871655571,12.13271128344422
20170821,FLRY3,FLEURY,29.23,29.52,28.17,28.25,26947382.0,29.379000000000037,28.606749999999966,0.4346916632561284,1.2527086294329761,31.112167258865917,26.101332741134016,32.3648758882989,24.84862411170104,33.61758451773187,23.59591548226806
20170822,FLRY3,FLEURY,28.3,28.4,27.92,28.1,27661277.0,29.284000000000038,28.62874999999996,0.4952341285739236,1.2353369466644748,31.09942389332891,26.15807610667101,32.334760839993386,24.922739160006536,33.57009778665786,23.68740221334206
20170823,FLRY3,FLEURY,28.1,29.16,28.05,29.16,21083184.0,29.244500000000034,28.688999999999965,0.47019005115977897,1.1996106205869799,31.088221241173926,26.289778758826003,32.28783186176091,25.090168138239026,33.48744248234789,23.890557517652045
20170824,FLRY3,FLEURY,29.17,29.75,29.17,29.5,24897548.0,29.24100000000003,28.761499999999966,0.46789450002858957,1.1569977727520864,31.07549554550414,26.447504454495792,32.232493318256225,25.290506681743707,33.38949109100831,24.133508908991622
20170825,FLRY3,FLEURY,29.72,29.73,29.19,29.35,10526960.0,29.23350000000003,28.825249999999965,0.4647158158195102,1.1156623593181965,31.05657471863636,26.59392528136357,32.172237077954556,25.478262922045374,33.28789943727275,24.36260056272718
20170828,FLRY3,FLEURY,29.5,29.51,29.06,29.3,9237578.0,29.19700000000003,28.901499999999963,0.4259120245199545,1.036566200094782,30.974632400189527,26.8283675998104,32.01119860028431,25.791801399715617,33.04776480037909,24.755235199620834
20170829,FLRY3,FLEURY,29.34,29.93,29.1,29.8,19634621.0,29.21950000000003,29.002749999999963,0.44584012947663215,0.9110376937792589,30.82482538755848,27.180674612441447,31.73586308133774,26.269636918662187,32.646900775117,25.358599224882926
20170830,FLRY3,FLEURY,29.82,30.57,29.41,30.4,32485372.0,29.272500000000026,29.103249999999964,0.5180720839898993,0.8326521959897989,30.76855439197956,27.437945608020367,31.60120658796936,26.605293412030566,32.43385878395916,25.772641216040768
20170831,FLRY3,FLEURY,30.45,32.2,30.17,31.7,53984734.0,29.395000000000028,29.233249999999963,0.7501473539450065,0.8216505823564177,30.876551164712797,27.589948835287128,31.698201747069216,26.76829825293071,32.51985232942563,25.946647670574293
20170901,FLRY3,FLEURY,31.7,32.27,30.51,30.79,53738085.0,29.494500000000027,29.33024999999996,0.7975520111725858,0.7675952709595497,30.86544054191906,27.79505945808086,31.63303581287861,27.02746418712131,32.40063108383816,26.25986891616176
20170904,FLRY3,FLEURY,30.9,31.11,30.2,30.75,20294314.0,29.565000000000026,29.415249999999965,0.8441345614852295,0.7300192744202779,30.87528854884052,27.95521145115941,31.605307823260798,27.22519217673913,32.33532709768107,26.495172902318853
20170905,FLRY3,FLEURY,30.99,31.5,30.57,30.85,30014596.0,29.641500000000025,29.496499999999962,0.8889039673423795,0.7031706580613597,30.902841316122682,28.09015868387724,31.606011974184042,27.38698802581588,32.3091826322454,26.68381736775452
20170906,FLRY3,FLEURY,31.07,31.13,30.31,30.4,26003304.0,29.704500000000024,29.545749999999963,0.8961113358924325,0.6955053042246342,30.93676060844923,28.154739391550695,31.632265912673866,27.45923408732606,32.3277712168985,26.763728783101428
20170908,FLRY3,FLEURY,30.36,31.12,30.3,30.95,24642275.0,29.802000000000028,29.594499999999965,0.9211583097264461,0.7240270217364837,31.042554043472933,28.146445956526996,31.766581065209415,27.422418934790514,32.4906080869459,26.69839191305403
20170911,FLRY3,FLEURY,31.23,31.53,30.56,30.56,54723570.0,29.871500000000026,29.633749999999964,0.9233991837936172,0.7329172041947193,31.0995844083894,28.167915591610527,31.83250161258412,27.434998387415806,32.56541881677884,26.702081183221086
20170912,FLRY3,FLEURY,30.67,31.25,30.3,30.55,26996530.0,29.900500000000022,29.66724999999996,0.9356814291420167,0.7435982769179704,31.1544465538359,28.18005344616402,31.89804483075387,27.43645516924605,32.64164310767184,26.692856892328077
20170913,FLRY3,FLEURY,30.59,30.61,29.81,29.98,38990800.0,29.93950000000002,29.689499999999963,0.9210890293555467,0.7391851022471256,31.167870204494214,28.211129795505713,31.90705530674134,27.471944693258585,32.64624040898847,26.73275959101146
20170914,FLRY3,FLEURY,29.86,30.45,29.52,29.89,48574784.0,29.94650000000002,29.712749999999964,0.9201045421147513,0.7302229638422473,31.17319592768446,28.252304072315468,31.903418891526705,27.522081108473223,32.63364185536895,26.791858144630975
20170915,FLRY3,FLEURY,30.2,30.6,28.83,28.83,100425927.0,29.92100000000002,29.702249999999964,0.9445405455058062,0.7400016891869091,31.182253378373783,28.222246621626145,31.92225506756069,27.482244932439237,32.6622567567476,26.74224324325233
20170918,FLRY3,FLEURY,29.03,29.76,28.35,28.71,56122108.0,29.891000000000027,29.673749999999966,0.9740360957318858,0.7559462994762164,31.1856425989524,28.161857401047534,31.941588898428616,27.405911101571316,32.697535197904834,26.649964802095102
20170919,FLRY3,FLEURY,28.9,29.65,28.1,28.25,81922464.0,29.891000000000027,29.63499999999997,0.9740360957318858,0.7883413291725401,31.21168265834505,28.058317341654888,32.000023987517594,27.26997601248235,32.78836531669013,26.48163468330981
20170920,FLRY3,FLEURY,28.0,29.34,27.95,29.1,1483190860.0,29.941000000000024,29.612499999999965,0.900122213923834,0.7904972469499008,31.193494493899767,28.031505506100164,31.983991740849667,27.241008259150263,32.77448898779957,26.450511012200362
20170921,FLRY3,FLEURY,29.63,29.82,29.33,29.76,97277602.0,29.971000000000025,29.607749999999964,0.8825495364055618,0.7889866512792917,31.185723302558547,28.02977669744138,31.974709953837838,27.24079004616209,32.76369660511713,26.4518033948828
20170922,FLRY3,FLEURY,29.9,30.01,29.57,29.82,54852030.0,29.98700000000003,29.613999999999965,0.8764407687070347,0.7896698433762914,31.193339686752548,28.034660313247382,31.98300953012884,27.24499046987109,32.77267937350513,26.4553206264948
20170925,FLRY3,FLEURY,30.0,30.08,28.61,28.83,37059844.0,29.96100000000003,29.597249999999963,0.9036236990433738,0.7991982761585883,31.19564655231714,27.998853447682787,31.994844828475728,27.1996551715242,32.79404310463432,26.40045689536561
20170926,FLRY3,FLEURY,29.29,29.98,29.01,29.38,128360692.0,29.965000000000032,29.580999999999968,0.9007160893885244,0.7967781275956678,31.174556255191302,27.987443744808633,31.97133438278697,27.190665617212964,32.768112510382636,26.393887489617295
20170927,FLRY3,FLEURY,29.5,29.69,28.65,29.39,44576216.0,29.944500000000033,29.581999999999972,0.9092939713398162,0.7965058307765313,31.175011661553036,27.98898833844691,31.971517492329568,27.192482507670377,32.7680233231061,26.39597667689385
20170928,FLRY3,FLEURY,29.34,29.48,28.68,29.23,51399088.0,29.886000000000035,29.579249999999973,0.9160579158886739,0.7975519836763872,31.174353967352747,27.9841460326472,31.971905951029136,27.18659404897081,32.76945793470552,26.389042065294426
20170929,FLRY3,FLEURY,29.3,29.53,28.92,29.47,29814505.0,29.774500000000035,29.584749999999975,0.813630428194122,0.7959802455347276,31.17671049106943,27.99278950893052,31.972690736604157,27.196809263395792,32.768670982138886,26.400829017861064
20171002,FLRY3,FLEURY,29.44,29.45,28.88,29.09,34527152.0,29.689500000000038,29.591999999999974,0.7904261009428823,0.7899470933270686,31.17189418665411,28.012105813345837,31.96184127998118,27.22215872001877,32.75178837330825,26.4322116266917
20171003,FLRY3,FLEURY,29.13,29.48,28.81,29.05,44326811.0,29.604500000000037,29.584749999999975,0.7612488008800005,0.7936413563843409,31.172032712768658,27.99746728723129,31.965674069152996,27.203825930846953,32.75931542553734,26.410184574462612
20171004,FLRY3,FLEURY,29.05,29.51,28.75,29.0,84538188.0,29.512000000000036,29.576749999999976,0.7127973063916072,0.7979794596029346,31.172708919205846,27.980791080794106,31.97068837880878,27.18281162119117,32.768667838411716,26.384832161588236
20171005,FLRY3,FLEURY,29.11,29.78,29.11,29.52,77011967.0,29.468000000000035,29.58624999999997,0.6815740296503867,0.7949026307084196,31.17605526141681,27.996444738583133,31.97095789212523,27.20154210787471,32.76586052283365,26.406639477166294
20171006,FLRY3,FLEURY,29.4,29.89,29.17,29.75,37212075.0,29.408000000000033,29.604999999999972,0.5910525847112631,0.7895470951020527,31.18409419020408,28.025905809795866,31.97364128530613,27.236358714693814,32.76318838040818,26.446811619591763
20171009,FLRY3,FLEURY,29.85,29.89,29.03,29.73,28590364.0,29.366500000000038,29.61899999999997,0.5321087641086467,0.7865953900778866,31.192190780155745,28.045809219844198,31.978786170233633,27.25921382976631,32.76538156031152,26.472618439688425
20171010,FLRY3,FLEURY,29.89,30.0,29.41,29.58,55544897.0,29.31800000000004,29.609249999999967,0.4575403347180016,0.7845475178035951,31.17834503560716,28.040154964392777,31.962892553410754,27.25560744658918,32.74744007121435,26.471059928785586
20171011,FLRY3,FLEURY,29.6,30.08,29.54,29.73,44587647.0,29.30550000000004,29.622499999999967,0.4416413763024039,0.7819297299397034,31.186359459879373,28.05864054012056,31.968289189819078,27.276710810180855,32.75021891975878,26.494781080241154
20171013,FLRY3,FLEURY,30.0,30.95,29.93,30.95,69686586.0,29.358500000000042,29.652499999999968,0.5625344433891363,0.8094814737903101,31.271462947580588,28.033537052419348,32.0809444213709,27.224055578629038,32.89042589516121,26.414574104838728
20171016,FLRY3,FLEURY,30.91,31.41,30.24,30.54,42735999.0,29.444000000000038,29.68249999999997,0.6062342781459392,0.819774046417038,31.322048092834045,28.042951907165893,32.14182213925108,27.223177860748855,32.96159618566812,26.403403814331817
20171017,FLRY3,FLEURY,30.61,30.7,29.94,30.4,42454388.0,29.528500000000037,29.709749999999975,0.6162388036768098,0.8251728257202668,31.36009565144051,28.05940434855944,32.185268477160776,27.234231522839174,33.01044130288104,26.40905869711891
20171018,FLRY3,FLEURY,30.43,30.85,30.01,30.8,62902916.0,29.656000000000034,29.773499999999974,0.6014141230197012,0.8078256666458344,31.389151333291643,28.157848666708304,32.196976999937476,27.35002300006247,33.00480266658331,26.542197333416635
20171019,FLRY3,FLEURY,30.68,30.79,30.31,30.7,21186115.0,29.736000000000036,29.838499999999975,0.6293304712981896,0.7735948386322493,31.385689677264473,28.291310322735477,32.15928451589672,27.517715484103228,32.93287935452897,26.74412064547098
20171020,FLRY3,FLEURY,30.75,31.39,30.48,31.3,43277236.0,29.813000000000034,29.891999999999975,0.7200884448595144,0.7990481516888903,31.490096303377754,28.293903696622195,32.28914445506665,27.494855544933305,33.088192606755534,26.695807393244415
20171023,FLRY3,FLEURY,31.39,31.48,31.02,31.38,26343805.0,29.89100000000003,29.938999999999975,0.8008475773231803,0.8300874220253024,31.59917484405058,28.27882515594937,32.42926226607588,27.44873773392407,33.25934968810118,26.618650311898765
20171024,FLRY3,FLEURY,31.45,31.47,30.1,30.74,61629486.0,29.986500000000028,29.973749999999978,0.7813097977109639,0.8338839847361773,31.641517969472332,28.305982030527623,32.47540195420851,27.472098045791444,33.30928593894469,26.63821406105527
20171025,FLRY3,FLEURY,30.81,31.14,30.32,30.69,25547381.0,30.05200000000003,30.00849999999998,0.7826984362475838,0.8340495896217468,31.676599179243475,28.340400820756486,32.510648768865224,27.50635123113474,33.344698358486966,26.672301641512995
20171026,FLRY3,FLEURY,30.7,30.95,30.12,30.24,27284043.0,30.094500000000032,30.019499999999983,0.7677957170739145,0.8341307466839891,31.68776149336796,28.351238506632004,32.52189224005195,27.517107759948015,33.35602298673594,26.682977013264026
20171027,FLRY3,FLEURY,30.24,30.41,28.51,28.89,103733008.0,30.077500000000033,29.981749999999984,0.791347119257438,0.850477656137555,31.682705312275093,28.280794687724875,32.533182968412646,27.430317031587318,33.3836606245502,26.579839375449765
20171030,FLRY3,FLEURY,28.96,28.96,27.81,28.5,162259972.0,30.029000000000032,29.901749999999982,0.8574988108011958,0.835070663369272,31.571891326738527,28.231608673261437,32.406961990107796,27.396538009892165,33.24203265347707,26.561467346522893
20171031,FLRY3,FLEURY,28.61,28.89,28.22,28.88,66779854.0,30.018500000000028,29.853999999999985,0.8707847338066556,0.8375813775998401,31.529162755199664,28.178837244800306,32.366744132799504,27.341255867200466,33.20432551039934,26.503674489600623
20171101,FLRY3,FLEURY,29.02,29.5,28.71,29.01,51219157.0,30.01650000000003,29.810499999999983,0.873168911132073,0.8350340082124051,31.480568016424794,28.140431983575173,32.3156020246372,27.30539797536277,33.150636032849604,26.470363967150362
20171103,FLRY3,FLEURY,29.1,29.26,28.24,28.6,52395415.0,29.996500000000033,29.754249999999985,0.9017893032009024,0.8389886692792493,31.432227338558484,28.076272661441486,32.27121600783773,27.237283992162237,33.11020467711698,26.398295322882987
20171106,FLRY3,FLEURY,28.87,28.89,28.25,28.46,45697797.0,29.943500000000036,29.705749999999984,0.9605057604140746,0.8565909998506392,31.41893199970126,27.992568000298707,32.2755229995519,27.135977000448065,33.13211399940254,26.279386000597427
20171107,FLRY3,FLEURY,28.52,28.57,27.59,27.82,49204652.0,29.847000000000037,29.62749999999998,1.071507054769214,0.8825828936151195,31.392665787230218,27.862334212769742,32.27524868084534,26.979751319154623,33.15783157446046,26.0971684255395
20171108,FLRY3,FLEURY,28.12,28.84,27.75,28.25,65663339.0,29.773000000000035,29.56974999999998,1.1295462526347677,0.8954829308739789,31.360715861747938,27.778784138252025,32.256198792621916,26.883301207378047,33.1516817234959,25.987818276504065
20171109,FLRY3,FLEURY,28.25,28.49,27.69,27.69,40483153.0,29.678500000000035,29.498249999999985,1.2218332860691368,0.9287678286238437,31.355785657247672,27.640714342752297,32.28455348587151,26.711946514128453,33.21332131449536,25.78317868550461
20171110,FLRY3,FLEURY,27.85,27.96,26.9,27.16,55146531.0,29.550000000000033,29.427749999999985,1.3450611412435283,0.9958670684123386,31.419484136824664,27.436015863175307,32.415351205237,26.44014879476297,33.41121827364934,25.44428172635063
20171113,FLRY3,FLEURY,27.28,27.46,26.58,27.41,41260022.0,29.37300000000003,29.365749999999984,1.383504702976113,1.042459831360166,31.450669662720316,27.280830337279653,32.493129494080485,26.238370505919487,33.53558932544065,25.19591067455932
20171114,FLRY3,FLEURY,27.41,28.1,27.24,27.27,56138351.0,29.20950000000003,29.326749999999986,1.4307468605404978,1.0910648468351754,31.508879693670337,27.144620306329635,32.59994454050551,26.05355545949446,33.691009387340685,24.962490612659284
20171116,FLRY3,FLEURY,27.28,27.98,27.28,27.47,31820812.0,29.063000000000034,29.295749999999988,1.4522762532619586,1.1260912371377543,31.547932474275495,27.04356752572448,32.67402371141325,25.917476288586727,33.800114948551006,24.79138505144897
20171117,FLRY3,FLEURY,27.6,27.74,27.03,27.27,37995950.0,28.886500000000034,29.271249999999988,1.4445479168963686,1.1595892011329179,31.59042840226582,26.952071597734154,32.75001760339874,25.792482396601233,33.90960680453166,24.632893195468316
20171121,FLRY3,FLEURY,27.61,27.66,27.2,27.66,72601216.0,28.734500000000033,29.23524999999999,1.4030248337822229,1.1870691931097492,31.60938838621949,26.86111161378049,32.796457579329235,25.67404242067074,33.983526772438985,24.486973227560995
20171122,FLRY3,FLEURY,27.66,27.91,26.71,26.92,64910276.0,28.51550000000003,29.164249999999992,1.3209345774465264,1.2386880725287948,31.641626145057582,26.6868738549424,32.880314217586374,25.448185782413606,34.11900229011517,24.209497709884815
20171123,FLRY3,FLEURY,27.0,27.04,26.22,26.95,39963815.0,28.294000000000032,29.092499999999994,1.179131705513195,1.2820911404058408,31.656682280811676,26.528317719188312,32.93877342121752,25.246226578782473,34.22086456162336,23.96413543837663
20171124,FLRY3,FLEURY,27.1,27.25,26.21,26.27,25705194.0,28.07050000000003,29.028499999999998,1.1128743013141218,1.3572248269055076,31.742949653811014,26.31405034618898,33.10017448071652,24.956825519283477,34.457399307622026,23.59960069237797
20171127,FLRY3,FLEURY,26.4,26.74,26.2,26.55,63925870.0,27.863500000000027,28.957749999999994,0.9766876083014447,1.4111233704627382,31.77999674092547,26.135503259074518,33.19112011138821,24.72437988861178,34.60224348185095,23.31325651814904
20171128,FLRY3,FLEURY,26.9,27.19,26.6,27.17,113539305.0,27.710000000000026,28.90224999999999,0.8106657433045298,1.4371044383294196,31.77645887665883,26.028041123341154,33.21356331498825,24.590936685011734,34.65066775331767,23.153832246682313
20171129,FLRY3,FLEURY,27.17,27.44,26.61,26.65,68997653.0,27.598000000000024,28.837749999999993,0.7936166381951129,1.479295548736718,31.79634109747343,25.879158902526555,33.275636646210145,24.39986335378984,34.75493219494687,22.92056780505312
20171130,FLRY3,FLEURY,26.77,26.77,25.77,26.23,97345628.0,27.484500000000025,28.756749999999993,0.8197205878250947,1.5315693099829,31.819888619965795,25.69361138003419,33.351457929948694,24.162042070051292,34.88302723993159,22.630472760068393
20171201,FLRY3,FLEURY,26.29,26.8,26.12,26.64,63425365.0,27.372500000000024,28.6955,0.7705696798979297,1.5664919979006027,31.828483995801204,25.562516004198795,33.394975993701806,23.996024006298192,34.96146799160241,22.429532008397587
20171204,FLRY3,FLEURY,26.56,26.98,26.11,26.47,30883744.0,27.24550000000003,28.631,0.6917671877910291,1.604183313266767,31.839366626533533,25.422633373466468,33.4435499398003,23.818450060199698,35.047733253067065,22.214266746932932
20171205,FLRY3,FLEURY,26.47,26.74,25.61,25.96,43122720.0,27.113500000000027,28.555,0.6712774545980753,1.6573828612355646,31.86976572247113,25.24023427752887,33.52714858370669,23.582851416293305,35.18453144494226,21.92546855505774
20171206,FLRY3,FLEURY,25.9,25.9,25.02,25.35,78708589.0,26.958000000000027,28.45075,0.7024363616045921,1.724899681215068,31.900549362430134,25.000950637569865,33.625449043645204,23.276050956354794,35.35034872486027,21.551151275139727
20171207,FLRY3,FLEURY,25.13,25.57,24.75,25.53,58889063.0,26.843500000000024,28.34525,0.7401584112088712,1.7718120342222574,31.888874068444515,24.801625931555485,33.66068610266677,23.029813897333227,35.43249813688903,21.25800186311097
20171208,FLRY3,FLEURY,25.64,26.88,25.64,26.65,102741668.0,26.763500000000022,28.268250000000002,0.6625332166442087,1.7770082716282793,31.82226654325656,24.714233456743443,33.599274814884836,22.937225185115164,35.37628308651312,21.160216913486884
20171211,FLRY3,FLEURY,26.77,26.88,26.31,26.8,33328377.0,26.719000000000015,28.19875,0.6259048187258891,1.778752353729113,31.756254707458226,24.641245292541775,33.53500706118734,22.86249293881266,35.313759414916454,21.083740585083547
20171212,FLRY3,FLEURY,26.75,27.17,26.2,27.1,51788130.0,26.71600000000002,28.133,0.6238201495193894,1.7692823403853386,31.671564680770675,24.594435319229323,33.44084702115602,22.82515297884398,35.210129361541355,21.055870638458643
20171213,FLRY3,FLEURY,27.27,27.29,26.8,27.1,61115334.0,26.700500000000023,28.036749999999994,0.609352330886589,1.7160261003033994,31.468802200606792,24.604697799393197,33.18482830091019,22.888671699089798,34.90085440121359,21.172645598786396
20171214,FLRY3,FLEURY,27.1,27.58,26.68,27.58,62570964.0,26.716000000000026,27.962749999999993,0.6282507042315558,1.6684738727657609,31.299697745531514,24.62580225446847,32.968171618297276,22.95732838170271,34.636645491063035,21.28885450893695
20171215,FLRY3,FLEURY,27.56,27.87,27.13,27.67,66909409.0,26.72600000000002,27.894499999999994,0.6423181700512394,1.6213921685088941,31.137284337017782,24.651715662982205,32.75867650552668,23.03032349447331,34.38006867403557,21.408931325964417
20171218,FLRY3,FLEURY,27.76,27.9,27.29,27.63,51518769.0,26.74400000000002,27.81525,0.6630741801790193,1.5517103673372716,30.918670734674542,24.711829265325456,32.470381102011814,23.160118897988184,34.022091469349085,21.608408530650912
20171219,FLRY3,FLEURY,27.63,27.92,27.4,27.73,41677579.0,26.747500000000024,27.740999999999996,0.6683276457728569,1.4795127403024795,30.700025480604957,24.781974519395035,32.17953822090743,23.302461779092557,33.659050961209914,21.822949038790078
20171220,FLRY3,FLEURY,27.73,28.1,27.44,28.05,94478067.0,26.804000000000023,27.659749999999995,0.7287148023451445,1.3637645625439467,30.38727912508789,24.9322208749121,31.751043687631835,23.568456312368156,33.114808250175784,22.204691749824207
20171221,FLRY3,FLEURY,28.07,28.52,27.6,28.47,43065045.0,26.880000000000024,27.586999999999996,0.818477405404038,1.2314140298128449,30.049828059625685,25.124171940374307,31.281242089438532,23.89275791056146,32.512656119251375,22.661343880748618
20171222,FLRY3,FLEURY,28.44,28.98,28.03,28.35,33438200.0,26.984000000000027,27.52724999999999,0.8675640428349293,1.1281570801246132,29.783564160249217,25.270935839750766,30.91172124037383,24.142778759626154,32.039878320498445,23.014621679501538
20171226,FLRY3,FLEURY,28.53,28.53,28.09,28.2,26862109.0,27.06650000000003,27.464999999999993,0.9018943513802873,1.0118705704196773,29.48874114083935,25.441258859160637,30.500611711259026,24.42938828874096,31.5124822816787,23.417517718321285
20171227,FLRY3,FLEURY,28.45,28.82,28.19,28.8,31039996.0,27.14800000000003,27.42899999999999,0.981843593503723,0.9331661022338761,29.295332204467744,25.56266779553224,30.22849830670162,24.629501693298362,31.161664408935497,23.696335591064486
20171228,FLRY3,FLEURY,28.8,29.74,28.6,29.61,180639069.0,27.29600000000003,27.446999999999985,1.1166604346509448,0.9683509641359278,29.38370192827184,25.51029807172813,30.35205289240777,24.5419471075922,31.320403856543695,23.573596143456275
