DATA DO PREGAO,CODIGO DE NEGOCIACAO DO PAPEL,NOME RESUMIDO DA EMPRESA EMISSORA,PRECO DE ABERTURA,PRECO MAXIMO,PRECO MINIMO,PRECO FECHAMENTO,VOLUME TOTAL DE TITULOS NEGOCIADOS NESTE PAPEL,MA_20,MA_40,STD_20,STD_40,BANDA_1_40 SUPERIOR,BANDA_1_40 INFERIOR,BANDA_2_40 SUPERIOR,BANDA_2_40 INFERIOR,BANDA_3_40 SUPERIOR,BANDA_3_40 INFERIOR
20170102,GFSA3,GAFISA,1.86,1.88,1.84,1.88,4826087.0,0.0,0.0,0.0,0.0,0.0,0.0,0.0,0.0,0.0,0.0
20170103,GFSA3,GAFISA,1.89,2.09,1.89,2.07,25652980.0,0.0,0.0,0.0,0.0,0.0,0.0,0.0,0.0,0.0,0.0
20170104,GFSA3,GAFISA,2.08,2.16,2.05,2.14,21304242.0,0.0,0.0,0.0,0.0,0.0,0.0,0.0,0.0,0.0,0.0
20170105,GFSA3,GAFISA,2.16,2.22,2.13,2.2,18788445.0,0.0,0.0,0.0,0.0,0.0,0.0,0.0,0.0,0.0,0.0
20170106,GFSA3,GAFISA,2.22,2.22,2.14,2.16,9433429.0,0.0,0.0,0.0,0.0,0.0,0.0,0.0,0.0,0.0,0.0
20170109,GFSA3,GAFISA,2.17,2.24,2.16,2.21,6972212.0,0.0,0.0,0.0,0.0,0.0,0.0,0.0,0.0,0.0,0.0
20170110,GFSA3,GAFISA,2.21,2.25,2.16,2.16,11711774.0,0.0,0.0,0.0,0.0,0.0,0.0,0.0,0.0,0.0,0.0
20170111,GFSA3,GAFISA,2.18,2.21,2.05,2.12,21578334.0,0.0,0.0,0.0,0.0,0.0,0.0,0.0,0.0,0.0,0.0
20170112,GFSA3,GAFISA,2.25,2.3,2.19,2.28,32152376.0,0.0,0.0,0.0,0.0,0.0,0.0,0.0,0.0,0.0,0.0
20170113,GFSA3,GAFISA,2.29,2.39,2.28,2.39,24738766.0,0.0,0.0,0.0,0.0,0.0,0.0,0.0,0.0,0.0,0.0
20170116,GFSA3,GAFISA,2.38,2.49,2.35,2.44,20563823.0,0.0,0.0,0.0,0.0,0.0,0.0,0.0,0.0,0.0,0.0
20170117,GFSA3,GAFISA,2.46,2.6,2.43,2.48,51417545.0,0.0,0.0,0.0,0.0,0.0,0.0,0.0,0.0,0.0,0.0
20170118,GFSA3,GAFISA,2.53,2.66,2.45,2.45,65581240.0,0.0,0.0,0.0,0.0,0.0,0.0,0.0,0.0,0.0,0.0
20170119,GFSA3,GAFISA,2.49,2.53,2.36,2.4,33886585.0,0.0,0.0,0.0,0.0,0.0,0.0,0.0,0.0,0.0,0.0
20170120,GFSA3,GAFISA,2.47,2.53,2.44,2.5,30718675.0,0.0,0.0,0.0,0.0,0.0,0.0,0.0,0.0,0.0,0.0
20170123,GFSA3,GAFISA,2.49,2.58,2.48,2.54,24879905.0,0.0,0.0,0.0,0.0,0.0,0.0,0.0,0.0,0.0,0.0
20170124,GFSA3,GAFISA,2.57,2.62,2.52,2.55,38881112.0,0.0,0.0,0.0,0.0,0.0,0.0,0.0,0.0,0.0,0.0
20170126,GFSA3,GAFISA,2.6,2.6,2.47,2.54,33221677.0,0.0,0.0,0.0,0.0,0.0,0.0,0.0,0.0,0.0,0.0
20170127,GFSA3,GAFISA,2.51,2.57,2.49,2.52,15991040.0,0.0,0.0,0.0,0.0,0.0,0.0,0.0,0.0,0.0,0.0
20170130,GFSA3,GAFISA,2.51,2.51,2.38,2.39,22854142.0,2.321,0.0,0.19235110441175302,0.0,0.0,0.0,0.0,0.0,0.0,0.0
20170131,GFSA3,GAFISA,2.41,2.5,2.4,2.46,11394617.0,2.35,0.0,0.1639961488636405,0.0,0.0,0.0,0.0,0.0,0.0,0.0
20170201,GFSA3,GAFISA,2.51,2.6,2.5,2.59,21604478.0,2.3760000000000003,0.0,0.1583932481282951,0.0,0.0,0.0,0.0,0.0,0.0,0.0
20170202,GFSA3,GAFISA,2.57,2.69,2.56,2.6,29872569.0,2.399,0.0,0.15569538410492156,0.0,0.0,0.0,0.0,0.0,0.0,0.0
20170203,GFSA3,GAFISA,2.58,2.68,2.58,2.63,22646529.0,2.4205,0.0,0.15645665281644772,0.0,0.0,0.0,0.0,0.0,0.0,0.0
20170206,GFSA3,GAFISA,2.68,2.75,2.63,2.63,42130866.0,2.4440000000000004,0.0,0.15045195071412124,0.0,0.0,0.0,0.0,0.0,0.0,0.0
20170207,GFSA3,GAFISA,2.69,2.69,2.55,2.6,28093827.0,2.4635000000000007,0.0,0.1436470455115966,0.0,0.0,0.0,0.0,0.0,0.0,0.0
20170208,GFSA3,GAFISA,2.63,2.65,2.56,2.64,15536652.0,2.4875000000000007,0.0,0.12969092814112126,0.0,0.0,0.0,0.0,0.0,0.0,0.0
20170209,GFSA3,GAFISA,2.66,2.66,2.58,2.62,16829599.0,2.5125000000000006,0.0,0.09988809528140799,0.0,0.0,0.0,0.0,0.0,0.0,0.0
20170210,GFSA3,GAFISA,2.63,2.68,2.6,2.67,15589442.0,2.532000000000001,0.0,0.08965430685049319,0.0,0.0,0.0,0.0,0.0,0.0,0.0
20170213,GFSA3,GAFISA,2.67,2.71,2.61,2.61,13095430.0,2.5430000000000006,0.0,0.0846727446361037,0.0,0.0,0.0,0.0,0.0,0.0,0.0
20170214,GFSA3,GAFISA,2.62,2.64,2.52,2.58,16168217.0,2.5500000000000007,0.0,0.08143450710459747,0.0,0.0,0.0,0.0,0.0,0.0,0.0
20170215,GFSA3,GAFISA,2.59,2.63,2.55,2.58,22628986.0,2.5550000000000006,0.0,0.07996709849747947,0.0,0.0,0.0,0.0,0.0,0.0,0.0
20170216,GFSA3,GAFISA,2.59,2.61,2.53,2.59,17378356.0,2.5620000000000003,0.0,0.07633720207770887,0.0,0.0,0.0,0.0,0.0,0.0,0.0
20170217,GFSA3,GAFISA,2.6,2.62,2.51,2.52,24062059.0,2.5680000000000005,0.0,0.0670898847187807,0.0,0.0,0.0,0.0,0.0,0.0,0.0
20170220,GFSA3,GAFISA,2.56,2.57,2.51,2.54,12642823.0,2.5700000000000007,0.0,0.06553424175273259,0.0,0.0,0.0,0.0,0.0,0.0,0.0
20170221,GFSA3,GAFISA,2.55,2.56,2.48,2.53,19990204.0,2.5695000000000006,0.0,0.0658127327306352,0.0,0.0,0.0,0.0,0.0,0.0,0.0
20170222,GFSA3,GAFISA,2.54,2.54,2.46,2.48,15147731.0,2.5660000000000007,0.0,0.06870225614927311,0.0,0.0,0.0,0.0,0.0,0.0,0.0
20170223,GFSA3,GAFISA,2.5,2.52,2.35,2.38,20327894.0,2.5580000000000007,0.0,0.08023649255072425,0.0,0.0,0.0,0.0,0.0,0.0,0.0
20170224,GFSA3,GAFISA,2.35,2.41,2.25,2.29,16681029.0,2.546500000000001,0.0,0.10001447263692596,0.0,0.0,0.0,0.0,0.0,0.0,0.0
20170301,GFSA3,GAFISA,2.31,2.42,2.3,2.4,9287656.0,2.5470000000000006,2.4340000000000006,0.09921269019000116,0.18951760624523287,2.8130352124904663,2.054964787509535,3.0025528187356993,1.8654471812643019,3.192070424980932,1.6759295750190693
20170302,GFSA3,GAFISA,2.4,2.42,2.31,2.34,12749139.0,2.541000000000001,2.445500000000001,0.107991227713913,0.1677444637781085,2.780988927556218,2.110011072443784,2.9487333913343265,1.9422666086656752,3.116477855112435,1.774522144887567
20170303,GFSA3,GAFISA,2.35,2.37,2.32,2.36,4640683.0,2.529500000000001,2.452750000000001,0.1145460146564887,0.157023393651539,2.766796787303079,2.1387032126969228,2.923820180954618,1.981679819045384,3.080843574606157,1.8246564253938449
20170306,GFSA3,GAFISA,2.36,2.44,2.33,2.41,12140022.0,2.5200000000000005,2.459500000000001,0.11625742760651683,0.14882359200900094,2.757147184018003,2.1618528159819994,2.905970776027004,2.0130292239729983,3.054794368036005,1.8642056319639972
20170307,GFSA3,GAFISA,2.42,2.46,2.37,2.39,7889761.0,2.5080000000000005,2.4642500000000007,0.11669122548530991,0.14325676249308453,2.7507635249861697,2.1777364750138317,2.8940202874792544,2.034479712520747,3.0372770499723387,1.8912229500276627
20170308,GFSA3,GAFISA,2.4,2.4,2.28,2.32,11170211.0,2.4925000000000006,2.4682500000000007,0.1201698359559689,0.13662389887420787,2.7414977977484165,2.195002202251585,2.878121696622624,2.0583783033773773,3.0147455954968323,1.9217544045031691
20170309,GFSA3,GAFISA,2.3,2.4,2.27,2.38,16326960.0,2.4815000000000005,2.472500000000001,0.1198804228782746,0.13090905044029436,2.7343181008805897,2.2106818991194124,2.8652271513208842,2.079772848679118,2.9961362017611783,1.9488637982388237
20170310,GFSA3,GAFISA,2.39,2.42,2.36,2.36,5392556.0,2.4675000000000002,2.477500000000001,0.11670362823025476,0.12219677279720331,2.7218935455944075,2.2331064544055943,2.844090318391611,2.110909681608391,2.966287091188814,1.9887129088111877
20170313,GFSA3,GAFISA,2.39,2.52,2.36,2.5,17145983.0,2.4615000000000005,2.487000000000001,0.11141553326458488,0.10758896140118035,2.7021779228023615,2.2718220771976405,2.809766884203542,2.16423311579646,2.9173558456047224,2.0566441543952796
20170314,GFSA3,GAFISA,2.52,2.58,2.45,2.55,26940215.0,2.4555000000000002,2.493750000000001,0.10246822357250804,0.10262422116260288,2.6989984423252067,2.288501557674795,2.8016226634878096,2.185877336512192,2.904246884650412,2.0832531153495895
20170315,GFSA3,GAFISA,2.56,2.63,2.5,2.63,23086129.0,2.4565000000000006,2.4997500000000006,0.1041393297462598,0.10341570331582996,2.7065814066316607,2.2929185933683405,2.8099971099474903,2.189502890052511,2.9134128132633204,2.086087186736681
20170316,GFSA3,GAFISA,2.57,2.62,2.54,2.57,18197644.0,2.4560000000000004,2.5030000000000006,0.10353743284435937,0.10353247972966954,2.7100649594593396,2.2959350405406616,2.8135974391890093,2.192402560810992,2.9171299189186786,2.0888700810813225
20170317,GFSA3,GAFISA,2.35,2.36,2.2,2.22,46404333.0,2.4380000000000006,2.4965,0.1118081062874205,0.11276365117200264,2.7220273023440056,2.2709726976559947,2.8347909535160083,2.158209046483992,2.9475546046880106,2.0454453953119898
20170320,GFSA3,GAFISA,2.23,2.25,2.05,2.11,24474864.0,2.4140000000000006,2.4880000000000004,0.1278321267584134,0.12812654001576063,2.7442530800315215,2.2317469199684794,2.8723796200472824,2.1036203799527184,3.000506160063043,1.975493839936958
20170321,GFSA3,GAFISA,2.11,2.17,2.09,2.1,12983694.0,2.3930000000000007,2.4805,0.14308996066148502,0.1414929553379123,2.7634859106758247,2.1975140893241756,2.904978866013737,2.0560211339862633,3.0464718213516493,1.914528178648351
20170322,GFSA3,GAFISA,2.1,2.12,2.02,2.04,18474070.0,2.3680000000000008,2.4690000000000003,0.15886439102845587,0.15763964098619493,2.78427928197239,2.1537207180276106,2.941918922958585,1.9960810770414155,3.09955856394478,1.8384414360552206
20170323,GFSA3,GAFISA,25.07,27.97,24.85,27.53,33299944.0,3.6180000000000008,3.09375,5.630413278278117,3.965897374766459,11.02554474953292,-4.838044749532918,14.991442124299377,-8.803942124299377,18.95733949906584,-12.769839499065837
20170324,GFSA3,GAFISA,26.4,27.0,25.97,26.48,26474925.0,4.8180000000000005,3.6919999999999993,7.591219026993588,5.420072475624809,14.532144951249617,-7.148144951249619,19.952217426874427,-12.568217426874426,25.372289902499237,-17.988289902499236
20170327,GFSA3,GAFISA,26.23,26.89,25.75,26.89,14246159.0,6.043500000000001,4.30075,9.020730087736219,6.539244991901021,17.37923998380204,-8.777739983802043,23.918484975703063,-15.316984975703061,30.457729967604084,-21.856229967604083
20170328,GFSA3,GAFISA,26.63,28.48,26.63,27.51,7475129.0,7.304500000000002,4.9254999999999995,10.15930295733656,7.489467801434089,19.904435602868176,-10.053435602868179,27.393903404302268,-17.54290340430227,34.88337120573635,-25.032371205736357
20170329,GFSA3,GAFISA,27.24,27.85,27.24,27.34,10896442.0,8.5515,5.54925,11.019800970119771,8.271067083824688,22.091384167649377,-10.992884167649375,30.362451251474063,-19.26395125147406,38.63351833529875,-27.53501833529875
20170330,GFSA3,GAFISA,27.42,27.61,27.2,27.5,14201560.0,9.809500000000002,6.17525,11.689167038443399,8.950903689515064,24.07705737903013,-11.726557379030128,33.02796106854519,-20.677461068545192,41.978864758060254,-29.628364758060258
20170331,GFSA3,GAFISA,27.24,27.67,27.24,27.25,15848403.0,11.054,6.79175,12.169410053598803,9.528252964278503,25.848255928557005,-12.264755928557005,35.37650889283551,-21.79300889283551,44.90476185711401,-31.32126185711401
20170403,GFSA3,GAFISA,27.27,27.55,27.0,27.0,11252571.0,12.2835,7.40175,12.488139752328376,10.021304456647375,27.44435891329475,-12.64085891329475,37.46566336994212,-22.662163369942125,47.4869678265895,-32.6834678265895
20170404,GFSA3,GAFISA,27.0,27.16,26.8,26.9,13524581.0,13.509,8.0085,12.667494206577883,10.450520180894445,28.909540361788892,-12.89254036178889,39.360060542683335,-23.34306054268334,49.81058072357778,-33.79358072357778
20170405,GFSA3,GAFISA,26.71,27.38,26.7,27.19,19365009.0,14.752500000000001,8.622499999999999,12.731835306159043,10.840620842756667,30.303741685513334,-13.058741685513336,41.14436252827001,-23.899362528270007,51.98498337102667,-34.73998337102667
20170406,GFSA3,GAFISA,26.93,27.23,26.9,27.1,5231926.0,15.988500000000002,9.235,12.667241329300428,11.178487352373732,31.591974704747464,-13.121974704747466,42.77046205712119,-24.300462057121194,53.94894940949493,-35.47894940949493
20170407,GFSA3,GAFISA,26.86,26.97,25.82,25.97,10050799.0,17.169,9.81825,12.428201758394835,11.431337469699415,32.68092493939883,-13.044424939398828,44.11226240909824,-24.475762409098245,55.54359987879766,-35.90709987879766
20170410,GFSA3,GAFISA,26.21,26.21,24.85,25.4,7706931.0,18.314,10.38775,12.054903086340124,11.629258522453238,33.64626704490648,-12.870767044906476,45.27552556735971,-24.50002556735971,56.90478408981295,-36.129284089812955
20170411,GFSA3,GAFISA,25.42,25.63,25.17,25.25,6320527.0,19.448999999999998,10.95225,11.550650425978526,11.79191693763582,34.53608387527164,-12.631583875271641,46.32800081290746,-24.423500812907463,58.11991775054328,-36.21541775054328
20170412,GFSA3,GAFISA,25.25,25.48,25.01,25.25,5711069.0,20.58,11.518249999999998,10.906595300671588,11.923840778468001,35.365931556936005,-12.329431556936004,47.289772335403995,-24.253272335404002,59.213613113872,-36.17711311387201
20170413,GFSA3,GAFISA,25.03,25.62,25.02,25.2,5156594.0,21.711499999999997,12.083749999999998,10.082556732454218,12.0250246947878,36.1337993895756,-11.966299389575603,48.1588240843634,-23.991324084363402,60.183848779151205,-36.0163487791512
20170417,GFSA3,GAFISA,25.23,26.6,25.11,26.5,4739324.0,22.925499999999996,12.68175,9.017632712460744,12.134555845885876,36.95086169177175,-11.587361691771752,49.08541753765763,-23.721917537657625,61.219973383543504,-35.8564733835435
20170418,GFSA3,GAFISA,26.55,26.55,25.64,25.88,5358776.0,24.113999999999997,13.264,7.58193726112126,12.196510808318743,37.657021616637486,-11.129021616637488,49.85353242495623,-23.325532424956233,62.05004323327498,-35.52204323327497
20170419,GFSA3,GAFISA,26.0,26.98,26.0,26.33,4688954.0,25.325499999999995,13.85925,5.540138203672313,12.239651911319063,38.338553822638126,-10.620053822638127,50.57820573395719,-22.85970573395719,62.81785764527625,-35.09935764527626
20170420,GFSA3,GAFISA,26.57,26.93,26.33,26.33,2949510.0,26.54,14.454000000000002,0.8099317710055645,12.253517715752338,38.961035431504676,-10.053035431504673,51.214553147257014,-22.306553147257013,63.46807086300935,-34.56007086300935
20170424,GFSA3,GAFISA,26.39,26.59,25.86,25.97,1657655.0,26.462,15.040000000000003,0.7842837832261861,12.229115950185317,39.49823190037064,-9.418231900370632,51.72734785055596,-21.64734785055595,63.956463800741275,-33.87646380074126
20170425,GFSA3,GAFISA,26.24,29.5,26.2,28.79,29064517.0,26.577499999999997,15.697750000000003,0.9414259900474615,12.243787851867511,40.185325703735025,-8.78982570373502,52.42911355560254,-21.033613555602532,64.67290140747005,-33.27740140747004
20170426,GFSA3,GAFISA,28.94,29.0,27.87,28.15,6101094.0,26.640499999999996,16.342000000000002,1.0035488344659143,12.202980972507685,40.747961945015376,-8.063961945015368,52.95094291752305,-20.26694291752305,65.15392389003074,-32.46992389003074
20170427,GFSA3,GAFISA,28.4,28.4,27.48,27.6,15875819.0,26.645,16.974750000000004,1.0078455395441048,12.111518143105314,41.19778628621063,-7.248286286210625,53.309304429315944,-19.35980442931594,65.42082257242126,-31.471322572421254
20170428,GFSA3,GAFISA,18.78,18.83,17.1,18.19,33417671.0,26.1875,17.369500000000006,2.128962868332101,11.879400820165714,41.12830164033143,-6.389301640331421,53.00770246049714,-18.268702460497135,64.88710328066286,-30.14810328066285
20170502,GFSA3,GAFISA,18.35,18.7,17.85,18.26,11715587.0,25.7255,17.767500000000005,2.743133964531887,11.626955143004375,41.02141028600876,-5.486410286008745,52.64836542901313,-17.113365429013122,64.2753205720175,-28.740320572017495
20170503,GFSA3,GAFISA,18.21,18.54,18.06,18.06,4583259.0,25.266,18.160000000000004,3.205126485721538,11.355321355070629,40.87064271014126,-4.550642710141254,52.22596406521189,-15.905964065211883,63.58128542028252,-27.261285420282512
20170504,GFSA3,GAFISA,18.0,18.5,16.81,17.22,15450748.0,24.776999999999997,18.530250000000002,3.6428214917907593,11.066381635385616,40.66301327077123,-3.6025132707712295,51.72939490615685,-14.668894906156844,62.795776541542466,-25.73527654154246
20170505,GFSA3,GAFISA,17.11,17.25,16.81,16.81,7551033.0,24.272499999999997,18.890750000000004,4.01319124231184,10.757681188401246,40.4061123768025,-2.6246123768024887,51.16379356520374,-13.382293565203732,61.92147475360499,-24.13997475360498
20170508,GFSA3,GAFISA,16.65,16.65,15.25,15.5,13572689.0,23.687999999999995,19.22025,4.39868712470581,10.434097331124748,40.0884446622495,-1.6479446622494969,50.52254199337425,-12.082041993374247,60.956639324498994,-22.516139324498994
20170509,GFSA3,GAFISA,15.4,15.74,14.8,14.8,9763840.0,23.072999999999997,19.53075,4.742921706689825,10.099547181395351,39.7298443627907,-0.6683443627907018,49.82939154418605,-10.767891544186053,59.9289387255814,-20.867438725581405
20170510,GFSA3,GAFISA,13.9,14.37,13.7,13.92,43202518.0,22.470499999999998,19.81975,5.106937979485931,9.755127905297703,39.33000581059541,0.3094941894045924,49.08513371589311,-9.44563371589311,58.84026162119081,-19.200761621190814
20170511,GFSA3,GAFISA,14.05,14.35,13.36,13.4,23670539.0,21.8705,20.09225,5.438786121340337,9.404864395347326,38.901978790694656,1.2825212093053473,48.30684318604198,-8.12234318604198,57.711707581389305,-17.527207581389305
20170512,GFSA3,GAFISA,13.55,13.93,13.26,13.36,17638769.0,21.276,20.3625,5.693793851295699,9.03593786371526,38.43437572743052,2.290624272569481,47.47031359114578,-6.745313591145777,56.506251454861044,-15.781251454861039
20170515,GFSA3,GAFISA,13.47,14.15,13.33,14.15,19646135.0,20.720999999999997,20.6505,5.825502824468873,8.630765765116541,37.91203153023308,3.388968469766919,46.54279729534962,-5.24179729534962,55.173563060466165,-13.872563060466163
20170516,GFSA3,GAFISA,14.26,14.28,13.77,13.9,13407405.0,20.156,20.933749999999996,5.915516082838072,8.197201113169276,37.328152226338545,4.539347773661444,45.525353339507824,-3.657853339507831,53.7225544526771,-11.855054452677109
20170517,GFSA3,GAFISA,13.94,14.0,13.55,13.67,14673136.0,19.514499999999998,21.219999999999995,5.88693779302512,7.712544227525601,36.645088455051194,5.794911544948793,44.3576326825768,-1.9176326825768086,52.070176910102404,-9.63017691010241
20170518,GFSA3,GAFISA,10.31,12.35,10.31,12.15,15510863.0,18.827999999999996,21.470999999999997,5.906086601749801,7.222477307789792,35.91595461557958,7.026045384420412,43.138431923369374,-0.19643192336938142,50.36090923115917,-7.418909231159173
20170519,GFSA3,GAFISA,12.12,12.44,12.09,12.18,9745981.0,18.1205,21.722999999999992,5.806802249811954,6.685134369514315,35.09326873902862,8.352731260971362,41.77840310854293,1.6675968914570483,48.46353747805725,-5.0175374780572675
20170522,GFSA3,GAFISA,12.2,12.2,11.21,11.38,10186104.0,17.372999999999998,21.956499999999995,5.654636755982243,6.119171449695559,34.19484289939111,9.718157100608877,40.314014349086676,3.598985650913317,46.43318579878223,-2.52018579878224
20170523,GFSA3,GAFISA,11.25,11.73,11.12,11.24,12781295.0,16.6365,21.549249999999994,5.430809065439816,6.27872165149269,34.10669330298538,8.991806697014614,40.385414954478065,2.7130850455219218,46.664136605970754,-3.5656366059707665
20170524,GFSA3,GAFISA,11.3,11.62,11.26,11.59,4083757.0,15.776499999999999,21.176999999999996,4.7203236675376345,6.418728686330181,34.01445737266036,8.339542627339634,40.43318605899054,1.9208139410094525,46.85191474532072,-4.4979147453207275
20170525,GFSA3,GAFISA,11.55,11.78,11.27,11.27,5649597.0,14.9325,20.786499999999997,3.8134524694615344,6.53631612313377,33.859132246267535,7.7138677537324565,40.39544836940131,1.1775516305986855,46.93176449253508,-5.358764492535084
20170526,GFSA3,GAFISA,11.26,11.49,11.23,11.35,2085961.0,14.12,20.382499999999997,2.465248999914438,6.609098526526393,33.600697053052784,7.1643029469472115,40.20979557957918,0.555204420420818,46.81889410610557,-6.053894106105574
20170529,GFSA3,GAFISA,11.32,11.41,11.21,11.41,1330648.0,13.781,19.984249999999996,2.33905491486135,6.658871039871626,33.30199207974325,6.666507920256743,39.96086311961487,0.0076368803851174505,46.6197341594865,-6.65123415948651
20170530,GFSA3,GAFISA,11.35,11.57,11.26,11.26,2467423.0,13.431000000000001,19.578249999999993,2.149619060499641,6.683915974667116,32.94608194933423,6.210418050665762,39.629997924001344,-0.4734979240013537,46.31391389866846,-7.157413898668469
20170531,GFSA3,GAFISA,11.32,11.34,10.7,10.7,4806858.0,13.062999999999999,19.164499999999997,1.934705471940911,6.709034456114631,32.58256891222926,5.746431087770734,39.29160336834389,-0.962603368343899,46.00063782445852,-7.671637824458529
20170601,GFSA3,GAFISA,10.8,11.34,10.67,11.18,7249695.0,12.761,18.768999999999995,1.710025853913574,6.701578382777659,32.172156765555314,5.365843234444677,38.87373514833297,-1.335735148332983,45.57531353111063,-8.037313531110641
20170602,GFSA3,GAFISA,11.26,11.3,10.93,10.98,3319761.0,12.4695,18.370999999999995,1.462472581839332,6.679002996379102,31.7290059927582,5.01299400724179,38.4080089891373,-1.6660089891373104,45.087011985516405,-8.345011985516415
20170605,GFSA3,GAFISA,11.0,11.14,10.75,10.75,2067697.0,12.232,17.959999999999994,1.3235184368310882,6.628033316227796,31.216066632455586,4.703933367544401,37.84409994868338,-1.924099948683395,44.47213326491118,-8.552133264911191
20170606,GFSA3,GAFISA,10.8,10.88,10.35,10.37,4747384.0,12.010499999999999,17.541749999999993,1.2391315931987978,6.56403053458577,30.669811069171534,4.413688930828453,37.233841603757305,-2.150341603757319,43.797872138343074,-8.714372138343087
20170607,GFSA3,GAFISA,10.55,10.56,10.41,10.47,3370913.0,11.838,17.154249999999994,1.1988002774705193,6.511019018083586,30.176288036167165,4.132211963832821,36.68730705425075,-2.378807054250764,43.19832607233434,-8.889826072334351
20170608,GFSA3,GAFISA,10.46,10.5,10.36,10.4,2230688.0,11.687999999999999,16.779249999999994,1.1806180361864123,6.45565519823213,29.690560396464257,3.867939603535733,36.146215594696386,-2.587715594696398,42.601870792928516,-9.043370792928528
20170609,GFSA3,GAFISA,10.41,10.76,10.37,10.6,3105464.0,11.55,16.412999999999993,1.1353320868224692,6.377862032261602,29.168724064523197,3.6572759354767896,35.54658609678479,-2.7205860967848103,41.9244481290464,-9.098448129046414
20170612,GFSA3,GAFISA,10.63,10.8,10.4,10.64,3566854.0,11.3745,16.047749999999994,0.9717779419297897,6.276342429701535,28.600434859403066,3.495065140596923,34.876777289104595,-2.7812772891046116,41.15311971880614,-9.057619718806148
20170613,GFSA3,GAFISA,10.65,11.45,10.65,11.35,4991806.0,11.246999999999998,15.701499999999992,0.7691423795372657,6.139022117903025,27.979544235806042,3.4234557641939425,34.11856635370907,-2.7155663537090824,40.257588471612095,-8.854588471612107
20170614,GFSA3,GAFISA,11.42,11.42,11.03,11.26,3601975.0,11.126499999999998,15.320499999999992,0.5170185276128768,5.92069163925799,27.161883278515973,3.4791167214840115,33.08257491777397,-2.4415749177739805,39.00326655703195,-8.362266557031969
20170616,GFSA3,GAFISA,11.34,11.4,10.91,11.22,2882086.0,11.079999999999998,14.953999999999994,0.45864789843309345,5.6999036429102485,26.35380728582049,3.5541927141794964,32.05371092873074,-2.1457109287307503,37.75361457164099,-7.845614571641001
20170619,GFSA3,GAFISA,11.25,11.28,10.78,10.79,2411766.0,11.010499999999997,14.565499999999991,0.38211978006384634,5.427743049867467,25.420986099734925,3.710013900265057,30.84872914960239,-1.7177291496024107,36.27647219946986,-7.145472199469877
20170620,GFSA3,GAFISA,10.8,10.85,10.45,10.53,1815269.0,10.967999999999998,14.17049999999999,0.3861087929589972,5.115577492026004,24.401654984051998,3.939345015947982,29.517232476078,-1.176232476078022,34.632809968104006,-6.291809968104026
20170621,GFSA3,GAFISA,10.5,10.63,9.9,9.93,4100402.0,10.902499999999998,13.769499999999988,0.44427202430403234,4.784906263315712,23.33931252663141,4.199687473368565,28.124218789947122,-0.585218789947147,32.909125053262834,-5.370125053262859
20170622,GFSA3,GAFISA,10.04,10.25,9.85,10.18,1963441.0,10.831999999999997,13.304249999999987,0.44129713107496393,4.14953991116593,21.603329822331848,5.005170177668127,25.752869733497775,0.8556302665021978,29.902409644663706,-3.2939096446637333
20170623,GFSA3,GAFISA,10.13,11.07,10.13,11.07,7187608.0,10.821999999999997,12.87724999999999,0.4330382260995156,3.392416117663721,19.662082235327432,6.092417764672548,23.054498352991153,2.7000016470088273,26.446914470654875,-0.692414470654894
20170626,GFSA3,GAFISA,11.03,11.24,10.85,10.94,3264738.0,10.801499999999997,12.46074999999999,0.41610063307133177,2.4225737399800646,17.30589747996012,7.615602520039861,19.728471219940182,5.193028780059796,22.15104495992025,2.7704550400797316
20170627,GFSA3,GAFISA,10.93,11.08,10.7,10.74,1564529.0,10.767999999999997,12.27449999999999,0.39072941236163566,2.2511238788544463,16.776747757708883,7.772252242291098,19.02787163656333,5.521128363436652,21.278995515417776,3.2700044845822056
20170628,GFSA3,GAFISA,10.7,10.8,10.48,10.66,3577939.0,10.737999999999998,12.084499999999991,0.373625199195589,2.044198733376584,16.17289746675316,7.996102533246823,18.217096200129745,5.951903799870239,20.261294933506328,3.907705066493655
20170629,GFSA3,GAFISA,10.66,10.83,10.34,10.46,1614702.0,10.725999999999999,11.89449999999999,0.37872917695094976,1.8148927354049353,15.524285470809861,8.264714529190119,17.339178206214797,6.449821793785184,19.154070941619732,4.634929058380249
20170630,GFSA3,GAFISA,10.46,10.94,10.38,10.82,3405169.0,10.707999999999998,11.734499999999992,0.3642960045726943,1.6031154764299416,14.940730952859875,8.528269047140109,16.543846429289815,6.925153570710167,18.146961905719756,5.3220380942802255
20170703,GFSA3,GAFISA,10.84,10.95,10.6,10.6,1438131.0,10.688999999999998,11.579249999999991,0.3592374965780005,1.3848213575431525,14.348892715086297,8.809607284913685,15.733714072629448,7.424785927370534,17.1185354301726,6.039964569827381
20170704,GFSA3,GAFISA,10.6,10.7,10.46,10.48,574518.0,10.675499999999998,11.453749999999992,0.36188795881750874,1.2403218926697475,13.934393785339488,8.973106214660497,15.174715678009235,7.73278432199075,16.415037570678983,6.4924624293210025
20170705,GFSA3,GAFISA,10.5,10.71,10.37,10.56,1581355.0,10.684999999999999,11.347749999999992,0.3558902846905246,1.1226056857334155,13.592961371466824,9.10253862853316,14.71556705720024,7.979932942799746,15.838172742933654,6.857327257066331
20170706,GFSA3,GAFISA,10.7,10.84,10.41,10.42,2599709.0,10.682499999999997,11.260249999999992,0.3576513297675141,1.0510982961669637,13.362446592333919,9.158053407666065,14.413544888500883,8.1069551114991,15.464643184667846,7.055856815332137
20170707,GFSA3,GAFISA,10.54,10.66,10.25,10.53,2680766.0,10.688999999999997,11.188499999999992,0.3534030053788264,0.9978992035836015,13.184298407167196,9.192701592832789,14.182197610750798,8.194802389249187,15.180096814334398,7.196903185665587
20170710,GFSA3,GAFISA,10.6,10.68,10.35,10.6,2382204.0,10.688999999999997,11.119499999999992,0.3534030053788264,0.9374924273198246,12.99448485463964,9.244515145360342,13.931977281959465,8.307022718040518,14.86946970927929,7.369530290720693
20170711,GFSA3,GAFISA,10.5,11.1,10.5,10.85,3493172.0,10.699499999999997,11.036999999999994,0.35498665653239664,0.7989294118557471,12.634858823711488,9.4391411762885,13.433788235567235,8.640211764432753,14.232717647422982,7.8412823525770055
20170712,GFSA3,GAFISA,11.03,11.3,10.86,11.13,4668094.0,10.688499999999998,10.967749999999993,0.336706572240184,0.650705682021718,12.269161364043429,9.666338635956558,12.919867046065146,9.01563295393484,13.570572728086866,8.364927271913121
20170713,GFSA3,GAFISA,11.09,11.31,11.0,11.09,2396004.0,10.679999999999998,10.903249999999993,0.3234029586823091,0.4819745045921901,11.867199009184374,9.939300990815612,12.349173513776563,9.457326486223423,12.831148018368753,8.975351981631233
20170714,GFSA3,GAFISA,11.18,12.05,11.18,11.98,8052684.0,10.717999999999998,10.898999999999994,0.4203206795822332,0.4713309034137105,11.841661806827414,9.956338193172574,12.312992710241126,9.485007289758862,12.784323613654836,9.013676386345152
20170717,GFSA3,GAFISA,11.98,12.39,11.76,12.25,3835660.0,10.790999999999999,10.900749999999993,0.542507821918139,0.4763126935651054,11.853375387130203,9.948124612869783,12.329688080695309,9.471811919304677,12.806000774260415,8.995499225739572
20170718,GFSA3,GAFISA,12.25,12.42,11.85,12.0,2806653.0,10.864499999999998,10.916249999999994,0.6016422700017741,0.5017185210443585,11.91968704208871,9.912812957911278,12.42140556313307,9.411094436866918,12.923124084177429,8.90937591582256
20170719,GFSA3,GAFISA,12.0,12.0,11.5,11.62,5451367.0,10.948999999999998,10.925749999999994,0.5818382846409625,0.5115080143242263,11.948766028648446,9.902733971351541,12.460274042972673,9.391225957027315,12.971782057296899,8.879717942703088
20170720,GFSA3,GAFISA,11.76,11.76,11.26,11.45,3411782.0,11.012499999999998,10.922249999999995,0.562474560828487,0.5073080665226392,11.936866133045273,9.907633866954717,12.444174199567913,9.400325800432077,12.95148226609055,8.893017733909439
20170721,GFSA3,GAFISA,11.36,11.66,11.33,11.58,2920662.0,11.037999999999998,10.929999999999994,0.5766016594534409,0.5150653431286869,11.960130686257369,9.89986931374262,12.475196029386055,9.384803970613934,12.990261372514741,8.869738627485248
20170724,GFSA3,GAFISA,11.6,11.89,11.52,11.53,3045626.0,11.067499999999999,10.934499999999993,0.5863345102371064,0.5195952566846574,11.973690513369307,9.895309486630678,12.493285770053966,9.37571422994602,13.012881026738622,8.856118973261363
20170725,GFSA3,GAFISA,11.66,11.84,11.51,11.61,2462252.0,11.110999999999999,10.939499999999992,0.5929932989771709,0.5252201003827998,11.989940200765592,9.889059799234392,12.515160301148391,9.363839698851592,13.040380401531191,8.838619598468792
20170726,GFSA3,GAFISA,11.8,11.8,11.54,11.63,2193293.0,11.159499999999998,10.948749999999993,0.5938321134357899,0.5341909170862047,12.017131834172403,9.880368165827583,12.551322751258608,9.346177248741379,13.085513668344813,8.811986331655174
20170727,GFSA3,GAFISA,11.73,12.0,11.68,11.82,3328995.0,11.227499999999997,10.976749999999992,0.587347964650593,0.5499388660662397,12.076627732132472,9.876872267867512,12.62656659819871,9.326933401801274,13.17650546426495,8.776994535735033
20170728,GFSA3,GAFISA,11.82,11.94,11.7,11.81,2002381.0,11.276999999999997,10.992499999999993,0.5928885579141403,0.5647316131329644,12.12196322626592,9.863036773734065,12.686694839398886,9.2983051606011,13.25142645253185,8.733573547468135
20170731,GFSA3,GAFISA,11.75,11.88,11.7,11.85,1133221.0,11.339499999999997,11.014249999999993,0.583577668127462,0.5807638096197696,12.175777619239533,9.852722380760454,12.756541428859302,9.271958571140685,13.337305238479072,8.691194761520915
20170801,GFSA3,GAFISA,11.88,11.93,11.62,11.62,2772161.0,11.3965,11.035999999999992,0.5499117154026497,0.5868726328424702,12.209745265684933,9.862254734315052,12.796617898527403,9.275382101472582,13.383490531369873,8.688509468630112
20170802,GFSA3,GAFISA,11.6,11.85,11.6,11.67,2330841.0,11.451999999999998,11.068499999999993,0.51601305573062,0.5850380219946846,12.238576043989362,9.898423956010625,12.823614065984046,9.31338593401594,13.408652087978732,8.728347912021254
20170803,GFSA3,GAFISA,11.72,11.88,11.64,11.85,1709306.0,11.523499999999999,11.102999999999993,0.4617047929031204,0.5895117493011217,12.282023498602236,9.92397650139775,12.871535247903358,9.334464752096627,13.46104699720448,8.744953002795505
20170804,GFSA3,GAFISA,11.81,12.32,11.75,12.32,3302036.0,11.612999999999998,11.150999999999993,0.43148580509703605,0.6086588872476993,12.368317774495392,9.933682225504594,12.976976661743091,9.325023338256894,13.58563554899079,8.716364451009195
20170807,GFSA3,GAFISA,12.4,12.81,12.31,12.75,5848334.0,11.720499999999998,11.204749999999994,0.4336439844658203,0.65213254709018,12.509015094180354,9.900484905819633,13.161147641270533,9.248352358729454,13.813280188360714,8.596219811639273
20170808,GFSA3,GAFISA,12.79,12.88,12.32,12.41,4363200.0,11.798499999999999,11.248999999999993,0.40838932663023375,0.6725603585533444,12.594120717106682,9.903879282893305,13.266681075660028,9.23131892433996,13.939241434213372,8.558758565786615
20170809,GFSA3,GAFISA,12.32,12.55,12.27,12.4,1564504.0,11.861999999999998,11.275249999999993,0.3975662804723915,0.6966623266948377,12.668574653389669,9.881925346610316,13.365236980084505,9.18526301991548,14.061899306779344,8.488600693220642
20170810,GFSA3,GAFISA,12.51,12.55,12.27,12.41,1945314.0,11.927999999999999,11.303999999999993,0.3713644826145845,0.7193757978007781,12.742751595601549,9.865248404398438,13.462127393402326,9.14587260659766,14.181503191203106,8.42649680879688
20170811,GFSA3,GAFISA,11.94,11.94,11.46,11.53,8690740.0,11.9055,11.311749999999993,0.3815408510931192,0.7201171112021443,12.751984222404282,9.871515777595704,13.472101333606425,9.151398666393561,14.19221844480857,8.431281555191415
20170814,GFSA3,GAFISA,11.64,11.9,11.5,11.63,4444539.0,11.8745,11.332749999999992,0.37724032546657255,0.7167518881947483,12.766253776389489,9.899246223610495,13.483005664584237,9.182494335415747,14.199757552778985,8.465742447220999
20170815,GFSA3,GAFISA,11.68,11.88,11.53,11.6,1396580.0,11.854499999999998,11.359499999999993,0.3808228625382282,0.7059089430637664,12.771317886127527,9.94768211387246,13.477226829191292,9.241773170808695,14.18313577225506,8.535864227744927
20170816,GFSA3,GAFISA,11.7,11.7,11.38,11.38,2268748.0,11.842499999999998,11.395749999999992,0.39221201302118,0.6667636628155813,12.729277325631156,10.06222267436883,13.396040988446735,9.39545901155325,14.062804651262319,8.728695348737666
20170817,GFSA3,GAFISA,11.38,11.42,11.1,11.29,4511877.0,11.834499999999998,11.423499999999994,0.40214523430461774,0.6373162882604049,12.698132576520804,10.148867423479183,13.335448864781208,9.51155113521878,13.972765153041614,8.874234846958373
20170818,GFSA3,GAFISA,11.34,11.57,11.33,11.33,1531317.0,11.822,11.429999999999993,0.41417768879427674,0.6349399325516439,12.69987986510328,10.160120134896705,13.334819797654925,9.52518020234506,13.969759730206569,8.890240269793416
20170821,GFSA3,GAFISA,11.43,11.57,11.35,11.44,1779944.0,11.817499999999999,11.442499999999992,0.41798860473037125,0.629948105310734,12.70239621062146,10.182603789378524,13.332344315932193,9.55265568406779,13.962292421242928,8.922707578757056
20170822,GFSA3,GAFISA,11.46,11.75,11.42,11.7,2175042.0,11.821999999999997,11.466499999999993,0.41611739234350464,0.6207173269693447,12.707934653938683,10.225065346061303,13.328651980908027,9.604348019091958,13.949369307877372,8.983630692122613
20170823,GFSA3,GAFISA,11.73,11.74,11.42,11.52,1543837.0,11.816499999999998,11.48799999999999,0.4195018976184675,0.6068041546094181,12.701608309218827,10.274391690781155,13.308412463828244,9.667587536171737,13.915216618437663,9.060783381562318
20170824,GFSA3,GAFISA,11.6,11.74,11.5,11.57,1484517.0,11.803999999999998,11.515749999999992,0.42310133164803154,0.5835210870005708,12.682792174001133,10.34870782599885,13.266313261001704,9.76518673899828,13.849834348002275,9.181665651997708
20170825,GFSA3,GAFISA,11.66,11.66,11.4,11.62,718341.0,11.794499999999998,11.535749999999991,0.42508791660353956,0.5726720433465721,12.681094086693136,10.390405913306846,13.253766130039708,9.817733869960275,13.82643817338628,9.245061826613703
20170828,GFSA3,GAFISA,11.64,11.8,11.64,11.75,3834087.0,11.789499999999999,11.564499999999992,0.42498885434329,0.5530194506710248,12.670538901342042,10.458461098657942,13.223558352013066,9.905441647986917,13.776577802684091,9.352422197315892
20170829,GFSA3,GAFISA,11.93,12.05,11.85,11.88,9227117.0,11.802499999999998,11.59949999999999,0.4235051108872251,0.5262784190511176,12.652056838102226,10.546943161897754,13.178335257153343,10.020664742846638,13.70461367620446,9.49438632379552
20170830,GFSA3,GAFISA,11.9,12.05,11.68,11.85,2998175.0,11.811499999999999,11.631749999999991,0.4224524264716812,0.4998045130668801,12.631359026133751,10.632140973866232,13.131163539200632,10.132336460799351,13.630968052267512,9.63253194773247
20170831,GFSA3,GAFISA,11.88,12.0,11.8,11.85,4170486.0,11.811499999999999,11.667499999999992,0.4224524264716812,0.4605055750100695,12.58851115002013,10.746488849979853,13.0490167250302,10.285983274969784,13.50952230004027,9.825477699959713
20170901,GFSA3,GAFISA,11.89,11.97,11.52,11.55,4843175.0,11.773,11.692999999999993,0.4085288110695708,0.42258180819263264,12.538163616385258,10.847836383614727,12.96074542457789,10.425254575422095,13.383327232770522,10.002672767229463
20170904,GFSA3,GAFISA,11.62,11.79,11.55,11.62,1659420.0,11.7165,11.718499999999992,0.3384216460667815,0.3839441065090693,12.486388213018131,10.950611786981852,12.8703323195272,10.566667680472783,13.254276426036268,10.182723573963715
20170905,GFSA3,GAFISA,11.65,11.83,11.65,11.76,2337978.0,11.684,11.74124999999999,0.2969919368039318,0.35719123298738426,12.455632465974759,11.026867534025222,12.812823698962143,10.669676301037837,13.170014931949527,10.312485068050453
20170906,GFSA3,GAFISA,11.74,12.14,11.7,12.0,8853954.0,11.663999999999998,11.762999999999991,0.25701525656174257,0.3453069983028063,12.453613996605604,11.072386003394378,12.79892099490841,10.727079005091571,13.144227993211217,10.381772006788765
20170908,GFSA3,GAFISA,12.2,12.38,12.13,12.16,12307225.0,11.651499999999999,11.789749999999993,0.22259888400019037,0.33306261442584145,12.455875228851676,11.12362477114831,12.788937843277516,10.79056215672247,13.122000457703358,10.457499542296627
20170911,GFSA3,GAFISA,12.2,12.48,12.2,12.35,5626216.0,11.692499999999999,11.798999999999992,0.26959765343392095,0.34345753292517633,12.485915065850346,11.112084934149639,12.829372598775521,10.768627401224464,13.172830131700698,10.425169868299287
20170912,GFSA3,GAFISA,12.35,12.45,12.16,12.2,4799429.0,11.720999999999998,11.797749999999992,0.2918525222386742,0.3418613266613208,12.481472653322633,11.11402734667735,12.823333979983953,10.77216602001603,13.165195306645275,10.430304693354708
20170913,GFSA3,GAFISA,12.2,12.3,12.02,12.3,1877206.0,11.755999999999998,11.805249999999992,0.31743047311717076,0.34961508137976094,12.504480162759513,11.10601983724047,12.854095244139275,10.756404755860709,13.203710325519037,10.406789674480947
20170914,GFSA3,GAFISA,12.25,12.38,12.12,12.2,1383068.0,11.796999999999999,11.819749999999992,0.3192606590566469,0.3537381872630901,12.527226374526172,11.112273625473811,12.880964561789263,10.758535438210721,13.234702749052353,10.404797250947631
20170915,GFSA3,GAFISA,12.22,13.28,12.22,13.25,12021153.0,11.895,11.864749999999992,0.4352071497093358,0.4147287497840106,12.694207499568012,11.035292500431972,13.108936249352023,10.62056375064796,13.523664999136034,10.20583500086395
20170918,GFSA3,GAFISA,13.48,14.39,13.48,14.35,19297553.0,12.045999999999998,11.933999999999994,0.6825062174385892,0.5686592418428693,13.071318483685733,10.796681516314255,13.639977725528603,10.228022274471385,14.208636967371472,9.659363032628516
20170919,GFSA3,GAFISA,14.5,14.95,14.01,14.6,9524856.0,12.203999999999997,12.010749999999994,0.8737963149385682,0.7038406998527472,13.418431399705488,10.6030686002945,14.122272099558236,9.899227900441753,14.826112799410984,9.195387200589005
20170920,GFSA3,GAFISA,14.62,14.85,13.79,14.08,7941253.0,12.322999999999999,12.072499999999994,0.9594137464318114,0.7727564714077387,13.618012942815472,10.526987057184517,14.390769414223211,9.754230585776778,15.16352588563095,8.981474114369039
20170921,GFSA3,GAFISA,14.19,14.22,13.35,13.78,6419807.0,12.435999999999996,12.126249999999994,0.9923836270102966,0.8148169135235709,13.755883827047136,10.496616172952852,14.570700740570706,9.681799259429281,15.385517654094278,8.86698234590571
20170922,GFSA3,GAFISA,13.69,13.71,13.03,13.21,5182178.0,12.517999999999997,12.160999999999992,0.984787447010617,0.8309025059289149,13.822805011857822,10.499194988142163,14.653707517786737,9.668292482213248,15.484610023715652,8.837389976284333
20170925,GFSA3,GAFISA,13.33,13.33,12.31,12.38,6348416.0,12.555999999999997,12.175249999999993,0.9627285784631553,0.8296152568262898,13.834480513652572,10.516019486347414,14.664095770478863,9.686404229521123,15.493711027305153,8.856788972694833
20170926,GFSA3,GAFISA,12.48,13.38,12.46,13.38,6856190.0,12.637499999999998,12.213499999999993,0.9598951422997923,0.849272841302685,13.912045682605363,10.514954317394622,14.761318523908049,9.665681476091937,15.610591365210732,8.816408634789253
20170927,GFSA3,GAFISA,13.42,13.8,12.85,13.22,7541248.0,12.7045,12.253499999999992,0.9509633619596942,0.8582347715380099,13.969969543076012,10.537030456923972,14.828204314614021,9.678795685385962,15.686439086152031,8.820560913847952
20170928,GFSA3,GAFISA,13.3,13.32,12.58,12.59,4860820.0,12.741499999999998,12.276499999999992,0.9301345403532246,0.8545160573726334,13.985532114745258,10.567467885254725,14.840048172117893,9.71295182788209,15.694564229490524,8.858435770509459
20170929,GFSA3,GAFISA,12.78,13.88,12.7,13.72,7499197.0,12.834999999999997,12.323249999999991,0.9297905819677872,0.8813171596521957,14.085884319304382,10.5606156806956,14.967201478956579,9.679298521043403,15.848518638608773,8.797981361391209
20171002,GFSA3,GAFISA,13.88,13.88,13.2,13.3,2866990.0,12.922499999999996,12.347749999999992,0.8836996095960462,0.8947438753990332,14.137237750798059,10.558262249201926,15.031981626197092,9.663518373802892,15.926725501596126,8.76877449840386
20171003,GFSA3,GAFISA,13.44,13.59,13.01,13.5,3219386.0,13.016499999999997,12.366499999999991,0.8365925563040586,0.911098379106359,14.188696758212709,10.544303241787274,15.099795137319068,9.633204862680914,16.010893516425426,8.722106483574555
20171004,GFSA3,GAFISA,13.45,14.01,13.38,13.76,3464550.0,13.116499999999997,12.400249999999991,0.7970952198287748,0.9373762824350601,14.27500256487011,10.525497435129871,15.212378847305171,9.58812115269481,16.14975512974023,8.65074487025975
20171005,GFSA3,GAFISA,13.95,14.43,13.76,14.0,7501312.0,13.216499999999996,12.440249999999992,0.7747955587733661,0.9709035905028167,14.382057181005624,10.49844281899436,15.352960771508442,9.527539228491541,16.323864362011257,8.556635637988725
20171006,GFSA3,GAFISA,14.0,14.01,13.63,14.01,3750289.0,13.308999999999994,12.480249999999991,0.7521261092467934,1.0020836944932348,14.484417388986461,10.47608261101352,15.486501083479695,9.473998916520287,16.48858477797293,8.471915222027052
20171009,GFSA3,GAFISA,14.6,14.64,14.12,14.35,13254995.0,13.408999999999995,12.55074999999999,0.7508654655586522,1.032260123001195,14.61527024600238,10.4862297539976,15.647530369003576,9.453969630996404,16.67979049200477,8.42170950799521
20171010,GFSA3,GAFISA,14.38,14.73,14.24,14.5,6430238.0,13.523999999999996,12.622499999999992,0.731842663562814,1.0658179716621081,14.754135943324208,10.490864056675775,15.819953914986316,9.425046085013667,16.885771886648424,8.35922811335156
20171011,GFSA3,GAFISA,14.55,14.55,14.21,14.5,4806929.0,13.633999999999995,12.69499999999999,0.7029516716188701,1.0927734651581857,14.880546930316362,10.509453069683618,15.973320395474547,9.416679604525433,17.066093860632733,8.323906139367246
20171013,GFSA3,GAFISA,14.5,14.79,14.2,14.79,5751696.0,13.763499999999997,12.78024999999999,0.6622630658743053,1.120223163435491,15.020696326870972,10.539803673129008,16.140919490306462,9.419580509693517,17.261142653741956,8.299357346258025
20171016,GFSA3,GAFISA,14.8,15.4,14.45,14.57,8646804.0,13.829499999999996,12.862249999999992,0.6740644588887789,1.1283582071264993,15.118966414252991,10.605533585746993,16.24732462137949,9.477175378620494,17.37568282850599,8.348817171493994
20171017,GFSA3,GAFISA,14.39,14.59,13.89,14.47,6153242.0,13.835499999999996,12.94074999999999,0.6794539216011101,1.1282511711175798,15.19725234223515,10.684247657764832,16.32550351335273,9.55599648664725,17.45375468447031,8.427745315529672
20171018,GFSA3,GAFISA,14.6,14.79,14.28,14.62,4537430.0,13.836499999999996,13.02024999999999,0.6806519707334563,1.13182287166345,15.283895743326891,10.75660425667309,16.41571861499034,9.62478138500964,17.54754148665379,8.49295851334619
20171019,GFSA3,GAFISA,14.37,15.08,14.3,14.99,3964616.0,13.881999999999996,13.102499999999988,0.72664767398337,1.1527686849605292,15.408037369921047,10.79696263007893,16.560806054881574,9.644193945118401,17.713574739842105,8.491425260157872
20171020,GFSA3,GAFISA,15.08,15.25,14.85,14.85,2111872.0,13.9355,13.18574999999999,0.7574783304179792,1.1557922967961505,15.49733459359229,10.87416540640769,16.653126890388442,9.718373109611537,17.808919187184593,8.562580812815387
20171023,GFSA3,GAFISA,15.15,15.22,14.56,14.74,2846926.0,14.012,13.26499999999999,0.757611204274515,1.1508324746093035,15.566664949218596,10.963335050781383,16.7174974238279,9.81250257617208,17.868329898437203,8.661670101562777
20171024,GFSA3,GAFISA,14.89,15.0,14.76,14.97,875239.0,14.141500000000002,13.34874999999999,0.6815020176053574,1.1499457902496146,15.64864158049922,11.04885841950076,16.798587370748834,9.898912629251146,17.948533160998448,8.748966839001532
20171025,GFSA3,GAFISA,15.07,15.08,14.56,15.0,1788219.0,14.222500000000002,13.429999999999989,0.6825021688804271,1.1489036022136403,15.72780720442727,11.132192795572708,16.876710806640908,9.983289193359068,18.02561440885455,8.834385591145427
20171026,GFSA3,GAFISA,15.0,15.08,14.85,15.05,2815600.0,14.314000000000002,13.509249999999989,0.6634312719730265,1.148576348444073,15.806402696888135,11.212097303111843,16.95497904533221,10.06352095466777,18.103555393776283,8.914944606223697
20171027,GFSA3,GAFISA,14.91,15.55,14.81,15.2,4157792.0,14.444500000000001,13.59299999999999,0.5541658026640329,1.1466208995040517,15.886241799008094,11.299758200991885,17.032862698512144,10.153137301487835,18.179483598016198,9.006516401983783
20171030,GFSA3,GAFISA,15.2,15.33,14.59,14.85,3371844.0,14.501000000000001,13.667999999999989,0.5336359886863122,1.1276460619474689,15.923292123894926,11.41270787610505,17.050938185842394,10.285061814157583,18.178584247789864,9.157415752210113
20171031,GFSA3,GAFISA,14.85,15.0,14.63,14.8,2328598.0,14.576000000000002,13.74924999999999,0.455670702891735,1.0874962717295338,15.924242543459057,11.574257456540922,17.01173881518859,10.486761184811389,18.099235086918124,9.399264913081854
20171101,GFSA3,GAFISA,14.81,14.97,14.6,14.94,4895746.0,14.648000000000001,13.832249999999991,0.38498940518594177,1.0467519665551983,15.925753933110387,11.738746066889595,16.972505899665585,10.691994100334396,18.019257866220784,9.645242133779199
20171103,GFSA3,GAFISA,14.94,15.19,14.7,14.7,4715690.0,14.695000000000002,13.905749999999992,0.3233134376228891,0.9996740173804846,15.905098034760961,11.906401965239024,16.904772052141446,10.906727947858538,17.90444606952193,9.907053930478053
20171106,GFSA3,GAFISA,14.7,14.89,14.7,14.85,2735594.0,14.737500000000002,13.976999999999993,0.28012919951553256,0.9611856993931746,15.899371398786343,12.054628601213643,16.860557098179516,11.09344290182047,17.821742797572693,10.132257202427295
20171107,GFSA3,GAFISA,14.76,14.92,14.62,14.92,10227479.0,14.783000000000005,14.045999999999992,0.22403242246592167,0.925819941512691,15.897639883025374,12.194360116974611,16.823459824538066,11.268540175461919,17.749279766050755,10.342720233949228
20171108,GFSA3,GAFISA,14.95,15.2,14.95,15.19,6967586.0,14.825000000000003,14.116999999999994,0.21721926831309124,0.9009857849130495,15.918971569826093,12.315028430173895,16.81995735473914,11.414042645260846,17.720943139652192,10.513056860347795
20171109,GFSA3,GAFISA,15.19,15.55,14.99,15.35,8249292.0,14.867500000000003,14.195749999999993,0.23287392116347552,0.8661227706544575,15.927995541308908,12.463504458691078,16.794118311963366,11.59738168803662,17.660241082617823,10.731258917382164
20171110,GFSA3,GAFISA,14.8,14.92,14.42,14.8,10271925.0,14.882500000000004,14.258249999999993,0.21708293346128707,0.8144776129834896,15.887205225966973,12.629294774033013,16.70168283895046,11.814817161049525,17.516160451933953,11.000339548066034
20171113,GFSA3,GAFISA,14.62,15.0,14.62,15.0,2676893.0,14.893000000000004,14.328249999999992,0.21745174903424452,0.7508862712206786,15.830022542441348,12.826477457558635,16.580908813662028,12.075591186337956,17.331795084882707,11.324704915117277
20171114,GFSA3,GAFISA,14.93,15.18,14.78,15.16,6703261.0,14.922500000000005,14.37599999999999,0.211258758772391,0.741228363717613,15.858456727435216,12.893543272564765,16.59968509115283,12.152314908847151,17.340913454870442,11.411086545129539
20171116,GFSA3,GAFISA,15.2,15.48,15.1,15.38,6680581.0,14.968000000000004,14.40174999999999,0.20661685874087107,0.7580030698131487,15.917756139626286,12.885743860373692,16.675759209439434,12.127740790560543,17.433762279252583,11.369737720747395
20171117,GFSA3,GAFISA,15.44,16.0,15.24,16.0,8722026.0,15.037000000000003,14.43674999999999,0.29556547052823146,0.7986250604504537,16.034000120900895,12.839499879099082,16.83262518135135,12.040874818648629,17.631250241801805,11.242249758198174
20171121,GFSA3,GAFISA,16.15,16.59,16.11,16.59,9930037.0,15.117,14.499499999999989,0.4554592823676872,0.8656698903013569,16.230839780602704,12.768160219397275,17.09650967090406,11.902490329095919,17.962179561205417,11.03682043879456
20171122,GFSA3,GAFISA,16.46,18.2,16.01,18.2,17461718.0,15.2845,14.60999999999999,0.8212280598688384,1.0366810947961276,16.683362189592245,12.536637810407736,17.720043284388375,11.499956715611608,18.7567243791845,10.46327562081548
20171123,GFSA3,GAFISA,18.3,18.65,17.67,18.5,12782739.0,15.4725,14.74224999999999,1.0797167026099381,1.1808959820885276,17.104041964177046,12.380458035822935,18.284937946265572,11.199562053734407,19.4658339283541,10.018666071645878
20171124,GFSA3,GAFISA,18.5,19.0,18.31,19.0,14571032.0,15.673999999999998,14.90774999999999,1.3284078321137631,1.2992966292457004,17.50634325849139,12.309156741508588,18.80563988773709,11.009860112262889,20.10493651698279,9.710563483017188
20171127,GFSA3,GAFISA,18.71,18.99,18.57,18.66,22680178.0,15.857,15.039749999999989,1.4747135315037052,1.4040883300068943,17.847926660013776,12.2315733399862,19.252014990020673,10.827485009979306,20.656103320027565,9.423396679972413
20171128,GFSA3,GAFISA,18.46,18.94,18.45,18.94,14507775.0,16.051499999999997,15.18274999999999,1.6127429233582862,1.5018757289230749,18.18650145784614,12.17899854215384,19.688377186769216,10.677122813230765,21.19025291569229,9.17524708430769
20171129,GFSA3,GAFISA,18.9,18.9,18.5,18.83,26662561.0,16.232999999999997,15.33874999999999,1.7130155005904872,1.548996676926138,18.436743353852265,12.240756646147714,19.985740030778405,10.691759969221575,21.534736707704543,9.142763292295438
20171130,GFSA3,GAFISA,18.67,19.04,18.55,19.04,13529105.0,16.4425,15.47174999999999,1.7894835332546608,1.6325815446708976,18.736913089341783,12.206586910658194,20.369494634012682,10.574005365987297,22.00207617868358,8.941423821316398
20171201,GFSA3,GAFISA,19.05,19.44,18.85,19.35,16154452.0,16.669999999999998,15.62299999999999,1.857607402859388,1.704871150857348,19.032742301714688,12.213257698285295,20.737613452572035,10.508386547427946,22.44248460342938,8.8035153965706
20171204,GFSA3,GAFISA,19.45,19.55,19.27,19.52,13081850.0,16.898999999999997,15.77349999999999,1.9145451569223528,1.776847611895138,19.327195223790266,12.219804776209713,21.104042835685405,10.442957164314576,22.88089044758054,8.666109552419439
20171205,GFSA3,GAFISA,19.59,19.8,19.44,19.8,16314632.0,17.154,15.92449999999999,1.9456277569003648,1.856221624146411,19.636943248292813,12.212056751707168,21.493164872439223,10.355835127560756,23.349386496585634,8.499613503414345
20171206,GFSA3,GAFISA,19.83,20.2,19.65,20.2,17405050.0,17.421499999999998,16.07949999999999,1.9796657745557593,1.9479903516846369,19.975480703369264,12.183519296630715,21.9234710550539,10.23552894494608,23.871461406738536,8.287538593261441
20171207,GFSA3,GAFISA,20.08,20.25,19.81,20.25,7833594.0,17.687999999999995,16.23549999999999,1.9839476860675314,2.0262937620829895,20.28808752416597,12.182912475834012,22.31438128624896,10.156618713751023,24.34067504833195,8.130324951668033
20171208,GFSA3,GAFISA,20.3,20.41,19.9,20.41,13510705.0,17.948999999999998,16.38699999999999,1.9813841520247433,2.106656361545721,20.60031272309143,12.173687276908549,22.70696908463715,10.067030915362826,24.813625446182876,7.960374553817106
20171211,GFSA3,GAFISA,20.39,20.55,20.3,20.55,6026097.0,18.208999999999996,16.538249999999987,1.9634848182705706,2.183485671921667,20.905221343843323,12.171278656156653,23.08870701576499,9.987792984234986,25.272192687686655,7.80430731231332
20171212,GFSA3,GAFISA,20.54,21.03,20.25,21.03,12300229.0,18.520499999999995,16.70149999999999,1.8868840228772774,2.269599027050765,21.240698054101518,12.16230194589846,23.510297081152284,9.892702918847693,25.779896108203047,7.623103891796928
20171213,GFSA3,GAFISA,20.99,21.18,20.8,21.18,10769655.0,18.829499999999996,16.861249999999988,1.7831919192988428,2.3548881921305593,21.571026384261106,12.151473615738869,23.925914576391666,9.79658542360831,26.280802768522225,7.44169723147775
20171214,GFSA3,GAFISA,21.0,21.4,20.93,21.37,6926689.0,19.139999999999993,17.031249999999986,1.6459903433879464,2.429505792838523,21.89026158567703,12.17223841432294,24.319767378515557,9.742732621484416,26.749273171354076,7.3132268286458935
20171215,GFSA3,GAFISA,21.29,21.5,21.13,21.13,26024647.0,19.427499999999995,17.197749999999985,1.4445136679319281,2.4772208243958707,22.152191648791728,12.243308351208244,24.629412473187596,9.766087526812374,27.106633297583468,7.288866702416502
20171218,GFSA3,GAFISA,21.08,21.26,20.7,21.15,5998958.0,19.684999999999995,17.360999999999983,1.2468676543115798,2.5178224209800404,22.396644841960065,12.325355158039901,24.914467262940104,9.807532737059862,27.432289683920146,7.289710316079821
20171219,GFSA3,GAFISA,20.98,21.18,20.87,20.87,18685995.0,19.898999999999994,17.507999999999985,1.0374102370807965,2.547320563117666,22.602641126235316,12.413358873764654,25.149961689352985,9.866038310646987,27.69728225247065,7.3187177475293215
20171220,GFSA3,GAFISA,20.9,20.97,19.66,20.58,27694753.0,20.017999999999994,17.651249999999983,0.9663310972299897,2.5551167242141846,22.76148344842835,12.541016551571614,25.316600172642538,9.985899827357429,27.87171689685672,7.430783103143245
20171221,GFSA3,GAFISA,18.21,18.21,17.6,17.88,11714823.0,19.986999999999995,17.729749999999985,1.025712076149017,2.5112398485455603,22.752229697091106,12.707270302908864,25.263469545636667,10.196030454363305,27.774709394182224,7.684790605817744
20171222,GFSA3,GAFISA,17.75,17.85,17.15,17.85,14695571.0,19.929499999999997,17.801749999999984,1.1125148136210814,2.471050734155267,22.743851468310517,12.85964853168945,25.214902202465787,10.388597797534182,27.685952936621053,7.917547063378915
20171226,GFSA3,GAFISA,17.84,18.24,17.6,18.2,7468699.0,19.906499999999994,17.881749999999986,1.1444386120898487,2.429468536901626,22.740687073803237,13.022812926196735,25.170155610704864,10.593344389295108,27.59962414760649,8.163875852393483
20171227,GFSA3,GAFISA,18.29,19.36,18.29,19.36,12027933.0,19.927499999999995,17.989499999999985,1.1295265659372198,2.3960030285499583,22.781506057099904,13.197493942900069,25.17750908564986,10.801490914350111,27.57351211419982,8.405487885800152
20171228,GFSA3,GAFISA,19.37,20.46,19.1,20.46,18362813.0,20.008999999999993,18.120999999999988,1.1047023890718641,2.3832899045711646,22.887579809142316,13.35442019085766,25.27086971371348,10.971130286286494,27.654159618284645,8.58784038171533
