DATA DO PREGAO,CODIGO DE NEGOCIACAO DO PAPEL,NOME RESUMIDO DA EMPRESA EMISSORA,PRECO DE ABERTURA,PRECO MAXIMO,PRECO MINIMO,PRECO FECHAMENTO,VOLUME TOTAL DE TITULOS NEGOCIADOS NESTE PAPEL,MA_20,MA_40,STD_20,STD_40,BANDA_1_40 SUPERIOR,BANDA_1_40 INFERIOR,BANDA_2_40 SUPERIOR,BANDA_2_40 INFERIOR,BANDA_3_40 SUPERIOR,BANDA_3_40 INFERIOR
20170102,GRND3,GRENDENE,17.58,17.93,17.46,17.61,2183502.0,0.0,0.0,0.0,0.0,0.0,0.0,0.0,0.0,0.0,0.0
20170103,GRND3,GRENDENE,17.81,18.05,17.72,18.05,4182931.0,0.0,0.0,0.0,0.0,0.0,0.0,0.0,0.0,0.0,0.0
20170104,GRND3,GRENDENE,18.07,18.41,18.0,18.34,7777934.0,0.0,0.0,0.0,0.0,0.0,0.0,0.0,0.0,0.0,0.0
20170105,GRND3,GRENDENE,18.16,18.19,17.85,17.91,5863345.0,0.0,0.0,0.0,0.0,0.0,0.0,0.0,0.0,0.0,0.0
20170106,GRND3,GRENDENE,17.9,17.95,17.75,17.8,4034410.0,0.0,0.0,0.0,0.0,0.0,0.0,0.0,0.0,0.0,0.0
20170109,GRND3,GRENDENE,17.8,17.99,17.66,17.99,3406452.0,0.0,0.0,0.0,0.0,0.0,0.0,0.0,0.0,0.0,0.0
20170110,GRND3,GRENDENE,17.98,18.05,17.8,17.84,4091761.0,0.0,0.0,0.0,0.0,0.0,0.0,0.0,0.0,0.0,0.0
20170111,GRND3,GRENDENE,17.84,17.95,17.49,17.63,6008891.0,0.0,0.0,0.0,0.0,0.0,0.0,0.0,0.0,0.0,0.0
20170112,GRND3,GRENDENE,17.75,18.1,17.68,17.68,7392433.0,0.0,0.0,0.0,0.0,0.0,0.0,0.0,0.0,0.0,0.0
20170113,GRND3,GRENDENE,17.67,17.78,17.3,17.35,6162218.0,0.0,0.0,0.0,0.0,0.0,0.0,0.0,0.0,0.0,0.0
20170116,GRND3,GRENDENE,17.35,17.63,17.2,17.54,3658806.0,0.0,0.0,0.0,0.0,0.0,0.0,0.0,0.0,0.0,0.0
20170117,GRND3,GRENDENE,17.53,17.94,17.43,17.8,4677432.0,0.0,0.0,0.0,0.0,0.0,0.0,0.0,0.0,0.0,0.0
20170118,GRND3,GRENDENE,17.85,18.17,17.76,18.15,7445890.0,0.0,0.0,0.0,0.0,0.0,0.0,0.0,0.0,0.0,0.0
20170119,GRND3,GRENDENE,18.15,18.15,17.92,18.0,3316585.0,0.0,0.0,0.0,0.0,0.0,0.0,0.0,0.0,0.0,0.0
20170120,GRND3,GRENDENE,18.0,18.07,17.82,17.82,3001598.0,0.0,0.0,0.0,0.0,0.0,0.0,0.0,0.0,0.0,0.0
20170123,GRND3,GRENDENE,17.82,18.0,17.82,17.99,3578336.0,0.0,0.0,0.0,0.0,0.0,0.0,0.0,0.0,0.0,0.0
20170124,GRND3,GRENDENE,17.95,18.35,17.95,18.24,12395159.0,0.0,0.0,0.0,0.0,0.0,0.0,0.0,0.0,0.0,0.0
20170126,GRND3,GRENDENE,18.24,18.79,18.24,18.67,6279235.0,0.0,0.0,0.0,0.0,0.0,0.0,0.0,0.0,0.0,0.0
20170127,GRND3,GRENDENE,18.87,18.95,18.6,18.6,2519003.0,0.0,0.0,0.0,0.0,0.0,0.0,0.0,0.0,0.0,0.0
20170130,GRND3,GRENDENE,18.6,18.61,18.41,18.43,2579610.0,17.972,0.0,0.35154695725876467,0.0,0.0,0.0,0.0,0.0,0.0,0.0
20170131,GRND3,GRENDENE,18.43,18.68,18.36,18.51,2039409.0,18.017000000000003,0.0,0.3602645226993504,0.0,0.0,0.0,0.0,0.0,0.0,0.0
20170201,GRND3,GRENDENE,18.51,18.73,18.44,18.51,7957809.0,18.04,0.0,0.37678697038596354,0.0,0.0,0.0,0.0,0.0,0.0,0.0
20170202,GRND3,GRENDENE,18.45,18.69,18.45,18.54,3260076.0,18.050000000000004,0.0,0.38766507519548,0.0,0.0,0.0,0.0,0.0,0.0,0.0
20170203,GRND3,GRENDENE,18.55,18.67,18.51,18.51,3468410.0,18.080000000000002,0.0,0.399302022613409,0.0,0.0,0.0,0.0,0.0,0.0,0.0
20170206,GRND3,GRENDENE,18.55,18.65,18.46,18.52,3324079.0,18.116,0.0,0.40514324951994507,0.0,0.0,0.0,0.0,0.0,0.0,0.0
20170207,GRND3,GRENDENE,18.54,18.58,18.39,18.44,4489240.0,18.1385,0.0,0.41024094332349226,0.0,0.0,0.0,0.0,0.0,0.0,0.0
20170208,GRND3,GRENDENE,18.55,18.69,18.48,18.54,10239512.0,18.1735,0.0,0.4132830685339567,0.0,0.0,0.0,0.0,0.0,0.0,0.0
20170209,GRND3,GRENDENE,18.54,19.4,18.54,19.4,6226818.0,18.262,0.0,0.47558938503492126,0.0,0.0,0.0,0.0,0.0,0.0,0.0
20170210,GRND3,GRENDENE,19.3,19.44,19.12,19.33,7507543.0,18.3445,0.0,0.5111027808881282,0.0,0.0,0.0,0.0,0.0,0.0,0.0
20170213,GRND3,GRENDENE,19.33,19.62,19.22,19.5,4761575.0,18.451999999999998,0.0,0.5169912958648318,0.0,0.0,0.0,0.0,0.0,0.0,0.0
20170214,GRND3,GRENDENE,19.5,19.79,19.5,19.78,3921511.0,18.563999999999997,0.0,0.5505633478538121,0.0,0.0,0.0,0.0,0.0,0.0,0.0
20170215,GRND3,GRENDENE,19.79,20.0,19.72,19.89,5218296.0,18.668499999999995,0.0,0.5945124052532431,0.0,0.0,0.0,0.0,0.0,0.0,0.0
20170216,GRND3,GRENDENE,19.81,20.01,19.81,19.85,6638177.0,18.753499999999995,0.0,0.6365224186732772,0.0,0.0,0.0,0.0,0.0,0.0,0.0
20170217,GRND3,GRENDENE,19.98,20.15,19.85,19.9,7324060.0,18.848499999999994,0.0,0.6595155718204664,0.0,0.0,0.0,0.0,0.0,0.0,0.0
20170220,GRND3,GRENDENE,19.9,20.08,19.9,19.91,4367766.0,18.952999999999996,0.0,0.653525660914455,0.0,0.0,0.0,0.0,0.0,0.0,0.0
20170221,GRND3,GRENDENE,19.93,20.02,19.87,19.87,4257169.0,19.046999999999997,0.0,0.6428399162269918,0.0,0.0,0.0,0.0,0.0,0.0,0.0
20170222,GRND3,GRENDENE,19.87,20.12,19.87,20.01,14291824.0,19.135499999999997,0.0,0.647712371187598,0.0,0.0,0.0,0.0,0.0,0.0,0.0
20170223,GRND3,GRENDENE,20.12,20.38,19.85,19.85,9066773.0,19.194499999999998,0.0,0.6567581866938998,0.0,0.0,0.0,0.0,0.0,0.0,0.0
20170224,GRND3,GRENDENE,19.86,20.04,19.11,19.99,18473572.0,19.263999999999996,0.0,0.6640418502981211,0.0,0.0,0.0,0.0,0.0,0.0,0.0
20170301,GRND3,GRENDENE,20.06,20.12,19.66,19.88,12902297.0,19.336499999999994,18.654249999999998,0.647133558166508,0.8611795354673122,20.37660907093462,16.931890929065375,21.237788606401935,16.07071139359806,22.098968141869246,15.209531858130749
20170302,GRND3,GRENDENE,19.9,19.99,19.56,19.71,12163228.0,19.396499999999996,18.70675,0.6215962050280257,0.8598967961331195,20.42654359226624,16.98695640773376,21.28644038839936,16.12705961160064,22.146337184532477,15.267162815467522
20170303,GRND3,GRENDENE,19.71,19.86,19.65,19.72,6503467.0,19.456999999999994,18.7485,0.5887909109710201,0.8676982519345424,20.483896503869083,17.013103496130917,21.351594755803628,16.145405244196372,22.21929300773817,15.27770699226183
20170306,GRND3,GRENDENE,19.8,20.98,19.79,20.98,10497658.0,19.578999999999994,18.814500000000002,0.639398566088292,0.9337213936853143,20.68194278737063,16.947057212629375,21.615664181055944,16.01333581894406,22.549385574741258,15.079614425258745
20170307,GRND3,GRENDENE,21.0,21.06,20.69,20.92,9056479.0,19.699499999999993,18.88975,0.6542530896091583,0.9791427111090365,20.84803542221807,16.931464577781927,21.82717813332711,15.95232186667289,22.806320844436144,14.973179155563853
20170308,GRND3,GRENDENE,20.99,20.99,20.73,20.99,4859089.0,19.822999999999997,18.969500000000004,0.6530100345807296,1.017276277930942,21.00405255586189,16.934947444138118,22.02132883379283,15.917671166207178,23.038605111723772,14.900394888276235
20170309,GRND3,GRENDENE,20.98,21.21,20.73,21.01,6912767.0,19.951499999999996,19.045,0.6184894587026365,1.054117689142967,21.153235378285935,16.93676462171407,22.207353067428905,15.8826469325711,23.26147075657187,14.828529243428132
20170310,GRND3,GRENDENE,21.05,21.44,21.0,21.26,5317531.0,20.087499999999995,19.1305,0.5901817293717005,1.091895435023724,21.31429087004745,16.946709129952552,22.406186305071174,15.85481369492883,23.498081740094896,14.762918259905106
20170313,GRND3,GRENDENE,21.22,21.49,21.12,21.27,5389872.0,20.180999999999994,19.2215,0.6227604084363005,1.1150705393347609,21.45164107866952,16.991358921330477,22.56671161800428,15.876288381995717,23.681782157339043,14.761217842660955
20170314,GRND3,GRENDENE,21.28,21.32,20.96,21.05,4568588.0,20.266999999999996,19.30575,0.6177982978627093,1.1228989211765652,21.55154784235313,17.05995215764687,22.674446763529694,15.937053236470305,23.79734568470626,14.814154315293738
20170315,GRND3,GRENDENE,21.19,21.66,20.92,21.53,8895961.0,20.368499999999994,19.410249999999998,0.6510176244683202,1.1306986437937079,21.67164728758741,17.148852712412584,22.802345931381122,16.018154068618873,23.93304457517483,14.887455424825166
20170316,GRND3,GRENDENE,21.54,21.88,21.53,21.65,4958111.0,20.461999999999996,19.512999999999998,0.6948578044614626,1.1430620146040962,21.79912402920819,17.226875970791806,22.942186043812285,16.08381395618771,24.085248058416383,14.940751941583613
20170317,GRND3,GRENDENE,21.81,21.81,21.55,21.7,6355234.0,20.552499999999995,19.610500000000002,0.7332471041807278,1.1594139766411196,21.92932795328224,17.291672046717764,23.08874192992336,16.132258070076645,24.24815590656448,14.972844093435523
20170320,GRND3,GRENDENE,21.71,21.73,21.37,21.46,5663101.0,20.632999999999992,19.693250000000003,0.7404060052643596,1.1705694154599555,22.034388830919912,17.352111169080093,23.204958246379867,16.181541753620138,24.375527661839826,15.01097233816018
20170321,GRND3,GRENDENE,21.47,21.53,21.16,21.47,4875666.0,20.711499999999994,19.780000000000005,0.7418275796266157,1.1704458935566369,22.12089178711328,17.43910821288673,23.291337680669915,16.268662319330094,24.46178357422655,15.098216425773458
20170322,GRND3,GRENDENE,21.47,21.67,21.18,21.52,6087623.0,20.791999999999994,19.872500000000002,0.7376177872041488,1.1577116021903548,22.187923204380713,17.55707679561929,23.345634806571066,16.399365193428938,24.503346408761423,15.241653591238583
20170323,GRND3,GRENDENE,21.63,21.63,21.01,21.01,6878420.0,20.848999999999993,19.948,0.7059886684642639,1.1299380513992812,22.20787610279856,17.68812389720144,23.337814154197844,16.558185845802157,24.467752205597126,15.428247794402875
20170324,GRND3,GRENDENE,21.01,21.49,21.01,21.39,6762923.0,20.917999999999992,20.02675,0.6868509376322198,1.1175485706188841,22.26184714123777,17.79165285876223,23.379395711856652,16.674104288143347,24.496944282475535,15.556555717524464
20170327,GRND3,GRENDENE,21.39,21.65,21.07,21.43,4264986.0,20.996999999999993,20.095750000000002,0.6472703819644181,1.1168359324448702,22.329421864889742,17.862078135110263,23.446257797334614,16.74524220266539,24.56309372977948,15.628406270220522
20170328,GRND3,GRENDENE,21.45,21.57,21.35,21.53,2346555.0,21.07399999999999,20.169,0.6117997608436623,1.1122944638714052,22.39358892774281,17.94441107225719,23.505883391614216,16.832116608385785,24.61817785548562,15.71982214451438
20170329,GRND3,GRENDENE,21.5,22.15,21.44,22.15,10870171.0,21.18749999999999,20.262,0.5887620822315435,1.1186649552262211,22.499329910452442,18.02467008954756,23.617994865678664,16.906005134321337,24.736659820904883,15.787340179095116
20170330,GRND3,GRENDENE,22.2,22.43,22.13,22.34,9389266.0,21.31899999999999,20.357750000000003,0.5324017082498004,1.1287262789624921,22.615202557924988,18.100297442075018,23.74392883688748,16.971571163112525,24.872655115849973,15.842844884150034
20170331,GRND3,GRENDENE,22.34,22.72,22.17,22.67,6598993.0,21.46649999999999,20.461750000000002,0.4712165107463188,1.1456336003076404,22.753017200615282,18.17048279938472,23.898650800922923,17.02484919907708,25.044284401230563,15.879215598769441
20170403,GRND3,GRENDENE,22.67,22.67,22.2,22.62,6542012.0,21.54849999999999,20.563750000000002,0.5220533850498813,1.151758271246452,22.867266542492906,18.2602334575071,24.019024813739357,17.108475186260648,25.17078308498581,15.956716915014194
20170404,GRND3,GRENDENE,22.43,22.62,22.3,22.62,5516587.0,21.63349999999999,20.666500000000003,0.5518798019400668,1.1471627206688284,22.96082544133766,18.372174558662344,24.10798816200649,17.225011837993517,25.255150882675316,16.07784911732469
20170405,GRND3,GRENDENE,22.6,22.88,22.51,22.88,4569156.0,21.727999999999987,20.7755,0.5959477193600611,1.145114371177361,23.06572874235472,18.48527125764528,24.210843113532086,17.340156886467916,25.355957484709446,16.195042515290556
20170406,GRND3,GRENDENE,22.87,22.88,22.55,22.55,4623771.0,21.80499999999999,20.87825,0.5977809843605671,1.1141534385421898,23.10655687708438,18.649943122915623,24.22071031562657,17.535789684373434,25.33486375416876,16.42163624583124
20170407,GRND3,GRENDENE,22.55,22.93,22.5,22.91,5187604.0,21.887499999999992,20.9875,0.6315134286190953,1.0930473750494827,23.173594750098967,18.801405249901034,24.26664212514845,17.70835787485155,25.35968950019793,16.61531049980207
20170410,GRND3,GRENDENE,22.9,22.9,22.66,22.81,3666869.0,21.964499999999994,21.07275,0.6459792647804139,1.0990205137956204,23.27079102759124,18.874708972408758,24.36981154138686,17.77568845861314,25.46883205518248,16.676667944817517
20170411,GRND3,GRENDENE,22.77,23.37,22.73,23.25,4380149.0,22.074499999999993,21.170749999999998,0.6689620790133178,1.1143018683669852,23.399353736733968,18.94214626326603,24.513655605100954,17.827844394899042,25.627957473467937,16.71354252653206
20170412,GRND3,GRENDENE,23.2,23.47,23.06,23.17,5090338.0,22.156499999999994,21.262499999999996,0.698564505554768,1.1242541687258432,23.51100833745168,19.01399166254831,24.635262506177526,17.889737493822466,25.759516674903367,16.765483325096625
20170413,GRND3,GRENDENE,22.99,23.2,22.85,23.2,3167952.0,22.233999999999995,21.348,0.7248985409950595,1.1385735565125972,23.625147113025193,19.070852886974805,24.76372066953779,17.932279330462208,25.902294226050387,16.79370577394961
20170417,GRND3,GRENDENE,23.18,23.5,22.93,23.11,9496022.0,22.304499999999997,21.4285,0.7386650476579363,1.1466485165528366,23.721797033105673,19.135202966894326,24.86844554965851,17.98855445034149,26.015094066211347,16.841905933788652
20170418,GRND3,GRENDENE,23.1,23.35,22.73,23.0,17733206.0,22.381499999999996,21.50725,0.726159870754821,1.1436244396541897,23.794498879308378,19.22000112069162,24.938123318962568,18.07637668103743,26.081747758616757,16.93275224138324
20170419,GRND3,GRENDENE,23.0,23.14,22.64,22.73,4950750.0,22.444499999999998,21.578,0.6969895793224821,1.1290890360295116,23.836178072059024,19.319821927940975,24.965267108088533,18.190732891911466,26.094356144118045,17.061643855881954
20170420,GRND3,GRENDENE,22.76,22.9,22.31,22.58,5503018.0,22.4975,21.644750000000002,0.6624347038327811,1.1066511911954728,23.858052382390948,19.431447617609056,24.96470357358642,18.324796426413585,26.071354764781894,17.21814523521811
20170424,GRND3,GRENDENE,22.62,23.28,22.62,22.8,4649819.0,22.587,21.718,0.5645780911907137,1.0828812468926567,23.883762493785312,19.552237506214688,24.96664374067797,18.46935625932203,26.049524987570628,17.386475012429372
20170425,GRND3,GRENDENE,22.8,23.25,22.71,23.25,7264223.0,22.68,21.799,0.5073149130989032,1.0729776445206238,23.944955289041246,19.653044710958753,25.01793293356187,18.58006706643813,26.090910578082493,17.507089421917506
20170426,GRND3,GRENDENE,23.19,23.22,22.91,23.22,9440300.0,22.7695,21.88325,0.4266697848021019,1.0480345157263888,23.97931903145278,19.787180968547222,25.027353547179167,18.739146452820833,26.075388062905557,17.691111937094444
20170427,GRND3,GRENDENE,23.25,23.46,23.07,23.3,2258097.0,22.858000000000004,21.966,0.3282585630420599,1.0251398903914504,24.016279780782902,19.9157202192171,25.041419671174353,18.89058032882565,26.066559561565803,17.8654404384342
20170428,GRND3,GRENDENE,23.4,24.65,23.4,24.65,10724606.0,22.983000000000004,22.08525,0.4836712672226367,1.053312205646598,24.191874411293195,19.9786255887068,25.245186616939794,18.925313383060203,26.29849882258639,17.87200117741361
20170502,GRND3,GRENDENE,24.64,25.88,24.34,25.77,18063433.0,23.154500000000006,22.236749999999997,0.7681315334182579,1.1355183781777751,24.507786756355546,19.965713243644448,25.64330513453332,18.830194865466673,26.7788235127111,17.694676487288895
20170503,GRND3,GRENDENE,25.42,26.11,25.06,25.95,18511567.0,23.318500000000004,22.3925,0.9801357317389672,1.206505336998194,24.805510673996388,19.97948932600361,26.01201601099458,18.772983989005418,27.218521347992773,17.566478652007223
20170504,GRND3,GRENDENE,25.94,26.0,25.31,25.55,14291706.0,23.465000000000003,22.506749999999997,1.0837337991261131,1.283255850141769,25.073261700283535,19.94023829971646,26.356517550425302,18.65698244957469,27.639773400567073,17.37372659943292
20170505,GRND3,GRENDENE,25.31,25.85,24.89,25.55,15543487.0,23.611500000000003,22.622499999999995,1.1589254324134188,1.3438439889610192,25.310187977922034,19.934812022077956,26.654031966883053,18.590968033116937,27.997875955844073,17.247124044155917
20170508,GRND3,GRENDENE,25.59,25.7,25.2,25.31,10160887.0,23.733000000000004,22.730499999999996,1.2046755405064993,1.382322367686035,25.495144735372065,19.965855264627926,26.877467103058102,18.58353289694189,28.259789470744135,17.201210529255857
20170509,GRND3,GRENDENE,25.32,25.86,25.31,25.75,11546489.0,23.893000000000004,22.848999999999997,1.2509032526012174,1.4332799035956931,25.715559807191383,19.98244019280861,27.148839710787076,18.549160289212917,28.58211961438277,17.115880385617224
20170510,GRND3,GRENDENE,25.95,27.54,25.93,27.07,17073696.0,24.101000000000003,22.994249999999997,1.4140680397535719,1.5571619277489308,26.10857385549786,19.879926144502136,27.665735783246788,18.322764216753207,29.22289771099572,16.765602289004274
20170511,GRND3,GRENDENE,27.07,28.47,26.95,28.27,17720715.0,24.374000000000002,23.169249999999998,1.6577645061632267,1.7409169224202596,26.651083844840517,19.68741615515948,28.392000767260775,17.94649923273922,30.132917689681037,16.20558231031896
20170512,GRND3,GRENDENE,28.79,28.79,27.91,28.1,11485018.0,24.616500000000002,23.345499999999998,1.830430708589438,1.8727423330917268,27.090984666183452,19.600015333816543,28.963726999275178,17.727273000724818,30.836469332366903,15.85453066763309
20170515,GRND3,GRENDENE,28.16,28.4,27.76,27.87,5817271.0,24.8515,23.503999999999998,1.9337372460709243,1.980349360527982,27.46469872105596,19.543301278944035,29.445048081583945,17.56295191841605,31.425397442111926,15.58260255788807
20170516,GRND3,GRENDENE,27.8,28.6,27.64,28.38,9822564.0,25.110500000000005,23.67225,2.044616744423952,2.101008899894499,27.874267799788996,19.470232200211,29.975276699683498,17.3692233003165,32.07628559957799,15.268214400422002
20170517,GRND3,GRENDENE,28.3,28.48,27.66,27.73,10382049.0,25.341500000000003,23.823,2.0675596472016684,2.1710321307664953,28.16506426153299,19.48093573846701,30.33609639229949,17.309903607700512,32.50712852306598,15.13887147693402
20170518,GRND3,GRENDENE,23.53,26.5,23.52,26.0,10726833.0,25.491500000000002,23.9365,1.996342115496516,2.1629876654816216,28.26247533096324,19.610524669036757,30.425462996444864,17.447537003555134,32.58845066192649,15.284549338073512
20170519,GRND3,GRENDENE,26.0,27.0,25.79,26.15,9322172.0,25.6625,24.053499999999996,1.8910478159224582,2.152699616998534,28.358899233997064,19.748100766002928,30.511598850995597,17.595401149004395,32.66429846799413,15.44270153200586
20170522,GRND3,GRENDENE,25.8,26.31,25.0,25.0,9174544.0,25.783499999999997,24.140499999999996,1.756034033359155,2.1177212595932753,28.375942519186545,19.905057480813447,30.493663778779823,17.78733622122017,32.6113850383731,15.669614961626895
20170523,GRND3,GRENDENE,25.1,26.89,25.1,26.81,7984363.0,25.983999999999998,24.285499999999995,1.6212061786472565,2.0963349580661608,28.478169916132316,20.092830083867675,30.574504874198478,17.996495125801513,32.67083983226464,15.900160167735352
20170524,GRND3,GRENDENE,26.81,27.89,26.68,26.77,5729201.0,26.159999999999997,24.419999999999995,1.494928267949876,2.078309224049498,28.57661844809899,20.263381551901,30.65492767214849,18.1850723278515,32.73323689619799,16.106763103802002
20170525,GRND3,GRENDENE,27.0,27.38,26.47,27.21,2937523.0,26.359499999999997,24.5645,1.3401550381637242,2.0659894878974,28.696478975794797,20.4325210242052,30.762468463692198,18.3665315363078,32.8284579515896,16.3005420484104
20170526,GRND3,GRENDENE,27.3,27.5,26.84,27.4,10127722.0,26.5645,24.71125,1.1472139019563554,2.053356461116835,28.81796292223367,20.60453707776633,30.871319383350503,18.551180616649496,32.92467584446734,16.497824155532662
20170529,GRND3,GRENDENE,27.47,27.55,26.96,27.02,3263853.0,26.683,24.833,1.057982688148002,2.0419450255037432,28.916890051007485,20.749109948992512,30.958835076511228,18.70716492348877,33.00078010201497,16.665219897985025
20170530,GRND3,GRENDENE,27.0,27.34,26.56,26.56,3851769.0,26.722499999999997,24.938499999999998,1.0366335951174528,2.018722050691653,28.975944101383305,20.90105589861669,30.994666152074956,18.88233384792504,33.013388202766606,16.863611797233386
20170531,GRND3,GRENDENE,26.54,26.96,26.15,26.3,5225024.0,26.73999999999999,25.029249999999998,1.0258039209373033,1.995587937914216,29.02042587582843,21.038074124171565,31.016013813742646,19.04248618625735,33.01160175165686,17.046898248343133
20170601,GRND3,GRENDENE,26.4,26.8,25.6,25.6,5331384.0,26.742499999999996,25.103749999999994,1.0228076682913598,1.9586215554404312,29.020993110880855,21.186506889119133,30.97961466632129,19.2278853336787,32.93823622176172,17.26926377823827
20170602,GRND3,GRENDENE,25.81,26.25,25.66,26.06,5259061.0,26.767999999999994,25.189749999999997,0.9975580711231684,1.9219467794600662,29.03364355892013,21.345856441079864,30.955590338380194,19.4239096616198,32.87753711784026,17.50196288215973
20170605,GRND3,GRENDENE,25.95,26.4,25.94,26.04,4000000.0,26.804499999999997,25.268749999999997,0.9537983622282495,1.8892383318043733,29.047226663608743,21.49027333639125,30.936464995413118,19.601035004586876,32.82570332721749,17.711796672782505
20170606,GRND3,GRENDENE,26.0,26.32,26.0,26.05,2919435.0,26.819499999999994,25.35625,0.9385794136828757,1.8405137068569206,29.03727741371384,21.675222586286157,30.877791120570762,19.834708879429236,32.71830482742768,17.99419517257232
20170607,GRND3,GRENDENE,26.1,26.39,25.46,25.9,6667904.0,26.76099999999999,25.431000000000004,0.9583972366183624,1.7988611782073503,29.028722356414704,21.833277643585305,30.827583534622057,20.03441646537795,32.626444712829404,18.235555287170605
20170608,GRND3,GRENDENE,25.9,26.16,25.5,25.86,6745848.0,26.640499999999992,25.507250000000006,0.9089118711258568,1.7488604165027737,29.004970833005554,22.009529166994458,30.753831249508327,20.260668750491686,32.5026916660111,18.51180833398891
20170609,GRND3,GRENDENE,25.86,26.03,23.28,24.01,23423433.0,26.43599999999999,25.526250000000005,1.016942786777494,1.727708854123108,28.98166770824622,22.07083229175379,30.70937656236933,20.34312343763068,32.43708541649244,18.615414583507572
20170612,GRND3,GRENDENE,24.49,24.95,24.03,24.55,6963805.0,26.26999999999999,25.560750000000006,1.0412239761073914,1.6928785794070946,28.946507158814196,22.174992841185816,30.63938573822129,20.482114261778722,32.332264317628386,18.789235682371626
20170613,GRND3,GRENDENE,24.31,25.36,24.26,24.97,45962557.0,26.09949999999999,25.605,0.9529813330031556,1.6522339189948019,28.909467837989602,22.3005321620104,30.561701756984405,20.648298243015596,32.21393567597921,18.996064324020793
20170614,GRND3,GRENDENE,25.0,25.33,24.88,25.18,5261826.0,25.971999999999987,25.656750000000006,0.8919853668848413,1.6037910016342762,28.864332003268558,22.449167996731454,30.468123004902836,20.845376995097176,32.07191400653711,19.241585993462902
20170616,GRND3,GRENDENE,25.38,25.38,24.54,24.54,5770579.0,25.898999999999983,25.695250000000005,0.9475836305265887,1.5561556633955187,28.807561326791042,22.582938673208968,30.36371699018656,21.02678300981345,31.91987265358208,19.47062734641793
20170619,GRND3,GRENDENE,24.68,24.86,23.96,24.53,5913763.0,25.817999999999984,25.740250000000003,0.9931428052293358,1.492951795639284,28.72615359127857,22.754346408721435,30.219105386917853,21.261394613082153,31.71205718255714,19.768442817442867
20170620,GRND3,GRENDENE,24.26,24.54,23.45,23.45,5774212.0,25.740499999999987,25.762000000000008,1.1135173054216685,1.451492953779588,28.664985907559185,22.85901409244083,30.11647886133877,21.407521138661245,31.56797181511836,19.956028184881657
20170621,GRND3,GRENDENE,23.7,24.18,23.7,23.73,4375488.0,25.586499999999987,25.78525000000001,1.1694005436884316,1.4096771543467594,28.604604308693528,22.96589569130649,30.014281463040287,21.55621853695973,31.423958617387047,20.14654138261297
20170622,GRND3,GRENDENE,23.99,23.99,23.6,23.85,4700940.0,25.440499999999986,25.800250000000005,1.195845769847857,1.3849844718189028,28.570218943637812,23.0302810563622,29.955203415456715,21.645296584543296,31.34018788727562,20.260312112724392
20170623,GRND3,GRENDENE,24.04,24.73,23.88,24.34,5097592.0,25.29699999999999,25.828250000000004,1.1433795704424334,1.3421412045014156,28.512532409002837,23.14396759099717,29.85467361350425,21.801826386495758,31.196814818005667,20.45968518199434
20170626,GRND3,GRENDENE,24.29,24.73,24.29,24.5,1962993.0,25.151999999999994,25.858250000000005,1.0420405083548792,1.2968262788191391,28.451902557638284,23.264597442361726,29.748728836457424,21.967771163542587,31.045555115276564,20.670944884723447
20170627,GRND3,GRENDENE,24.6,24.61,23.91,24.18,2036959.0,25.00999999999999,25.846500000000002,0.9647252131265012,1.3101155752500688,28.46673115050014,23.226268849499863,29.77684672575021,21.916153274249794,31.086962301000277,20.606037698999728
20170628,GRND3,GRENDENE,24.48,24.68,23.83,24.68,8589696.0,24.91599999999999,25.819250000000004,0.8948060654335733,1.3230198314307207,28.465289662861444,23.173210337138563,29.788309494292164,21.850190505707843,31.111329325722885,20.527170674277123
20170629,GRND3,GRENDENE,24.7,25.27,24.25,24.91,13716450.0,24.84649999999999,25.793250000000008,0.8335357473468876,1.3305818806167622,28.454413761233532,23.132086238766483,29.784995641850294,21.80150435814972,31.115577522467056,20.47092247753296
20170630,GRND3,GRENDENE,24.86,26.0,24.86,25.63,7569841.0,24.847999999999992,25.79525000000001,0.8349888117749511,1.3302669627964496,28.45578392559291,23.13471607440711,29.786050888389358,21.804449111610662,31.11631785118581,20.47418214881421
20170703,GRND3,GRENDENE,25.65,26.25,25.54,25.54,4696002.0,24.82199999999999,25.79500000000001,0.8027361105355648,1.3303151737608874,28.455630347521783,23.134369652478235,29.78594552128267,21.804054478717347,31.116260695043557,20.47373930495646
20170704,GRND3,GRENDENE,25.62,26.26,25.62,26.26,8927437.0,24.83299999999999,25.818750000000012,0.8215908829504136,1.329914567335156,28.478579134670323,23.1589208653297,29.808493702005478,21.829006297994546,31.138408269340637,20.499091730659387
20170705,GRND3,GRENDENE,26.22,26.32,25.84,26.0,3466202.0,24.830499999999994,25.82500000000001,0.8177599377502822,1.3301706079123252,28.48534121582466,23.16465878417536,29.815511823736987,21.834488176263033,31.145682431649313,20.504317568350707
20170706,GRND3,GRENDENE,26.0,26.56,25.97,26.55,5523845.0,24.862999999999992,25.812000000000012,0.8735173905417217,1.3201946243466698,28.45238924869335,23.171610751306673,29.77258387304002,21.851416126960004,31.09277849738669,20.531221502613334
20170707,GRND3,GRENDENE,26.51,26.77,26.18,26.4,3819237.0,24.889999999999993,25.765250000000016,0.9133915975780523,1.2627828192994817,28.29081563859898,23.239684361401054,29.55359845789846,21.976901542101572,30.81638127719794,20.71411872280209
20170710,GRND3,GRENDENE,26.5,26.63,26.23,26.62,4613756.0,25.02049999999999,25.728250000000013,0.9659817749179084,1.2133338000139982,28.15491760002801,23.301582399972016,29.36825140004201,22.088248599958018,30.581585200056004,20.874914799944023
20170711,GRND3,GRENDENE,26.62,27.98,26.35,27.45,11611220.0,25.165499999999994,25.717750000000017,1.0999974880353478,1.196017938935871,28.109785877871758,23.325714122128275,29.30580381680763,22.129696183192404,30.5018217557435,20.933678244256534
20170712,GRND3,GRENDENE,27.45,28.09,27.44,27.8,9428345.0,25.306999999999995,25.703250000000015,1.2458736102155155,1.1660549037080274,28.03535980741607,23.371140192583958,29.201414711124098,22.20508528887593,30.367469614832125,21.039030385167905
20170713,GRND3,GRENDENE,27.99,28.49,27.99,28.49,8202606.0,25.472499999999993,25.722250000000013,1.4337909816103696,1.2054523302531788,28.13315466050637,23.311345339493656,29.33860699075955,22.105893009240475,30.54405932101273,20.900440678987298
20170714,GRND3,GRENDENE,28.48,29.0,28.32,29.0,5771329.0,25.695499999999992,25.797250000000012,1.6163391873059654,1.3118102338919253,28.420870467783864,23.17362953221616,29.73268070167579,21.861819298324235,31.044490935567715,20.55000906443231
20170717,GRND3,GRENDENE,28.95,30.26,28.74,29.99,11816750.0,25.968499999999995,25.893250000000013,1.8529102997574434,1.4693368249411711,28.831923649882356,22.95457635011767,30.301260474823525,21.4852395251765,31.770597299764695,20.01590270023533
20170718,GRND3,GRENDENE,29.7,31.49,29.05,29.05,19223796.0,26.24849999999999,25.99450000000001,1.8752832066818608,1.5438562275296386,29.082212455059285,22.906787544940734,30.626068682588926,21.362931317411093,32.16992491011857,19.819075089881455
20170719,GRND3,GRENDENE,29.3,29.57,28.49,28.99,13168141.0,26.51149999999999,26.049000000000014,1.8723283422125692,1.6104256484640216,29.269851296928056,22.82814870307197,30.88027694539208,21.217723054607948,32.4907025938561,19.60729740614393
20170720,GRND3,GRENDENE,28.99,30.59,28.68,28.68,13771185.0,26.752999999999986,26.096750000000014,1.821783683501835,1.6599079175881384,29.416565835176293,22.776934164823736,31.07647375276443,21.1170262472356,32.73638167035257,19.45711832964746
20170721,GRND3,GRENDENE,29.0,29.25,28.58,28.72,8179970.0,26.971999999999987,26.134500000000013,1.7792121260472316,1.702498842199989,29.53949768439999,22.729502315600037,31.24199652659998,21.027003473400047,32.94449536879997,19.324504631200057
20170724,GRND3,GRENDENE,28.96,29.16,28.63,29.0,6236421.0,27.196999999999985,26.174500000000013,1.7341131511676078,1.751096286652507,29.676692573305026,22.672307426695,31.427788859957534,20.92121114004249,33.17888514661004,19.170114853389983
20170725,GRND3,GRENDENE,29.39,29.39,28.68,28.7,3921614.0,27.42299999999999,26.216500000000014,1.6103451738516124,1.791575084123263,29.79965016824654,22.63334983175349,31.591225252369803,20.841774747630225,33.38280033649306,19.050199663506962
20170726,GRND3,GRENDENE,28.6,29.0,28.6,28.71,7022046.0,27.624499999999994,26.270250000000015,1.4972131128409754,1.8338966325762076,29.93804326515243,22.6024567348476,31.771939897728636,20.768560102271394,33.60583653030484,18.934663469695185
20170727,GRND3,GRENDENE,28.81,29.04,28.09,28.61,7132907.0,27.809499999999996,26.328000000000014,1.3670847777199062,1.8708563787056407,30.069712757411295,22.58628724258873,31.940569136116935,20.715430863883093,33.811425514822574,18.84457448517745
20170728,GRND3,GRENDENE,28.6,28.69,26.9,27.57,13224399.0,27.9065,26.377250000000014,1.269655050542556,1.8771199810019914,30.131489962003997,22.623010037996032,32.008609943005986,20.74589005699404,33.88572992400798,18.86877007599205
20170731,GRND3,GRENDENE,27.61,27.92,26.12,26.44,13900617.0,27.951500000000003,26.386750000000017,1.195127277960851,1.8764346818859987,30.139619363772013,22.63388063622802,32.01605404565801,20.75744595434202,33.89248872754401,18.88101127245602
20170801,GRND3,GRENDENE,26.6,27.28,26.56,27.0,6283966.0,27.988500000000005,26.410750000000018,1.1506303764275005,1.8780245861420024,30.166799172284023,22.654700827716013,32.04482375842603,20.77667624157401,33.922848344568024,18.89865165543201
20170802,GRND3,GRENDENE,27.0,27.24,26.6,27.16,8435310.0,28.0465,26.438500000000023,1.0716454392046915,1.8807561899815295,30.20001237996308,22.676987620036964,32.08076856994461,20.796231430055435,33.96152475992614,18.915475240073903
20170803,GRND3,GRENDENE,27.31,28.18,27.04,27.1,32135116.0,28.074000000000005,26.468500000000017,1.037742489100261,1.881516777659816,30.23153355531965,22.705466444680383,32.11305033297946,20.823949667020567,33.99456711063928,18.942432889360752
20170804,GRND3,GRENDENE,27.14,27.17,26.3,26.9,9157917.0,28.099000000000007,26.494500000000023,1.0006518927809558,1.8800776716088203,30.254655343217664,22.734344656782383,32.13473301482649,20.854266985173563,34.014810686435304,18.974189313564743
20170807,GRND3,GRENDENE,26.9,27.38,26.61,26.95,6453791.0,28.115500000000008,26.568000000000023,0.977432054442878,1.8374427603155123,30.24288552063105,22.893114479368997,32.08032828094656,21.055671719053485,33.91777104126207,19.218228958737974
20170808,GRND3,GRENDENE,26.95,27.43,26.69,27.0,12151899.0,28.093000000000007,26.629250000000024,0.9985099424957931,1.809064622309634,30.247379244619292,23.011120755380755,32.05644386692892,21.20205613307112,33.86550848923856,19.392991510761487
20170809,GRND3,GRENDENE,27.0,27.17,26.75,27.0,8864921.0,28.053000000000008,26.680000000000025,1.026496853124002,1.7896941437589606,30.259388287517947,23.100611712482102,32.04908243127691,21.31091756872314,33.838776575035865,19.521223424964184
20170810,GRND3,GRENDENE,27.0,27.18,26.34,26.4,9399219.0,27.948500000000006,26.710500000000025,1.084417258011639,1.7738007143867556,30.258101428773536,23.162898571226513,32.031902143160295,21.389097856839758,33.80570285754705,19.615297142453002
20170811,GRND3,GRENDENE,26.51,26.66,26.18,26.5,7118650.0,27.823500000000006,26.759500000000024,1.1007952866712754,1.7390359103353463,30.237571820670716,23.281428179329332,31.976607731006062,21.542392268993986,33.71564364134141,19.80335635865864
20170814,GRND3,GRENDENE,26.61,27.15,26.31,27.0,6961184.0,27.674000000000007,26.821250000000028,0.9883713344369348,1.701283357969081,30.223816715938188,23.418683284061867,31.92510007390727,21.717399926092785,33.62638343187635,20.016116568123703
20170815,GRND3,GRENDENE,27.0,27.55,26.92,27.0,5516876.0,27.571500000000007,26.910000000000025,0.943438699093468,1.6111136457392339,30.132227291478493,23.687772708521557,31.743340937217727,22.076659062782323,33.35445458295696,20.46554541704309
20170816,GRND3,GRENDENE,27.33,27.99,27.1,27.64,11226136.0,27.50400000000001,27.007750000000026,0.8829639081852121,1.5297904792017747,30.067330958403577,23.948169041596476,31.597121437605352,22.4183785623947,33.126911916807124,20.88858808319293
20170817,GRND3,GRENDENE,27.8,28.3,27.24,27.6,14008405.0,27.45000000000001,27.101500000000026,0.8391976117570631,1.4438011618196525,29.98910232363933,24.213897676360723,31.432903485458983,22.77009651454107,32.876704647278636,21.326295352721417
20170818,GRND3,GRENDENE,27.82,28.0,27.33,27.49,9124220.0,27.38850000000001,27.18025000000003,0.7845164450993949,1.37351222540366,29.92727445080735,24.43322554919271,31.30078667621101,23.059713323789047,32.67429890161467,21.68620109838539
20170821,GRND3,GRENDENE,27.76,28.0,27.66,27.74,5052141.0,27.325500000000012,27.26125000000003,0.6936211236386258,1.3052363721485343,29.8717227442971,24.65077725570296,31.17695911644563,23.345540883554428,32.482195488594165,22.040304511405893
20170822,GRND3,GRENDENE,27.75,28.28,27.75,27.99,9577411.0,27.29000000000001,27.35650000000003,0.6352869223303965,1.2101717403020196,29.776843480604068,24.93615651939599,30.987015220906088,23.72598477909397,32.197186961208104,22.51581303879195
20170823,GRND3,GRENDENE,27.99,28.04,27.31,27.52,27192542.0,27.230500000000006,27.427500000000027,0.5445372250576656,1.1297554761528763,29.68701095230578,25.167989047694274,30.816766428458656,24.038233571541397,31.946521904611533,22.90847809538852
20170824,GRND3,GRENDENE,27.55,27.91,26.91,27.21,24220483.0,27.160500000000006,27.485000000000024,0.43729401165737497,1.0543536116794565,29.593707223358937,25.37629277664111,30.648060835038393,24.321939164961655,31.70241444671785,23.2675855532822
20170825,GRND3,GRENDENE,27.07,27.88,27.02,27.52,9829636.0,27.158000000000005,27.532250000000023,0.43496642338634106,1.0105304205065797,29.553310841013182,25.511189158986863,30.563841261519762,24.500658738480283,31.574371682026342,23.490128317973703
20170828,GRND3,GRENDENE,27.5,27.66,27.13,27.44,7825971.0,27.208000000000006,27.579750000000026,0.4044957874997993,0.957760441917778,29.49527088383558,25.66422911616447,30.453031325753358,24.706468674246693,31.41079176767114,23.748708232328912
20170829,GRND3,GRENDENE,27.48,27.64,27.16,27.48,5985793.0,27.232000000000006,27.610250000000025,0.4057429832059593,0.9337805361772982,29.477811072354623,25.74268892764543,30.41159160853192,24.80890839146813,31.345372144709216,23.875127855290835
20170830,GRND3,GRENDENE,27.55,27.55,26.54,26.6,18046433.0,27.204000000000008,27.625250000000023,0.4295946682015363,0.9118113488531538,29.44887269770633,25.801627302293713,30.360684046559484,24.88981595344056,31.272495395412637,23.978004604587408
20170831,GRND3,GRENDENE,26.65,27.64,26.65,27.24,15172451.0,27.211000000000006,27.642500000000023,0.428950984808568,0.8973600883731679,29.437220176746358,25.84777982325369,30.334580265119527,24.95041973488052,31.231940353492696,24.05305964650735
20170901,GRND3,GRENDENE,27.57,27.6,27.06,27.25,5575301.0,27.228500000000007,27.66375000000002,0.42268907323397614,0.8770161753324979,29.417782350665018,25.909717649335025,30.294798525997514,25.03270147400253,31.171814701330014,24.15568529867003
20170904,GRND3,GRENDENE,27.25,28.47,27.12,27.91,15037305.0,27.276500000000006,27.696000000000026,0.4433992498151731,0.8612269125333724,29.41845382506677,25.973546174933283,30.279680737600145,25.112319262399907,31.140907650133517,24.251092349866536
20170905,GRND3,GRENDENE,28.0,28.24,27.78,27.99,9619605.0,27.326000000000004,27.709500000000027,0.46561108686364,0.8615042003260674,29.43250840065216,25.986491599347893,30.294012600978228,25.124987399021826,31.155516801304298,24.263483198695756
20170906,GRND3,GRENDENE,27.99,28.45,27.99,28.25,14587293.0,27.388500000000004,27.720750000000027,0.502019867503501,0.8656445279200453,29.452039055840117,25.989460944159937,30.317683583760164,25.12381641623989,31.183328111680208,24.258171888319847
20170908,GRND3,GRENDENE,28.29,28.67,27.89,27.99,13823806.0,27.468000000000007,27.708250000000028,0.46150326451467694,0.8578263750570739,29.423902750114177,25.99259724988588,30.28172912517125,25.134770874828806,31.139555500228322,24.276944499771734
20170911,GRND3,GRENDENE,28.0,28.5,28.0,28.19,25376477.0,27.55250000000001,27.688000000000027,0.4284718869360548,0.8358296967990864,29.3596593935982,26.016340606401855,30.195489090397288,25.180510909602766,31.031318787196373,24.344681212803682
20170912,GRND3,GRENDENE,28.27,29.15,28.24,28.77,21092733.0,27.64100000000001,27.657500000000027,0.48712799571604437,0.7692845494020333,29.196069098804095,26.11893090119596,29.965353648206126,25.34964635179393,30.73463819760816,24.580361802391895
20170913,GRND3,GRENDENE,29.03,29.2,28.53,28.78,10354771.0,27.730000000000008,27.650750000000027,0.524986215357691,0.7578525243857939,29.166455048771613,26.13504495122844,29.924307573157407,25.377192426842647,30.682160097543203,24.61933990245685
20170914,GRND3,GRENDENE,28.76,28.96,28.12,28.12,14193731.0,27.75400000000001,27.629000000000026,0.5315855132474347,0.7304189173835568,29.08983783476714,26.168162165232914,29.820256752150698,25.437743247849355,30.550675669534254,24.7073243304658
20170915,GRND3,GRENDENE,28.29,28.8,27.46,27.46,28694849.0,27.747000000000007,27.598500000000023,0.5346331747831866,0.7106102469546133,29.01972049390925,26.177279506090795,29.730330740863863,25.466669259136182,30.440940987818475,24.75605901218157
20170918,GRND3,GRENDENE,27.72,28.57,27.5,28.41,11993289.0,27.793000000000006,27.590750000000025,0.550694298614137,0.6996716720847874,28.9900933441696,26.19140665583045,29.689765016254388,25.491734983745662,30.389436688339174,24.792063311660876
20170919,GRND3,GRENDENE,28.55,28.63,28.15,28.56,5454613.0,27.834000000000003,27.579750000000026,0.5764628987922896,0.6801338009388012,28.940017601877628,26.219482398122423,29.62015140281643,25.539348597183622,30.30028520375523,24.85921479624482
20170920,GRND3,GRENDENE,28.56,28.99,27.92,28.25,5202138.0,27.847,27.56850000000002,0.5830599860805231,0.6646747807029677,28.897849561405955,26.239150438594088,29.562524342108926,25.574475657891117,30.227199122811893,24.90980087718815
20170921,GRND3,GRENDENE,28.25,28.43,27.8,28.13,4570788.0,27.877500000000005,27.554000000000023,0.5810052540751722,0.6451745937420588,28.84434918748414,26.263650812515905,29.4895237812262,25.618476218773846,30.13469837496826,24.973301625031787
20170922,GRND3,GRENDENE,28.13,28.13,27.6,27.69,4805227.0,27.901500000000006,27.531000000000027,0.5615699328431687,0.6225662357923794,28.776132471584788,26.285867528415267,29.398698707377164,25.66330129262289,30.021264943169545,25.04073505683051
20170925,GRND3,GRENDENE,27.69,27.69,26.56,26.56,6985951.0,27.853500000000004,27.505750000000027,0.6324494987118349,0.641148358766279,28.788046717532584,26.22345328246747,29.429195076298864,25.58230492370119,30.070343435065144,24.94115656493491
20170926,GRND3,GRENDENE,26.7,26.95,26.61,26.66,5682448.0,27.8145,27.51125000000003,0.6814417764832462,0.632658969583809,28.77656793916765,26.24593206083241,29.409226908751457,25.6132730912486,30.041885878335265,24.980614121664793
20170927,GRND3,GRENDENE,26.95,27.0,25.66,26.35,7262083.0,27.758,27.495000000000026,0.7536549538571921,0.6541112584732921,28.80322251694661,26.18677748305344,29.4573337754199,25.53266622458015,30.111445033893194,24.878554966106858
20170928,GRND3,GRENDENE,26.35,26.83,25.94,26.83,5560981.0,27.7695,27.486750000000022,0.7366172683285411,0.6604947155206807,28.807739431041384,26.16576056895866,29.468234146562065,25.50526585343798,30.128728862082745,24.8447711379173
20170929,GRND3,GRENDENE,26.76,26.8,26.32,26.73,8429950.0,27.744,27.477500000000028,0.7642223429562153,0.6685911325796047,28.814682265159238,26.140317734840817,29.48327339773884,25.471726602261214,30.151864530318445,24.80313546968161
20171002,GRND3,GRENDENE,26.97,26.97,26.52,26.8,3261505.0,27.7215,27.475000000000023,0.7858503607389181,0.6709885550630629,28.81697711012615,26.133022889873896,29.48796566518921,25.462034334810834,30.158954220252273,24.791045779747773
20171003,GRND3,GRENDENE,26.77,26.96,26.34,26.96,13427116.0,27.674,27.475250000000024,0.8023937870356982,0.6707897660641419,28.816829532128306,26.13367046787174,29.48761929819245,25.4628807018076,30.158409064256592,24.792090935743456
20171004,GRND3,GRENDENE,27.0,27.2,26.18,26.18,12258416.0,27.583499999999997,27.454750000000026,0.864542927612052,0.6976774197659391,28.850104839531905,26.059395160468146,29.547782259297843,25.361717740702208,30.24545967906378,24.66404032093627
20171005,GRND3,GRENDENE,26.46,27.41,26.41,27.1,8095215.0,27.526,27.457250000000023,0.8560828784274633,0.6961836903929932,28.84961738078601,26.064882619214035,29.545801071179003,25.368698928821043,30.241984761571995,24.67251523842805
20171006,GRND3,GRENDENE,27.26,27.26,26.38,26.77,10685706.0,27.464999999999996,27.466500000000018,0.8647025652301491,0.6841298047472905,28.834759609494597,26.09824039050544,29.51888941424189,25.414110585758145,30.20301921898918,24.729980781010855
20171009,GRND3,GRENDENE,26.89,27.0,26.54,26.6,5055901.0,27.385499999999997,27.469000000000015,0.8676251616063496,0.680681408213237,28.83036281642649,26.10763718357354,29.511044224639726,25.426955775360305,30.191725632852965,24.746274367147066
20171010,GRND3,GRENDENE,26.87,26.92,26.5,26.6,11695260.0,27.276999999999997,27.459000000000014,0.8197374419190737,0.6906139966056788,28.84022799321137,26.077772006788656,29.53084198981705,25.38715801018298,30.22145598642273,24.6965440135773
20171011,GRND3,GRENDENE,26.61,26.83,26.41,26.53,9940298.0,27.164499999999997,27.447250000000015,0.7544009474235194,0.7025192305060023,28.85228846101202,26.04221153898801,29.554807691518022,25.339692308482007,30.257326922024024,24.637173077976005
20171013,GRND3,GRENDENE,26.53,26.82,26.29,26.69,10038119.0,27.093,27.42350000000001,0.7263180396607697,0.7118324132935797,28.84716482658717,25.99983517341285,29.55899723988075,25.288002760119273,30.27082965317433,24.57617034682569
20171016,GRND3,GRENDENE,26.78,26.81,26.44,26.57,8430820.0,27.0485,27.397750000000013,0.7299046440964099,0.723812865388936,28.845375730777885,25.95012426922214,29.56918859616682,25.226311403833204,30.293001461555757,24.502498538444268
20171017,GRND3,GRENDENE,26.72,26.72,26.4,26.4,6480370.0,26.948,27.370500000000014,0.6683569799376706,0.7405747940897022,28.85164958817942,25.889350411820608,29.59222438226912,25.14877561773091,30.332799176358822,24.408200823641206
20171018,GRND3,GRENDENE,26.4,26.68,26.31,26.4,39423736.0,26.840000000000003,27.337000000000018,0.5598778062171829,0.7536244048527915,28.8442488097056,25.829751190294434,29.59787321455839,25.076126785441645,30.351497619411184,24.32250238058885
20171019,GRND3,GRENDENE,26.4,26.55,25.78,26.3,9722446.0,26.7425,27.294750000000015,0.4627819197667398,0.7633864750284697,28.821522950056956,25.767977049943074,29.584909425085424,25.004590574914605,30.348295900113893,24.241204099886136
20171020,GRND3,GRENDENE,26.53,27.0,26.3,26.6,35752804.0,26.666000000000004,27.271750000000015,0.32825535631151775,0.7702543286273784,28.812258657254773,25.731241342745257,29.58251298588215,24.96098701411788,30.352767314509528,24.190732685490502
20171023,GRND3,GRENDENE,26.6,26.97,26.57,26.7,16655901.0,26.616500000000002,27.259000000000015,0.22370739817859062,0.7755057902873543,28.810011580574724,25.707988419425305,29.585517370862078,24.93248262913795,30.361023161149433,24.156976838850596
20171024,GRND3,GRENDENE,26.7,26.94,26.66,26.8,29588063.0,26.628500000000003,27.241000000000014,0.22693089604278524,0.7776453611333972,28.796290722266807,25.68570927773322,29.573936083400206,24.908063916599822,30.351581444533604,24.130418555466424
20171025,GRND3,GRENDENE,26.9,27.0,26.66,26.9,25192720.0,26.640500000000003,27.227500000000013,0.23489023192220046,0.7787885068884383,28.78507701377689,25.66992298622314,29.563865520665328,24.8911344793347,30.342654027553767,24.11234597244626
20171026,GRND3,GRENDENE,26.91,27.94,26.9,27.0,12318664.0,26.673000000000002,27.215500000000013,0.23753337715569556,0.7784960846697553,28.77249216933952,25.658507830660504,29.55098825400928,24.880011745990746,30.329484338679034,24.10151566132099
20171027,GRND3,GRENDENE,27.0,27.67,26.85,27.6,7897841.0,26.7115,27.240500000000015,0.31431253303182743,0.7742687203303744,28.789037440660763,25.691962559339267,29.56330616099114,24.91769383900889,30.337574881321512,24.14342511867852
20171030,GRND3,GRENDENE,27.77,27.77,26.97,27.42,13258747.0,26.746,27.245000000000015,0.35205262764451706,0.7747886394994573,28.79457727899893,25.6954227210011,29.569365918498388,24.920634081501642,30.344154557997843,24.145845442002187
20171031,GRND3,GRENDENE,27.41,27.51,27.04,27.51,10524743.0,26.7815,27.251500000000014,0.3913845195010816,0.7759214538624941,28.803342907725003,25.699657092275025,29.579264361587498,24.92373563841253,30.355185815449993,24.147814184550036
20171101,GRND3,GRENDENE,27.6,27.79,27.34,27.59,11627830.0,26.813,27.24350000000001,0.42995838231873534,0.7705893515471992,28.78467870309441,25.702321296905613,29.55526805464161,24.931731945358415,30.32585740618881,24.161142593811213
20171103,GRND3,GRENDENE,27.6,27.78,27.09,27.35,5680146.0,26.871500000000005,27.22750000000001,0.4187484485436575,0.7612801297140369,28.750060259428082,25.704939740571938,29.51134038914212,24.9436596108579,30.272620518856158,24.18237948114386
20171106,GRND3,GRENDENE,27.42,28.08,27.42,27.95,6208247.0,26.914000000000005,27.22000000000001,0.4815807305113279,0.7523740204623308,28.72474804092467,25.71525195907535,29.477122061387,24.96287793861302,30.229496081849334,24.210503918150685
20171107,GRND3,GRENDENE,27.77,27.95,27.4,27.4,10754251.0,26.945500000000003,27.205250000000014,0.49215396606713696,0.7426114265005733,28.69047285300116,25.720027146998866,29.433084279501735,24.977415720498293,30.17569570600231,24.23480429399772
20171108,GRND3,GRENDENE,27.65,27.65,27.0,27.23,8580987.0,26.977000000000004,27.181250000000013,0.4890280370821838,0.7252804497359744,28.63181089947196,25.730689100528064,29.357091349207934,25.00540865079209,30.08237179894391,24.280128201056115
20171109,GRND3,GRENDENE,27.23,27.38,26.5,26.5,8852831.0,26.972,27.124500000000012,0.4935755687886968,0.6854979474056978,28.49549589481141,25.753504105188615,29.180993842217106,25.068006157782918,29.866491789622803,24.38250821037722
20171110,GRND3,GRENDENE,26.49,26.72,25.32,25.83,11691584.0,26.937000000000005,27.05075000000001,0.5483477575022248,0.6610767731511913,28.372903546302393,25.72859645369763,29.033980319453587,25.067519680546436,29.695057092604777,24.406442907395245
20171113,GRND3,GRENDENE,25.95,26.0,25.35,25.89,6217406.0,26.897000000000002,26.995000000000015,0.5945462666249953,0.6626210581219556,28.320242116243925,25.669757883756105,28.98286317436588,25.00713682563415,29.64548423248784,24.344515767512192
20171114,GRND3,GRENDENE,25.8,26.1,25.51,25.98,16501331.0,26.8675,26.958000000000016,0.6254587789857559,0.6771516513856801,28.312303302771376,25.603696697228656,28.989454954157058,24.926545045842975,29.666606605542736,24.249393394457297
20171116,GRND3,GRENDENE,26.24,26.26,25.72,25.85,9186455.0,26.840000000000003,26.894000000000013,0.6583232288807965,0.6570790062943855,28.208158012588783,25.579841987411243,28.86523701888317,24.922762981116854,29.522316025177556,24.26568397482247
20171117,GRND3,GRENDENE,25.84,26.2,25.75,26.05,8732917.0,26.8225,26.83125000000001,0.6750740700099715,0.6122182763922661,28.055686552784543,25.60681344721548,28.66790482917681,24.994595170823214,29.280123105569075,24.382376894430948
20171121,GRND3,GRENDENE,26.1,26.87,26.1,26.65,8036534.0,26.840000000000003,26.791250000000012,0.665281895139066,0.5678036293811991,27.92685725876241,25.655642741237614,28.49466088814361,25.087839111856415,29.06246451752481,24.520035482475215
20171122,GRND3,GRENDENE,26.95,27.4,26.43,27.4,6100570.0,26.880000000000003,26.773000000000014,0.6740841740346942,0.5344213261520866,27.841842652304187,25.70415734769584,28.376263978456272,25.169736021543756,28.91068530460836,24.635314695391667
20171123,GRND3,GRENDENE,27.43,27.43,27.13,27.2,5281479.0,26.905,26.760750000000012,0.6763252098462017,0.5182336246748094,27.797217249349632,25.724282750650392,28.31545087402444,25.206049125975586,28.83368449869925,24.687815501300776
20171124,GRND3,GRENDENE,27.2,27.42,26.75,27.2,7076436.0,26.925000000000004,26.776750000000014,0.6789659320186314,0.5217445464926995,27.820239092985414,25.733260907014614,28.341983639478112,25.211516360521916,28.863728185970814,24.689771814029214
20171127,GRND3,GRENDENE,27.06,27.12,26.23,26.44,5076596.0,26.902000000000008,26.771250000000016,0.6875938213492899,0.5241608067015812,27.819571613403177,25.722928386596855,28.34373242010476,25.19876757989527,28.86789322680634,24.67460677319369
20171128,GRND3,GRENDENE,26.59,26.76,26.06,26.1,6320110.0,26.85700000000001,26.765000000000015,0.7099303153348256,0.5307614269214498,27.826522853842913,25.703477146157116,28.357284280764365,25.172715719235665,28.888045707685812,24.641954292314217
20171129,GRND3,GRENDENE,26.3,26.3,25.55,26.1,9828811.0,26.78200000000001,26.746750000000013,0.7065304403617187,0.5409222300611801,27.828594460122375,25.66490553987765,28.369516690183552,25.123983309816474,28.910438920244733,24.583061079755293
20171130,GRND3,GRENDENE,26.0,26.17,25.55,25.95,5420885.0,26.708500000000015,26.727250000000016,0.7130975795040742,0.5554069309743631,27.838063861948743,25.616436138051288,28.393470792923104,25.061029207076928,28.948877723897468,24.505622276102564
20171201,GRND3,GRENDENE,26.09,26.09,25.64,25.8,3776492.0,26.62300000000001,26.702250000000014,0.7144530480686416,0.5742352216153173,27.85072044323065,25.553779556769378,28.424955664845964,24.979544335154063,28.99919088646128,24.405309113538745
20171204,GRND3,GRENDENE,26.02,26.15,25.36,25.5,6171496.0,26.51850000000001,26.665750000000013,0.7184066800180652,0.603106860030118,27.87196372006025,25.459536279939776,28.475070580090367,24.85642941990966,29.078177440120484,24.253322559879543
20171205,GRND3,GRENDENE,25.75,26.29,25.68,25.91,5874068.0,26.446500000000007,26.659000000000013,0.7026736533823791,0.6101525660407877,27.879305132081587,25.43869486791844,28.489457698122376,24.82854230187765,29.099610264163164,24.218389735836862
20171206,GRND3,GRENDENE,26.05,26.19,25.59,26.07,5064040.0,26.35250000000001,26.633250000000015,0.6106844736159899,0.6127926302529367,27.858835260505888,25.40766473949414,28.471627890758825,24.794872109241204,29.08442052101176,24.182079478988268
20171207,GRND3,GRENDENE,25.9,26.29,25.58,25.96,7605545.0,26.28050000000001,26.613000000000017,0.5637699698877383,0.6214796240239323,27.85595924804788,25.370040751952153,28.477438872071815,24.74856112792822,29.098918496095745,24.12708150390429
20171208,GRND3,GRENDENE,26.2,26.46,26.08,26.4,3340190.0,26.23900000000001,26.608000000000022,0.5189655703009107,0.6223907586157283,27.852781517231477,25.363218482768566,28.475172275847207,24.740827724152837,29.097563034462937,24.118436965537107
20171211,GRND3,GRENDENE,26.5,26.74,26.18,26.19,3236132.0,26.223500000000012,26.597750000000026,0.5153769698506977,0.6258921325104407,27.849534265020907,25.345965734979146,28.475426397531347,24.720073602468705,29.101318530041787,24.094181469958265
20171212,GRND3,GRENDENE,26.32,26.32,25.72,26.2,2856599.0,26.24200000000001,26.589500000000026,0.5070824701947424,0.6289753572279331,27.847450714455892,25.33154928554416,28.476426071683825,24.702573928316227,29.105401428911758,24.073598571088294
20171213,GRND3,GRENDENE,26.25,27.01,26.06,26.32,41751948.0,26.263500000000015,26.580250000000024,0.5004448021508998,0.6301790038735686,27.84060800774716,25.319891992252888,28.47078701162073,24.68971298837932,29.1009660154943,24.059533984505748
20171214,GRND3,GRENDENE,26.53,26.53,25.61,25.97,5510125.0,26.263000000000016,26.565250000000027,0.5007478617552799,0.6375272241547558,27.84030444830954,25.290195551690516,28.477831672464294,24.65266832753576,29.11535889661905,24.015141103381005
20171215,GRND3,GRENDENE,26.0,26.64,25.96,26.56,7333082.0,26.29850000000001,26.56925000000002,0.4950627286142733,0.636965512490724,27.84318102498147,25.295318975018574,28.480146537472194,24.65835346252785,29.117112049962916,24.021387950037127
20171218,GRND3,GRENDENE,26.89,26.99,26.56,26.75,4150386.0,26.333500000000015,26.57800000000002,0.5012749534409422,0.6369848848989667,27.851969769797954,25.304030230202088,28.488954654696922,24.66704534530312,29.125939539595887,24.030060460404155
20171219,GRND3,GRENDENE,26.8,26.96,26.41,26.75,3089175.0,26.338500000000018,26.58925000000002,0.5050823278383307,0.6359220541657326,27.861094108331486,25.317405891668557,28.497016162497218,24.681483837502824,29.13293821666295,24.045561783337092
20171220,GRND3,GRENDENE,26.94,27.75,26.9,27.6,20368739.0,26.34850000000002,26.61425000000002,0.5286355325889847,0.6557043091406721,27.925658618281364,25.302841381718675,28.581362927422035,24.647137072578005,29.23706723656271,23.99143276343733
20171221,GRND3,GRENDENE,27.64,28.49,27.64,28.2,11324072.0,26.39850000000002,26.65175000000002,0.6473693731271238,0.7019930874814928,28.055736174963005,25.247763825037037,28.7577292624445,24.545770737555543,29.459722349925993,23.84377765007405
20171222,GRND3,GRENDENE,28.2,28.38,27.85,28.09,5062547.0,26.44300000000002,26.68400000000002,0.7306024910988498,0.7377019063036949,28.159403812607408,25.20859618739263,28.897105718911103,24.470894281088935,29.634807625214798,23.73319237478524
20171226,GRND3,GRENDENE,28.38,28.8,28.2,28.65,4159629.0,26.553500000000014,26.72775000000002,0.8816388746323508,0.8000945056358777,28.327939011271777,25.127560988728266,29.128033516907657,24.327466483092387,29.928128022543532,23.52737197745651
20171227,GRND3,GRENDENE,28.65,28.78,28.34,28.5,4444367.0,26.67350000000001,26.76525000000002,0.9750480420011933,0.8469613483748984,28.459172696749818,25.07132730325022,29.306134045124715,24.224365954875324,30.153095393499612,23.377404606500427
20171228,GRND3,GRENDENE,28.5,28.71,28.13,28.45,11577112.0,26.791000000000015,26.786500000000025,1.0416227218799863,0.8785172531615779,28.54353450632318,25.02946549367687,29.42205175948476,24.15094824051529,30.300569012646335,23.272430987353715
