DATA DO PREGAO,CODIGO DE NEGOCIACAO DO PAPEL,NOME RESUMIDO DA EMPRESA EMISSORA,PRECO DE ABERTURA,PRECO MAXIMO,PRECO MINIMO,PRECO FECHAMENTO,VOLUME TOTAL DE TITULOS NEGOCIADOS NESTE PAPEL,MA_20,MA_40,STD_20,STD_40,BANDA_1_40 SUPERIOR,BANDA_1_40 INFERIOR,BANDA_2_40 SUPERIOR,BANDA_2_40 INFERIOR,BANDA_3_40 SUPERIOR,BANDA_3_40 INFERIOR
20170102,ITSA3,ITAUSA,8.03,8.09,7.95,8.06,163911.0,0.0,0.0,0.0,0.0,0.0,0.0,0.0,0.0,0.0,0.0
20170103,ITSA3,ITAUSA,8.06,8.3,8.01,8.25,484836.0,0.0,0.0,0.0,0.0,0.0,0.0,0.0,0.0,0.0,0.0
20170104,ITSA3,ITAUSA,8.3,8.49,8.2,8.27,2207249.0,0.0,0.0,0.0,0.0,0.0,0.0,0.0,0.0,0.0,0.0
20170105,ITSA3,ITAUSA,8.29,8.6,8.29,8.43,1243269.0,0.0,0.0,0.0,0.0,0.0,0.0,0.0,0.0,0.0,0.0
20170106,ITSA3,ITAUSA,8.44,8.47,8.33,8.41,251260.0,0.0,0.0,0.0,0.0,0.0,0.0,0.0,0.0,0.0,0.0
20170109,ITSA3,ITAUSA,8.41,8.56,8.38,8.5,126272.0,0.0,0.0,0.0,0.0,0.0,0.0,0.0,0.0,0.0,0.0
20170110,ITSA3,ITAUSA,8.52,8.52,8.26,8.26,431434.0,0.0,0.0,0.0,0.0,0.0,0.0,0.0,0.0,0.0,0.0
20170111,ITSA3,ITAUSA,8.3,8.4,8.3,8.33,232724.0,0.0,0.0,0.0,0.0,0.0,0.0,0.0,0.0,0.0,0.0
20170112,ITSA3,ITAUSA,8.51,8.61,8.5,8.51,386373.0,0.0,0.0,0.0,0.0,0.0,0.0,0.0,0.0,0.0,0.0
20170113,ITSA3,ITAUSA,8.55,8.56,8.44,8.45,148106.0,0.0,0.0,0.0,0.0,0.0,0.0,0.0,0.0,0.0,0.0
20170116,ITSA3,ITAUSA,8.53,8.53,8.45,8.53,112973.0,0.0,0.0,0.0,0.0,0.0,0.0,0.0,0.0,0.0,0.0
20170117,ITSA3,ITAUSA,8.58,8.69,8.47,8.6,336829.0,0.0,0.0,0.0,0.0,0.0,0.0,0.0,0.0,0.0,0.0
20170118,ITSA3,ITAUSA,8.61,8.7,8.55,8.62,160894.0,0.0,0.0,0.0,0.0,0.0,0.0,0.0,0.0,0.0,0.0
20170119,ITSA3,ITAUSA,8.7,8.7,8.5,8.55,222990.0,0.0,0.0,0.0,0.0,0.0,0.0,0.0,0.0,0.0,0.0
20170120,ITSA3,ITAUSA,8.58,8.66,8.56,8.6,482468.0,0.0,0.0,0.0,0.0,0.0,0.0,0.0,0.0,0.0,0.0
20170123,ITSA3,ITAUSA,8.6,8.88,8.6,8.76,490485.0,0.0,0.0,0.0,0.0,0.0,0.0,0.0,0.0,0.0,0.0
20170124,ITSA3,ITAUSA,8.81,8.87,8.71,8.74,354975.0,0.0,0.0,0.0,0.0,0.0,0.0,0.0,0.0,0.0,0.0
20170126,ITSA3,ITAUSA,8.75,8.95,8.72,8.91,711386.0,0.0,0.0,0.0,0.0,0.0,0.0,0.0,0.0,0.0,0.0
20170127,ITSA3,ITAUSA,8.91,8.95,8.75,8.89,273032.0,0.0,0.0,0.0,0.0,0.0,0.0,0.0,0.0,0.0,0.0
20170130,ITSA3,ITAUSA,8.84,8.84,8.73,8.73,141240.0,8.52,0.0,0.22233213656007642,0.0,0.0,0.0,0.0,0.0,0.0,0.0
20170131,ITSA3,ITAUSA,8.74,8.88,8.62,8.78,327773.0,8.556000000000001,0.0,0.20121734779246,0.0,0.0,0.0,0.0,0.0,0.0,0.0
20170201,ITSA3,ITAUSA,8.89,8.9,8.81,8.81,362240.0,8.584,0.0,0.19527039282950642,0.0,0.0,0.0,0.0,0.0,0.0,0.0
20170202,ITSA3,ITAUSA,8.81,8.92,8.8,8.87,686324.0,8.614,0.0,0.19052282637107085,0.0,0.0,0.0,0.0,0.0,0.0,0.0
20170203,ITSA3,ITAUSA,8.87,9.1,8.85,9.05,513554.0,8.645,0.0,0.2085917695303191,0.0,0.0,0.0,0.0,0.0,0.0,0.0
20170206,ITSA3,ITAUSA,8.9,9.05,8.8,8.8,1748684.0,8.6645,0.0,0.2036373195039093,0.0,0.0,0.0,0.0,0.0,0.0,0.0
20170207,ITSA3,ITAUSA,8.94,9.2,8.93,9.0,525829.0,8.6895,0.0,0.21286207543358934,0.0,0.0,0.0,0.0,0.0,0.0,0.0
20170208,ITSA3,ITAUSA,9.09,9.1,8.9,9.04,692852.0,8.7285,0.0,0.2011617573784323,0.0,0.0,0.0,0.0,0.0,0.0,0.0
20170209,ITSA3,ITAUSA,9.04,9.25,9.0,9.1,406147.0,8.767,0.0,0.1944519965116554,0.0,0.0,0.0,0.0,0.0,0.0,0.0
20170210,ITSA3,ITAUSA,9.15,9.28,9.09,9.23,520606.0,8.803,0.0,0.2103655965468853,0.0,0.0,0.0,0.0,0.0,0.0,0.0
20170213,ITSA3,ITAUSA,9.27,9.35,9.22,9.27,1108206.0,8.844000000000001,0.0,0.21772508014998287,0.0,0.0,0.0,0.0,0.0,0.0,0.0
20170214,ITSA3,ITAUSA,9.33,9.4,9.28,9.4,467504.0,8.887500000000001,0.0,0.23768344715741635,0.0,0.0,0.0,0.0,0.0,0.0,0.0
20170215,ITSA3,ITAUSA,9.42,9.71,9.42,9.71,272260.0,8.943000000000001,0.0,0.2906997003601389,0.0,0.0,0.0,0.0,0.0,0.0,0.0
20170216,ITSA3,ITAUSA,9.84,9.84,9.65,9.7,748063.0,8.997000000000002,0.0,0.3257396441784059,0.0,0.0,0.0,0.0,0.0,0.0,0.0
20170217,ITSA3,ITAUSA,9.7,9.85,9.54,9.84,463614.0,9.0615,0.0,0.3586271337373015,0.0,0.0,0.0,0.0,0.0,0.0,0.0
20170220,ITSA3,ITAUSA,9.99,10.05,9.86,9.95,378615.0,9.129000000000001,0.0,0.39262812189814383,0.0,0.0,0.0,0.0,0.0,0.0,0.0
20170221,ITSA3,ITAUSA,9.89,9.99,9.8,9.95,640228.0,9.188500000000001,0.0,0.4227762254929971,0.0,0.0,0.0,0.0,0.0,0.0,0.0
20170222,ITSA3,ITAUSA,10.0,10.05,9.92,9.95,155463.0,9.248999999999999,0.0,0.4413841863954801,0.0,0.0,0.0,0.0,0.0,0.0,0.0
20170223,ITSA3,ITAUSA,9.95,10.2,9.77,9.78,410593.0,9.2925,0.0,0.44902086459551643,0.0,0.0,0.0,0.0,0.0,0.0,0.0
20170224,ITSA3,ITAUSA,9.83,9.93,9.67,9.72,378104.0,9.334,0.0,0.44821752237994983,0.0,0.0,0.0,0.0,0.0,0.0,0.0
20170301,ITSA3,ITAUSA,9.76,10.0,9.65,9.65,208893.0,9.38,8.949999999999998,0.4297979941664147,0.5511061138455552,10.052212227691108,7.847787772308887,10.603318341536664,7.296681658463331,11.154424455382218,6.745575544617777
20170302,ITSA3,ITAUSA,9.65,9.75,9.57,9.67,443969.0,9.4245,8.990249999999998,0.41002535223286396,0.5431743711147451,10.076598742229487,7.9039012577705074,10.619773113344234,7.360726886655763,11.162947484458979,6.817552515541017
20170303,ITSA3,ITAUSA,9.7,9.9,9.64,9.79,1140323.0,9.4735,9.028749999999999,0.39083278158042845,0.5439371546466829,10.116624309293364,7.940875690706633,10.660561463940047,7.39693853605995,11.20449861858673,6.853001381413267
20170306,ITSA3,ITAUSA,9.79,9.79,9.56,9.74,274592.0,9.517,9.065499999999998,0.3678686836645012,0.5410102136577947,10.147520427315587,7.983479572684409,10.688530640973383,7.442469359026614,11.229540854631177,6.90145914536882
20170307,ITSA3,ITAUSA,9.73,9.73,9.65,9.65,221701.0,9.547,9.095999999999998,0.3518986097996804,0.5386488318956661,10.173297663791331,8.018702336208666,10.711946495686997,7.480053504313,11.250595327582662,6.941404672417334
20170308,ITSA3,ITAUSA,9.66,9.66,9.5,9.51,581607.0,9.5825,9.123499999999996,0.30530183511783293,0.5307495908666626,10.184999181733321,8.062000818266672,10.715748772599984,7.531251227400008,11.246498363466646,7.000501636533346
20170309,ITSA3,ITAUSA,9.59,9.59,9.41,9.5,439038.0,9.607499999999998,9.148499999999997,0.27395495211708526,0.5241381203755084,10.196776240751014,8.10022375924898,10.720914361126521,7.576085638873471,11.24505248150203,7.051947518497963
20170310,ITSA3,ITAUSA,9.51,9.67,9.51,9.56,343112.0,9.6335,9.180999999999997,0.23980858594874718,0.5076784768900862,10.19635695378017,8.165643046219826,10.704035430670256,7.657964569329739,11.211713907560341,7.150286092439653
20170313,ITSA3,ITAUSA,9.58,9.74,9.58,9.62,714559.0,9.6595,9.213249999999999,0.2045141868711799,0.4929939277724572,10.199237855544913,8.227262144455084,10.69223178331737,7.7342682166826275,11.185225711089828,7.241274288910169
20170314,ITSA3,ITAUSA,9.68,9.69,9.61,9.66,222653.0,9.681000000000001,9.241999999999999,0.17784972959155876,0.48438806227217945,10.210776124544358,8.27322387545564,10.695164186816537,7.788835813183461,11.179552249088717,7.304447750911281
20170315,ITSA3,ITAUSA,9.69,9.79,9.58,9.79,547782.0,9.706999999999999,9.2755,0.15051140890486503,0.47444407414065304,10.224388148281305,8.326611851718694,10.698832222421958,7.85216777757804,11.173276296562612,7.377723703437387
20170316,ITSA3,ITAUSA,9.85,9.85,9.73,9.78,152393.0,9.725999999999999,9.30675,0.13264118595115043,0.46515719702990715,10.237064394059814,8.376435605940184,10.702221591089721,7.9112784089102774,11.167378788119628,7.446121211880371
20170317,ITSA3,ITAUSA,9.79,9.79,9.64,9.65,418808.0,9.722999999999999,9.332999999999998,0.13369643541286583,0.4537377532429396,10.240475506485877,8.42552449351412,10.694213259728818,7.971786740271179,11.147951012971756,7.51804898702824
20170320,ITSA3,ITAUSA,9.6,9.69,9.51,9.64,426863.0,9.719999999999999,9.358499999999998,0.1349073756323253,0.44112647177716074,10.24075294355432,8.476247056445676,10.68187941533148,8.035120584668515,11.12300588710864,7.593994112891354
20170321,ITSA3,ITAUSA,9.63,9.63,9.21,9.3,588731.0,9.693,9.377249999999998,0.1611178058701836,0.42137739647068445,10.220004792941367,8.53449520705863,10.641382189412052,8.113117810587944,11.062759585882736,7.691740414117261
20170322,ITSA3,ITAUSA,9.31,9.51,9.31,9.38,381321.0,9.6645,9.396749999999997,0.16365801956647896,0.4020931611659324,10.200936322331863,8.592563677668132,10.603029483497794,8.1904705165022,11.005122644663727,7.788377355336268
20170323,ITSA3,ITAUSA,9.39,9.49,9.25,9.33,1525400.0,9.633500000000002,9.410999999999998,0.16544278705786625,0.3888299344812848,10.188659868962567,8.633340131037428,10.577489803443852,8.244510196556144,10.966319737925136,7.855680262074859
20170324,ITSA3,ITAUSA,9.36,9.36,9.0,9.0,3743983.0,9.586000000000002,9.417499999999997,0.20210471491153859,0.3793837783591354,10.176267556718267,8.658732443281727,10.555651335077403,8.27934866492259,10.935035113436538,7.899964886563455
20170327,ITSA3,ITAUSA,9.1,9.22,8.9,9.2,1049949.0,9.557,9.424749999999996,0.21406098491588438,0.3721385701383527,10.169027140276702,8.68047285972329,10.541165710415054,8.308334289584938,10.913304280553406,7.9361957194465855
20170328,ITSA3,ITAUSA,9.25,9.45,9.05,9.18,1757800.0,9.530000000000001,9.431999999999997,0.22613456636539175,0.3641935242105842,10.160387048421166,8.703612951578828,10.524580572631749,8.339419427368245,10.888774096842333,7.97522590315766
20170329,ITSA3,ITAUSA,9.18,9.25,9.1,9.25,280080.0,9.510000000000002,9.444999999999997,0.23256012239056897,0.34738584179112053,10.139771683582238,8.750228316417756,10.487157525373359,8.402842474626635,10.834543367164478,8.055456632835515
20170330,ITSA3,ITAUSA,9.29,9.29,9.11,9.11,463177.0,9.482000000000001,9.453249999999997,0.24562701720077132,0.33488143711331525,10.123012874226628,8.783487125773366,10.457894311339942,8.448605688660052,10.792775748453257,8.113724251546737
20170331,ITSA3,ITAUSA,9.12,9.15,9.04,9.05,291990.0,9.445000000000002,9.459249999999997,0.25243029261873384,0.32506715282562193,10.109384305651242,8.809115694348753,10.434451458476863,8.484048541523132,10.759518611302486,8.158981388697509
20170403,ITSA3,ITAUSA,9.08,9.14,9.02,9.1,543269.0,9.413,9.464999999999998,0.2536284061793026,0.3162926265992112,10.097585253198421,8.832414746801575,10.413877879797631,8.516122120202365,10.730170506396842,8.199829493603154
20170404,ITSA3,ITAUSA,9.1,9.15,9.03,9.12,913318.0,9.386500000000002,9.466749999999998,0.25524549586211204,0.31412383235164515,10.094997664703287,8.838502335296708,10.409121497054933,8.524378502945062,10.723245329406579,8.210254670593416
20170405,ITSA3,ITAUSA,9.23,9.23,9.0,9.11,838525.0,9.366500000000002,9.474499999999997,0.26067271272209425,0.3007933953175653,10.076086790635127,8.872913209364867,10.376880185952693,8.572119814047301,10.677673581270259,8.271326418729736
20170406,ITSA3,ITAUSA,9.04,9.1,8.9,8.94,518073.0,9.338500000000002,9.472999999999997,0.27524677922490753,0.3033589732753411,10.07971794655068,8.866282053449314,10.38307691982602,8.562923080173974,10.686435893101361,8.259564106898633
20170407,ITSA3,ITAUSA,9.04,9.09,8.92,8.96,510812.0,9.308500000000002,9.470999999999997,0.28243816277102923,0.3065339735218257,10.084067947043648,8.857932052956345,10.390601920565473,8.55139807943452,10.6971358940873,8.244864105912693
20170410,ITSA3,ITAUSA,9.0,9.09,8.94,8.95,661365.0,9.275000000000002,9.467249999999996,0.2832796646797181,0.31205676258803544,10.091363525176067,8.843136474823925,10.403420287764103,8.53107971223589,10.715477050352138,8.219022949647854
20170411,ITSA3,ITAUSA,8.99,9.18,8.92,9.09,1488535.0,9.246500000000001,9.463749999999994,0.2709102589808172,0.3155515115005137,10.094853023001022,8.832646976998966,10.410404534501534,8.517095465498453,10.725956046002048,8.20154395399794
20170412,ITSA3,ITAUSA,9.0,9.07,9.0,9.07,335670.0,9.210500000000001,9.458749999999995,0.24108253664188362,0.3202498023378598,10.099249604675714,8.818250395324275,10.419499407013575,8.498000592986415,10.739749209351434,8.177750790648556
20170413,ITSA3,ITAUSA,9.37,9.37,8.8,8.82,235839945.0,9.162500000000001,9.444249999999995,0.21598915664790844,0.3357340789894199,10.115718157978835,8.772781842021155,10.451452236968255,8.437047763031735,10.787186315957674,8.101313684042315
20170417,ITSA3,ITAUSA,8.92,9.08,8.87,9.04,744416.0,9.132000000000001,9.427499999999997,0.18426525502798266,0.338834730154653,10.105169460309302,8.749830539690691,10.444004190463955,8.410995809536038,10.782838920618609,8.072161079381384
20170418,ITSA3,ITAUSA,9.04,9.1,8.96,9.03,742629.0,9.101500000000001,9.410749999999997,0.1412081330593481,0.3415679344525126,10.093885868905021,8.727614131094972,10.435453803357534,8.386046196642459,10.777021737810047,8.044478262189946
20170419,ITSA3,ITAUSA,9.1,9.1,8.9,8.92,406442.0,9.0825,9.387749999999997,0.13863526550667635,0.34289482202908944,10.073539644058176,8.701960355941818,10.416434466087265,8.359065533912728,10.759329288116355,8.016170711883639
20170420,ITSA3,ITAUSA,9.04,9.04,8.82,8.92,1310507.0,9.0595,9.361999999999998,0.12407446830114541,0.3382322066879904,10.03846441337598,8.685535586624017,10.376696620063969,8.347303379936028,10.71492882675196,8.009071173248037
20170424,ITSA3,ITAUSA,9.07,9.07,8.96,9.04,223368.0,9.044999999999998,9.339249999999998,0.10649932048214832,0.3281212057167706,9.995492411433538,8.683007588566458,10.32361361715031,8.354886382849687,10.65173482286708,8.026765177132916
20170425,ITSA3,ITAUSA,9.0,9.1,8.99,9.09,961758.0,9.049499999999998,9.317749999999998,0.10639919865152013,0.31498870553622405,9.947727411072446,8.687772588927551,10.26271611660867,8.372783883391326,10.577704822144895,8.057795177855102
20170426,ITSA3,ITAUSA,9.09,9.2,9.05,9.13,932745.0,9.046,9.301499999999999,0.10225870185595268,0.3072003438833567,9.915900687766712,8.687099312233286,10.223101031650069,8.379898968349929,10.530301375533426,8.072698624466572
20170427,ITSA3,ITAUSA,9.13,9.24,9.1,9.18,235948.0,9.046,9.287999999999998,0.10225870185595268,0.3001213429811712,9.888242685962341,8.687757314037656,10.188364028943512,8.387635971056485,10.488485371924684,8.087514628075313
20170428,ITSA3,ITAUSA,9.2,9.33,9.17,9.33,351293.0,9.05,9.279999999999998,0.11177985883917871,0.2944355747736827,9.868871149547363,8.691128850452632,10.163306724321046,8.396693275678949,10.457742299094729,8.102257700905266
20170502,ITSA3,ITAUSA,9.43,9.5,9.36,9.49,1651989.0,9.068999999999999,9.275499999999997,0.14871024457685067,0.2896589506511216,9.85481790130224,8.696182098697754,10.144476851953362,8.406523148046633,10.434135802604484,8.116864197395511
20170503,ITSA3,ITAUSA,9.48,9.55,9.36,9.48,913931.0,9.090499999999999,9.267749999999998,0.17464173854524784,0.2795095292169448,9.826769058433888,8.708730941566108,10.106278587650833,8.429221412349163,10.385788116867777,8.149711883132218
20170504,ITSA3,ITAUSA,9.43,9.45,9.28,9.3,903901.0,9.1005,9.256749999999998,0.18083068556554974,0.2689045917926665,9.794559183585331,8.718940816414666,10.063463775377999,8.450036224621998,10.332368367170664,8.181131632829333
20170505,ITSA3,ITAUSA,9.39,9.5,9.38,9.5,301702.0,9.119499999999999,9.252999999999998,0.20174175780464174,0.2642861696857794,9.781572339371557,8.72442766062844,10.045858509057336,8.46014149094266,10.310144678743116,8.19585532125688
20170508,ITSA3,ITAUSA,9.44,9.5,9.44,9.46,857816.0,9.137,9.251749999999998,0.21558000102538902,0.2631552870990933,9.778060574198184,8.725439425801811,10.041215861297278,8.462284138702717,10.30437114839637,8.199128851603625
20170509,ITSA3,ITAUSA,9.5,9.5,9.45,9.45,1865072.0,9.1625,9.250499999999999,0.22114236900336953,0.2620623335519009,9.7746246671038,8.726375332896197,10.036687000655702,8.464312999344296,10.298749334207603,8.202250665792395
20170510,ITSA3,ITAUSA,9.5,9.61,9.5,9.61,1648064.0,9.195,9.251749999999998,0.23700988209466645,0.263690645283934,9.779131290567866,8.72436870943213,10.0428219358518,8.460678064148196,10.306512581135733,8.196987418864262
20170511,ITSA3,ITAUSA,9.57,9.8,9.57,9.8,428499.0,9.2375,9.256249999999998,0.2652878278002002,0.27155475908090493,9.799359518161808,8.713140481838188,10.070914277242712,8.441585722757283,10.342469036323617,8.170030963676378
20170512,ITSA3,ITAUSA,9.8,9.9,9.77,9.86,653481.0,9.276,9.261249999999999,0.29676146721071095,0.28086119849582986,9.82297239699166,8.699527603008338,10.103833595487488,8.418666404512509,10.384694793983318,8.13780520601668
20170515,ITSA3,ITAUSA,9.89,9.91,9.8,9.8,621548.0,9.312500000000002,9.261499999999998,0.31445650690809923,0.28134794590803014,9.824195891816059,8.698804108183937,10.105543837724088,8.417456162275908,10.38689178363212,8.136108216367877
20170516,ITSA3,ITAUSA,9.88,9.89,9.76,9.78,271451.0,9.360500000000002,9.261499999999998,0.30853601683468296,0.28134794590803014,9.824195891816059,8.698804108183937,10.105543837724088,8.417456162275908,10.38689178363212,8.136108216367877
20170517,ITSA3,ITAUSA,9.8,9.8,9.53,9.53,867688.0,9.385000000000002,9.258499999999998,0.3011119742764023,0.2777154972915602,9.813930994583119,8.703069005416877,10.091646491874679,8.425353508125317,10.369361989166238,8.147638010833758
20170518,ITSA3,ITAUSA,8.69,9.04,8.3,8.62,3472154.0,9.364500000000003,9.232999999999999,0.3382225209595182,0.28841032023926244,9.809820640478524,8.656179359521474,10.098230960717785,8.367769039282212,10.386641280957049,8.079358719042949
20170519,ITSA3,ITAUSA,8.81,9.05,8.75,8.94,1087175.0,9.365500000000003,9.223999999999998,0.3368659736609317,0.2918622787267837,9.807724557453566,8.64027544254643,10.09958683618035,8.348413163819647,10.391449114907132,8.056550885092864
20170522,ITSA3,ITAUSA,8.9,8.9,8.47,8.56,1587396.0,9.347500000000004,9.203499999999998,0.36991997712165436,0.3089232748492588,9.821346549698516,8.58565345030148,10.130269824547774,8.276730175452222,10.439193099397034,7.967806900602963
20170523,ITSA3,ITAUSA,8.55,8.7,8.55,8.7,725223.0,9.330500000000004,9.187749999999998,0.3919515947557555,0.318228167619819,9.824206335239635,8.55129366476036,10.142434502859455,8.23306549714054,10.460662670479273,7.914837329520722
20170524,ITSA3,ITAUSA,8.8,8.85,8.67,8.8,637853.0,9.316000000000004,9.182749999999999,0.40641435946451043,0.32279220512941226,9.828334410258822,8.537165589741175,10.151126615388236,8.214373384611761,10.473918820517648,7.891581179482349
20170525,ITSA3,ITAUSA,8.78,8.82,8.5,8.65,2064250.0,9.292000000000005,9.168999999999999,0.4313821117243857,0.33357273454341263,9.836145469086825,8.501854530913173,10.169718203630236,8.168281796369762,10.503290938173649,7.834709061826349
20170526,ITSA3,ITAUSA,8.65,8.75,8.59,8.63,1043068.0,9.264500000000004,9.155249999999999,0.4557408658899332,0.3442717136514609,9.84379342730292,8.466706572697078,10.188065140954382,8.122434859045615,10.532336854605843,7.778163145394155
20170529,ITSA3,ITAUSA,8.7,8.7,8.45,8.56,1376757.0,9.226000000000003,9.137999999999998,0.4817009336441904,0.35647274862578354,9.850945497251566,8.42505450274843,10.20741824587735,8.068581754122647,10.563890994503133,7.712109005496864
20170530,ITSA3,ITAUSA,8.61,8.7,8.52,8.7,862656.0,9.186500000000002,9.127749999999997,0.49120983832081216,0.36313088337614435,9.854011766752286,8.401488233247708,10.21714265012843,8.038357349871564,10.580273533504574,7.6752264664954195
20170531,ITSA3,ITAUSA,8.78,8.78,8.57,8.63,623603.0,9.144000000000002,9.117249999999997,0.5011502558588279,0.37141439639054685,9.86007879278109,8.374421207218903,10.231493189171637,8.003006810828357,10.602907585562184,7.63159241443781
20170601,ITSA3,ITAUSA,8.63,8.66,8.4,8.49,499997.0,9.103500000000002,9.101999999999997,0.5202456403621174,0.38443565031194693,9.870871300623891,8.333128699376102,10.255306950935838,7.948693049064156,10.639742601247784,7.5642573987522095
20170602,ITSA3,ITAUSA,8.49,8.59,8.45,8.5,335446.0,9.053500000000003,9.086499999999997,0.528127526465461,0.3960157339531622,9.878531467906322,8.294468532093672,10.274547201859484,7.898452798140511,10.670562935812645,7.502437064187348
20170605,ITSA3,ITAUSA,8.5,8.54,8.45,8.5,312365.0,9.005500000000001,9.071249999999996,0.5328421806442165,0.4066888655143308,9.884627731028658,8.257872268971333,10.291316596542988,7.851183403457004,10.698005462057319,7.444494537942672
20170606,ITSA3,ITAUSA,8.5,8.64,8.48,8.64,757866.0,8.965000000000003,9.063749999999995,0.5280400702498562,0.4119041928683953,9.887558385736785,8.239941614263206,10.299462578605182,7.828037421394809,10.711366771473577,7.416133228526414
20170607,ITSA3,ITAUSA,8.64,8.78,8.64,8.74,605791.0,8.921500000000004,9.058249999999997,0.5075459533252544,0.4147837712870128,9.887817542574023,8.228682457425972,10.302601313861036,7.813898686138959,10.717385085148049,7.399114914851946
20170608,ITSA3,ITAUSA,8.7,8.72,8.59,8.6,706091.0,8.861500000000003,9.049499999999998,0.46758365420982084,0.4207743167554618,9.891048633510922,8.207951366489075,10.311822950266384,7.787177049733613,10.732597267021845,7.366402732978151
20170609,ITSA3,ITAUSA,8.64,8.67,8.49,8.57,874662.0,8.797000000000002,9.036499999999998,0.4077421786012883,0.4274704968077044,9.891440993615408,8.181559006384589,10.318911490423112,7.754088509576885,10.746381987230816,7.326618012769181
20170612,ITSA3,ITAUSA,8.57,8.59,8.4,8.5,600499.0,8.732000000000003,9.022249999999998,0.33689917279740694,0.43574567682513476,9.893741353650267,8.150758646349729,10.329487030475402,7.715012969524594,10.765232707300537,7.279267292699458
20170613,ITSA3,ITAUSA,8.51,8.61,8.5,8.55,296221.0,8.670500000000002,9.0155,0.23120906465565993,0.4410183437082627,9.897536687416524,8.133463312583475,10.338555031124788,7.692444968875211,10.779573374833051,7.251426625166949
20170614,ITSA3,ITAUSA,8.55,8.73,8.55,8.58,666566.0,8.623000000000003,9.003999999999998,0.11239498022129336,0.44632861298513066,9.896657225970259,8.111342774029737,10.34298583895539,7.665014161044606,10.78931445194052,7.218685548059475
20170616,ITSA3,ITAUSA,8.65,8.85,8.55,8.85,1555172.0,8.634500000000003,8.9995,0.12330855606971317,0.44696669984376974,9.893433399687538,8.10556660031246,10.340400099531308,7.65859990046869,10.787366799375079,7.21163320062492
20170619,ITSA3,ITAUSA,8.8,8.82,8.71,8.73,667057.0,8.624000000000002,8.99475,0.10323198198843564,0.4488388866328829,9.892427773265766,8.097072226734234,10.341266659898649,7.648233340101351,10.790105546531532,7.199394453468468
20170620,ITSA3,ITAUSA,8.78,8.78,8.52,8.53,401767.0,8.622500000000002,8.984999999999998,0.10442196784402501,0.45470193110855145,9.8944038622171,8.075596137782895,10.349105793325652,7.620894206674343,10.803807724434204,7.166192275565792
20170621,ITSA3,ITAUSA,8.56,8.61,8.45,8.57,231565144.0,8.616000000000003,8.973249999999997,0.103384820223421,0.4592937024695688,9.891837404939134,8.05466259506086,10.351131107408703,7.59536889259129,10.810424809878272,7.136075190121721
20170622,ITSA3,ITAUSA,8.6,8.61,8.45,8.47,917416.0,8.599500000000003,8.957749999999999,0.09870077054035867,0.4656701126829522,9.889090225365903,8.026409774634095,10.354760338048855,7.560739661951143,10.820430450731807,7.095069549268191
20170623,ITSA3,ITAUSA,8.5,8.57,8.41,8.47,686460.0,8.590500000000002,8.94125,0.10200490184298623,0.4710718138948173,9.883393627789635,7.999106372210366,10.354465441684452,7.528034558315548,10.825537255579269,7.056962744420731
20170626,ITSA3,ITAUSA,8.47,8.65,8.47,8.65,636427.0,8.591500000000002,8.927999999999999,0.10250930638109941,0.47163762708466206,9.871275254169323,7.984724745830675,10.342912881253985,7.513087118746013,10.814550508338648,7.041449491661351
20170627,ITSA3,ITAUSA,8.65,8.65,8.48,8.53,590615.0,8.590000000000002,8.907999999999998,0.10321158645687326,0.47111542491171204,9.850230849823422,7.965769150176573,10.321346274735134,7.494653725264861,10.792461699646847,7.02353830035315
20170628,ITSA3,ITAUSA,8.57,8.58,8.46,8.5,682060.0,8.580000000000002,8.883249999999999,0.10167026165629904,0.46573012709298783,9.814710254185973,7.951789745814023,10.280440381278963,7.486059618721035,10.74617050837195,7.020329491628047
20170629,ITSA3,ITAUSA,8.58,8.63,8.51,8.63,332456.0,8.580000000000002,8.861999999999998,0.10167026165629904,0.4571158187974588,9.776231637594917,7.947768362405081,10.233347456392375,7.490652543607622,10.690463275189833,7.033536724810164
20170630,ITSA3,ITAUSA,8.63,8.76,8.63,8.63,421819.0,8.587000000000002,8.845249999999997,0.09995262035477953,0.4529107428905174,9.751071485781031,7.939428514218962,10.20398222867155,7.486517771328444,10.656892971562065,7.033607028437927
20170703,ITSA3,ITAUSA,8.63,8.74,8.63,8.71,380976.0,8.597500000000002,8.825499999999996,0.10135269321063929,0.4406868182676572,9.706873636535311,7.944126363464682,10.147560454802967,7.503439545197025,10.588247273070625,7.062752726929368
20170704,ITSA3,ITAUSA,8.7,8.78,8.68,8.69,388208.0,8.607000000000003,8.806249999999997,0.10063482707815456,0.4289204546419484,9.664090909283894,7.9484090907161,10.093011363925843,7.5194886360741515,10.52193181856779,7.090568181432204
20170705,ITSA3,ITAUSA,8.7,8.84,8.7,8.75,590175.0,8.612500000000002,8.788749999999997,0.10542520421705634,0.416069443784666,9.620888887569329,7.956611112430664,10.036958331353995,7.540541668645998,10.453027775138661,7.124472224861333
20170706,ITSA3,ITAUSA,8.83,8.87,8.66,8.76,310966.0,8.613500000000002,8.767499999999997,0.1067843375071439,0.3941804220508731,9.555860844101742,7.979139155898251,9.950041266152615,7.584958733847377,10.34422168820349,7.190778311796504
20170707,ITSA3,ITAUSA,8.78,8.79,8.66,8.67,565397.0,8.617,8.739249999999997,0.10746358012196104,0.35702752533404636,9.453305050668089,8.025194949331905,9.810332576002136,7.668167423997858,10.167360101336183,7.311139898663811
20170710,ITSA3,ITAUSA,8.72,8.74,8.67,8.74,1190524.0,8.625500000000002,8.711249999999996,0.11023778127779198,0.3073391803771056,9.325928360754208,8.096571639245784,9.633267541131312,7.789232458868679,9.940606721508418,7.481893278491574
20170711,ITSA3,ITAUSA,8.74,8.89,8.73,8.89,431665.0,8.645000000000001,8.688499999999996,0.12085223687583399,0.2536760502324524,9.1958521004649,8.181147899535091,9.449528150697352,7.927471849302639,9.703204200929806,7.673795799070186
20170712,ITSA3,ITAUSA,8.89,8.95,8.78,8.9,1453578.0,8.662500000000001,8.666499999999996,0.13126409698730596,0.18561816334642967,9.037736326692855,8.295263673307137,9.223354490039284,8.109645509960707,9.408972653385714,7.924027346614277
20170713,ITSA3,ITAUSA,8.95,9.0,8.91,8.95,802281.0,8.681000000000001,8.651999999999997,0.14443720179772335,0.13107445525544667,8.91414891051089,8.389851089489104,9.045223365766338,8.258776634233657,9.176297821021784,8.127702178978211
20170714,ITSA3,ITAUSA,9.05,9.05,8.92,8.95,797316.0,8.686,8.660249999999996,0.15212183482846028,0.1391455150515949,8.938541030103186,8.381958969896806,9.07768654515478,8.242813454845212,9.216832060206375,8.103667939793617
20170717,ITSA3,ITAUSA,8.95,9.01,8.92,8.94,480527.0,8.6965,8.660249999999996,0.16223034306357376,0.1391455150515949,8.938541030103186,8.381958969896806,9.07768654515478,8.242813454845212,9.216832060206375,8.103667939793617
20170718,ITSA3,ITAUSA,8.94,9.05,8.94,9.05,399223.0,8.7225,8.672499999999996,0.17528548142957784,0.15114520103156137,8.97479040206312,8.370209597936872,9.12593560309468,8.219064396905312,9.277080804126241,8.06791919587375
20170719,ITSA3,ITAUSA,9.05,9.1,8.93,8.94,807270.0,8.741000000000001,8.678499999999996,0.17784972959155299,0.15691823773332605,8.992336475466649,8.364663524533343,9.149254713199975,8.207745286800018,9.3061729509333,8.050827049066692
20170720,ITSA3,ITAUSA,9.08,9.08,8.91,8.99,322032.0,8.767000000000001,8.683249999999997,0.17411732281787054,0.16343096244952726,9.010111924899052,8.356388075100943,9.17354288734858,8.192957112651415,9.336973849798106,8.029526150201889
20170721,ITSA3,ITAUSA,8.99,8.99,8.7,8.78,2620462.0,8.782500000000002,8.686499999999997,0.15946869021188553,0.16404424043687765,9.014588480873753,8.358411519126241,9.17863272131063,8.194367278689365,9.342676961747507,8.030323038252487
20170724,ITSA3,ITAUSA,8.85,8.95,8.83,8.94,971171.0,8.797,8.694249999999997,0.15997039199736074,0.16856692348235766,9.031383846964712,8.357116153035282,9.199950770447069,8.188549229552924,9.368517693929427,8.019982306070567
20170725,ITSA3,ITAUSA,8.99,9.0,8.86,8.97,1269988.0,8.819,8.704499999999998,0.15134137083532656,0.17261116819202277,9.049722336384043,8.359277663615952,9.222333504576065,8.18666649542393,9.394944672768089,8.014055327231906
20170726,ITSA3,ITAUSA,8.96,8.99,8.87,8.9,368552.0,8.839000000000002,8.709499999999997,0.13218408216932812,0.17535239245148881,9.060204784902975,8.358795215097018,9.235557177354464,8.18344282264553,9.410909569805952,8.008090430194041
20170727,ITSA3,ITAUSA,9.0,9.0,8.89,8.9,214529.0,8.852500000000003,8.716249999999997,0.12319753073397177,0.17739839995809362,9.071046799916184,8.36145320008381,9.248445199874277,8.184054800125717,9.42584359983237,8.006656400167623
20170728,ITSA3,ITAUSA,8.91,8.96,8.88,8.91,259471.0,8.866500000000002,8.726749999999997,0.1119809664278086,0.17608837379172665,9.07892674758345,8.374573252416544,9.255015121375177,8.198484878624818,9.431103495166903,8.022396504833091
20170731,ITSA3,ITAUSA,8.92,8.98,8.9,8.97,449047.0,8.879500000000002,8.738499999999998,0.10787297598272402,0.17625084106000316,9.091001682120005,8.385998317879992,9.267252523180009,8.209747476819988,9.44350336424001,8.033496635759986
20170801,ITSA3,ITAUSA,9.05,9.28,9.05,9.21,1227931.0,8.905500000000002,8.756249999999998,0.12158925679689962,0.18703746368177793,9.130324927363553,8.382175072636443,9.317362391045332,8.195137608954663,9.50439985472711,8.008100145272886
20170802,ITSA3,ITAUSA,9.21,9.36,9.2,9.31,672659.0,8.933500000000002,8.772999999999998,0.14593708089087284,0.20545384408981435,9.183907688179627,8.36209231182037,9.38936153226944,8.156638467730556,9.594815376359255,7.95118462364074
20170803,ITSA3,ITAUSA,9.35,9.43,9.33,9.33,825817.0,8.962000000000003,8.787749999999997,0.164719857876789,0.22341736842246687,9.234584736844932,8.340915263155063,9.458002105267397,8.117497894732598,9.681419473689864,7.8940805263101295
20170804,ITSA3,ITAUSA,9.35,9.4,9.27,9.27,439692.0,8.992000000000004,8.804499999999996,0.1633723548088604,0.23385235315669353,9.272204706313383,8.336795293686608,9.506057059470077,8.102942940529914,9.73990941262677,7.869090587373221
20170807,ITSA3,ITAUSA,9.27,9.46,9.27,9.42,859907.0,9.026000000000003,8.825749999999996,0.17824879124120485,0.2500552503050639,9.325860500610123,8.325639499389869,9.575915750915188,8.075584249084804,9.825971001220251,7.82552899877974
20170808,ITSA3,ITAUSA,9.45,9.59,9.4,9.4,3555001.0,9.051500000000004,8.848249999999997,0.19358868496730894,0.26027487934972304,9.368799758699442,8.327700241300551,9.629074638049167,8.067425361950827,9.88934951739889,7.807150482601104
20170809,ITSA3,ITAUSA,9.45,9.45,9.32,9.4,341805.0,9.076500000000005,8.869499999999995,0.20494607763225456,0.26982377915015565,9.409147558300306,8.329852441699684,9.678971337450463,8.060028662549527,9.948795116600618,7.7902048833993724
20170810,ITSA3,ITAUSA,9.43,9.43,9.36,9.41,891229.0,9.099500000000004,8.890249999999996,0.21554032471663334,0.27875628083070036,9.447762561661397,8.332737438338595,9.726518842492098,8.053981157507895,10.005275123322798,7.7752248766771945
20170811,ITSA3,ITAUSA,9.44,9.54,9.4,9.51,897354.0,9.127500000000005,8.906749999999995,0.23092206477512026,0.29535191959805623,9.497453839196108,8.316046160803882,9.792805758794163,8.020694241205828,10.08815767839222,7.72534232160777
20170814,ITSA3,ITAUSA,9.56,9.74,9.54,9.63,538413.0,9.162000000000004,8.929249999999994,0.2520150371453535,0.3151587918852406,9.559567583770475,8.298932416229514,9.874726375655715,7.9837736243442725,10.189885167540957,7.668614832459032
20170815,ITSA3,ITAUSA,9.62,9.69,9.6,9.61,697413.0,9.190000000000003,8.956249999999995,0.26942433758704215,0.3261483656409407,9.608546731281876,8.303953268718114,9.934695096922818,7.977804903077173,10.260843462563757,7.651656537436232
20170816,ITSA3,ITAUSA,9.69,9.76,9.53,9.71,1431977.0,9.228500000000004,8.984749999999995,0.2863063320806585,0.3410014474741825,9.66675289494836,8.30274710505163,10.007754342422542,7.961745657577447,10.348755789896725,7.620744210103265
20170817,ITSA3,ITAUSA,9.71,9.71,9.44,9.44,346171.0,9.251000000000003,9.008999999999995,0.2842515564925334,0.3379333874582015,9.684866774916397,8.333133225083593,10.0228001623746,7.995199837625391,10.360733549832801,7.657266450167189
20170818,ITSA3,ITAUSA,9.57,9.66,9.55,9.66,330840.0,9.295000000000003,9.038749999999995,0.2754804415638575,0.3416264829402933,9.72200296588058,8.35549703411941,10.063629448820874,8.013870551179116,10.405255931761168,7.672244068238822
20170821,ITSA3,ITAUSA,9.6,9.7,9.33,9.62,696507.0,9.329000000000004,9.062999999999995,0.27129125929234943,0.3476971862603061,9.758394372520607,8.367605627479383,10.106091558780914,8.019908441219076,10.45378874504122,7.672211254958771
20170822,ITSA3,ITAUSA,9.69,9.84,9.67,9.82,1046379.0,9.371500000000003,9.095249999999997,0.2785729612450756,0.3567013223038766,9.808652644607749,8.381847355392244,10.165353966911626,8.025146033088367,10.522055289215503,7.66844471078449
20170823,ITSA3,ITAUSA,9.82,9.93,9.75,9.93,818126.0,9.423000000000004,9.130999999999997,0.28200597231452623,0.36702406823894734,9.865048136477892,8.396951863522101,10.23207220471684,8.029927795283154,10.599096272955785,7.662903727044207
20170824,ITSA3,ITAUSA,9.9,9.97,9.83,9.92,1700289.0,9.474000000000002,9.163249999999996,0.27457910373977007,0.3783729505971465,9.919995901194289,8.406504098805703,10.298368851791436,8.028131148208557,10.676741802388582,7.64975819761141
20170825,ITSA3,ITAUSA,9.99,9.99,9.88,9.92,578410.0,9.524500000000002,9.195499999999997,0.25775294168520746,0.3866420195504523,9.968784039100901,8.422215960899093,10.355426058651354,8.035573941348641,10.742068078201807,7.648931921798188
20170828,ITSA3,ITAUSA,9.99,10.0,9.86,9.89,476158.0,9.570500000000003,9.224999999999998,0.23464362675972547,0.39360268917155306,10.012205378343104,8.437794621656892,10.405808067514657,8.044191932485338,10.79941075668621,7.650589243313785
20170829,ITSA3,ITAUSA,9.89,10.07,9.71,10.07,831008.0,9.613500000000002,9.259499999999997,0.24372709069131507,0.40579741061463165,10.071094821229261,8.447905178770734,10.476892231843893,8.042107768156102,10.882689642458525,7.636310357541471
20170830,ITSA3,ITAUSA,10.08,10.08,9.96,10.05,324388.0,9.650500000000003,9.291999999999998,0.25128040533490476,0.4158784339141349,10.123756867828268,8.460243132171728,10.539635301742402,8.044364698257594,10.955513735656538,7.628486264343458
20170831,ITSA3,ITAUSA,10.05,10.2,9.8,9.88,750552.0,9.678,9.319999999999997,0.24435952804705535,0.4168440647999875,10.153688129599972,8.486311870400021,10.57053219439996,8.069467805600034,10.987376259199946,7.652623740800047
20170901,ITSA3,ITAUSA,9.89,10.03,9.89,10.01,1798601.0,9.715,9.353499999999997,0.23518190048513732,0.417111864722534,10.187723729445064,8.51927627055493,10.604835594167598,8.102164405832395,11.021947458890132,7.685052541109861
20170904,ITSA3,ITAUSA,9.93,9.99,9.9,9.95,500104.0,9.7415,9.383749999999996,0.2299948512009761,0.4153508711364983,10.214451742272992,8.553048257727,10.62980261340949,8.137697386590501,11.045153484545988,7.722346515454002
20170905,ITSA3,ITAUSA,9.98,10.08,9.91,9.96,528741.0,9.7695,9.410499999999995,0.22010703138057597,0.4171880840051636,10.244876168010322,8.576123831989669,10.662064252015487,8.158935747984504,11.07925233602065,7.741747663979341
20170906,ITSA3,ITAUSA,9.98,10.28,9.98,10.21,1381211.0,9.81,9.443249999999995,0.22304118099818443,0.42737953768374476,10.298009075367485,8.588490924632506,10.72538861305123,8.161111386948761,11.152768150734975,7.733731849265016
20170908,ITSA3,ITAUSA,10.21,10.35,10.21,10.29,619685.0,9.854000000000001,9.476749999999997,0.2267481793578899,0.4400547023105687,10.356859404621135,8.59664059537886,10.796914106931704,8.156585893068291,11.236968809242272,7.716531190757722
20170911,ITSA3,ITAUSA,10.26,10.56,10.26,10.45,838540.0,9.901,9.514249999999997,0.24810651362927963,0.4575794032257272,10.429408806451452,8.599091193548542,10.88698820967718,8.141511790322815,11.344567612902907,7.683932387097088
20170912,ITSA3,ITAUSA,10.4,10.52,10.4,10.5,1971567.0,9.944500000000001,9.553249999999997,0.2731006176639556,0.473580943721781,10.500411887443558,8.606088112556435,10.97399283116534,8.132507168834653,11.44757377488712,7.6589262251128725
20170913,ITSA3,ITAUSA,10.44,10.5,10.38,10.5,304526.0,9.989,9.589499999999997,0.2878395020621416,0.4893058924744918,10.56811178494898,8.610888215051014,11.057417677423473,8.121582322576522,11.546723569897965,7.6322764301020305
20170914,ITSA3,ITAUSA,10.48,10.55,10.39,10.5,986217.0,10.028500000000001,9.628499999999997,0.30142250466048975,0.4982973574184986,10.625094714836994,8.631905285163,11.123392072255493,8.133607927744501,11.621689429673992,7.635310570326003
20170915,ITSA3,ITAUSA,10.48,10.84,10.45,10.84,2785462.0,10.098500000000001,9.674749999999996,0.319576611356854,0.5227687016115425,10.72028740322308,8.629212596776911,11.243056104834624,8.106443895165368,11.765824806446165,7.583675193553826
20170918,ITSA3,ITAUSA,10.85,10.94,10.68,10.79,1230926.0,10.155000000000001,9.724999999999998,0.3373659577872348,0.5310946605470074,10.787189321094013,8.662810678905982,11.31828398164102,8.131716018358976,11.849378642188027,7.600621357811969
20170919,ITSA3,ITAUSA,10.75,10.75,10.52,10.7,1132985.0,10.209,9.768999999999997,0.3336386321188231,0.5372618136535099,10.843523627307016,8.694476372692977,11.380785440960526,8.157214559039467,11.918047254614036,7.619952745385957
20170920,ITSA3,ITAUSA,10.7,10.88,10.4,10.62,1146220.0,10.249,9.810249999999996,0.33250089038268377,0.5376849115444533,10.885619823088902,8.73488017691109,11.423304734633357,8.197195265366636,11.96098964617781,7.659510353822183
20170921,ITSA3,ITAUSA,10.55,10.66,10.3,10.55,1504542.0,10.280000000000001,9.851499999999998,0.3300877076427668,0.5292885888212715,10.910077177642542,8.792922822357454,11.439365766463812,8.263634233536184,11.968654355285084,7.734345644714912
20170922,ITSA3,ITAUSA,10.54,10.64,10.45,10.5,565755.0,10.309000000000001,9.891499999999997,0.3221784402601076,0.5158242097697802,10.923148419539558,8.859851580460436,11.438972629309337,8.344027370690657,11.954796839079117,7.828203160920877
20170925,ITSA3,ITAUSA,10.5,10.55,10.4,10.42,354106.0,10.334000000000001,9.929249999999998,0.30955655889983896,0.49706516881721347,10.923380337634425,8.93511966236557,11.420445506451639,8.438054493548357,11.917510675268852,7.940989324731144
20170926,ITSA3,ITAUSA,10.42,10.54,10.4,10.45,903500.0,10.362,9.966249999999997,0.29211749618768523,0.4785699182634337,10.923389836526864,9.00911016347313,11.401959754790298,8.530540245209696,11.880529673053731,8.051970326946263
20170927,ITSA3,ITAUSA,10.5,10.69,10.29,10.3,575456.0,10.373500000000002,9.993499999999997,0.2844435935203179,0.46525179287052054,10.924003585741039,9.062996414258956,11.389255378611558,8.597744621388436,11.85450717148208,8.132492828517915
20170928,ITSA3,ITAUSA,10.4,10.7,10.26,10.31,931865.0,10.386500000000002,10.018499999999998,0.2746533700580162,0.4543214156497047,10.927142831299408,9.109857168700588,11.381464246949111,8.655535753050884,11.835785662598816,8.20121433740118
20170929,ITSA3,ITAUSA,10.44,10.53,10.31,10.49,655639.0,10.417000000000002,10.047499999999998,0.2480258899898928,0.4461961739426153,10.939892347885229,9.155107652114767,11.386088521827844,8.708911478172151,11.83228469577046,8.262715304229536
20171002,ITSA3,ITAUSA,10.49,10.49,10.36,10.43,765741.0,10.438000000000002,10.0765,0.22878627121125983,0.43183300428492777,10.940166008569856,9.212833991430143,11.371999012854783,8.781000987145216,11.80383201713971,8.349167982860289
20171003,ITSA3,ITAUSA,10.43,10.67,10.41,10.67,1859274.0,10.474000000000002,10.10775,0.2031696206051912,0.4283210364392729,10.964392072878546,9.251107927121453,11.392713109317818,8.822786890682181,11.82103414575709,8.394465854242908
20171004,ITSA3,ITAUSA,10.69,10.75,10.56,10.71,1148882.0,10.511500000000002,10.1405,0.16977616843490284,0.4228653783476851,10.98623075669537,9.294769243304629,11.409096135043054,8.871903864956945,11.83196151339074,8.44903848660926
20171005,ITSA3,ITAUSA,10.75,10.98,10.75,10.92,2184479.0,10.547,10.1785,0.17747053128251963,0.4229114594854402,11.02432291897088,9.33267708102912,11.44723437845632,8.909765621543679,11.87014583794176,8.48685416205824
20171006,ITSA3,ITAUSA,10.96,10.96,10.68,10.8,558655.0,10.572500000000002,10.213249999999999,0.17522541872809622,0.41518230472149054,11.04361460944298,9.382885390557018,11.45879691416447,8.967703085835527,11.87397921888596,8.552520781114037
20171009,ITSA3,ITAUSA,10.8,10.8,10.57,10.66,496971.0,10.583000000000002,10.242,0.1737845005505226,0.40492607745751635,11.051852154915034,9.432147845084968,11.45677823237255,9.027221767627452,11.861704309830067,8.622295690169935
20171010,ITSA3,ITAUSA,10.77,11.0,10.7,10.82,558671.0,10.599000000000002,10.27175,0.18034761755540457,0.4025170007557917,11.076784001511584,9.466715998488418,11.479301002267377,9.064198997732625,11.881818003023168,8.661681996976833
20171011,ITSA3,ITAUSA,10.96,10.96,10.7,10.86,936765.0,10.617,10.303,0.18775964478700446,0.398324696827307,11.099649393654614,9.506350606345388,11.497974090481922,9.10802590951808,11.89629878730923,8.709701212690772
20171013,ITSA3,ITAUSA,10.86,10.95,10.8,10.94,474649.0,10.639000000000001,10.33375,0.19878314023609023,0.3988489046217257,11.131447809243452,9.536052190756548,11.530296713865177,9.137203286134824,11.929145618486903,8.738354381513098
20171016,ITSA3,ITAUSA,10.9,10.96,10.83,10.94,1113848.0,10.644000000000002,10.37125,0.20525721988715848,0.38285826191679634,11.136966523833593,9.605533476166407,11.519824785750389,9.22267521424961,11.902683047667185,8.839816952332814
20171017,ITSA3,ITAUSA,10.92,10.92,10.77,10.79,457580.0,10.644000000000002,10.3995,0.20525721988715848,0.37052250009537124,11.140545000190743,9.658454999809257,11.511067500286114,9.287932499713886,11.881590000381484,8.917409999618515
20171018,ITSA3,ITAUSA,10.8,10.86,10.73,10.73,786985.0,10.645500000000002,10.42725,0.20579691062080716,0.3517355322047885,11.130721064409578,9.723778935590424,11.482456596614366,9.372043403385636,11.834192128819154,9.020307871180847
20171019,ITSA3,ITAUSA,10.8,10.81,10.62,10.73,285402.0,10.651,10.450000000000001,0.20654807010275783,0.340708161455009,11.131416322910018,9.768583677089984,11.472124484365029,9.427875515634973,11.812832645820038,9.087167354179964
20171020,ITSA3,ITAUSA,10.75,10.79,10.7,10.7,310200.0,10.6585,10.46925,0.20540781002938646,0.3322216397959637,11.133693279591927,9.804806720408074,11.465914919387892,9.47258508061211,11.798136559183856,9.140363440816145
20171023,ITSA3,ITAUSA,10.7,10.76,10.44,10.56,1057561.0,10.6615,10.48525,0.20339939967829196,0.3202882315697102,11.125826463139422,9.84467353686058,11.44611469470913,9.52438530529087,11.766402926278841,9.20409707372116
20171024,ITSA3,ITAUSA,10.59,10.67,10.46,10.63,1321147.0,10.672,10.503,0.19554512199709292,0.30758113376173585,11.118162267523472,9.887837732476529,11.425743401285208,9.580256598714792,11.733324535046943,9.272675464953057
20171025,ITSA3,ITAUSA,10.64,10.85,10.56,10.8,1439398.0,10.6895,10.52575,0.19022078584749058,0.29445201167505747,11.114654023350115,9.936845976649886,11.409106035025173,9.642393964974827,11.70355804670023,9.34794195329977
20171026,ITSA3,ITAUSA,10.79,10.85,10.55,10.79,1008249.0,10.714,10.543750000000001,0.16762740637627502,0.2878094766886522,11.119368953377306,9.968131046622696,11.407178430065958,9.680321569934044,11.69498790675461,9.392512093245392
20171027,ITSA3,ITAUSA,10.76,10.79,10.59,10.67,1077425.0,10.732,10.559250000000002,0.13881452980227374,0.277029920627859,11.11330984125572,10.005190158744284,11.39033976188358,9.728160238116425,11.667369682511438,9.451130317488566
20171030,ITSA3,ITAUSA,10.6,10.7,10.33,10.36,1566418.0,10.7255,10.571250000000003,0.15305571740903637,0.2564869917229291,11.084223983445861,10.058276016554144,11.34071097516879,9.801789024831216,11.59719796689172,9.545302033108285
20171031,ITSA3,ITAUSA,10.37,10.48,10.08,10.08,1696073.0,10.708,10.573000000000002,0.2010917570087295,0.25277130638847106,11.078542612776944,10.06745738722306,11.331313919165416,9.814686080834589,11.584085225553887,9.561914774446118
20171101,ITSA3,ITAUSA,10.2,10.26,10.01,10.16,744490.0,10.682500000000001,10.578250000000002,0.2355480730909465,0.24142618450388414,11.06110236900777,10.095397630992235,11.302528553511655,9.85397144648835,11.54395473801554,9.612545261984465
20171103,ITSA3,ITAUSA,10.16,10.27,10.06,10.15,1805929.0,10.6545,10.583000000000002,0.26370787266458134,0.2305756452991711,11.044151290598345,10.12184870940166,11.274726935897515,9.891273064102489,11.505302581196686,9.660697418803318
20171106,ITSA3,ITAUSA,10.16,10.25,10.12,10.19,488951.0,10.618,10.582500000000003,0.2752912333473602,0.23142534931958791,11.04535069863918,10.119649301360827,11.276776047958768,9.888223952041239,11.508201397278356,9.65679860272165
20171107,ITSA3,ITAUSA,10.25,10.25,9.91,9.92,2669696.0,10.574,10.573250000000003,0.3124841048589349,0.25006037732454384,11.07337075464909,10.073129245350916,11.323431131973635,9.823068868026372,11.57349150929818,9.573008490701827
20171108,ITSA3,ITAUSA,10.05,10.26,9.95,10.25,806098.0,10.5535,10.568250000000003,0.3199058249580982,0.2545472350503847,11.077344470100773,10.059155529899233,11.331891705151156,9.80460829484885,11.58643894020154,9.550061059798464
20171109,ITSA3,ITAUSA,10.25,10.25,10.02,10.08,1333076.0,10.5165,10.557750000000002,0.33009209241316323,0.2658463745695919,11.089442749139186,10.026057250860818,11.355289123708777,9.760210876291227,11.62113549827837,9.494364501721634
20171110,ITSA3,ITAUSA,10.09,10.1,9.98,10.07,386128.0,10.477,10.547000000000002,0.3340674372512158,0.27671331086569956,11.100426621731401,9.993573378268604,11.377139932597101,9.716860067402903,11.6538532434628,9.440146756537205
20171113,ITSA3,ITAUSA,10.07,10.07,9.9,10.02,928309.0,10.431000000000001,10.535000000000002,0.33027739537357487,0.2889414810773634,11.112882962154728,9.957117037845276,11.401824443232092,9.668175556767912,11.690765924309456,9.379234075690547
20171114,ITSA3,ITAUSA,10.04,10.15,9.93,9.97,569349.0,10.382500000000002,10.513250000000003,0.3227329839780624,0.29799662276523864,11.10924324553048,9.917256754469525,11.407239868295719,9.619260131704287,11.705236491060958,9.321263508939047
20171116,ITSA3,ITAUSA,9.89,10.12,9.89,10.1,488268.0,10.348000000000003,10.496000000000004,0.3136306913016192,0.3015158285592907,11.099031657118585,9.892968342881423,11.400547485677876,9.591452514322132,11.702063314237167,9.289936685762841
20171117,ITSA3,ITAUSA,10.15,10.24,10.0,10.2,958080.0,10.321500000000002,10.483500000000003,0.3018238419657451,0.3032012955793993,11.089902591158802,9.877097408841204,11.393103886738201,9.573896113261805,11.6963051823176,9.270694817682406
20171121,ITSA3,ITAUSA,10.21,10.5,10.21,10.33,726811.0,10.301500000000003,10.476250000000004,0.2861776224287339,0.3033208295535047,11.082891659107013,9.869608340892995,11.386212488660519,9.566287511339489,11.689533318214023,9.262966681785985
20171122,ITSA3,ITAUSA,10.33,10.4,10.25,10.35,285136.0,10.284000000000002,10.471250000000003,0.27081553247846496,0.30372210223264284,11.07869420446529,9.863805795534716,11.382416306697932,9.560083693302074,11.686138408930574,9.256361591069432
20171123,ITSA3,ITAUSA,10.34,10.34,10.22,10.28,446393.0,10.270000000000003,10.465750000000003,0.26291883878773153,0.30517659872647007,11.076103197452944,9.855396802547062,11.381279796179413,9.550220203820594,11.686456394905884,9.245043605094123
20171124,ITSA3,ITAUSA,10.35,10.35,10.25,10.29,138798.0,10.253000000000004,10.462500000000002,0.24904237644058347,0.3063662129058244,11.07523242581165,9.849767574188354,11.381598638717476,9.543401361282529,11.687964851623299,9.237035148376705
20171127,ITSA3,ITAUSA,10.27,10.32,10.05,10.26,593306.0,10.226000000000003,10.457750000000003,0.2133294955795515,0.3080333606641524,11.073816721328308,9.841683278671697,11.381850081992459,9.533649918007546,11.689883442656612,9.225616557343393
20171128,ITSA3,ITAUSA,10.35,10.44,10.28,10.28,632195.0,10.200500000000002,10.457250000000002,0.16803743317303993,0.3083120921304363,11.073874184260875,9.840625815739129,11.38218627639131,9.532313723608693,11.690498368521748,9.224001631478256
20171129,ITSA3,ITAUSA,10.35,10.36,10.0,10.09,628079.0,10.171500000000004,10.45175,0.12803268497172218,0.3129339038920658,11.077617807784133,9.825882192215868,11.390551711676197,9.512948288323804,11.703485615568264,9.200014384431737
20171130,ITSA3,ITAUSA,10.16,10.16,9.91,9.95,1476180.0,10.151000000000002,10.43825,0.12908177742490834,0.322735801292478,11.083721602584957,9.792778397415043,11.406457403877434,9.470042596122566,11.729193205169912,9.147306794830088
20171201,ITSA3,ITAUSA,9.94,10.1,9.87,10.09,1029856.0,10.151500000000002,10.42975,0.12881136759257047,0.32740226570649134,11.084554531412984,9.774945468587017,11.411956797119474,9.447543202880526,11.739359062825965,9.120140937174035
20171204,ITSA3,ITAUSA,10.09,10.3,10.02,10.1,725350.0,10.148500000000002,10.4155,0.1293007510053287,0.32907757638899005,11.07365515277798,9.75734484722202,11.40273272916697,9.428267270833029,11.73181030555596,9.09918969444404
20171205,ITSA3,ITAUSA,10.15,10.29,10.0,10.0,534302.0,10.141000000000002,10.39775,0.13349157276778084,0.33192127194446414,11.061592543888928,9.733907456111073,11.393513815833392,9.401986184166608,11.725435087777857,9.070064912222144
20171206,ITSA3,ITAUSA,10.07,10.2,9.91,10.2,739641.0,10.1415,10.37975,0.13370332436923227,0.32225557224996726,11.024261144499935,9.735238855500064,11.346516716749901,9.412983283250098,11.668772288999868,9.090727711000131
20171207,ITSA3,ITAUSA,10.0,10.1,9.88,10.06,683681.0,10.148500000000002,10.36125,0.12486940546454255,0.3187329683735351,10.99871593674707,9.72378406325293,11.317448905120605,9.405051094879395,11.63618187349414,9.08631812650586
20171208,ITSA3,ITAUSA,10.16,10.21,10.12,10.18,363660.0,10.145000000000001,10.34925,0.12283921883594928,0.31622279958023064,10.98169559916046,9.71680440083954,11.297918398740691,9.400581601259308,11.614141198320922,9.084358801679077
20171211,ITSA3,ITAUSA,10.18,10.23,10.13,10.19,176112.0,10.150500000000001,10.333499999999999,0.12223682794182299,0.3077507316327817,10.949001463265562,9.717998536734436,11.256752194898343,9.410247805101655,11.564502926531127,9.102497073468871
20171212,ITSA3,ITAUSA,10.18,10.2,10.0,10.2,332714.0,10.157,10.316999999999998,0.12118276757819323,0.296277762953132,10.909555525906262,9.724444474093735,11.205833288859395,9.428166711140602,11.502111051812527,9.13188894818747
20171213,ITSA3,ITAUSA,10.19,10.29,10.06,10.19,689451.0,10.1655,10.29825,0.11695590712119665,0.27907252526713133,10.856395050534262,9.740104949465737,11.135467575801393,9.461032424198606,11.414540101068525,9.181959898931474
20171214,ITSA3,ITAUSA,10.2,10.4,10.0,10.4,8222550.0,10.187000000000001,10.284749999999999,0.1186369960936341,0.25961497625798685,10.803979952515972,9.765520047484026,11.06359492877396,9.505905071226039,11.323209905031947,9.246290094968051
20171215,ITSA3,ITAUSA,10.36,10.55,10.32,10.44,4543081623.0,10.204,10.275999999999998,0.1293872197382518,0.24777781610516555,10.77155563221033,9.780444367789666,11.019333448315495,9.532666551684501,11.26711126442066,9.284888735579337
20171218,ITSA3,ITAUSA,10.5,10.64,10.44,10.44,2463676.0,10.216000000000001,10.268749999999997,0.13971399357264,0.23821114852594596,10.745172297051889,9.792327702948105,10.983383445577836,9.554116554422158,11.221594594103781,9.315905405896213
20171219,ITSA3,ITAUSA,10.44,10.46,10.25,10.26,722770.0,10.2125,10.256999999999996,0.13756816492203305,0.2261630906884288,10.709326181376854,9.804673818623138,10.935489272065283,9.57851072793471,11.161652362753712,9.35234763724628
20171220,ITSA3,ITAUSA,10.37,10.5,10.33,10.41,423540.0,10.2155,10.249749999999997,0.14132735422644577,0.2160186067484402,10.681787213496877,9.817712786503117,10.897805820245317,9.601694179754677,11.113824426993759,9.385675573006235
20171221,ITSA3,ITAUSA,10.49,10.65,10.46,10.62,733754.0,10.2325,10.251249999999997,0.16751669201986671,0.2184231073997269,10.688096214799451,9.814403785200543,10.906519322199177,9.595980677800817,11.124942429598905,9.37755757040109
20171222,ITSA3,ITAUSA,10.61,10.72,10.59,10.7,526944.0,10.253,10.252999999999997,0.1973535432989419,0.2217899213913202,10.696579842782636,9.809420157217357,10.918369764173956,9.587630235826037,11.140159685565278,9.365840314434715
20171226,ITSA3,ITAUSA,10.59,10.63,10.51,10.59,504293.0,10.2695,10.247749999999996,0.21127370623762967,0.21071900721102188,10.66918801442204,9.826311985577952,10.879907021633063,9.61559297836693,11.090626028844085,9.404873971155908
20171227,ITSA3,ITAUSA,10.6,10.85,10.54,10.55,669053.0,10.283000000000001,10.241749999999996,0.22040871126163747,0.19791072190801717,10.63757144381603,9.845928556183962,10.835482165724049,9.648017834275944,11.033392887632065,9.450107112367927
20171228,ITSA3,ITAUSA,10.55,10.61,10.51,10.52,302804.0,10.3045,10.237999999999996,0.22156085061745828,0.19088458051116042,10.619769161022317,9.856230838977675,10.810653741533477,9.665346258466515,11.001538322044638,9.474461677955354
