DATA DO PREGAO,CODIGO DE NEGOCIACAO DO PAPEL,NOME RESUMIDO DA EMPRESA EMISSORA,PRECO DE ABERTURA,PRECO MAXIMO,PRECO MINIMO,PRECO FECHAMENTO,VOLUME TOTAL DE TITULOS NEGOCIADOS NESTE PAPEL,MA_20,MA_40,STD_20,STD_40,BANDA_1_40 SUPERIOR,BANDA_1_40 INFERIOR,BANDA_2_40 SUPERIOR,BANDA_2_40 INFERIOR,BANDA_3_40 SUPERIOR,BANDA_3_40 INFERIOR
20170102,LAME4,LOJAS AMERI,16.85,16.85,16.56,16.63,20866048.0,0.0,0.0,0.0,0.0,0.0,0.0,0.0,0.0,0.0,0.0
20170103,LAME4,LOJAS AMERI,16.75,17.13,16.73,16.9,135196633.0,0.0,0.0,0.0,0.0,0.0,0.0,0.0,0.0,0.0,0.0
20170104,LAME4,LOJAS AMERI,16.7,17.35,16.7,16.87,40386911.0,0.0,0.0,0.0,0.0,0.0,0.0,0.0,0.0,0.0,0.0
20170105,LAME4,LOJAS AMERI,16.86,17.11,16.8,16.89,38014107.0,0.0,0.0,0.0,0.0,0.0,0.0,0.0,0.0,0.0,0.0
20170106,LAME4,LOJAS AMERI,16.87,16.95,16.7,16.85,23053718.0,0.0,0.0,0.0,0.0,0.0,0.0,0.0,0.0,0.0,0.0
20170109,LAME4,LOJAS AMERI,16.72,17.0,16.72,16.83,19992878.0,0.0,0.0,0.0,0.0,0.0,0.0,0.0,0.0,0.0,0.0
20170110,LAME4,LOJAS AMERI,16.86,17.18,16.75,16.85,25835955.0,0.0,0.0,0.0,0.0,0.0,0.0,0.0,0.0,0.0,0.0
20170111,LAME4,LOJAS AMERI,16.88,17.03,16.3,16.45,59093223.0,0.0,0.0,0.0,0.0,0.0,0.0,0.0,0.0,0.0,0.0
20170112,LAME4,LOJAS AMERI,16.95,17.77,16.95,17.66,207803663.0,0.0,0.0,0.0,0.0,0.0,0.0,0.0,0.0,0.0,0.0
20170113,LAME4,LOJAS AMERI,17.79,17.99,17.52,17.66,50141027.0,0.0,0.0,0.0,0.0,0.0,0.0,0.0,0.0,0.0,0.0
20170116,LAME4,LOJAS AMERI,17.68,17.95,17.68,17.85,21810362.0,0.0,0.0,0.0,0.0,0.0,0.0,0.0,0.0,0.0,0.0
20170117,LAME4,LOJAS AMERI,17.86,17.94,17.66,17.8,31185775.0,0.0,0.0,0.0,0.0,0.0,0.0,0.0,0.0,0.0,0.0
20170118,LAME4,LOJAS AMERI,17.71,17.92,17.55,17.72,19752275.0,0.0,0.0,0.0,0.0,0.0,0.0,0.0,0.0,0.0,0.0
20170119,LAME4,LOJAS AMERI,17.85,17.85,17.42,17.66,20072005.0,0.0,0.0,0.0,0.0,0.0,0.0,0.0,0.0,0.0,0.0
20170120,LAME4,LOJAS AMERI,17.72,17.99,17.64,17.97,24389590.0,0.0,0.0,0.0,0.0,0.0,0.0,0.0,0.0,0.0,0.0
20170123,LAME4,LOJAS AMERI,18.01,18.3,18.01,18.26,31920530.0,0.0,0.0,0.0,0.0,0.0,0.0,0.0,0.0,0.0,0.0
20170124,LAME4,LOJAS AMERI,18.34,18.4,17.82,17.87,52373667.0,0.0,0.0,0.0,0.0,0.0,0.0,0.0,0.0,0.0,0.0
20170126,LAME4,LOJAS AMERI,18.02,18.21,17.27,17.57,63226695.0,0.0,0.0,0.0,0.0,0.0,0.0,0.0,0.0,0.0,0.0
20170127,LAME4,LOJAS AMERI,17.48,17.7,17.17,17.45,35828896.0,0.0,0.0,0.0,0.0,0.0,0.0,0.0,0.0,0.0,0.0
20170130,LAME4,LOJAS AMERI,17.5,17.52,16.75,16.92,46239018.0,17.333000000000002,0.0,0.5302144551226905,0.0,0.0,0.0,0.0,0.0,0.0,0.0
20170131,LAME4,LOJAS AMERI,17.0,17.0,16.59,16.73,44598256.0,17.338,0.0,0.5236672306160196,0.0,0.0,0.0,0.0,0.0,0.0,0.0
20170201,LAME4,LOJAS AMERI,16.88,16.95,16.65,16.75,26873161.0,17.330500000000004,0.0,0.5312891471644565,0.0,0.0,0.0,0.0,0.0,0.0,0.0
20170202,LAME4,LOJAS AMERI,16.72,16.72,16.36,16.5,43435217.0,17.312000000000005,0.0,0.5541195006969439,0.0,0.0,0.0,0.0,0.0,0.0,0.0
20170203,LAME4,LOJAS AMERI,16.5,17.08,16.44,17.0,51888312.0,17.317500000000003,0.0,0.5502427693874375,0.0,0.0,0.0,0.0,0.0,0.0,0.0
20170206,LAME4,LOJAS AMERI,17.11,17.24,16.78,16.91,18187674.0,17.320500000000003,0.0,0.5477175126689026,0.0,0.0,0.0,0.0,0.0,0.0,0.0
20170207,LAME4,LOJAS AMERI,17.12,17.12,16.72,16.94,25253808.0,17.326000000000004,0.0,0.5430653735969535,0.0,0.0,0.0,0.0,0.0,0.0,0.0
20170208,LAME4,LOJAS AMERI,16.92,16.99,16.64,16.93,54620131.0,17.330000000000005,0.0,0.5396587615775057,0.0,0.0,0.0,0.0,0.0,0.0,0.0
20170209,LAME4,LOJAS AMERI,17.07,17.1,16.82,16.96,37588825.0,17.355500000000003,0.0,0.5069462236610593,0.0,0.0,0.0,0.0,0.0,0.0,0.0
20170210,LAME4,LOJAS AMERI,17.11,17.18,16.86,17.0,37895406.0,17.3225,0.0,0.507562544758874,0.0,0.0,0.0,0.0,0.0,0.0,0.0
20170213,LAME4,LOJAS AMERI,17.1,17.1,16.76,17.0,20512690.0,17.2895,0.0,0.5059173533503785,0.0,0.0,0.0,0.0,0.0,0.0,0.0
20170214,LAME4,LOJAS AMERI,17.0,17.1,16.7,16.8,34695872.0,17.237000000000002,0.0,0.49912660560328004,0.0,0.0,0.0,0.0,0.0,0.0,0.0
20170215,LAME4,LOJAS AMERI,16.88,16.96,16.13,16.2,159932331.0,17.157,0.0,0.5313250566173915,0.0,0.0,0.0,0.0,0.0,0.0,0.0
20170216,LAME4,LOJAS AMERI,16.25,16.42,16.21,16.3,195060904.0,17.086000000000002,0.0,0.5467838984269279,0.0,0.0,0.0,0.0,0.0,0.0,0.0
20170217,LAME4,LOJAS AMERI,16.3,16.77,16.2,16.76,301982107.0,17.041,0.0,0.5339416486944317,0.0,0.0,0.0,0.0,0.0,0.0,0.0
20170220,LAME4,LOJAS AMERI,16.79,17.45,16.79,17.2,281707881.0,17.002499999999998,0.0,0.48932687385191287,0.0,0.0,0.0,0.0,0.0,0.0,0.0
20170221,LAME4,LOJAS AMERI,17.5,17.5,16.71,16.9,192123244.0,16.934499999999996,0.0,0.3897431677940068,0.0,0.0,0.0,0.0,0.0,0.0,0.0
20170222,LAME4,LOJAS AMERI,16.94,16.95,16.69,16.92,52915304.0,16.886999999999997,0.0,0.3216748930863391,0.0,0.0,0.0,0.0,0.0,0.0,0.0
20170223,LAME4,LOJAS AMERI,17.01,17.09,16.84,16.92,208146125.0,16.854499999999998,0.0,0.27904866581788107,0.0,0.0,0.0,0.0,0.0,0.0,0.0
20170224,LAME4,LOJAS AMERI,16.84,16.84,16.2,16.4,221815558.0,16.802,0.0,0.259180895982147,0.0,0.0,0.0,0.0,0.0,0.0,0.0
20170301,LAME4,LOJAS AMERI,16.5,16.65,16.27,16.65,40155813.0,16.788499999999996,17.06075,0.2597422811780599,0.4958307584505436,18.052411516901085,16.069088483098913,18.54824227535163,15.573257724648368,19.044073033802174,15.077426966197825
20170302,LAME4,LOJAS AMERI,16.5,16.8,16.27,16.6,62391043.0,16.781999999999996,17.06,0.2628908118352025,0.4965212315030784,18.053042463006154,16.066957536993844,18.549563694509235,15.570436305490764,19.046084926012313,15.073915073987685
20170303,LAME4,LOJAS AMERI,16.7,16.78,16.37,16.62,94149500.0,16.775499999999997,17.053,0.26531956898090664,0.5007901449018036,18.054580289803607,16.051419710196395,18.555370434705413,15.55062956529459,19.056160579607216,15.049839420392786
20170306,LAME4,LOJAS AMERI,16.6,17.29,16.46,17.15,121746973.0,16.807999999999996,17.06,0.2695727613914532,0.5001230617788758,18.06024612355775,16.059753876442247,18.560369185336626,15.559630814663372,19.0604922471155,15.059507752884496
20170307,LAME4,LOJAS AMERI,17.24,17.29,16.78,16.94,100936800.0,16.804999999999996,17.06125,0.26765059705755573,0.4997496167954306,18.06074923359086,16.06175076640914,18.560498850386292,15.56200114961371,19.060248467181722,15.062251532818278
20170308,LAME4,LOJAS AMERI,17.1,17.1,15.84,16.1,90043706.0,16.764499999999995,17.0425,0.3090132853556935,0.5214759625209773,18.085451925041955,15.999548074958046,18.606927887562932,15.478072112437069,19.12840385008391,14.956596149916091
20170309,LAME4,LOJAS AMERI,16.2,16.2,15.64,15.8,192517699.0,16.707499999999996,17.01675,0.37337542839120996,0.5564926221088096,18.129735244217617,15.90376475578238,18.686227866326426,15.34727213367357,19.242720488435236,14.790779511564761
20170310,LAME4,LOJAS AMERI,15.96,16.0,15.2,15.5,243323456.0,16.635999999999996,16.982999999999997,0.45624785507787635,0.6056325364697385,18.194265072939473,15.77173492706052,18.799897609409214,15.166102390590781,19.405530145878952,14.560469854121044
20170313,LAME4,LOJAS AMERI,15.56,15.92,15.38,15.86,78885362.0,16.580999999999996,16.968249999999998,0.48077678374634475,0.6257954425348876,18.21984088506977,15.716659114930222,18.84563632760466,15.090863672395335,19.47143177013955,14.465068229860448
20170314,LAME4,LOJAS AMERI,15.95,15.95,15.53,15.6,66107916.0,16.511,16.91675,0.5171063211453016,0.6516385166718248,18.22002703334365,15.613472966656351,18.871665550015475,14.961834449984526,19.5233040666873,14.310195933312702
20170315,LAME4,LOJAS AMERI,15.75,16.0,15.36,15.91,114471767.0,16.4565,16.872999999999998,0.5202861055024967,0.659161082993628,18.191322165987252,15.554677834012741,18.850483248980883,14.895516751019114,19.50964433197451,14.236355668025485
20170316,LAME4,LOJAS AMERI,16.15,16.18,15.87,16.08,80672705.0,16.420499999999997,16.82875,0.5201768423992261,0.6512559365347804,18.131261873069562,15.526238126930439,18.78251780960434,14.874982190395658,19.43377374613912,14.223726253860878
20170317,LAME4,LOJAS AMERI,16.15,16.15,15.5,15.65,73397391.0,16.392999999999997,16.775,0.546328414822178,0.6577311429529964,18.090462285905993,15.459537714094006,18.748193428858986,14.80180657114101,19.405924571811983,14.144075428188014
20170320,LAME4,LOJAS AMERI,15.65,16.02,15.55,15.9,114625125.0,16.372999999999998,16.729499999999998,0.5571270288864093,0.6536208812532343,18.036741762506466,15.42225823749353,18.690362643759702,14.768637356240296,19.343983525012934,14.115016474987062
20170321,LAME4,LOJAS AMERI,16.01,16.01,15.46,15.48,41461172.0,16.308999999999997,16.675,0.5832386890639729,0.6648346623071977,18.004669324614397,15.345330675385606,18.669503986921594,14.680496013078407,19.33433864922879,14.015661350771211
20170322,LAME4,LOJAS AMERI,15.47,15.83,15.32,15.58,69271939.0,16.227999999999998,16.61525,0.5651976831628391,0.6527534874549598,17.92075697490992,15.30974302509008,18.57351046236488,14.65698953763512,19.226263949819838,14.004236050180161
20170323,LAME4,LOJAS AMERI,15.6,16.0,15.52,15.9,96729927.0,16.177999999999997,16.55625,0.5465451298359345,0.6052026043464188,17.766655208692836,15.345844791307162,18.371857813039256,14.740642186960741,18.977060417385673,14.135439582614323
20170324,LAME4,LOJAS AMERI,15.76,16.18,15.76,16.1,243063808.0,16.136999999999997,16.512,0.5179626078761913,0.5703898801562052,17.65277976031241,15.37122023968759,18.223169640468615,14.800830359531385,18.79355952062482,14.23044047937518
20170327,LAME4,LOJAS AMERI,16.02,16.2,15.8,16.06,58398000.0,16.093999999999998,16.474249999999998,0.4841313436400779,0.5481057707207886,17.570461541441574,15.378038458558422,18.118567312162362,14.829932687837632,18.66667308288315,14.281826917116843
20170328,LAME4,LOJAS AMERI,16.12,16.55,16.08,16.44,105644354.0,16.095999999999997,16.448999999999998,0.4855425614169976,0.5247700351045045,17.498540070209007,15.39945992979099,18.023310105313513,14.874689894686485,18.548080140418016,14.34991985958198
20170329,LAME4,LOJAS AMERI,16.54,16.6,16.27,16.45,57917042.0,16.086,16.43725,0.47548756140685966,0.5191856913005933,17.475621382601187,15.398878617398813,17.99480707390178,14.879692926098219,18.51399276520237,14.360507234797625
20170330,LAME4,LOJAS AMERI,16.58,16.58,16.25,16.42,41425634.0,16.076999999999998,16.429499999999997,0.46687200996014006,0.5170128699484187,17.463525739896834,15.39547426010316,17.980538609845254,14.878461390154742,18.49755147979367,14.361448520206324
20170331,LAME4,LOJAS AMERI,16.46,16.46,16.15,16.36,59007138.0,16.064,16.41975,0.45440997023903656,0.5144849926793786,17.448719985358757,15.390780014641244,17.963204978038135,14.876295021961864,18.477689970717513,14.361810029282486
20170403,LAME4,LOJAS AMERI,16.4,16.4,16.08,16.25,33863686.0,16.019,16.4135,0.37961060381175643,0.5150033607059802,17.44350672141196,15.38349327858804,17.95851008211794,14.868489917882059,18.47351344282392,14.353486557176078
20170404,LAME4,LOJAS AMERI,16.26,16.3,16.06,16.11,53379546.0,15.977500000000001,16.39125,0.3131818876257896,0.5081953364602945,17.40764067292059,15.37485932707941,17.915836009380882,14.866663990619116,18.42403134584118,14.358468654158822
20170405,LAME4,LOJAS AMERI,16.2,16.37,15.81,15.99,89063147.0,15.972,16.36825,0.3118805439334443,0.5049238962711433,17.378097792542285,15.358402207457713,17.88302168881343,14.85347831118657,18.387945585084573,14.348554414915426
20170406,LAME4,LOJAS AMERI,15.99,16.12,15.71,15.9,40568043.0,15.976999999999999,16.34225,0.30977241221327567,0.5014925798975478,17.345235159795095,15.339264840204905,17.846727739692643,14.837772260307357,18.34822031959019,14.33627968040981
20170407,LAME4,LOJAS AMERI,15.94,16.2,15.79,16.15,128734731.0,16.009499999999996,16.32275,0.2905978411192489,0.4931478558123293,17.30904571162466,15.336454288375341,17.802193567436987,14.843306432563011,18.295341423249315,14.350158576750681
20170410,LAME4,LOJAS AMERI,16.19,16.25,16.0,16.15,39794243.0,16.023999999999994,16.3025,0.289980035610457,0.48283218935455485,17.26816437870911,15.336835621290888,17.750996568063663,14.854003431936334,18.233828757418216,14.371171242581779
20170411,LAME4,LOJAS AMERI,16.2,16.23,15.67,16.13,48952095.0,16.050499999999992,16.280749999999998,0.2729078309806014,0.4700321183788203,17.22081423675764,15.340685763242357,17.690846355136458,14.870653644863538,18.16087847351528,14.400621526484716
20170412,LAME4,LOJAS AMERI,16.09,16.15,15.85,15.9,66177345.0,16.04999999999999,16.253249999999998,0.2731878089289099,0.4589195086119174,17.17108901722383,15.335410982776162,17.63000852583575,14.876491474164245,18.08892803444767,14.417571965552328
20170413,LAME4,LOJAS AMERI,15.9,15.98,15.54,15.64,47096897.0,16.02799999999999,16.224249999999998,0.2879619857952923,0.46013313290827834,17.144516265816556,15.303983734183442,17.60464939872483,14.843850601275163,18.06478253163311,14.383717468366884
20170417,LAME4,LOJAS AMERI,15.8,16.15,15.65,16.05,50007285.0,16.047999999999995,16.220499999999994,0.27387280951106446,0.4609463509580325,17.14239270191606,15.29860729808393,17.60333905287409,14.837660947125897,18.064285403832123,14.376714596167865
20170418,LAME4,LOJAS AMERI,16.05,16.3,16.0,16.21,45169446.0,16.063499999999994,16.218249999999998,0.2738281251173322,0.4607679626282653,17.13978592525653,15.296714074743466,17.600553887884793,14.835946112115202,18.06132185051306,14.375178149486937
20170419,LAME4,LOJAS AMERI,16.29,16.29,16.01,16.01,45159667.0,16.089999999999993,16.199499999999997,0.23764192435371392,0.4533575596844762,17.10621511936895,15.292784880631045,17.559572679053424,14.839427320946568,18.0129302387379,14.386069761262092
20170420,LAME4,LOJAS AMERI,16.24,16.49,16.1,16.4,110594291.0,16.130999999999993,16.179499999999997,0.21464536235138476,0.4248375255046441,17.029175051009286,15.329824948990709,17.45401257651393,14.904987423486066,17.878850102018575,14.480149897981422
20170424,LAME4,LOJAS AMERI,16.52,16.75,16.52,16.66,55035009.0,16.168999999999993,16.173499999999997,0.23763970960038927,0.4160038831179545,17.005507766235905,15.341492233764088,17.42151164935386,14.925488350646134,17.837515532471816,14.509484467528178
20170425,LAME4,LOJAS AMERI,16.68,16.73,16.41,16.7,43096722.0,16.19899999999999,16.168,0.2647918745772146,0.4072433909680613,16.98248678193612,15.353513218063878,17.389730172904184,14.946269827095815,17.796973563872243,14.539026436127754
20170426,LAME4,LOJAS AMERI,16.7,16.85,16.55,16.75,43516548.0,16.233499999999992,16.16375,0.2895236559737927,0.4000172271931142,16.96378445438623,15.363715545613772,17.363801681579343,14.963698318420658,17.763818908772457,14.563681091227544
20170427,LAME4,LOJAS AMERI,16.75,16.83,16.46,16.59,37511387.0,16.240999999999993,16.1685,0.29700079744711205,0.4040027291098301,16.976505458219663,15.36049454178034,17.380508187329493,14.956491812670512,17.784510916439324,14.552489083560681
20170428,LAME4,LOJAS AMERI,16.6,16.84,16.47,16.84,149909056.0,16.26049999999999,16.173250000000003,0.32310133655591766,0.4108676716288705,16.994985343257746,15.351514656742262,17.405853014886613,14.940646985113391,17.816720686515485,14.529779313484521
20170502,LAME4,LOJAS AMERI,16.91,18.08,16.84,18.08,226147434.0,16.343499999999988,16.210250000000002,0.5196585417367916,0.5059263527026048,17.222102705405213,15.198397294594793,17.728029058107815,14.692470941892187,18.23395541081042,14.186544589189584
20170503,LAME4,LOJAS AMERI,18.08,18.3,17.94,18.03,130740005.0,16.426999999999985,16.2455,0.6421763981304501,0.5790440840575426,17.403588168115085,15.087411831884914,17.98263225217263,14.508367747827371,18.56167633623017,13.929323663769829
20170504,LAME4,LOJAS AMERI,18.01,18.01,17.53,17.6,103665973.0,16.494499999999988,16.256750000000004,0.6916378349518271,0.6010221528405719,17.45879430568115,15.05470569431886,18.05981645852172,14.453683541478288,18.66083861136229,13.852661388637717
20170505,LAME4,LOJAS AMERI,17.7,17.75,17.2,17.5,215530793.0,16.563999999999986,16.27075,0.720214880215772,0.6234494098695215,17.517648819739044,15.023851180260957,18.141098229608563,14.400401770391435,18.764547639478085,13.776952360521914
20170508,LAME4,LOJAS AMERI,17.59,17.61,17.16,17.35,49905873.0,16.631999999999987,16.302,0.7273354398798885,0.6456052616313953,17.59321052326279,15.010789476737209,18.238815784894186,14.365184215105813,18.88442104652558,13.719578953474418
20170509,LAME4,LOJAS AMERI,17.5,17.51,17.09,17.34,138278623.0,16.703999999999986,16.340500000000002,0.722316449093876,0.6606444018085788,17.66178880361716,15.019211196382845,18.32243320542574,14.358566794574266,18.983077607234318,13.697922392765687
20170510,LAME4,LOJAS AMERI,17.66,18.05,17.6,18.0,123836105.0,16.796499999999988,16.403000000000002,0.7648410567596834,0.6963796488874485,17.7957592977749,15.010240702225104,18.492138946662347,14.313861053337657,19.188518595549795,13.617481404450208
20170511,LAME4,LOJAS AMERI,17.99,18.0,17.57,17.73,124695680.0,16.87549999999999,16.44975,0.7760661596864866,0.7213146384846902,17.892379276969383,15.00712072303062,18.61369391545407,14.285806084545932,19.335008553938763,13.56449144606124
20170512,LAME4,LOJAS AMERI,17.49,17.49,16.9,17.15,397677679.0,16.92649999999999,16.488500000000002,0.7577964939980877,0.7161096821877703,17.920719364375543,15.05628063562446,18.636829046563314,14.34017095343669,19.352938728751084,13.624061271248921
20170515,LAME4,LOJAS AMERI,17.29,17.3,17.0,17.1,101478104.0,16.986499999999992,16.518250000000002,0.7187436040905384,0.716178918699606,17.950607837399215,15.08589216260079,18.66678675609882,14.369713243901185,19.382965674798427,13.653534325201578
20170516,LAME4,LOJAS AMERI,17.09,17.16,16.92,17.08,114826338.0,17.05849999999999,16.543250000000004,0.6451134131216598,0.7179400285646276,17.97913005712926,15.107369942870749,18.697070085693888,14.38942991430612,19.415010114258514,13.671489885741494
20170517,LAME4,LOJAS AMERI,17.04,17.2,16.92,17.01,61829493.0,17.10649999999999,16.577250000000003,0.6002830472719587,0.7066678307924578,17.99058566158492,15.163914338415088,18.697253492377378,14.45724650762263,19.403921323169833,13.750578676830171
20170518,LAME4,LOJAS AMERI,14.0,15.12,14.0,14.4,267407807.0,17.01599999999999,16.539750000000005,0.833637558503318,0.7795675576388941,18.098885115277792,14.980614884722216,18.878452672916687,14.201047327083323,19.658020230555582,13.421479769444428
20170519,LAME4,LOJAS AMERI,14.9,15.12,14.35,14.45,160556754.0,16.93799999999999,16.514000000000003,0.9908720242397897,0.8307975778639513,18.175595155727905,14.852404844272101,19.006392733591856,14.02160726640815,19.837190311455807,13.190809688544197
20170522,LAME4,LOJAS AMERI,14.42,14.44,13.46,14.01,172002211.0,16.818499999999993,16.474750000000004,1.1843909160852555,0.909420744069312,18.293591488138627,14.65590851186138,19.20301223220794,13.746487767792068,20.11243297627725,12.837067023722756
20170523,LAME4,LOJAS AMERI,14.2,14.65,14.16,14.44,124356801.0,16.70749999999999,16.438250000000004,1.2985533448702418,0.960920732342759,18.36009146468552,14.516408535314486,19.32101219702828,13.555487802971726,20.281932929371038,12.594567070628967
20170524,LAME4,LOJAS AMERI,14.6,14.74,14.48,14.56,199401340.0,16.60049999999999,16.399750000000004,1.3845252844054186,1.0046749378626003,18.409099875725204,14.390400124274803,19.413774813587807,13.385725186412204,20.418449751450407,12.381050248549602
20170525,LAME4,LOJAS AMERI,14.53,14.69,14.33,14.48,144579132.0,16.48699999999999,16.360250000000004,1.4624748310924738,1.0484799436840366,18.457209887368077,14.263290112631932,19.505689831052113,13.214810168947894,20.554169774736152,12.166330225263858
20170526,LAME4,LOJAS AMERI,14.6,14.95,14.51,14.93,103351691.0,16.403999999999993,16.3225,1.502868835541585,1.0724444878347628,18.46738897566953,14.177611024330476,19.53983346350429,13.105166536495712,20.612277951339053,12.03272204866095
20170529,LAME4,LOJAS AMERI,14.91,15.04,14.76,15.04,46197340.0,16.313999999999997,16.28725,1.5290533707252771,1.091155556608651,18.469561113217303,14.104938886782698,19.560716669825954,13.013783330174046,20.651872226434605,11.922627773565395
20170530,LAME4,LOJAS AMERI,15.06,15.1,14.89,14.89,66037974.0,16.154499999999995,16.249000000000002,1.5012677975631197,1.112981212549055,18.474962425098113,14.023037574901892,19.587943637647168,12.910056362352837,20.700924850196223,11.797075149803781
20170531,LAME4,LOJAS AMERI,14.9,14.98,14.55,14.6,73106985.0,15.982999999999999,16.205000000000002,1.471358484351692,1.1428686354733435,18.49073727094669,13.919262729053315,19.633605906420033,12.77639409357997,20.776474541893375,11.633525458106629
20170601,LAME4,LOJAS AMERI,14.6,14.7,14.17,14.33,85632293.0,15.819499999999996,16.157000000000004,1.463882634783636,1.1806260833633702,18.518252166726743,13.795747833273264,19.698878250090115,12.615121749909893,20.879504333453482,11.434495666546523
20170602,LAME4,LOJAS AMERI,14.35,14.52,14.25,14.48,44224501.0,15.668499999999998,16.11625,1.436923889131893,1.2100533734784793,18.536356746956958,13.696143253043042,19.74641012043544,12.486089879564563,20.95646349391392,11.276036506086083
20170605,LAME4,LOJAS AMERI,14.39,14.6,14.27,14.43,31482294.0,15.522499999999997,16.07725,1.4050730454883575,1.239019437566113,18.555288875132227,13.599211124867773,19.794308312698337,12.360191687301661,21.03332775026445,11.121172249735547
20170606,LAME4,LOJAS AMERI,14.48,14.72,14.33,14.65,36580942.0,15.387999999999996,16.046,1.3495909711737553,1.2592036555513273,18.564407311102656,13.527592688897345,19.82361096665398,12.268389033346018,21.08281462220531,11.00918537779469
20170607,LAME4,LOJAS AMERI,14.78,14.8,14.47,14.65,33807990.0,15.220499999999996,16.0085,1.2089032654696552,1.2782190133751823,18.564938026750365,13.452061973249638,19.843157040125547,12.173842959874454,21.121376053500732,10.895623946499272
20170608,LAME4,LOJAS AMERI,14.61,14.61,14.3,14.45,59817089.0,15.056499999999994,15.966000000000003,1.0643914742830087,1.3014445622914275,18.568889124582856,13.363110875417147,19.870333686874286,12.06166631312572,21.171778249165712,10.760221750834294
20170609,LAME4,LOJAS AMERI,14.54,14.56,14.3,14.4,34934596.0,14.918999999999993,15.922750000000002,0.9513364560614834,1.3243982426476488,18.5715464852953,13.273953514704704,19.895944727942947,11.949555272057056,21.220342970590597,10.625157029409408
20170612,LAME4,LOJAS AMERI,14.42,14.44,14.02,14.2,46154555.0,14.773999999999992,15.880250000000004,0.8122574131783614,1.3521331437626667,18.584516287525336,13.17598371247467,19.936649431288004,11.823850568712004,21.28878257505067,10.471717424949336
20170613,LAME4,LOJAS AMERI,14.28,14.36,14.11,14.25,39374044.0,14.632499999999993,15.845500000000005,0.6109515873662266,1.3761148394236666,18.597729678847337,13.093270321152671,19.973844518271004,11.717155481729005,21.349959357694672,10.341040642305337
20170614,LAME4,LOJAS AMERI,14.4,14.5,14.15,14.27,68517592.0,14.495499999999993,15.801000000000005,0.25084016718567126,1.3979395093475409,18.596879018695088,13.005120981304923,19.99481852804263,11.607181471957382,21.39275803739017,10.209241962609841
20170616,LAME4,LOJAS AMERI,14.15,14.22,13.9,13.9,101527710.0,14.470499999999992,15.743250000000003,0.2836319891394652,1.4280009112616392,18.599251822523282,12.887248177476724,20.02725273378492,11.459247266215087,21.45525364504656,10.031246354953446
20170619,LAME4,LOJAS AMERI,13.98,14.0,13.83,13.88,59324661.0,14.441999999999993,15.690000000000003,0.31292507931326013,1.457213709402901,18.604427418805805,12.7755725811942,20.061641128208706,11.3183588717913,21.518854837611606,9.8611451623884
20170620,LAME4,LOJAS AMERI,13.88,13.92,13.48,13.6,132709055.0,14.421499999999995,15.620000000000005,0.3535128226663447,1.4891350096358091,18.598270019271624,12.641729980728385,20.087405028907433,11.152594971092578,21.576540038543243,9.663459961456768
20170621,LAME4,LOJAS AMERI,13.7,13.79,13.34,13.42,91045219.0,14.370499999999996,15.539000000000005,0.4183359893674624,1.5189348494662431,18.57686969893249,12.50113030106752,20.095804548398736,10.982195451601275,21.614739397864977,9.463260602135033
20170622,LAME4,LOJAS AMERI,13.47,13.48,13.2,13.25,127212936.0,14.304999999999996,15.452750000000004,0.48443673205948795,1.5489731710444,18.550696342088802,12.354803657911203,20.099669513133204,10.805830486866803,21.648642684177602,9.256857315822405
20170623,LAME4,LOJAS AMERI,13.33,13.61,13.26,13.5,67190732.0,14.255999999999995,15.371500000000003,0.5144378638762217,1.5643439683400857,18.500187936680174,12.242812063319832,20.06453190502026,10.678468094979745,21.628875873360347,9.114124126639659
20170626,LAME4,LOJAS AMERI,13.7,13.96,13.6,13.9,54375308.0,14.204499999999992,15.304250000000001,0.4945862172724253,1.5684336257749296,18.441117251549862,12.167382748450143,20.00955087732479,10.598949122675211,21.57798450309972,9.030515496900282
20170627,LAME4,LOJAS AMERI,13.9,13.91,13.69,13.69,42319816.0,14.136999999999992,15.225500000000002,0.4658450160165144,1.5684271886682521,18.362354377336505,12.088645622663497,19.930781566004757,10.520218433995247,21.49920875467301,8.951791245326994
20170628,LAME4,LOJAS AMERI,13.82,13.82,13.45,13.75,26279342.0,14.079999999999993,15.117250000000002,0.4377574430520024,1.5148732493309163,18.146996498661835,12.087503501338169,19.66186974799275,10.572630252007254,21.176742997323668,9.057757002676336
20170629,LAME4,LOJAS AMERI,13.86,13.89,13.63,13.73,26833663.0,14.036499999999993,15.009750000000002,0.42644522076797714,1.454232527345502,17.918215054691007,12.101284945308999,19.372447582036507,10.647052417963497,20.82668010938201,9.192819890617994
20170630,LAME4,LOJAS AMERI,13.8,14.0,13.66,14.0,42633484.0,14.019999999999992,14.919750000000002,0.4208387614727928,1.400211499592002,17.72017299918401,12.119327000815998,19.12038449877601,10.719115501223996,20.52059599836801,9.318904001631994
20170703,LAME4,LOJAS AMERI,14.05,14.09,13.77,13.88,58165371.0,13.989999999999991,14.829250000000002,0.4074955601954546,1.3450657928813086,17.51938158576262,12.139118414237384,18.864447378643927,10.794052621356077,20.209513171525238,9.448986828474768
20170704,LAME4,LOJAS AMERI,13.93,13.93,13.75,13.85,21501609.0,13.960999999999993,14.741750000000001,0.3949803459468217,1.289577325904543,17.320904651809087,12.162595348190916,18.610481977713633,10.873018022286372,19.900059303618175,9.583440696381828
20170705,LAME4,LOJAS AMERI,13.85,13.97,13.7,13.97,172536418.0,13.926999999999996,14.657500000000002,0.36029373981160057,1.223887773470759,17.10527554694152,12.209724453058485,18.329163320412277,10.985836679587726,19.553051093883038,9.761948906116967
20170706,LAME4,LOJAS AMERI,13.97,14.02,13.74,13.75,54588098.0,13.881999999999996,14.551250000000001,0.31908751480639985,1.1049751998608919,16.761200399721787,12.341299600278218,17.866175599582675,11.236324400417326,18.97115079944357,10.131349200556434
20170707,LAME4,LOJAS AMERI,13.9,14.42,13.86,14.35,137765523.0,13.876999999999999,14.466750000000001,0.3103834640197566,0.9775463462027167,16.421842692405434,12.511657307594568,17.399389038608152,11.53411096139185,18.376935384810867,10.556564615189135
20170710,LAME4,LOJAS AMERI,14.42,14.72,14.2,14.59,73407844.0,13.886499999999998,14.402750000000003,0.32954953305520457,0.875884863935732,16.154519727871467,12.650980272128539,17.030404591807198,11.775095408192808,17.90628945574293,10.899210544257075
20170711,LAME4,LOJAS AMERI,14.68,14.91,14.5,14.88,55324636.0,13.920499999999999,14.347250000000003,0.39263582966522953,0.7637491449488993,15.874748289897802,12.819751710102203,16.638497434846702,12.056002565153305,17.4022465797956,11.292253420204405
20170712,LAME4,LOJAS AMERI,15.0,15.27,14.81,15.27,90652724.0,13.971499999999997,14.302000000000001,0.49148834113714684,0.6415294225520111,15.585058845104024,13.018941154895979,16.226588267656034,12.377411732343969,16.868117690208045,11.735882309791958
20170713,LAME4,LOJAS AMERI,15.3,15.35,15.13,15.2,52546115.0,14.017999999999997,14.256750000000002,0.5603814490337027,0.49204120892661624,15.240832417853234,13.27266758214677,15.73287362677985,12.780626373220153,16.224914835706468,12.288585164293536
20170714,LAME4,LOJAS AMERI,15.28,15.28,14.8,15.14,71865721.0,14.079999999999998,14.275250000000003,0.6127848424675285,0.5111073322973567,15.297464664594717,13.25303533540529,15.808571996892073,12.741928003107933,16.31967932918943,12.230820670810576
20170717,LAME4,LOJAS AMERI,15.13,15.14,14.87,14.98,58595776.0,14.135,14.288500000000003,0.6425319979745063,0.5224967181836997,15.333493436367402,13.243506563632604,15.855990154551101,12.721009845448904,16.3784868727348,12.198513127265205
20170718,LAME4,LOJAS AMERI,14.98,14.98,14.71,14.94,52412427.0,14.201999999999998,14.311750000000004,0.6535780064585814,0.5304177719688788,15.372585543937761,13.250914456062246,15.90300331590664,12.720496684093368,16.43342108787552,12.190078912124488
20170719,LAME4,LOJAS AMERI,15.0,15.02,14.61,14.65,47462955.0,14.263499999999997,14.317000000000002,0.6336882431241262,0.5327538518552293,15.382507703710461,13.251492296289543,15.91526155556569,12.718738444434313,16.448015407420918,12.185984592579086
20170720,LAME4,LOJAS AMERI,14.75,14.9,14.57,14.85,48066613.0,14.343499999999997,14.324250000000003,0.5990542985670293,0.5380920114817076,15.400434022963418,13.248065977036587,15.938526034445125,12.70997396555488,16.476618045926834,12.171881954073172
20170721,LAME4,LOJAS AMERI,14.89,14.95,14.74,14.76,40576036.0,14.406499999999998,14.331250000000002,0.5712891700264671,0.5419773270874352,15.415204654174874,13.247295345825131,15.957181981262309,12.705318018737696,16.499159308349743,12.163340691650262
20170724,LAME4,LOJAS AMERI,14.9,15.03,14.77,15.02,89542368.0,14.462499999999997,14.333500000000004,0.5739143068255074,0.5447066959523282,15.422913391904661,13.244086608095348,15.96762008785699,12.69937991214302,16.512326783809318,12.154673216190691
20170725,LAME4,LOJAS AMERI,15.16,15.4,15.14,15.22,102276272.0,14.538999999999998,14.338000000000005,0.5674587858904513,0.5513954325861259,15.440790865172257,13.235209134827752,15.992186297758382,12.683813702241627,16.543581730344506,12.132418269655501
20170726,LAME4,LOJAS AMERI,15.37,15.43,15.16,15.18,49587813.0,14.610499999999998,14.345250000000004,0.5527107837977924,0.560668042469046,15.466586084938095,13.223913915061912,16.02725412740714,12.663245872592865,16.587922169876187,12.10257783012382
20170727,LAME4,LOJAS AMERI,15.28,15.55,15.28,15.5,68569998.0,14.698999999999998,14.367750000000004,0.5459699239837207,0.5885204721619843,15.544790944323973,13.190709055676036,16.133311416485956,12.602188583514051,16.72183188864794,12.013668111352068
20170728,LAME4,LOJAS AMERI,15.51,15.59,15.32,15.55,69259293.0,14.776499999999999,14.39825,0.5515077419889374,0.6174176473684334,15.633085294736867,13.163414705263135,16.2505029421053,12.5459970578947,16.867920589473734,11.928579410526268
20170731,LAME4,LOJAS AMERI,15.6,15.7,15.44,15.67,44791222.0,14.866,14.428,0.5435497362611127,0.6493041640370237,15.726608328074049,13.129391671925953,16.375912492111073,12.48008750788893,17.025216656148096,11.830783343851905
20170801,LAME4,LOJAS AMERI,15.68,16.0,15.59,15.9,66953832.0,14.968499999999997,14.46475,0.5350973841520498,0.6897602240391865,15.844270448078372,13.085229551921628,16.53403067211756,12.395469327882441,17.223790896156746,11.705709103843255
20170802,LAME4,LOJAS AMERI,15.93,16.27,15.82,16.15,82156546.0,15.077499999999995,14.50225,0.5429730535138503,0.7391002412843537,15.980450482568708,13.024049517431292,16.71955072385306,12.28494927614694,17.458650965137416,11.545849034862584
20170803,LAME4,LOJAS AMERI,16.16,16.24,15.97,16.09,54889880.0,15.194499999999994,14.538250000000001,0.49154402276483583,0.780397293625087,16.099044587250177,12.977455412749828,16.879441880875262,12.19705811912474,17.65983917450035,11.416660825499653
20170804,LAME4,LOJAS AMERI,16.11,16.16,15.9,16.07,46173284.0,15.280499999999993,14.578750000000003,0.48645305934634153,0.8168833438354728,16.21251668767095,12.944983312329057,17.02940003150642,12.128099968493585,17.846283375341894,11.311216624658112
20170807,LAME4,LOJAS AMERI,16.05,16.07,15.83,15.95,64478751.0,15.348499999999992,14.617500000000003,0.4798604512059992,0.8444836079536956,16.306467215907393,12.928532784092612,17.15095082386109,12.084049176138917,17.995434431814786,11.23956556818522
20170808,LAME4,LOJAS AMERI,15.95,16.01,15.64,15.7,70207380.0,15.389499999999993,14.655000000000005,0.4727019200968023,0.8586542840323501,16.372308568064703,12.937691431935304,17.230962852097054,12.079037147902955,18.089617136129405,11.220382863870604
20170809,LAME4,LOJAS AMERI,15.7,15.7,15.48,15.56,47606606.0,15.403999999999993,14.687750000000003,0.47329083080740264,0.867745346965005,16.423240693930012,12.952259306069992,17.290986040895017,12.084513959104989,18.158731387860023,11.216768612139983
20170810,LAME4,LOJAS AMERI,15.6,15.63,15.15,15.25,88044941.0,15.406499999999994,14.712250000000003,0.47228754622140423,0.869481093408478,16.45121218681696,12.973287813183047,17.320693280225438,12.103806719774568,18.190174373633916,11.23432562636609
20170811,LAME4,LOJAS AMERI,15.2,16.05,14.92,15.82,143481584.0,15.440499999999995,14.760250000000005,0.47654982619045244,0.8764599176114216,16.513169835222847,13.007330164777162,17.38962975283427,12.13087024716574,18.26608967044569,11.254410329554318
20170814,LAME4,LOJAS AMERI,15.9,16.47,15.78,16.38,113611445.0,15.510499999999993,14.822750000000005,0.5071849553638322,0.9008770299418551,16.624504059883716,13.020995940116293,17.52538108982557,12.120118910174439,18.426258119767425,11.219241880232584
20170815,LAME4,LOJAS AMERI,16.4,16.62,16.32,16.49,81040634.0,15.587999999999994,14.895000000000005,0.5331791443783629,0.9160590060493048,16.727118012098614,13.062881987901395,17.64317701814792,12.14682298185209,18.559236024197226,11.230763975802786
20170816,LAME4,LOJAS AMERI,16.59,16.64,16.27,16.52,80635298.0,15.681499999999994,14.972500000000005,0.5239151699113129,0.919199066077019,16.810898132154044,13.134101867845967,17.730097198231064,12.214902801768948,18.64929626430808,11.29570373569193
20170817,LAME4,LOJAS AMERI,16.45,17.04,16.35,16.81,147752173.0,15.779499999999993,15.061500000000004,0.5431533175042111,0.9204891397567926,16.902478279513588,13.220521720486419,17.82296741927038,12.300032580729626,18.743456559027173,11.379543440972833
20170818,LAME4,LOJAS AMERI,16.88,17.06,16.72,16.93,83728216.0,15.887999999999995,15.147250000000003,0.5455137607411329,0.9309988776880221,17.009247755376048,13.285252244623958,17.94024663306407,12.354253366935936,18.871245510752093,11.423254489247915
20170821,LAME4,LOJAS AMERI,17.0,17.26,16.91,17.04,76584808.0,15.988999999999995,15.225750000000001,0.5630639862676504,0.9552013816400858,17.136152763280172,13.31534723671983,18.09135414492026,12.360145855079743,19.046555526560343,11.404944473439658
20170822,LAME4,LOJAS AMERI,17.09,17.38,17.04,17.13,57317880.0,16.084499999999995,15.31175,0.587227876507412,0.9681568200478065,17.248063640095612,13.375436359904388,18.21622046014342,12.407279539856582,19.184377280191224,11.439122719808774
20170823,LAME4,LOJAS AMERI,17.1,17.28,17.06,17.2,52607339.0,16.185499999999994,15.398000000000001,0.5971024332470162,0.9790712501245596,17.35614250024912,13.439857499750882,18.33521375037368,12.460786249626322,19.31428500049824,11.481714999501763
20170824,LAME4,LOJAS AMERI,17.21,17.69,17.2,17.63,68728821.0,16.291999999999994,15.495500000000002,0.6554998093058702,1.002611845541669,17.50072369108334,13.490276308916663,18.50333553662501,12.487664463374994,19.505947382166678,11.485052617833325
20170825,LAME4,LOJAS AMERI,17.62,17.86,17.58,17.79,64634716.0,16.403999999999993,15.590250000000001,0.7110585141367383,1.0361800840909021,17.662610168181807,13.517889831818197,18.69879025227271,12.481709747727294,19.73497033636361,11.445529663636393
20170828,LAME4,LOJAS AMERI,17.8,17.9,17.43,17.68,45231470.0,16.504499999999993,15.68525,0.7431757955947726,1.049471142760555,17.784192285521108,13.58630771447889,18.833663428281664,12.536836571718336,19.88313457104222,11.48736542895778
20170829,LAME4,LOJAS AMERI,17.6,17.89,17.48,17.89,54272301.0,16.603999999999992,15.786249999999999,0.789739464033968,1.0626398852108814,17.91152977042176,13.660970229578236,18.974169655632643,12.598330344367355,20.036809540843525,11.535690459156474
20170830,LAME4,LOJAS AMERI,17.81,18.05,17.62,17.94,81159605.0,16.693499999999993,15.885499999999999,0.8356735386249351,1.073990760596257,18.033481521192513,13.737518478807484,19.10747228178877,12.663527718211228,20.181463042385026,11.589536957614971
20170831,LAME4,LOJAS AMERI,17.94,17.97,17.67,17.77,65764510.0,16.777499999999996,15.985999999999999,0.8560058718441153,1.0569884651142565,18.09997693022851,13.872023069771487,19.15696539534277,12.81503460465723,20.213953860457025,11.758046139542973
20170901,LAME4,LOJAS AMERI,17.82,18.09,17.68,17.86,74805762.0,16.866999999999997,16.073749999999997,0.8715751016950636,1.0633659367238517,18.2004818734477,13.947018126552294,19.26384781017155,12.883652189828442,20.327213746895403,11.820286253104591
20170904,LAME4,LOJAS AMERI,17.9,18.26,17.74,18.11,56292117.0,16.974999999999998,16.161749999999998,0.8856784494326908,1.082899449602178,18.327548899204352,13.995951100795642,19.410448348806533,12.913051651193463,20.49334779840871,11.830152201591286
20170905,LAME4,LOJAS AMERI,18.2,18.39,17.95,18.13,100762347.0,17.0965,16.243,0.8680666661277373,1.1059424568885592,18.454884913777118,14.03111508622288,19.560827370665677,12.925172629334321,20.666769827554234,11.819230172445762
20170906,LAME4,LOJAS AMERI,18.18,18.7,18.18,18.7,123801003.0,17.253499999999995,16.32875,0.8594568358164328,1.1602081765013124,18.649166353002624,14.008333646997375,19.809374529503938,12.848125470496061,20.969582706005248,11.68791729399475
20170908,LAME4,LOJAS AMERI,18.7,18.94,18.56,18.8,78440574.0,17.430999999999997,16.418749999999996,0.7874736419983328,1.2090071949479406,18.836764389895876,14.000735610104115,20.045771584843816,12.791728415156173,21.254778779791756,11.582721220208233
20170911,LAME4,LOJAS AMERI,18.96,19.24,18.83,19.06,74876512.0,17.592999999999996,16.516749999999995,0.7717246577429229,1.2604748545585318,19.037699709117057,13.995800290882931,20.29817456367559,12.735325436324398,21.558649418234122,11.474850581765867
20170912,LAME4,LOJAS AMERI,19.05,19.07,18.68,18.9,104586433.0,17.718999999999998,16.614749999999994,0.7689699193350241,1.289973141242949,19.194696282485893,14.034803717514096,20.48466942372884,12.744830576271147,21.77464256497179,11.454857435028199
20170913,LAME4,LOJAS AMERI,18.89,19.23,18.8,19.08,97015442.0,17.848499999999994,16.718249999999994,0.7691914757170643,1.317937175071671,19.354124350143337,14.082375649856651,20.672061525215007,12.764438474784981,21.989998700286677,11.44650129971331
20170914,LAME4,LOJAS AMERI,19.0,19.51,18.96,19.51,110749983.0,17.997999999999998,16.839749999999995,0.7877389361831442,1.346096898062826,19.531943796125645,14.147556203874343,20.878040694188474,12.801459305811516,22.2241375922513,11.45536240774869
20170915,LAME4,LOJAS AMERI,19.59,19.91,19.47,19.91,271704892.0,18.153,16.966249999999995,0.8446120255384789,1.3913131364253526,19.7488762728507,14.183623727149289,21.140189409276054,12.792310590723938,22.531502545701407,11.400997454298585
20170918,LAME4,LOJAS AMERI,19.87,20.29,19.77,20.14,116466004.0,18.313499999999998,17.100749999999994,0.9029558187011781,1.4320138007858156,19.964777601571626,14.236722398428363,21.39679140235744,12.804708597642549,22.828805203143258,11.372694796856731
20170919,LAME4,LOJAS AMERI,20.18,20.36,19.96,20.12,61883688.0,18.467499999999994,17.228249999999996,0.9363584277738706,1.4685766482532971,20.16540329650659,14.291096703493402,21.633979944759886,12.822520055240105,23.102556593013183,11.353943406986808
20170920,LAME4,LOJAS AMERI,20.19,20.33,19.46,19.67,93389609.0,18.594499999999996,17.339499999999994,0.9174648996584328,1.4810425122449873,20.301585024489967,14.37741497551002,21.782627536734957,12.896372463265031,23.263670048979943,11.415329951020045
20170921,LAME4,LOJAS AMERI,19.67,19.95,19.16,19.36,100358967.0,18.702499999999997,17.443999999999996,0.8706070175155732,1.4722053925824146,20.388410785164826,14.499589214835167,21.86061617774724,13.027383822252752,23.332821570329653,11.555178429670338
20170922,LAME4,LOJAS AMERI,19.36,19.55,19.09,19.53,75202282.0,18.797499999999996,17.544749999999993,0.8508563797418219,1.4736523395797072,20.49205467915941,14.59744532084058,21.965707018739117,13.123792981260872,23.43935935831882,11.650140641681165
20170925,LAME4,LOJAS AMERI,19.51,19.52,18.92,19.02,55513706.0,18.858999999999995,17.631499999999996,0.8180200743901419,1.4552355523490146,20.541971104698025,14.721028895301966,21.997206657047037,13.265793342952952,23.452442209396054,11.810557790603937
20170926,LAME4,LOJAS AMERI,19.25,19.35,18.96,19.02,61909197.0,18.925999999999995,17.715249999999994,0.7698284156054993,1.4357218991834397,20.586693798366873,14.843806201633114,22.022415697550315,13.408084302449675,23.458137596733753,11.972362403266235
20170927,LAME4,LOJAS AMERI,19.06,19.09,18.34,18.6,110020203.0,18.961499999999994,17.782749999999997,0.7351281664122389,1.4114549458280976,20.60565989165619,14.959840108343801,22.01711483748429,13.548385162515704,23.428569783312387,12.136930216687606
20170928,LAME4,LOJAS AMERI,18.85,19.08,18.65,18.73,90889651.0,19.000999999999998,17.847249999999995,0.6976192597534389,1.3937681584421475,20.63478631688429,15.0597136831157,22.028554475326438,13.665945524673553,23.422322633768587,12.272177366231405
20170929,LAME4,LOJAS AMERI,19.0,19.36,18.9,19.25,80092082.0,19.074999999999996,17.926249999999996,0.6359369382837203,1.3811100839913535,20.688470167982704,15.164029832017288,22.069580251974056,13.782919748025936,23.45069033596541,12.401809664034582
20171002,LAME4,LOJAS AMERI,19.4,19.7,19.12,19.12,88475181.0,19.137999999999998,18.002499999999994,0.5680214969986778,1.3600334648974883,20.722566929794972,15.282433070205018,22.08260039469246,13.922399605307529,23.442633859589947,12.562366140410042
20171003,LAME4,LOJAS AMERI,19.3,19.85,19.18,19.64,139222737.0,19.214499999999994,18.094749999999994,0.5235755110673724,1.3422732105629305,20.779296421125856,15.410203578874134,22.121569631688786,14.067930368311202,23.463842842251715,12.725657157748273
20171004,LAME4,LOJAS AMERI,19.76,20.28,19.55,20.2,155971802.0,19.317999999999994,18.207249999999995,0.5020652085976444,1.3248821669908255,20.857014333981645,15.557485666018344,22.18189650097247,14.232603499027519,23.506778667963296,12.907721332036694
20171005,LAME4,LOJAS AMERI,20.27,20.79,20.27,20.35,189603229.0,19.400499999999997,18.326999999999995,0.5299600282841452,1.2956241936927948,20.918248387385585,15.735751612614404,22.21387258107838,14.44012741892161,23.509496774771172,13.144503225228815
20171006,LAME4,LOJAS AMERI,20.06,20.12,19.68,20.01,74852225.0,19.460999999999995,18.445999999999994,0.5268566168672707,1.222284116536953,20.8905682330739,16.00143176692609,22.112852349610854,14.779147650389135,23.335136466147805,13.556863533852184
20171009,LAME4,LOJAS AMERI,20.1,20.28,19.33,19.72,62336107.0,19.493999999999996,18.543499999999995,0.5210556087102455,1.161476845029001,20.866453690057995,16.220546309941994,22.027930535087,15.05906946491299,23.189407380116,13.89759261988399
20171010,LAME4,LOJAS AMERI,19.98,20.15,19.89,19.94,69858154.0,19.546,18.632499999999997,0.5104425324631081,1.1273380263439574,20.887176052687913,16.37782394731208,22.01451407903187,15.250485920968124,23.141852105375825,14.123147894624168
20171011,LAME4,LOJAS AMERI,20.1,20.12,19.8,19.86,109235229.0,19.585,18.716749999999998,0.5027032189232248,1.0883683094077772,20.89348661881555,16.540013381184444,21.981854928223328,15.451645071776666,23.070223237631104,14.363276762368889
20171013,LAME4,LOJAS AMERI,19.15,19.42,18.9,19.22,130382856.0,19.5705,18.784249999999997,0.5091217928943745,1.0308395570154263,20.84592911403085,16.722570885969144,21.876768671046275,15.691731328953718,22.9076082280617,14.660891771938292
20171016,LAME4,LOJAS AMERI,19.22,19.32,18.54,18.6,148492928.0,19.505,18.829,0.5460720985749855,0.9805644632897607,20.790128926579523,16.867871073420478,21.770693389869283,15.887306610130718,22.751257853159043,14.906742146840958
20171017,LAME4,LOJAS AMERI,18.6,18.75,17.99,17.99,153896153.0,19.3975,18.8555,0.6209744040830514,0.9414717066163194,20.738443413232638,16.97255658676736,21.679915119848957,16.03108488015104,22.621386826465276,15.089613173534723
20171018,LAME4,LOJAS AMERI,18.25,18.67,18.2,18.39,126012957.0,19.311,18.88925,0.6353606518306926,0.897910359011736,20.68507071802347,17.09342928197653,21.582981077035207,16.195518922964794,22.480891436046946,15.297608563953057
20171019,LAME4,LOJAS AMERI,18.5,18.55,18.05,18.39,94588673.0,19.246999999999996,18.92075,0.6612356853489787,0.8557209810656569,20.632191962131316,17.209308037868688,21.48791294319697,16.353587056803033,22.34363392426263,15.497866075737374
20171020,LAME4,LOJAS AMERI,18.36,18.79,18.36,18.58,51272684.0,19.207999999999995,18.95525,0.6770337782135334,0.8112288478535618,20.577707695707122,17.332792304292877,21.388936543560686,16.521563456439313,22.200165391414245,15.710334608585752
20171023,LAME4,LOJAS AMERI,18.55,18.55,17.86,18.01,76820140.0,19.131999999999994,18.964750000000002,0.7227549632082036,0.7974188729735665,20.559587745947134,17.36991225405287,21.3570066189207,16.572493381079305,22.15442549189427,15.775074508105735
20171024,LAME4,LOJAS AMERI,18.15,18.15,17.76,18.0,95195133.0,19.080999999999996,18.970000000000002,0.7657806474441532,0.7901444204246963,20.550288840849394,17.38971115915061,21.340433261274093,16.599566738725912,22.13057768169879,15.809422318301216
20171025,LAME4,LOJAS AMERI,18.08,18.4,17.85,18.03,71828641.0,19.031499999999994,18.97875,0.8011128772559145,0.7773267388778243,20.533403477755652,17.42409652224435,21.310730216633473,16.64676978336653,22.0880569555113,15.869443044488705
20171026,LAME4,LOJAS AMERI,18.11,18.24,17.46,17.66,57558647.0,18.984499999999993,18.973000000000003,0.8536144513648621,0.7863847821779741,20.54576956435595,17.400230435644055,21.332154346533926,16.61384565346608,22.118539128711898,15.827460871288107
20171027,LAME4,LOJAS AMERI,17.61,18.01,17.31,17.77,54088452.0,18.93649999999999,18.96875,0.8946818017126408,0.7925460028709632,20.553842005741927,17.383657994258073,21.34638800861289,16.59111199138711,22.138934011483855,15.798565988516147
20171030,LAME4,LOJAS AMERI,17.79,17.79,17.05,17.25,96933730.0,18.836499999999994,18.955750000000002,0.9666723986520858,0.8166124131639239,20.58897482632785,17.322525173672155,21.405587239491773,16.50591276050823,22.222199652655696,15.689300347344307
20171031,LAME4,LOJAS AMERI,17.3,17.58,17.04,17.58,86320711.0,18.759499999999992,18.94875,1.0035331007049615,0.8273751745654768,20.603500349130954,17.293999650869047,21.430875523696432,16.46662447630357,22.258250698261907,15.639249301738094
20171101,LAME4,LOJAS AMERI,17.62,17.77,17.06,17.08,107123834.0,18.631499999999992,18.923000000000002,1.0476101876476505,0.8691233425788641,20.66124668515773,17.184753314842272,21.530370027736595,16.31562997226341,22.399493370315458,15.446506629684546
20171103,LAME4,LOJAS AMERI,17.15,17.17,15.75,15.85,219860926.0,18.413999999999994,18.866000000000003,1.1512620077663922,0.9889668268528806,20.843933653705765,16.88806634629424,21.832900480558646,15.89909951944136,22.821867307411527,14.91013269258848
20171106,LAME4,LOJAS AMERI,15.82,16.2,15.65,15.76,140093287.0,18.184499999999993,18.7925,1.2014222930825689,1.1041617077779622,21.000823415555924,16.584176584444076,22.104985123333886,15.480014876666115,23.20914683111185,14.375853168888153
20171107,LAME4,LOJAS AMERI,15.76,15.8,15.0,15.35,127611537.0,17.951499999999992,18.706250000000004,1.2781782883628137,1.2310193555936562,21.168288711187316,16.244211288812693,22.39930806678097,15.013191933219035,23.630327422374627,13.78217257762538
20171108,LAME4,LOJAS AMERI,15.49,15.85,15.25,15.83,93821104.0,17.756999999999994,18.625500000000006,1.2908100271983383,1.3105859914655373,21.24667198293108,16.004328017068932,22.557257974396617,14.693742025603393,23.867843965862157,13.383156034137857
20171109,LAME4,LOJAS AMERI,15.9,15.95,15.25,15.44,79436429.0,17.531999999999993,18.53900000000001,1.282434362740185,1.4029324599493553,21.34486491989872,15.733135080101299,22.747797379848073,14.330202620151942,24.150729839797428,12.927270160202587
20171110,LAME4,LOJAS AMERI,15.5,15.75,15.22,15.31,77627819.0,17.304499999999994,18.444750000000006,1.2509090378810963,1.4896135921258957,21.423977184251797,15.465522815748216,22.913590776377696,13.975909223622319,24.403204368503587,12.486295631496423
20171113,LAME4,LOJAS AMERI,15.31,15.57,15.17,15.43,78543115.0,17.11499999999999,18.342750000000002,1.2323939049030068,1.5531341142744675,21.449018228548937,15.236481771451068,23.002152342823404,13.6833476571766,24.55528645709787,12.130213542902133
20171114,LAME4,LOJAS AMERI,15.48,15.53,15.15,15.24,82606986.0,16.946999999999992,18.226000000000006,1.2482202066184076,1.6068950789867549,21.439790157973516,15.012209842026497,23.046685236960272,13.40531476303974,24.653580315947025,11.798419684052988
20171116,LAME4,LOJAS AMERI,15.24,15.5,15.2,15.35,97860564.0,16.81499999999999,18.106250000000006,1.2714910434934978,1.6387670279191375,21.38378405583828,14.828715944161731,23.02255108375742,13.189948916242594,24.661318111676557,11.551181888323455
20171117,LAME4,LOJAS AMERI,15.36,15.47,15.22,15.43,64137045.0,16.666999999999994,17.989000000000004,1.2506129023718406,1.6586522177621288,21.30630443552426,14.671695564475748,22.964956653286393,13.013043346713618,24.623608871048518,11.35439112895149
20171121,LAME4,LOJAS AMERI,15.5,15.97,15.5,15.73,88476870.0,16.533999999999995,17.890500000000007,1.1980703783914024,1.6731912545668595,21.236882509133725,14.544117490866288,22.910073763700584,12.870926236299429,24.583265018267443,11.19773498173257
20171122,LAME4,LOJAS AMERI,15.83,15.93,15.4,15.56,76199785.0,16.382999999999996,17.795500000000004,1.1139928186482937,1.6953480090515094,21.186196018103022,14.404803981896986,22.881544027154533,12.709455972845475,24.57689203620604,11.014107963793967
20171123,LAME4,LOJAS AMERI,15.52,15.52,15.15,15.35,55078503.0,16.249999999999996,17.691000000000006,1.067333125130092,1.7144122114501148,21.119824422900237,14.262175577099777,22.83423663435035,12.547763365649661,24.548648845800464,10.833351154199548
20171124,LAME4,LOJAS AMERI,15.35,15.58,15.22,15.3,46488768.0,16.115,17.598000000000006,1.003160794163795,1.741159648934285,21.080319297868577,14.115680702131435,22.821478946802863,12.374521053197151,24.56263859573715,10.633361404262866
20171127,LAME4,LOJAS AMERI,15.28,15.5,15.07,15.5,86306926.0,15.988499999999998,17.510000000000005,0.903538511689031,1.7563335936853597,21.022667187370725,13.997332812629285,22.779000781056084,12.240999218943927,24.535334374741446,10.484665625258566
20171128,LAME4,LOJAS AMERI,15.59,15.82,15.54,15.61,289458381.0,15.886,17.435250000000003,0.8159747158105266,1.7723083419581356,20.979866683916274,13.890633316083733,22.75217502587441,12.118324974125596,24.524483367832545,10.346016632167462
20171129,LAME4,LOJAS AMERI,15.67,15.74,15.34,15.4,109014184.0,15.767499999999998,17.352000000000004,0.690399388607375,1.788070439729915,20.928140879459832,13.775859120540174,22.71621131918975,11.987788680810258,24.504281758919664,10.199718241080344
20171130,LAME4,LOJAS AMERI,15.4,15.41,14.79,14.83,157458315.0,15.646499999999998,17.241500000000006,0.6259584230349357,1.8042706460236488,20.850041292047305,13.632958707952708,22.654311938070954,11.828688061929059,24.4585825840946,10.024417415905411
20171201,LAME4,LOJAS AMERI,14.7,15.11,14.55,15.11,69563429.0,15.523,17.141250000000007,0.4406347096727436,1.8086178140878537,20.758485628175713,13.524014371824299,22.567103442263566,11.715396557736446,24.375721256351422,9.90677874364859
20171204,LAME4,LOJAS AMERI,15.11,15.32,15.0,15.25,58624396.0,15.4315,17.031500000000005,0.24834769768880496,1.786158390197191,20.603816780394386,13.459183219605624,22.389975170591576,11.673024829408432,24.17613356078877,9.886866439211241
20171205,LAME4,LOJAS AMERI,15.25,15.53,15.19,15.24,63789265.0,15.401,16.907500000000006,0.2311048975772085,1.731896470524554,20.371292941049113,13.443707058950897,22.103189411573666,11.711810588426344,23.835085882098223,9.979914117901789
20171206,LAME4,LOJAS AMERI,15.2,15.5,15.08,15.49,68874673.0,15.3875,16.786000000000005,0.21645164769397138,1.6528697654499223,20.09173953089985,13.48026046910016,21.744609296349772,11.827390703650238,23.397479061799693,10.174520938200317
20171207,LAME4,LOJAS AMERI,15.21,15.4,14.95,15.25,61679970.0,15.382499999999999,16.667000000000005,0.2185087015007419,1.584749757807778,19.83649951561556,13.49750048438445,21.42124927342334,11.912750726576672,23.005999031231116,10.328000968768894
20171208,LAME4,LOJAS AMERI,15.4,15.47,15.23,15.35,58117052.0,15.358500000000001,16.557750000000006,0.19145633004878876,1.5181136870032756,19.593977374006556,13.521522625993455,21.112091061009835,12.003408938990178,22.630204748013107,10.485295251986903
20171211,LAME4,LOJAS AMERI,15.45,15.48,15.21,15.23,43081257.0,15.348000000000003,16.440000000000005,0.1925070060241502,1.4291004881141893,19.298200976228383,13.581799023771627,20.727301464342574,12.152698535657436,22.15640195245676,10.723598047543248
20171212,LAME4,LOJAS AMERI,15.16,15.2,14.86,15.2,55172930.0,15.342500000000001,16.323500000000003,0.1952023241879619,1.3296337455991043,18.98276749119821,13.664232508801794,20.312401236797314,12.33459876320269,21.64203498239642,11.004965017603585
20171213,LAME4,LOJAS AMERI,15.34,15.36,14.86,15.03,77573657.0,15.3225,16.218750000000004,0.20596052253299976,1.258750270542075,18.736250541084154,13.701249458915854,19.995000811626227,12.442499188373779,21.253751082168304,11.183748917831704
20171214,LAME4,LOJAS AMERI,14.95,15.03,14.83,15.0,55762374.0,15.3105,16.128750000000004,0.21767854135945974,1.2119557991009247,18.55266159820185,13.704838401798154,19.76461739730278,12.492882602697229,20.976573196403702,11.280926803596305
20171215,LAME4,LOJAS AMERI,15.0,15.4,14.95,15.33,72772299.0,15.309499999999996,16.062250000000002,0.21753342150953536,1.179759835403278,18.421769670806558,13.702730329193447,19.601529506209836,12.522970493790169,20.781289341613114,11.34321065838689
20171218,LAME4,LOJAS AMERI,15.36,15.6,15.31,15.51,51493184.0,15.313499999999996,15.990250000000003,0.2205799771415132,1.1204474552606196,18.23114491052124,13.749355089478764,19.351592365781862,12.628907634218145,20.472039821042483,11.508460178957524
20171219,LAME4,LOJAS AMERI,15.5,15.55,15.11,15.31,41778143.0,15.292499999999995,15.913250000000001,0.19764068939675347,1.0552369705912321,18.023723941182467,13.802776058817537,19.0789609117737,12.747539088226304,20.13419788236493,11.692302117635073
20171220,LAME4,LOJAS AMERI,15.23,15.48,15.23,15.39,23704801.0,15.283999999999995,15.8335,0.18899735447873525,0.965232933226281,17.763965866452562,13.90303413354744,18.729198799678844,12.937801200321157,19.694431732905123,11.972568267094877
20171221,LAME4,LOJAS AMERI,15.4,15.68,15.36,15.67,66991311.0,15.299999999999994,15.775,0.2075166448617982,0.8985458337695462,17.57209166753909,13.977908332460908,18.470637501308637,13.079362498691362,19.369183335078183,12.180816664921815
20171222,LAME4,LOJAS AMERI,15.64,15.84,15.57,15.84,31379978.0,15.326999999999993,15.721,0.2400898954448062,0.823142197267926,17.36728439453585,14.074715605464148,18.190426591803778,13.251573408196222,19.013568789071705,12.428431210928295
20171226,LAME4,LOJAS AMERI,15.85,16.5,15.79,16.42,81810304.0,15.372999999999994,15.68075,0.3416384669577255,0.7427819761562308,17.16631395231246,14.195186047687539,17.90909592846869,13.452404071531308,18.65187790462492,12.709622095375076
20171227,LAME4,LOJAS AMERI,16.48,17.15,16.47,17.09,199778546.0,15.446999999999992,15.666500000000003,0.5129902020198669,0.7085143358482979,17.083528671696598,14.249471328303407,17.792043007544898,13.540956992455108,18.500557343393194,12.832442656606812
20171228,LAME4,LOJAS AMERI,17.2,17.26,16.83,17.05,92079570.0,15.529499999999993,15.648500000000002,0.6253965058054355,0.661275186132719,16.97105037226544,14.325949627734564,17.632325558398158,13.664674441601845,18.293600744530877,13.003399255469127
