DATA DO PREGAO,CODIGO DE NEGOCIACAO DO PAPEL,NOME RESUMIDO DA EMPRESA EMISSORA,PRECO DE ABERTURA,PRECO MAXIMO,PRECO MINIMO,PRECO FECHAMENTO,VOLUME TOTAL DE TITULOS NEGOCIADOS NESTE PAPEL,MA_20,MA_40,STD_20,STD_40,BANDA_1_40 SUPERIOR,BANDA_1_40 INFERIOR,BANDA_2_40 SUPERIOR,BANDA_2_40 INFERIOR,BANDA_3_40 SUPERIOR,BANDA_3_40 INFERIOR
20170102,MRFG3,MARFRIG,6.52,6.59,6.4,6.4,3994646.0,0.0,0.0,0.0,0.0,0.0,0.0,0.0,0.0,0.0,0.0
20170103,MRFG3,MARFRIG,6.45,6.67,6.4,6.46,10315188.0,0.0,0.0,0.0,0.0,0.0,0.0,0.0,0.0,0.0,0.0
20170104,MRFG3,MARFRIG,6.39,6.63,6.39,6.6,8280466.0,0.0,0.0,0.0,0.0,0.0,0.0,0.0,0.0,0.0,0.0
20170105,MRFG3,MARFRIG,6.57,6.76,6.57,6.58,7798008.0,0.0,0.0,0.0,0.0,0.0,0.0,0.0,0.0,0.0,0.0
20170106,MRFG3,MARFRIG,6.58,6.63,6.3,6.33,13234831.0,0.0,0.0,0.0,0.0,0.0,0.0,0.0,0.0,0.0,0.0
20170109,MRFG3,MARFRIG,6.3,6.3,5.94,6.06,17404420.0,0.0,0.0,0.0,0.0,0.0,0.0,0.0,0.0,0.0,0.0
20170110,MRFG3,MARFRIG,6.1,6.23,6.08,6.16,28093419.0,0.0,0.0,0.0,0.0,0.0,0.0,0.0,0.0,0.0,0.0
20170111,MRFG3,MARFRIG,6.2,6.25,6.03,6.13,17316533.0,0.0,0.0,0.0,0.0,0.0,0.0,0.0,0.0,0.0,0.0
20170112,MRFG3,MARFRIG,6.2,6.28,6.05,6.13,17360225.0,0.0,0.0,0.0,0.0,0.0,0.0,0.0,0.0,0.0,0.0
20170113,MRFG3,MARFRIG,6.12,6.2,5.98,6.19,44309405.0,0.0,0.0,0.0,0.0,0.0,0.0,0.0,0.0,0.0,0.0
20170116,MRFG3,MARFRIG,6.13,6.28,6.13,6.28,9155607.0,0.0,0.0,0.0,0.0,0.0,0.0,0.0,0.0,0.0,0.0
20170117,MRFG3,MARFRIG,6.24,6.28,6.09,6.24,14615430.0,0.0,0.0,0.0,0.0,0.0,0.0,0.0,0.0,0.0,0.0
20170118,MRFG3,MARFRIG,6.24,6.26,6.16,6.16,7755321.0,0.0,0.0,0.0,0.0,0.0,0.0,0.0,0.0,0.0,0.0
20170119,MRFG3,MARFRIG,6.19,6.22,6.07,6.19,18757713.0,0.0,0.0,0.0,0.0,0.0,0.0,0.0,0.0,0.0,0.0
20170120,MRFG3,MARFRIG,6.18,6.24,6.12,6.14,66289650.0,0.0,0.0,0.0,0.0,0.0,0.0,0.0,0.0,0.0,0.0
20170123,MRFG3,MARFRIG,6.17,6.23,6.13,6.2,6738147.0,0.0,0.0,0.0,0.0,0.0,0.0,0.0,0.0,0.0,0.0
20170124,MRFG3,MARFRIG,6.23,6.28,6.15,6.28,14587775.0,0.0,0.0,0.0,0.0,0.0,0.0,0.0,0.0,0.0,0.0
20170126,MRFG3,MARFRIG,6.4,6.6,6.29,6.6,27440141.0,0.0,0.0,0.0,0.0,0.0,0.0,0.0,0.0,0.0,0.0
20170127,MRFG3,MARFRIG,6.6,6.7,6.49,6.62,15960701.0,0.0,0.0,0.0,0.0,0.0,0.0,0.0,0.0,0.0,0.0
20170130,MRFG3,MARFRIG,6.5,6.52,6.34,6.4,25135947.0,6.3075,0.0,0.18136543510997788,0.0,0.0,0.0,0.0,0.0,0.0,0.0
20170131,MRFG3,MARFRIG,6.35,6.53,6.31,6.46,9009276.0,6.3105,0.0,0.1834601634659344,0.0,0.0,0.0,0.0,0.0,0.0,0.0
20170201,MRFG3,MARFRIG,6.47,6.64,6.45,6.59,20875737.0,6.317000000000001,0.0,0.19117641343176095,0.0,0.0,0.0,0.0,0.0,0.0,0.0
20170202,MRFG3,MARFRIG,6.57,6.72,6.52,6.66,30803895.0,6.320000000000002,0.0,0.19625439988363122,0.0,0.0,0.0,0.0,0.0,0.0,0.0
20170203,MRFG3,MARFRIG,6.65,6.85,6.62,6.76,28684464.0,6.3290000000000015,0.0,0.2122783673932836,0.0,0.0,0.0,0.0,0.0,0.0,0.0
20170206,MRFG3,MARFRIG,6.76,6.95,6.51,6.75,24103863.0,6.350000000000002,0.0,0.23222040347366907,0.0,0.0,0.0,0.0,0.0,0.0,0.0
20170207,MRFG3,MARFRIG,6.75,6.86,6.67,6.86,14705782.0,6.390000000000002,0.0,0.24800254667622812,0.0,0.0,0.0,0.0,0.0,0.0,0.0
20170208,MRFG3,MARFRIG,6.86,7.1,6.74,6.75,38762345.0,6.419500000000002,0.0,0.2542165467304969,0.0,0.0,0.0,0.0,0.0,0.0,0.0
20170209,MRFG3,MARFRIG,6.72,6.9,6.7,6.88,9126802.0,6.4570000000000025,0.0,0.2643781183715552,0.0,0.0,0.0,0.0,0.0,0.0,0.0
20170210,MRFG3,MARFRIG,6.86,7.2,6.83,7.2,22789745.0,6.510500000000002,0.0,0.3005166603666003,0.0,0.0,0.0,0.0,0.0,0.0,0.0
20170213,MRFG3,MARFRIG,7.19,7.38,7.11,7.38,8625956.0,6.570000000000002,0.0,0.34780514811116825,0.0,0.0,0.0,0.0,0.0,0.0,0.0
20170214,MRFG3,MARFRIG,7.36,7.48,7.28,7.34,13418197.0,6.623000000000002,0.0,0.38051350346050766,0.0,0.0,0.0,0.0,0.0,0.0,0.0
20170215,MRFG3,MARFRIG,7.37,7.4,7.21,7.35,20925036.0,6.678500000000001,0.0,0.40205099179084286,0.0,0.0,0.0,0.0,0.0,0.0,0.0
20170216,MRFG3,MARFRIG,7.3,7.34,7.19,7.22,14288955.0,6.731500000000001,0.0,0.3999641431296988,0.0,0.0,0.0,0.0,0.0,0.0,0.0
20170217,MRFG3,MARFRIG,7.19,7.24,7.0,7.0,9919998.0,6.772000000000001,0.0,0.38289204195108867,0.0,0.0,0.0,0.0,0.0,0.0,0.0
20170220,MRFG3,MARFRIG,7.02,7.09,6.92,6.92,7056957.0,6.811000000000002,0.0,0.3537453737841453,0.0,0.0,0.0,0.0,0.0,0.0,0.0
20170221,MRFG3,MARFRIG,6.99,6.99,6.86,6.86,15178257.0,6.844000000000003,0.0,0.32321412163000124,0.0,0.0,0.0,0.0,0.0,0.0,0.0
20170222,MRFG3,MARFRIG,6.82,6.89,6.37,6.37,19999082.0,6.848500000000003,0.0,0.31548250431096236,0.0,0.0,0.0,0.0,0.0,0.0,0.0
20170223,MRFG3,MARFRIG,6.43,6.51,6.0,6.11,29297949.0,6.824000000000003,0.0,0.35263519244024555,0.0,0.0,0.0,0.0,0.0,0.0,0.0
20170224,MRFG3,MARFRIG,6.05,6.34,5.91,6.25,26251907.0,6.805500000000004,0.0,0.37301721422109163,0.0,0.0,0.0,0.0,0.0,0.0,0.0
20170301,MRFG3,MARFRIG,6.31,6.37,6.12,6.29,20822914.0,6.8000000000000025,6.553750000000001,0.3800553976240286,0.3854713232208599,7.32469264644172,5.782807353558281,7.710163969662581,5.397336030337421,8.09563529288344,5.011864707116561
20170302,MRFG3,MARFRIG,6.25,6.42,6.21,6.24,23203966.0,6.789000000000003,6.549750000000001,0.3933647028823059,0.38792999302345665,7.325609986046914,5.773890013953088,7.713539979070371,5.385960020929631,8.101469972093827,4.998030027906175
20170303,MRFG3,MARFRIG,6.27,6.32,5.96,6.11,18594117.0,6.765000000000003,6.541000000000002,0.41989347019903756,0.39390744715361325,7.328814894307229,5.753185105692776,7.722722341460842,5.359277658539162,8.116629788614455,4.965370211385549
20170306,MRFG3,MARFRIG,6.04,6.14,6.03,6.09,16708208.0,6.736500000000004,6.528250000000002,0.44593219923637495,0.4001530957021322,7.328556191404266,5.727943808595738,7.7287092871063985,5.327790712893605,8.128862382808531,4.927637617191473
20170307,MRFG3,MARFRIG,6.1,6.16,6.02,6.07,11593716.0,6.7020000000000035,6.515500000000001,0.470057107392843,0.40653602357175955,7.3285720471435205,5.702427952856482,7.735108070715279,5.295891929284723,8.14164409428704,4.8893559057129625
20170308,MRFG3,MARFRIG,6.07,6.09,5.93,6.0,15478001.0,6.664500000000004,6.507250000000002,0.49526680741426254,0.4136825706151626,7.334615141230327,5.679884858769676,7.74829771184549,5.266202288154513,8.161980282460652,4.8525197175393515
20170309,MRFG3,MARFRIG,6.03,6.12,6.02,6.12,7930147.0,6.627500000000003,6.508750000000002,0.5073862330352339,0.4121251210307558,7.333000242061513,5.68449975793849,7.745125363092269,5.272374636907735,8.157250484123026,4.860249515876978
20170310,MRFG3,MARFRIG,6.13,6.13,6.01,6.09,6929764.0,6.594500000000004,6.507000000000001,0.520298244430918,0.41378924401383155,7.334578488027663,5.679421511972338,7.748367732041495,5.265632267958506,8.162156976055327,4.851843023944674
20170313,MRFG3,MARFRIG,6.12,6.13,6.0,6.0,8128898.0,6.550500000000004,6.503750000000001,0.5319623552173796,0.41732166466033316,7.338393329320668,5.6691066706793345,7.755714993981,5.251785006019002,8.173036658641333,4.834463341358669
20170314,MRFG3,MARFRIG,6.03,6.04,5.8,5.8,8339342.0,6.480500000000005,6.495500000000002,0.5341050064310737,0.428024382243432,7.351548764486866,5.639451235513137,7.779573146730297,5.211426853269706,8.207597528973729,4.783402471026274
20170315,MRFG3,MARFRIG,5.8,5.86,5.77,5.79,15965759.0,6.401000000000005,6.485500000000002,0.5110041713703473,0.4398539967552168,7.3652079935104355,5.605792006489568,7.805061990265652,5.165938009734352,8.24491598702087,4.726084012979134
20170316,MRFG3,MARFRIG,5.83,5.92,5.72,5.72,9791365.0,6.320000000000005,6.471500000000003,0.48189319629102395,0.4552066310183506,7.381913262036704,5.561086737963302,7.837119893055055,5.1058801069449515,8.292326524073406,4.650673475926601
20170317,MRFG3,MARFRIG,5.73,5.78,5.56,5.6,19833540.0,6.232500000000004,6.455500000000003,0.44227730048728037,0.47439543172444815,7.4042908634488995,5.506709136551107,7.878686295173348,5.032313704826659,8.353081726897797,4.557918273102211
20170320,MRFG3,MARFRIG,5.35,5.48,5.27,5.36,17226511.0,6.139500000000005,6.435500000000003,0.4186252563608148,0.503164091091666,7.441828182183335,5.429171817816671,7.944992273275001,4.926007726725005,8.448156364366668,4.422843635633338
20170321,MRFG3,MARFRIG,5.43,5.6,5.38,5.42,11117332.0,6.060500000000005,6.416250000000003,0.39617214493330094,0.5269636658520254,7.470177331704054,5.362322668295953,7.997140997556079,4.835359002443927,8.524104663408105,4.308395336591902
20170322,MRFG3,MARFRIG,5.42,5.62,5.28,5.55,11851342.0,5.992000000000004,6.401500000000004,0.35615785973726777,0.5429102489929054,7.487320497985815,5.315679502014193,8.03023074697872,4.772769253021288,8.573140995971626,4.229859004028382
20170323,MRFG3,MARFRIG,5.5,5.93,5.45,5.84,12832944.0,5.941000000000004,6.392500000000004,0.29269887526081645,0.5492827491024441,7.491065498204891,5.293934501795116,8.040348247307335,4.744651752692671,8.589630996409781,4.195369003590227
20170324,MRFG3,MARFRIG,5.85,5.9,5.8,5.9,7537297.0,5.917500000000005,6.383000000000004,0.27476066139939165,0.5545393098364139,7.4920786196728315,5.273921380327176,8.046617929509246,4.719382070490762,8.601157239345659,4.1648427606543486
20170327,MRFG3,MARFRIG,5.97,6.14,5.96,6.01,16041750.0,5.912500000000005,6.368250000000004,0.2719689417252592,0.5564626718192381,7.481175343638481,5.255324656361528,8.037638015457718,4.69886198454229,8.594100687276956,4.142399312723052
20170328,MRFG3,MARFRIG,5.97,6.06,5.91,5.92,9386587.0,5.896000000000005,6.350750000000003,0.26016998491876625,0.5593420470883855,7.4694340941767745,5.232065905823232,8.02877614126516,4.672723858734846,8.588118188353546,4.113381811646461
20170329,MRFG3,MARFRIG,5.95,6.0,5.87,5.9,14477851.0,5.876500000000005,6.338250000000003,0.2431433408722636,0.5637824980683642,7.465814996136731,5.210685003863275,8.029597494205095,4.646902505794911,8.59337999227346,4.083120007726546
20170330,MRFG3,MARFRIG,5.94,5.94,5.77,5.77,2696292.0,5.853000000000005,6.321000000000003,0.22842942017174458,0.5704779822264204,7.461955964452844,5.180044035547162,8.032433946679264,4.6095660533207425,8.602911928905685,4.039088071094321
20170331,MRFG3,MARFRIG,5.79,5.86,5.71,5.71,5721905.0,5.833000000000005,6.299000000000003,0.2221687362533721,0.5767717408348305,7.4525434816696645,5.145456518330342,8.029315222504495,4.568684777495512,8.606086963339326,3.991913036660681
20170403,MRFG3,MARFRIG,5.78,5.78,5.58,5.7,4018604.0,5.813500000000005,6.275000000000004,0.21543774286932846,0.5813203362461469,7.437640672492297,5.11235932750771,8.018961008738444,4.531038991261563,8.600281344984591,3.9497186550154164
20170404,MRFG3,MARFRIG,5.73,5.77,5.63,5.77,4328795.0,5.798500000000004,6.250250000000004,0.20691404266658855,0.5812166174588062,7.412683234917616,5.087816765082391,7.993899852376423,4.506600147623585,8.575116469835228,3.9253835301647793
20170405,MRFG3,MARFRIG,5.81,5.85,5.66,5.7,13711872.0,5.7835000000000045,6.224000000000004,0.20236171366613284,0.5817779997779573,7.387555999555918,5.06044400044409,7.969333999333876,4.478666000666132,8.551111999111832,3.8968880008881746
20170406,MRFG3,MARFRIG,5.66,5.77,5.61,5.68,4817396.0,5.761500000000003,6.194500000000003,0.18720309826495704,0.5786099611823902,7.351719922364784,5.037280077635223,7.930329883547174,4.458670116452833,8.508939844729564,3.8800601552704426
20170407,MRFG3,MARFRIG,5.69,5.76,5.59,5.67,10299895.0,5.7405000000000035,6.167500000000003,0.17129460617679199,0.5772203507615901,7.321940701523183,5.013059298476823,7.899161052284773,4.435838947715233,8.476381403046364,3.858618596953643
20170410,MRFG3,MARFRIG,5.71,5.71,5.55,5.66,4091455.0,5.723500000000003,6.137000000000003,0.16073106011038926,0.5708033025976725,7.278606605195348,4.995393394804658,7.849409907793021,4.424590092206985,8.420213210390694,3.853786789609313
20170411,MRFG3,MARFRIG,5.69,5.72,5.57,5.58,6013116.0,5.712500000000004,6.096500000000004,0.1627356590819637,0.5505593891903405,7.1976187783806855,4.995381221619323,7.748178167571026,4.444821832428983,8.298737556761367,3.894262443238642
20170412,MRFG3,MARFRIG,5.55,5.74,5.55,5.74,8867531.0,5.710000000000003,6.055500000000004,0.16186414056238338,0.5122596997617515,7.080019399523507,5.030980600476501,7.592279099285259,4.518720900714749,8.10453879904701,4.006461200952998
20170413,MRFG3,MARFRIG,5.75,5.75,5.61,5.67,4404590.0,5.707500000000003,6.0137500000000035,0.1620875332067572,0.4713030899157169,6.956356179831437,5.07114382016857,7.427659269747155,4.599840730252852,7.898962359662871,4.128537640337136
20170417,MRFG3,MARFRIG,5.64,5.9,5.64,5.84,5991891.0,5.719500000000004,5.976000000000004,0.16259329305776263,0.4191126156719509,6.814225231343906,5.137774768656103,7.233337847015857,4.718662152984152,7.652450462687808,4.299549537312201
20170418,MRFG3,MARFRIG,5.91,6.07,5.89,6.07,14586234.0,5.7550000000000034,5.947250000000004,0.15739658258845887,0.3679045828082083,6.68305916561642,5.211440834383588,7.050963748424628,4.8435362515753795,7.418868331232837,4.4756316687671704
20170419,MRFG3,MARFRIG,6.12,6.12,5.87,6.0,16506327.0,5.784000000000003,5.922250000000004,0.14539963078212503,0.3261389313837008,6.574527862767405,5.269972137232602,6.900666794151106,4.943833205848901,7.226805725534807,4.6176942744652
20170420,MRFG3,MARFRIG,5.98,6.57,5.98,6.36,20008951.0,5.824500000000003,5.908250000000004,0.18437590320920463,0.29249490462360017,6.493239809247204,5.323260190752804,6.785734713870805,5.030765286129204,7.0782296184944045,4.738270381505604
20170424,MRFG3,MARFRIG,6.33,6.47,6.33,6.41,17263681.0,5.853000000000003,5.897000000000004,0.2262067056570387,0.2620158538949645,6.421031707789933,5.372968292210075,6.683047561684897,5.110952438315111,6.945063415579861,4.848936584420146
20170425,MRFG3,MARFRIG,6.41,6.83,6.36,6.83,30415031.0,5.899500000000002,5.9085000000000045,0.31466732641917133,0.2917194823974843,6.491938964794973,5.325061035205036,6.783658447192457,5.033341552807552,7.0753779295899415,4.741622070410068
20170426,MRFG3,MARFRIG,6.82,7.12,6.65,6.89,35004254.0,5.943500000000002,5.9280000000000035,0.3846703988994653,0.3291963797040548,6.586392759408113,5.269607240591894,6.915589139112168,4.940410860887839,7.244785518816222,4.611214481183785
20170427,MRFG3,MARFRIG,6.86,6.95,6.74,6.88,11047108.0,5.991500000000002,5.943750000000003,0.4378088383614117,0.358742015009858,6.6612340300197195,5.226265969980287,7.019976045029577,4.867523954970429,7.378718060039435,4.5087819399605715
20170428,MRFG3,MARFRIG,6.87,7.22,6.82,7.22,19695337.0,6.057500000000002,5.967000000000004,0.5158322350695455,0.40845048031774284,6.783900960635489,5.150099039364519,7.1923514409532325,4.741648559046776,7.600801921270976,4.3331980787290325
20170502,MRFG3,MARFRIG,7.24,7.49,7.04,7.38,24671906.0,6.138000000000002,5.995500000000003,0.5890366801195974,0.4639846924972794,6.923469384994562,5.067530615005444,7.387454077491841,4.603545922508165,7.851438769989121,4.1395612300108855
20170503,MRFG3,MARFRIG,7.32,7.44,7.22,7.29,28108495.0,6.217000000000002,6.025000000000003,0.6329305274922203,0.506971905356217,7.038943810712437,5.011056189287569,7.545915716068654,4.504084283931352,8.05288762142487,3.9971123785751352
20170504,MRFG3,MARFRIG,7.2,7.29,7.01,7.14,17701554.0,6.289000000000002,6.051250000000002,0.6526214345561346,0.5367336516564926,7.124717303312988,4.977782696687017,7.66145095496948,4.441049045030525,8.198184606625972,3.904315393374032
20170505,MRFG3,MARFRIG,7.04,7.46,7.04,7.41,16642731.0,6.371000000000003,6.084750000000002,0.6861479048779667,0.5781535041483142,7.241057008296631,4.928442991703374,7.819210512444945,4.3502894875550595,8.39736401659326,3.7721359834067454
20170508,MRFG3,MARFRIG,7.37,7.64,7.23,7.25,14169760.0,6.448500000000005,6.116000000000002,0.6938623782854945,0.6065404207893177,7.329080841578637,4.902919158421367,7.935621262367955,4.2963787376320495,8.542161683157273,3.6898383168427316
20170509,MRFG3,MARFRIG,7.19,7.56,7.19,7.5,14934576.0,6.539500000000004,6.150500000000003,0.7069912156083493,0.6448134295859228,7.440126859171849,4.860873140828157,8.084940288757771,4.216059711242234,8.729753718343694,3.5712462816563115
20170510,MRFG3,MARFRIG,7.54,7.98,7.5,7.9,17784801.0,6.651000000000005,6.195750000000002,0.7378196898544018,0.701477881296851,7.5987057625937044,4.7927942374063,8.300183643890556,4.091316356109449,9.001661525187405,3.3898384748125983
20170511,MRFG3,MARFRIG,7.92,7.95,7.62,7.62,9651060.0,6.749000000000005,6.236250000000003,0.7293825795619369,0.7358117356066098,7.707873471213222,4.764626528786783,8.443685206819833,4.028814793180173,9.179496942426443,3.2930030575735634
20170512,MRFG3,MARFRIG,7.54,7.73,7.52,7.69,14503924.0,6.854500000000004,6.283500000000002,0.7035359939170469,0.7670975934968897,7.817695186993781,4.749304813006223,8.584792780490671,3.9822072195093328,9.35189037398756,3.215109626012443
20170515,MRFG3,MARFRIG,7.75,7.78,7.34,7.36,14343927.0,6.935500000000005,6.322750000000003,0.6604023892972216,0.7812350101126054,7.885220020225214,4.760279979774792,8.666455030337818,3.9790449696621866,9.447690040450425,3.197809959549581
20170516,MRFG3,MARFRIG,7.34,7.45,7.03,7.17,24498982.0,7.010500000000005,6.359000000000003,0.5906060669480082,0.7861747701565924,7.931349540313187,4.786650459686818,8.71752431046978,4.000475689530226,9.503699080626372,3.214300919373633
20170517,MRFG3,MARFRIG,7.15,7.2,6.83,6.88,22204920.0,7.062500000000004,6.391000000000004,0.5241722798349551,0.7805185652944026,7.952037130588809,4.829962869411198,8.73255569588321,4.049444304116796,9.513074261177614,3.2689257388223933
20170518,MRFG3,MARFRIG,6.0,6.99,5.75,6.5,31344579.0,7.084000000000005,6.419500000000002,0.48895592310232655,0.7625125471855441,7.94452509437109,4.894474905628914,8.707037641556635,4.13196235844337,9.46955018874218,3.3694498112578257
20170519,MRFG3,MARFRIG,6.44,6.71,6.31,6.48,25385934.0,7.108000000000004,6.446000000000002,0.44252386197928234,0.7451064284674987,7.936212856935,4.955787143065005,8.681319285402498,4.2106807145975065,9.426425713869998,3.4655742861300074
20170522,MRFG3,MARFRIG,6.33,6.59,6.11,6.57,19779098.0,7.118500000000003,6.471500000000002,0.426025388420636,0.7309759896439141,7.933451979287829,5.009548020712174,8.664427968931744,4.27857203106826,9.395403958575658,3.5475960414243453
20170523,MRFG3,MARFRIG,6.58,6.65,6.41,6.52,22472001.0,7.124000000000004,6.488500000000002,0.41701192712970153,0.7237847462984842,7.93606949259697,5.040930507403034,8.659854238895456,4.317145761104549,9.383638985193938,3.593361014806065
20170524,MRFG3,MARFRIG,6.61,6.72,6.25,6.26,25066292.0,7.095500000000003,6.497500000000002,0.4558332451329403,0.7184982558014639,7.93449651160293,5.0605034883970745,8.652994767404394,4.342005232595611,9.371493023205858,3.623506976794147
20170525,MRFG3,MARFRIG,6.32,6.44,6.13,6.29,23934662.0,7.065500000000003,6.504500000000003,0.4886337020067774,0.7149823379565021,7.9344646759130075,5.074535324086998,8.649447013869509,4.359552986130496,9.364429351826011,3.6445706481739943
20170526,MRFG3,MARFRIG,6.36,6.52,6.26,6.33,18189954.0,7.038000000000004,6.514750000000002,0.5144194479421035,0.7093044173063203,7.933358834612642,5.096141165387362,8.642663251918963,4.386836748081041,9.351967669225283,3.6775323307747207
20170529,MRFG3,MARFRIG,6.33,6.39,6.28,6.32,6081607.0,6.993000000000004,6.525250000000002,0.5365494042098082,0.7030519093064818,7.9313538186129655,5.119146181387039,8.634405727919447,4.416094272080557,9.33745763722593,3.7130423627740754
20170530,MRFG3,MARFRIG,6.35,6.37,6.3,6.31,10162754.0,6.939500000000004,6.538750000000003,0.5491282565168798,0.69329457793558,7.925339155871163,5.152160844128843,8.618633733806742,4.458866266193263,9.311928311742323,3.765571688257683
20170531,MRFG3,MARFRIG,6.35,6.46,6.18,6.3,18949864.0,6.890000000000005,6.553500000000004,0.560375813746082,0.6813845256497055,7.916269051299415,5.190730948700593,8.59765357694912,4.5093464230508875,9.279038102598825,3.827961897401182
20170601,MRFG3,MARFRIG,6.31,6.52,6.09,6.24,15964183.0,6.845000000000006,6.567000000000005,0.5751841810283621,0.6692828155417481,7.905565631083501,5.228434368916508,8.57484844662525,4.55915155337476,9.244131262166997,3.8898687378330123
20170602,MRFG3,MARFRIG,6.22,6.37,6.2,6.24,8443262.0,6.786500000000006,6.578750000000005,0.5741930264109374,0.6589781814216202,7.896706362843245,5.260793637156764,8.555684544264865,4.601815455735144,9.214662725686486,3.942837274313524
20170605,MRFG3,MARFRIG,6.21,6.42,6.21,6.38,10370271.0,6.7430000000000065,6.595750000000005,0.5701717192861181,0.644335823810966,7.884421647621937,5.307078352378073,8.528757471432904,4.662742528567107,9.17309329524387,4.018406704756141
20170606,MRFG3,MARFRIG,6.36,6.76,6.36,6.63,22148385.0,6.699500000000006,6.619500000000005,0.5418630143456857,0.6269909826366681,7.873481965273341,5.365518034726668,8.500472947910009,4.738527052090001,9.127463930546677,4.111536069453333
20170607,MRFG3,MARFRIG,6.73,6.73,6.5,6.56,10770425.0,6.632500000000006,6.6417500000000045,0.4626681771045705,0.6079342385994894,7.857618477198983,5.425881522801026,8.465552715798474,4.817947284201536,9.073486954397962,4.210013045602047
20170608,MRFG3,MARFRIG,6.56,6.56,6.44,6.44,5873341.0,6.5735000000000054,6.661250000000004,0.4012778929475478,0.5878129281170505,7.836875856234105,5.485624143765904,8.424688784351156,4.8978112156488525,9.012501712468207,4.309998287531802
20170609,MRFG3,MARFRIG,6.44,6.49,6.32,6.38,7340206.0,6.508000000000005,6.681250000000004,0.30474493217150067,0.5631740975067715,7.807598195013547,5.554901804986461,8.370772292520318,4.99172770747969,8.93394639002709,4.4285536099729175
20170612,MRFG3,MARFRIG,6.39,6.59,6.34,6.43,7294130.0,6.461500000000005,6.698500000000005,0.229582573151227,0.5438398614222733,7.786179722844551,5.610820277155458,8.330019584266825,5.066980415733185,8.873859445689098,4.5231405543109116
20170613,MRFG3,MARFRIG,6.44,6.51,6.27,6.46,9936246.0,6.426000000000006,6.718250000000003,0.15799400388356288,0.5193234627612752,7.756896925522553,5.679603074477453,8.276220388283829,5.160279611716177,8.795543851045103,4.640956148954903
20170614,MRFG3,MARFRIG,6.48,6.66,6.45,6.64,28560132.0,6.414000000000006,6.738250000000003,0.12795558439923074,0.49966597817301145,7.737581956346026,5.738918043653981,8.237247934519038,5.239252065480969,8.73691391269205,4.739586087307957
20170616,MRFG3,MARFRIG,6.61,6.83,6.54,6.63,28734766.0,6.420500000000006,6.752250000000004,0.1356262278625041,0.48817550175405483,7.728601003508113,5.775898996491894,8.216776505262168,5.287723494737839,8.704952007016223,4.7995479929837845
20170619,MRFG3,MARFRIG,6.62,6.74,6.58,6.65,6193396.0,6.4290000000000065,6.768500000000003,0.14458288462441615,0.4730780279328382,7.71465605586568,5.822343944134326,8.187734083798517,5.349265916201489,8.660812111731357,4.8761878882686505
20170620,MRFG3,MARFRIG,6.69,6.74,6.43,6.65,17121722.0,6.433000000000007,6.775750000000002,0.1497049730215062,0.46886052543127904,7.713471050862561,5.838028949137444,8.182331576293839,5.369168423706165,8.651192101725119,4.900307898274886
20170621,MRFG3,MARFRIG,6.59,6.7,6.55,6.7,10862860.0,6.4420000000000055,6.783000000000001,0.1602498049920859,0.465288441005508,7.713576882011017,5.852423117988986,8.178865323016526,5.387134676983477,8.644153764022033,4.921846235977969
20170622,MRFG3,MARFRIG,6.65,6.81,6.63,6.7,14080472.0,6.464000000000006,6.779750000000002,0.164105229398064,0.46540573696507304,7.710561473930148,5.848938526069856,8.175967210895221,5.383532789104782,8.641372947860294,4.91812705213971
20170623,MRFG3,MARFRIG,6.58,6.68,6.51,6.66,15001721.0,6.482500000000006,6.774000000000003,0.16431276338290995,0.4654294956109014,7.704858991221806,5.8431410087782,8.170288486832707,5.377711513167299,8.635717982443609,4.912282017556397
20170626,MRFG3,MARFRIG,6.68,6.81,6.65,6.66,6332508.0,6.499000000000005,6.768500000000003,0.16476139046959892,0.46544464541846503,7.699389290836933,5.837610709163073,8.164833936255398,5.372166063744608,8.630278581673863,4.906721418326143
20170627,MRFG3,MARFRIG,6.68,6.68,6.53,6.63,8060466.0,6.514500000000005,6.753750000000002,0.16158670476835896,0.46008743594881113,7.673924871897624,5.83357512810238,8.134012307846435,5.373487692153569,8.594099743795246,4.913400256204757
20170628,MRFG3,MARFRIG,6.71,6.73,6.56,6.69,6077429.0,6.533500000000005,6.736500000000002,0.15858834496234878,0.44880210932362596,7.634104218647254,5.8388957813527504,8.08290632797088,5.390093672029124,8.531708437294506,4.941291562705498
20170629,MRFG3,MARFRIG,6.65,6.79,6.62,6.72,8699379.0,6.554500000000004,6.7222500000000025,0.15377615310300924,0.4397346956564891,7.60171939131298,5.842780608687025,8.04145408696947,5.403045913030535,8.481188782625958,4.963311217374046
20170630,MRFG3,MARFRIG,6.77,6.79,6.71,6.76,8473812.0,6.580500000000003,6.712750000000002,0.14125285278908548,0.4345524517631167,7.581854903526236,5.843645096473769,8.016407355289353,5.409092644710652,8.450959807052469,4.9745401929475355
20170703,MRFG3,MARFRIG,6.81,6.96,6.72,6.8,9457774.0,6.608500000000004,6.6975000000000025,0.12474289347969596,0.4199129946511843,7.537325989302371,5.857674010697634,7.957238983953555,5.43776101604645,8.37715197860474,5.017848021395265
20170704,MRFG3,MARFRIG,6.8,6.94,6.8,6.87,6513432.0,6.6330000000000044,6.688000000000002,0.12561846997954848,0.4113031198644849,7.510606239728972,5.865393760271033,7.921909359593457,5.454090640406548,8.333212479457941,5.0427875205420625
20170705,MRFG3,MARFRIG,6.94,6.97,6.85,6.88,4538335.0,6.645500000000004,6.672500000000002,0.13720806328923146,0.3911046158163094,7.454709231632621,5.890290768367383,7.84581384744893,5.499186152551074,8.23691846326524,5.1080815367347645
20170706,MRFG3,MARFRIG,6.83,6.87,6.75,6.8,8006521.0,6.657500000000004,6.645000000000003,0.13980719806784558,0.33759329194940035,7.320186583898804,5.969813416101203,7.657779875848204,5.632220124151802,7.995373167797604,5.294626832202402
20170707,MRFG3,MARFRIG,6.85,6.9,6.75,6.8,16845250.0,6.675500000000005,6.624500000000003,0.13335646729133166,0.2996318253611138,7.223763650722231,6.025236349277775,7.523395476083344,5.725604523916662,7.8230273014444585,5.425972698555547
20170710,MRFG3,MARFRIG,6.8,6.82,6.78,6.8,17318064.0,6.696500000000006,6.602250000000003,0.11636037487954529,0.2468830045765,7.096016009153003,6.108483990847003,7.342899013729503,5.861600986270504,7.589782018306003,5.614717981694003
20170711,MRFG3,MARFRIG,6.8,6.83,6.73,6.78,10916267.0,6.714000000000006,6.587750000000002,0.09922860368601809,0.2163862583911348,7.020522516782272,6.154977483217733,7.236908775173407,5.938591224826598,7.453295033564542,5.722204966435463
20170712,MRFG3,MARFRIG,6.81,6.85,6.73,6.8,14124424.0,6.731000000000006,6.578500000000003,0.08084422968701899,0.1979840708433242,6.974468141686651,6.182531858313355,7.172452212529976,5.98454778747003,7.3704362833733,5.786563716626706
20170713,MRFG3,MARFRIG,6.8,6.94,6.78,6.87,6350257.0,6.742500000000007,6.578250000000002,0.08353221880777932,0.19759953674813874,6.97344907349628,6.183050926503725,7.171048610244418,5.985451389755586,7.368648146992557,5.787851853007448
20170714,MRFG3,MARFRIG,6.89,6.92,6.72,6.75,6889533.0,6.748500000000007,6.584500000000003,0.07922486318935375,0.1990097278900555,6.982519455780114,6.186480544219892,7.181529183670169,5.987470816329837,7.380538911560225,5.788461088439781
20170717,MRFG3,MARFRIG,6.75,6.77,6.65,6.7,10638988.0,6.7510000000000066,6.590000000000002,0.07670174636043338,0.19908766269133704,6.9881753253826755,6.191824674617328,7.187262988074012,5.992737011925991,7.386350650765349,5.793649349234654
20170718,MRFG3,MARFRIG,6.73,6.82,6.65,6.7,8246338.0,6.753500000000005,6.593250000000002,0.07400391170317853,0.19981257243368417,6.99287514486737,6.193624855132634,7.192687717301054,5.99381228269895,7.3925002897347385,5.793999710265266
20170719,MRFG3,MARFRIG,6.69,6.69,6.5,6.64,10480792.0,6.750500000000005,6.596250000000002,0.07742398649135772,0.1995853072543093,6.995420614508621,6.197079385491383,7.19500592176293,5.997494078237074,7.394591229017239,5.797908770982765
20170720,MRFG3,MARFRIG,6.6,6.67,6.52,6.6,10621934.0,6.745500000000005,6.604750000000003,0.0838215523095483,0.1919934226971761,6.988736845394355,6.220763154605651,7.180730268091531,6.028769731908475,7.372723690788707,5.836776309211299
20170721,MRFG3,MARFRIG,6.55,6.59,6.45,6.46,7501124.0,6.735500000000006,6.609000000000002,0.10404831873501032,0.18665476152512742,6.982309523050256,6.235690476949747,7.1689642845753845,6.049035715424619,7.355619046100512,5.862380953899492
20170724,MRFG3,MARFRIG,6.46,6.62,6.45,6.55,6075900.0,6.730000000000007,6.614500000000002,0.11092909067462006,0.18138993272039636,6.977279865440795,6.25172013455921,7.158669798161191,6.0703302018388134,7.340059730881587,5.888940269118417
20170725,MRFG3,MARFRIG,6.62,6.63,6.41,6.48,7034216.0,6.722500000000006,6.618500000000003,0.12251208318496216,0.17642533104942631,6.971350662098855,6.26564933790115,7.147775993148281,6.089224006851724,7.324201324197708,5.912798675802297
20170726,MRFG3,MARFRIG,6.46,6.51,6.25,6.44,15638452.0,6.710000000000006,6.621750000000003,0.13780229927041768,0.17173156602451692,6.965213132049037,6.278286867950969,7.136944698073554,6.106555301926452,7.308676264098071,5.934823735901936
20170727,MRFG3,MARFRIG,6.48,6.48,6.33,6.43,10562247.0,6.695500000000007,6.625000000000003,0.15129180587962782,0.16664102366834235,6.958282047336687,6.291717952663318,7.12492307100503,6.125076928994975,7.291564094673372,5.958435905326633
20170728,MRFG3,MARFRIG,6.4,6.54,6.34,6.45,7271789.0,6.680000000000007,6.630250000000002,0.15996710188102325,0.15724368643312583,6.944737372866253,6.315762627133751,7.10198105929938,6.158518940700624,7.259224745732506,6.001275254267498
20170731,MRFG3,MARFRIG,6.49,6.5,6.41,6.42,5048855.0,6.661000000000006,6.634750000000002,0.16736031095876236,0.1480988495254826,6.930947699050967,6.338552300949037,7.07904654857645,6.190453451423554,7.227145398101933,6.042354601898071
20170801,MRFG3,MARFRIG,6.42,6.48,6.39,6.47,5061382.0,6.641000000000005,6.637000000000003,0.1649529438482793,0.14477568856683884,6.926551377133681,6.347448622866326,7.07132706570052,6.202672934299486,7.216102754267358,6.057897245732648
20170802,MRFG3,MARFRIG,6.46,6.56,6.38,6.49,9466072.0,6.621500000000006,6.633500000000003,0.15812303670510863,0.14662965733527003,6.9267593146705435,6.340240685329463,7.073388972005813,6.193611027994193,7.220018629341084,6.046981370658923
20170803,MRFG3,MARFRIG,6.51,6.55,6.44,6.55,5870294.0,6.609000000000006,6.633250000000004,0.1530703312722373,0.14676664715783017,6.926783294315664,6.339716705684344,7.073549941473495,6.192950058526513,7.2203165886313245,6.046183411368683
20170804,MRFG3,MARFRIG,6.55,6.56,6.45,6.55,4547819.0,6.596500000000006,6.636000000000005,0.14672835624486058,0.14405839271914297,6.92411678543829,6.347883214561719,7.068175178157434,6.203824821842575,7.212233570876577,6.0597664291234326
20170807,MRFG3,MARFRIG,6.56,6.92,6.53,6.92,17660164.0,6.6025000000000045,6.649500000000005,0.15754280955381053,0.1447535482936156,6.939007096587236,6.359992903412774,7.083760644880852,6.2152393551191585,7.228514193174467,6.070485806825543
20170808,MRFG3,MARFRIG,6.88,6.95,6.71,6.86,8559556.0,6.606500000000006,6.660250000000005,0.16320071594271118,0.14399942129514193,6.948248842590289,6.372251157409721,7.0922482638854305,6.228251736114579,7.236247685180572,6.084252314819437
20170809,MRFG3,MARFRIG,6.85,6.91,6.79,6.83,5151733.0,6.608000000000006,6.669500000000005,0.16519844525839963,0.14268397929943094,6.954867958598866,6.384132041401143,7.097551937898298,6.241448062101711,7.240235917197729,6.098764082802281
20170810,MRFG3,MARFRIG,6.84,6.9,6.61,6.66,4845785.0,6.5975000000000055,6.670000000000006,0.15396086310625828,0.14261297815579066,6.955225956311588,6.384774043688425,7.0978389344673785,6.242161065532634,7.240451912623168,6.099548087376844
20170811,MRFG3,MARFRIG,6.68,6.88,6.6,6.88,7509215.0,6.6040000000000045,6.676250000000006,0.16320474709299115,0.1462468496263887,6.968743699252784,6.383756300747228,7.114990548879172,6.2375094511208395,7.2612373985055605,6.091262601494451
20170814,MRFG3,MARFRIG,6.85,7.1,6.76,7.09,15751402.0,6.623500000000005,6.687250000000006,0.1954017453997437,0.16011194000865747,7.00747388001732,6.367026119982691,7.1675858200259785,6.206914179974033,7.327697760034636,6.046802239965376
20170815,MRFG3,MARFRIG,7.18,7.27,6.96,7.14,24434599.0,6.6455000000000055,6.699500000000006,0.22672670773423048,0.17522073990344395,7.049941479806893,6.349058520193118,7.225162219710338,6.173837780289674,7.400382959613782,5.99861704038623
20170816,MRFG3,MARFRIG,7.2,7.25,7.0,7.18,14115008.0,6.6725000000000065,6.711500000000006,0.2562662061627633,0.19098328561583106,7.0934665712316685,6.329533428768344,7.284449856847499,6.138550143152513,7.475433142463331,5.947566857536682
20170817,MRFG3,MARFRIG,7.16,7.16,7.02,7.12,7592757.0,6.698500000000007,6.722000000000007,0.27426984407408783,0.20158601905123744,7.125172038102481,6.318827961897532,7.326758057153719,6.117241942846294,7.528344076204957,5.915655923795057
20170818,MRFG3,MARFRIG,7.09,7.24,6.93,7.09,34180518.0,6.730000000000007,6.732750000000006,0.28151843914555735,0.2095047579167271,7.15175951583346,6.313740484166551,7.361264273750187,6.104235726249824,7.570769031666914,5.894730968333097
20170821,MRFG3,MARFRIG,7.1,7.2,7.0,7.18,12020191.0,6.761500000000007,6.7457500000000055,0.2952300619410018,0.22070850366432754,7.187167007328661,6.30433299267135,7.407875510992988,6.083624489007023,7.628584014657315,5.8629159853426955
20170822,MRFG3,MARFRIG,7.21,7.29,7.07,7.1,35169980.0,6.792500000000007,6.757500000000006,0.2966634634165782,0.22681461988786078,7.211129239775727,6.303870760224284,7.437943859663588,6.077056140336423,7.664758479551448,5.850241520448563
20170823,MRFG3,MARFRIG,7.1,7.18,7.04,7.1,8288387.0,6.825500000000007,6.767750000000007,0.29206118681212845,0.232869364721176,7.233488729442358,6.302011270557655,7.466358094163534,6.069141905836479,7.69922745888471,5.836272541115303
20170824,MRFG3,MARFRIG,7.1,7.19,7.05,7.16,8176438.0,6.862000000000006,6.778750000000007,0.2855760567879073,0.24081259337544678,7.2603751867509,6.2971248132491136,7.501187780126347,6.056312219873666,7.742000373501794,5.8154996264982195
20170825,MRFG3,MARFRIG,7.16,7.21,6.97,7.07,12683525.0,6.893000000000006,6.786500000000006,0.27181843785493764,0.24514307700836954,7.2767861540167456,6.296213845983267,7.521929231025115,6.051070768974898,7.767072308033485,5.805927691966528
20170828,MRFG3,MARFRIG,7.1,7.33,7.08,7.2,18587939.0,6.932000000000007,6.796500000000006,0.2558700327983221,0.2537164781445118,7.30393295628903,6.289067043710983,7.557649434433541,6.035350565566471,7.8113659125780535,5.781634087421959
20170829,MRFG3,MARFRIG,7.2,7.41,7.18,7.32,13819479.0,6.974500000000006,6.807750000000006,0.24547429922285435,0.26670340291831396,7.341156805836634,6.274343194163378,7.607860208754948,6.007639791245063,7.874563611673262,5.74093638832675
20170830,MRFG3,MARFRIG,7.38,7.38,7.21,7.24,8377058.0,7.012000000000006,6.816750000000006,0.22390317456202258,0.27514460067763413,7.367039201355274,6.266460798644738,7.642183802032909,5.9913161979671035,7.917328402710543,5.7161715972894696
20170831,MRFG3,MARFRIG,7.25,7.28,7.04,7.13,15238331.0,7.041000000000006,6.8250000000000055,0.1968408387237717,0.2795417495537889,7.384083499107583,6.265916500892428,7.663625248661372,5.986374751338639,7.943166998215161,5.70683300178485
20170901,MRFG3,MARFRIG,7.12,7.24,7.11,7.18,14273379.0,7.072500000000005,6.834500000000006,0.16133896974351555,0.2850726403154357,7.404645280630877,6.264354719369134,7.689717920946313,5.979282079053698,7.974790561261749,5.6942094387382625
20170904,MRFG3,MARFRIG,7.18,7.37,7.14,7.26,24614044.0,7.0895000000000055,6.846000000000005,0.1623341258671661,0.29281831244402684,7.431636624888059,6.260363375111952,7.724454937332085,5.967545062667925,8.017273249776112,5.674726750223898
20170905,MRFG3,MARFRIG,7.32,7.4,7.17,7.22,16184437.0,7.107500000000004,6.857000000000006,0.15535612738412927,0.29848506383626133,7.453970127672529,6.260029872327483,7.7524551915087905,5.961544808491222,8.050940255345052,5.663059744654961
20170906,MRFG3,MARFRIG,7.27,7.33,7.22,7.24,10521266.0,7.1280000000000046,6.8680000000000065,0.1434022682049352,0.30437999192979687,7.4767599838596,6.259240016140413,7.781139975789397,5.954860024210616,8.085519967719193,5.650480032280819
20170908,MRFG3,MARFRIG,7.28,7.35,7.22,7.25,16184940.0,7.157500000000004,6.877500000000007,0.09436073001214829,0.3103162158930107,7.498132431786028,6.256867568213985,7.808448647679039,5.9465513523209745,8.11876486357205,5.636235136427963
20170911,MRFG3,MARFRIG,7.3,7.32,7.22,7.25,10455051.0,7.176000000000005,6.890000000000006,0.07029262145903721,0.3150824068032472,7.520164813606501,6.259835186393511,7.835247220409747,5.944752779590265,8.150329627212994,5.629670372787017
20170912,MRFG3,MARFRIG,7.27,7.29,7.13,7.19,18769793.0,7.1810000000000045,6.902250000000007,0.06734827001259029,0.31702533668867544,7.536300673377357,6.268199326622656,7.8533260100660325,5.951173989933981,8.170351346754709,5.634148653245305
20170913,MRFG3,MARFRIG,7.18,7.2,7.07,7.18,7251363.0,7.183000000000005,6.914250000000007,0.06665701684550102,0.31825556171747654,7.5507611234349605,6.277738876565054,7.869016685152436,5.959483314847578,8.187272246869913,5.641227753130101
20170914,MRFG3,MARFRIG,7.09,7.11,6.84,7.1,23055444.0,7.179000000000005,6.925750000000008,0.06919841799229322,0.3163970849812296,7.558544169962467,6.292955830037549,7.874941254943696,5.97655874505632,8.191338339924926,5.660161660075089
20170915,MRFG3,MARFRIG,7.17,7.17,7.04,7.17,12112905.0,7.181500000000004,6.9400000000000075,0.0678446367581599,0.31417780365216197,7.568355607304332,6.311644392695683,7.882533410956493,5.997466589043522,8.196711214608655,5.68328878539136
20170918,MRFG3,MARFRIG,7.15,7.22,7.07,7.1,9414290.0,7.182000000000004,6.956000000000008,0.06716828825698165,0.3052766714864574,7.566553342972923,6.345446657027094,7.8718300144593805,6.040169985540636,8.177106685945837,5.734893314054179
20170919,MRFG3,MARFRIG,7.1,7.13,6.97,6.97,8728805.0,7.1715000000000035,6.966500000000009,0.08222402005307654,0.29809265467172297,7.562685309343455,6.370314690656563,7.860777964015178,6.07222203598484,8.158870618686901,5.7741293813131165
20170920,MRFG3,MARFRIG,6.99,7.05,6.88,6.92,8915574.0,7.162500000000003,6.977500000000009,0.09866877072201696,0.28761396849214266,7.552727936984295,6.402272063015723,7.840341905476437,6.1146580945235804,8.12795587396858,5.8270441260314385
20170921,MRFG3,MARFRIG,6.93,6.97,6.72,6.82,11823034.0,7.148500000000003,6.987000000000009,0.12448948380868058,0.2754222864937409,7.537844572987491,6.436155427012527,7.813266859481232,6.160733140518786,8.088689145974973,5.885310854025045
20170922,MRFG3,MARFRIG,6.85,6.85,6.67,6.75,10367879.0,7.128000000000003,6.995000000000009,0.15299122781871488,0.2632050969812848,7.521410193962579,6.468589806037439,7.784615290943863,6.205384709056155,8.047820387925148,5.94217961207487
20170925,MRFG3,MARFRIG,6.75,6.83,6.55,6.67,19370058.0,7.108000000000002,7.0005000000000095,0.18397940388161857,0.2536497686342521,7.507799537268514,6.493200462731505,7.761449305902766,6.239550694097253,8.015099074537018,5.985900925463001
20170926,MRFG3,MARFRIG,6.71,6.76,6.6,6.66,9877947.0,7.081000000000003,7.00650000000001,0.20784356465482642,0.24214373777488912,7.490787475549788,6.522212524450231,7.732931213324677,6.280068786675343,7.975074951099566,6.037925048900453
20170927,MRFG3,MARFRIG,6.67,6.71,6.52,6.59,6573466.0,7.044500000000004,7.009500000000008,0.22688914520207895,0.23599163392386566,7.481483267847739,6.537516732152277,7.717474901771605,6.301525098228411,7.953466535695471,6.065533464304545
20170928,MRFG3,MARFRIG,6.64,6.64,6.38,6.39,9060260.0,7.0020000000000024,7.007000000000008,0.26478591153490755,0.2420870790566039,7.491174158113216,6.5228258418867995,7.7332612371698195,6.280738762830196,7.975348316226423,6.038651683773592
20170929,MRFG3,MARFRIG,6.46,6.53,6.39,6.47,10948471.0,6.969000000000003,7.005000000000008,0.28809537894319714,0.24625398604089674,7.497507972081801,6.512492027918214,7.743761958122698,6.266238041877318,7.990015944163595,6.019984055836421
20171002,MRFG3,MARFRIG,6.49,6.56,6.31,6.42,23038660.0,6.931000000000002,7.001750000000008,0.3082189925498168,0.25317357479477093,7.50809714958955,6.495402850410467,7.761270724384321,6.242229275615696,8.014444299179091,5.989055700820924
20171003,MRFG3,MARFRIG,6.46,6.73,6.42,6.67,15941212.0,6.901500000000001,6.995500000000009,0.3032677295550524,0.2582778269566328,7.512055653913274,6.4789443460867435,7.770333480869907,6.22066651913011,8.02861130782654,5.9623886921734774
20171004,MRFG3,MARFRIG,6.72,6.78,6.61,6.72,8871153.0,6.876500000000002,6.992000000000009,0.2961556312055189,0.26109434388791514,7.514188687775839,6.469811312224179,7.775283031663754,6.2087169683362635,8.03637737555167,5.947622624448348
20171005,MRFG3,MARFRIG,6.75,6.85,6.63,6.63,10388309.0,6.846000000000001,6.987000000000009,0.2880497033134205,0.2661424334295441,7.519284866859097,6.454715133140921,7.785427300288641,6.188572699711377,8.051569733718186,5.9224302662818324
20171006,MRFG3,MARFRIG,6.57,6.76,6.52,6.7,10190807.0,6.8185,6.988000000000008,0.27332793105487546,0.26495476149907193,7.517909522998153,6.458090477001864,7.782864284497224,6.193135715502793,8.047819045996295,5.928180954003721
20171009,MRFG3,MARFRIG,6.74,6.74,6.39,6.39,15244778.0,6.775499999999999,6.975750000000008,0.2694922125620341,0.28092235901557605,7.53759471803116,6.413905281968855,7.818517077046736,6.132982922953279,8.099439436062312,5.8520605639377035
20171010,MRFG3,MARFRIG,6.45,6.56,6.38,6.44,9556001.0,6.7379999999999995,6.959500000000008,0.26082056748089066,0.29269700794771164,7.544894015895432,6.374105984104585,7.837591023843143,6.081408976156873,8.130288031790855,5.788711968209162
20171011,MRFG3,MARFRIG,6.5,6.63,6.44,6.63,8981013.0,6.710499999999999,6.946750000000009,0.23992268491504326,0.2957249891888974,7.538199978377803,6.355300021622214,7.833924967566701,6.059575032433316,8.129649956755598,5.763850043244419
20171013,MRFG3,MARFRIG,6.62,6.65,6.52,6.61,6536670.0,6.686,6.932500000000009,0.22243627118085518,0.2979222923980286,7.528344584796066,6.336655415203952,7.826266877194095,6.038733122805923,8.124189169592123,5.740810830407895
20171016,MRFG3,MARFRIG,6.65,6.65,6.43,6.56,6518194.0,6.655500000000001,6.918500000000009,0.19236683705878357,0.3020150276444552,7.522530055288919,6.314469944711099,7.8245450829333745,6.012454917066643,8.12656011057783,5.710439889422188
20171017,MRFG3,MARFRIG,6.59,6.6,6.46,6.5,8393586.0,6.625500000000001,6.903750000000009,0.16410763476899548,0.30777687139242055,7.51930374278485,6.288196257215168,7.827080614177271,5.9804193858227475,8.134857485569691,5.672642514430327
20171018,MRFG3,MARFRIG,6.52,6.57,6.46,6.52,11482082.0,6.6030000000000015,6.887250000000009,0.14400657879708925,0.3102685974508322,7.507787194901673,6.2667128050983445,7.818055792352506,5.956444207647512,8.128324389803337,5.64617561019668
20171019,MRFG3,MARFRIG,6.48,6.48,6.35,6.37,7815091.0,6.575500000000003,6.869000000000009,0.13232635095813167,0.3187861593366614,7.5065723186733315,6.231427681326686,7.825358478009993,5.912641521990024,8.144144637346654,5.593855362653363
20171020,MRFG3,MARFRIG,6.37,6.44,6.28,6.39,6681631.0,6.554000000000002,6.851250000000007,0.12525342730892167,0.3252942454975956,7.5018384909951985,6.200661509004816,7.8271327364927945,5.87536726350722,8.15242698199039,5.550073018009625
20171023,MRFG3,MARFRIG,6.5,6.55,6.35,6.35,13638567.0,6.534000000000002,6.8310000000000075,0.12424085267609777,0.3307474053622339,7.492494810724475,6.16950518927554,7.823242216086709,5.838757783913306,8.153989621448943,5.508010378551072
20171024,MRFG3,MARFRIG,6.4,6.46,6.32,6.46,8702694.0,6.523500000000003,6.815750000000007,0.12097302874694876,0.33349653056282247,7.482743061125651,6.148756938874362,7.816239591688474,5.81526040831154,8.149736122251296,5.481763877748717
20171025,MRFG3,MARFRIG,6.46,6.56,6.4,6.56,7027181.0,6.518500000000003,6.7997500000000075,0.11703688127657409,0.32992219362473546,7.459594387249479,6.139905612750536,7.7895165808742135,5.8099834191258015,8.11943877449895,5.480061225501066
20171026,MRFG3,MARFRIG,6.57,6.59,6.38,6.38,10564516.0,6.508000000000003,6.776250000000007,0.11967499848822793,0.3253612390827145,7.426972478165436,6.125527521834578,7.752333717248151,5.800166282751864,8.077694956330866,5.474805043669149
20171027,MRFG3,MARFRIG,6.42,6.55,6.39,6.55,8567874.0,6.516000000000004,6.7590000000000074,0.11668220447910971,0.3183595773851069,7.395719154770221,6.122280845229794,7.714078732155328,5.803921267844687,8.032438309540435,5.48556169045958
20171030,MRFG3,MARFRIG,6.55,6.55,6.22,6.25,9768656.0,6.505000000000004,6.737000000000007,0.130766968306218,0.3224441911560196,7.381888382312046,6.092111617687968,7.704332573468066,5.7696674265319485,8.026776764624085,5.447223235375929
20171031,MRFG3,MARFRIG,6.3,6.43,6.16,6.43,12150095.0,6.505500000000005,6.718250000000007,0.13044357521851702,0.3177959956824473,7.353841991364902,6.0826580086351125,7.671637987047349,5.7648620129526655,7.989433982729796,5.4470660172702186
20171101,MRFG3,MARFRIG,6.42,6.48,6.3,6.3,7162089.0,6.487000000000006,6.694250000000008,0.13211239234275346,0.3120312895224272,7.318312579044862,6.070187420955154,7.63034386856729,5.7581561314327265,7.9423751580897175,5.446124841910299
20171103,MRFG3,MARFRIG,6.31,6.33,6.08,6.15,11035457.0,6.458500000000006,6.667500000000007,0.1404232324457935,0.31166838063426083,7.290836761268528,6.044163238731485,7.602505141902789,5.732494858097224,7.91417352253705,5.420826477462963
20171106,MRFG3,MARFRIG,6.13,6.21,6.02,6.1,6994090.0,6.432000000000007,6.639000000000007,0.15554995812819425,0.31009345158831014,7.259186903176627,6.018813096823387,7.569280354764937,5.708719645235077,7.879373806353248,5.398626193646766
20171107,MRFG3,MARFRIG,6.07,6.14,5.87,5.99,10795839.0,6.396500000000007,6.607500000000007,0.17138061672625657,0.31043187451992016,7.228363749039847,5.986636250960167,7.538795623559768,5.676204376440246,7.849227498079688,5.365772501920326
20171108,MRFG3,MARFRIG,5.97,6.65,5.97,6.65,17578902.0,6.409500000000007,6.5925000000000065,0.1804810822569227,0.2925725857778213,7.177645171555649,6.007354828444364,7.4702177573334705,5.7147822426665424,7.762790343111291,5.422209656888722
20171109,MRFG3,MARFRIG,6.62,6.73,6.48,6.66,17420746.0,6.420500000000007,6.579250000000007,0.188943739885988,0.27637198548148284,7.131993970962973,6.026506029037042,7.408365956444456,5.750134043555558,7.684737941925938,5.473762058074076
20171110,MRFG3,MARFRIG,6.66,6.74,6.53,6.6,12351927.0,6.419000000000007,6.564750000000008,0.1873049863050513,0.2586948256546995,7.082139651309407,6.047360348690609,7.3408344769641065,5.78866552303591,7.599529302618806,5.52997069738121
20171113,MRFG3,MARFRIG,6.6,6.83,6.51,6.83,5322364.0,6.430000000000007,6.558000000000007,0.20475916533692068,0.2476577456377278,7.0533154912754625,6.062684508724551,7.30097323691319,5.8150267630868235,7.548630982550918,5.567369017449096
20171114,MRFG3,MARFRIG,6.77,6.8,6.6,6.71,11462971.0,6.437500000000007,6.546500000000006,0.21237689932857545,0.22844569572972553,7.003391391459457,6.089608608540555,7.231837087189183,5.86116291281083,7.460282782918909,5.632717217081104
20171116,MRFG3,MARFRIG,6.69,6.98,6.69,6.85,8874414.0,6.455000000000007,6.540250000000006,0.23136892390156324,0.21599486579843621,6.972239731596878,6.108260268403133,7.188234597395314,5.892265402604697,7.404229463193751,5.6762705368062605
20171117,MRFG3,MARFRIG,6.85,6.9,6.79,6.85,7375130.0,6.471500000000006,6.537250000000006,0.24745600353236458,0.21063989808834666,6.958529796176699,6.115970203823312,7.169169694265046,5.9053303057349655,7.379809592353392,5.694690407646619
20171121,MRFG3,MARFRIG,6.9,7.09,6.86,7.09,13378411.0,6.507500000000006,6.5415000000000045,0.2818897694228414,0.22006467580796324,6.981629351615931,6.101370648384078,7.201694027423894,5.881305972576115,7.421758703231857,5.661241296768152
20171122,MRFG3,MARFRIG,7.05,7.12,7.0,7.06,10346070.0,6.541000000000007,6.547500000000005,0.30597385509222824,0.2308595976912294,7.009219195382464,6.085780804617546,7.2400787930736925,5.854921206926317,7.470938390764922,5.6240616092350875
20171123,MRFG3,MARFRIG,7.01,7.04,6.84,6.96,4300678.0,6.5715000000000074,6.552750000000005,0.31616576265257507,0.23786429550675642,7.028478591013518,6.077021408986492,7.266342886520274,5.839157113479736,7.504207182027031,5.601292817972979
20171124,MRFG3,MARFRIG,6.95,7.05,6.94,7.05,3608143.0,6.601000000000008,6.562250000000004,0.33232672572572236,0.24994858445647852,7.062147168912961,6.062352831087047,7.31209575336944,5.812404246630568,7.562044337825919,5.56245566217409
20171127,MRFG3,MARFRIG,6.99,7.01,6.85,6.89,4977399.0,6.617500000000007,6.568000000000003,0.33832209816277725,0.25485239569159657,7.077704791383196,6.05829520861681,7.3325571870747925,5.803442812925214,7.587409582766389,5.548590417233617
20171128,MRFG3,MARFRIG,6.93,7.13,6.9,7.0,24932119.0,6.648500000000007,6.578250000000004,0.34377586027128826,0.26384618187934855,7.105942363758701,6.050557636241307,7.36978854563805,5.786711454361958,7.633634727517398,5.52286527248261
20171129,MRFG3,MARFRIG,6.95,7.02,6.75,6.96,10811201.0,6.669000000000007,6.592500000000004,0.34976533486565753,0.2687649816933338,7.130029963386671,6.054970036613336,7.398794945080005,5.786205054920003,7.667559926773339,5.517440073226669
20171130,MRFG3,MARFRIG,6.91,6.91,6.75,6.85,13256721.0,6.699000000000007,6.602000000000004,0.3374501912563528,0.2710303228375721,7.1440606456751485,6.059939354324859,7.41509096851272,5.788909031487288,7.686121291350292,5.517878708649715
20171201,MRFG3,MARFRIG,6.77,6.92,6.72,6.88,12605104.0,6.721500000000006,6.613500000000004,0.3335498857978989,0.27286279072842684,7.159225581456857,6.06777441854315,7.432088372185284,5.794911627814724,7.704951162913711,5.522048837086296
20171204,MRFG3,MARFRIG,6.89,7.2,6.87,7.14,35006048.0,6.763500000000005,6.625250000000003,0.3305541599066351,0.28519887348287365,7.195647746965751,6.054852253034255,7.480846620448624,5.769653379551382,7.766045493931498,5.484454506068508
20171205,MRFG3,MARFRIG,7.15,7.27,6.9,6.9,15145109.0,6.801000000000005,6.629750000000001,0.2982563362365767,0.288137142382782,7.206024284765565,6.053475715234438,7.494161427148347,5.765338572851656,7.782298569531129,5.477201430468874
20171206,MRFG3,MARFRIG,6.88,7.04,6.8,6.95,8964685.0,6.843500000000004,6.637750000000001,0.24972142373790737,0.2925527565835232,7.2228555131670475,6.052644486832955,7.515408269750571,5.760091730249432,7.807961026334095,5.467538973665908
20171207,MRFG3,MARFRIG,6.87,6.92,6.66,6.85,11875548.0,6.886500000000003,6.641500000000002,0.14858189306699596,0.29432713354100454,7.230154267082011,6.052845732917993,7.524481400623016,5.7585185993769885,7.81880853416402,5.4641914658359845
20171208,MRFG3,MARFRIG,6.87,6.92,6.73,6.74,7229961.0,6.891000000000004,6.650250000000002,0.14227105338607288,0.29185074777077724,7.233951495541557,6.0665485044584475,7.525802243312334,5.7746977566876705,7.817652991083111,5.4828470089168935
20171211,MRFG3,MARFRIG,6.76,6.85,6.71,6.78,8789571.0,6.897000000000004,6.658750000000002,0.13432482233280926,0.2905184357979101,7.239786871595823,6.077713128404182,7.530305307393732,5.787194692606272,7.820823743191642,5.496676256808362
20171212,MRFG3,MARFRIG,6.78,7.0,6.66,7.0,9652411.0,6.917000000000004,6.668000000000002,0.11635245909239006,0.29542841555603894,7.25885683111208,6.077143168887924,7.554285246668119,5.781714753331885,7.849713662224158,5.486286337775846
20171213,MRFG3,MARFRIG,7.0,7.21,6.8,6.84,23258306.0,6.917500000000004,6.673750000000001,0.1159798076799487,0.29650690743024705,7.266763814860495,6.080736185139507,7.563270722290742,5.78422927770926,7.859777629720989,5.4877223702790126
20171214,MRFG3,MARFRIG,6.84,6.86,6.66,6.86,7302677.0,6.925000000000004,6.681250000000001,0.10630145812736669,0.2973488627081818,7.275947725416365,6.086552274583638,7.573296588124546,5.789203411875456,7.870645450832728,5.491854549167274
20171215,MRFG3,MARFRIG,6.79,6.92,6.75,6.75,13213775.0,6.920000000000004,6.687500000000002,0.1122028238691645,0.2960660875634547,7.2796321751269115,6.095367824873092,7.575698262690366,5.799301737309637,7.87176435025382,5.503235649746183
20171218,MRFG3,MARFRIG,6.8,6.85,6.67,6.73,11753253.0,6.914000000000004,6.692750000000002,0.1191372494668668,0.2948792669064495,7.282508533812901,6.1029914661871025,7.57738780071935,5.808112199280654,7.8722670676258,5.513232932374204
20171219,MRFG3,MARFRIG,6.7,6.78,6.61,6.73,12442846.0,6.8960000000000035,6.701750000000002,0.11833938704556367,0.2902332174524887,7.28221643490498,6.121283565095025,7.572449652357468,5.831050347642536,7.862682869809957,5.540817130190048
20171220,MRFG3,MARFRIG,6.75,6.86,6.71,6.82,12492205.0,6.884000000000003,6.712500000000003,0.11287627133982917,0.2863273185243358,7.285154637048675,6.139845362951331,7.57148195557301,5.853518044426996,7.857809274097346,5.56719072590266
20171221,MRFG3,MARFRIG,6.77,6.82,6.73,6.82,13509431.0,6.8770000000000024,6.724250000000002,0.11225441029902859,0.28065753837400664,7.285565076748016,6.1629349232519886,7.566222615122022,5.882277384877982,7.846880153496029,5.601619846503976
20171222,MRFG3,MARFRIG,6.78,6.95,6.74,6.89,79535015.0,6.8690000000000015,6.735000000000002,0.10472520432568404,0.2785033259480141,7.29200665189603,6.177993348103974,7.570509977844044,5.89949002215596,7.849013303792058,5.620986696207946
20171226,MRFG3,MARFRIG,6.87,7.17,6.84,7.08,6451690.0,6.8785000000000025,6.748000000000002,0.11485803594462332,0.28223648930894657,7.312472978617895,6.183527021382109,7.594709467926842,5.901290532073162,7.8769459572357885,5.6190540427642155
20171227,MRFG3,MARFRIG,7.12,7.19,7.05,7.11,5174906.0,6.884000000000003,6.766250000000002,0.12330535481608092,0.28143120942963834,7.329112418859279,6.203387581140725,7.610543628288918,5.921956371711087,7.891974837718555,5.640525162281449
20171228,MRFG3,MARFRIG,7.14,7.32,7.1,7.32,10342234.0,6.902000000000003,6.785500000000002,0.15672973721128938,0.29238146842254975,7.370262936845101,6.200737063154902,7.662644405267651,5.9083555947323525,7.9550258736902,5.615974126309803
