DATA DO PREGAO,CODIGO DE NEGOCIACAO DO PAPEL,NOME RESUMIDO DA EMPRESA EMISSORA,PRECO DE ABERTURA,PRECO MAXIMO,PRECO MINIMO,PRECO FECHAMENTO,VOLUME TOTAL DE TITULOS NEGOCIADOS NESTE PAPEL,MA_20,MA_40,STD_20,STD_40,BANDA_1_40 SUPERIOR,BANDA_1_40 INFERIOR,BANDA_2_40 SUPERIOR,BANDA_2_40 INFERIOR,BANDA_3_40 SUPERIOR,BANDA_3_40 INFERIOR
20170102,MRVE3,MRV,10.83,11.18,10.83,11.05,10839265.0,0.0,0.0,0.0,0.0,0.0,0.0,0.0,0.0,0.0,0.0
20170103,MRVE3,MRV,11.18,11.42,11.15,11.3,52446093.0,0.0,0.0,0.0,0.0,0.0,0.0,0.0,0.0,0.0,0.0
20170104,MRVE3,MRV,11.19,11.34,11.19,11.3,71058565.0,0.0,0.0,0.0,0.0,0.0,0.0,0.0,0.0,0.0,0.0
20170105,MRVE3,MRV,11.35,11.43,11.26,11.35,54897523.0,0.0,0.0,0.0,0.0,0.0,0.0,0.0,0.0,0.0,0.0
20170106,MRVE3,MRV,11.35,11.42,11.25,11.36,28088807.0,0.0,0.0,0.0,0.0,0.0,0.0,0.0,0.0,0.0,0.0
20170109,MRVE3,MRV,11.45,11.59,11.45,11.46,61670808.0,0.0,0.0,0.0,0.0,0.0,0.0,0.0,0.0,0.0,0.0
20170110,MRVE3,MRV,11.56,11.65,11.49,11.54,53799035.0,0.0,0.0,0.0,0.0,0.0,0.0,0.0,0.0,0.0,0.0
20170111,MRVE3,MRV,11.68,11.71,11.43,11.51,28413651.0,0.0,0.0,0.0,0.0,0.0,0.0,0.0,0.0,0.0,0.0
20170112,MRVE3,MRV,11.8,11.97,11.56,11.57,76435807.0,0.0,0.0,0.0,0.0,0.0,0.0,0.0,0.0,0.0,0.0
20170113,MRVE3,MRV,11.48,11.73,11.41,11.58,40149228.0,0.0,0.0,0.0,0.0,0.0,0.0,0.0,0.0,0.0,0.0
20170116,MRVE3,MRV,11.6,11.62,11.42,11.48,30061404.0,0.0,0.0,0.0,0.0,0.0,0.0,0.0,0.0,0.0,0.0
20170117,MRVE3,MRV,11.49,11.9,11.45,11.81,57351323.0,0.0,0.0,0.0,0.0,0.0,0.0,0.0,0.0,0.0,0.0
20170118,MRVE3,MRV,11.91,12.12,11.85,11.86,49179713.0,0.0,0.0,0.0,0.0,0.0,0.0,0.0,0.0,0.0,0.0
20170119,MRVE3,MRV,11.95,12.15,11.87,11.97,66972950.0,0.0,0.0,0.0,0.0,0.0,0.0,0.0,0.0,0.0,0.0
20170120,MRVE3,MRV,12.02,12.2,11.88,12.0,50298384.0,0.0,0.0,0.0,0.0,0.0,0.0,0.0,0.0,0.0,0.0
20170123,MRVE3,MRV,12.02,12.08,11.88,12.0,19871689.0,0.0,0.0,0.0,0.0,0.0,0.0,0.0,0.0,0.0,0.0
20170124,MRVE3,MRV,12.0,12.09,11.92,11.98,17492187.0,0.0,0.0,0.0,0.0,0.0,0.0,0.0,0.0,0.0,0.0
20170126,MRVE3,MRV,12.07,12.4,12.07,12.31,60869491.0,0.0,0.0,0.0,0.0,0.0,0.0,0.0,0.0,0.0,0.0
20170127,MRVE3,MRV,12.31,12.59,12.31,12.47,39032985.0,0.0,0.0,0.0,0.0,0.0,0.0,0.0,0.0,0.0,0.0
20170130,MRVE3,MRV,12.49,12.49,12.16,12.25,28176404.0,11.7075,0.0,0.38491113123339044,0.0,0.0,0.0,0.0,0.0,0.0,0.0
20170131,MRVE3,MRV,12.39,12.82,12.39,12.76,54185359.0,11.793,0.0,0.41953733915751595,0.0,0.0,0.0,0.0,0.0,0.0,0.0
20170201,MRVE3,MRV,12.85,12.99,12.81,12.88,37970346.0,11.871999999999998,0.0,0.4678011273360107,0.0,0.0,0.0,0.0,0.0,0.0,0.0
20170202,MRVE3,MRV,12.83,13.34,12.82,13.3,53408161.0,11.971999999999998,0.0,0.5462754269645154,0.0,0.0,0.0,0.0,0.0,0.0,0.0
20170203,MRVE3,MRV,13.32,13.82,13.32,13.58,59490914.0,12.083499999999999,0.0,0.6332894490797948,0.0,0.0,0.0,0.0,0.0,0.0,0.0
20170206,MRVE3,MRV,13.89,13.93,13.27,13.35,51495830.0,12.182999999999998,0.0,0.6689591286390182,0.0,0.0,0.0,0.0,0.0,0.0,0.0
20170207,MRVE3,MRV,13.35,13.58,13.17,13.27,27662080.0,12.273499999999997,0.0,0.6881575324543684,0.0,0.0,0.0,0.0,0.0,0.0,0.0
20170208,MRVE3,MRV,13.26,13.65,13.25,13.52,28376096.0,12.372499999999999,0.0,0.718821220727673,0.0,0.0,0.0,0.0,0.0,0.0,0.0
20170209,MRVE3,MRV,13.52,13.85,13.52,13.83,25904786.0,12.488499999999998,0.0,0.7584143777784368,0.0,0.0,0.0,0.0,0.0,0.0,0.0
20170210,MRVE3,MRV,13.83,14.04,13.69,14.0,33547236.0,12.61,0.0,0.7971792375884522,0.0,0.0,0.0,0.0,0.0,0.0,0.0
20170213,MRVE3,MRV,14.09,14.09,13.59,13.72,33051353.0,12.717,0.0,0.7952695670089025,0.0,0.0,0.0,0.0,0.0,0.0,0.0
20170214,MRVE3,MRV,13.73,13.89,13.48,13.72,40721158.0,12.828999999999999,0.0,0.7691957522394147,0.0,0.0,0.0,0.0,0.0,0.0,0.0
20170215,MRVE3,MRV,13.73,14.0,13.64,13.83,56174542.0,12.929999999999998,0.0,0.7609274119886803,0.0,0.0,0.0,0.0,0.0,0.0,0.0
20170216,MRVE3,MRV,13.74,14.02,13.68,13.9,47789235.0,13.031999999999996,0.0,0.7465400895217613,0.0,0.0,0.0,0.0,0.0,0.0,0.0
20170217,MRVE3,MRV,13.99,14.1,13.86,13.98,45195667.0,13.132499999999997,0.0,0.731184151331179,0.0,0.0,0.0,0.0,0.0,0.0,0.0
20170220,MRVE3,MRV,14.1,14.35,14.1,14.13,40924062.0,13.238999999999995,0.0,0.7124302366584851,0.0,0.0,0.0,0.0,0.0,0.0,0.0
20170221,MRVE3,MRV,14.15,14.5,14.15,14.33,33812790.0,13.355499999999996,0.0,0.6892900619287107,0.0,0.0,0.0,0.0,0.0,0.0,0.0
20170222,MRVE3,MRV,14.2,14.45,14.2,14.3,22122905.0,13.471499999999995,0.0,0.6390064244796895,0.0,0.0,0.0,0.0,0.0,0.0,0.0
20170223,MRVE3,MRV,14.45,14.98,13.98,14.23,48857420.0,13.567499999999995,0.0,0.5982507395469079,0.0,0.0,0.0,0.0,0.0,0.0,0.0
20170224,MRVE3,MRV,14.08,14.44,13.98,14.28,35506036.0,13.657999999999992,0.0,0.5591120780214598,0.0,0.0,0.0,0.0,0.0,0.0,0.0
20170301,MRVE3,MRV,14.23,14.59,14.1,14.23,22511971.0,13.756999999999994,12.73225,0.4638636369497091,1.119840848353475,14.97193169670695,10.492568303293051,16.091772545060426,9.372727454939575,17.2116133934139,8.2528866065861
20170302,MRVE3,MRV,14.14,14.24,13.96,14.0,51135261.0,13.818999999999994,12.806000000000001,0.4023863030001221,1.103227897975663,15.012455795951327,10.599544204048675,16.11568369392699,9.496316306073012,17.218911591902653,8.393088408097348
20170303,MRVE3,MRV,14.0,14.25,14.0,14.23,40021231.0,13.886499999999995,12.879250000000003,0.34583651446433916,1.0979290236739558,15.075108047347914,10.68339195265209,16.17303707102187,9.585462928978135,17.270966094695826,8.48753390530418
20170306,MRVE3,MRV,14.0,14.55,13.91,14.37,40189527.0,13.939999999999994,12.956000000000003,0.33285052754083355,1.0919890109337205,15.139978021867444,10.772021978132562,16.231967032801165,9.68003296719884,17.323956043734885,8.588043956265121
20170307,MRVE3,MRV,14.39,14.47,14.05,14.21,19435023.0,13.971499999999995,13.027500000000003,0.3267426961290565,1.0776749664594323,15.182849932918868,10.872150067081138,16.2605248993783,9.794475100621707,17.338199865837733,8.716800134162273
20170308,MRVE3,MRV,14.42,14.68,14.08,14.2,45537699.0,14.013999999999992,13.098500000000005,0.29542832419529913,1.0583793852286278,15.215258770457261,10.981741229542749,16.273638155685887,9.923361844314122,17.332017540914517,8.864982459085493
20170309,MRVE3,MRV,14.23,15.12,14.23,14.85,79498786.0,14.092999999999995,13.183250000000005,0.2972523294583597,1.0595388147680127,15.30232762953603,11.064172370463979,16.36186644430404,10.004633555695968,17.421405259072056,8.945094740927953
20170310,MRVE3,MRV,14.89,15.01,14.64,14.85,47268447.0,14.159499999999998,13.266000000000005,0.31077958003771883,1.0571631123690666,15.380326224738138,11.151673775261873,16.437489337107206,10.094510662892805,17.49465244947627,9.037347550523739
20170313,MRVE3,MRV,14.85,15.14,14.67,15.0,19027408.0,14.217999999999998,13.353250000000006,0.3527724777425689,1.052529036081607,15.45830807216322,11.248191927836793,16.51083710824483,10.195662891755184,17.563366144326434,9.143133855673579
20170314,MRVE3,MRV,15.09,15.13,14.85,15.1,28306505.0,14.273,13.441500000000005,0.39963272612421674,1.047151324993624,15.535802649987254,11.347197350012756,16.582953974980878,10.300046025019133,17.630105299974502,9.252894700025509
20170315,MRVE3,MRV,15.06,15.68,14.87,15.57,44506093.0,14.365499999999997,13.541250000000005,0.47237891793057674,1.0552899407150456,15.651829881430096,11.430670118569914,16.707119822145142,10.375380177854868,17.762409762860187,9.320090237139823
20170316,MRVE3,MRV,15.59,15.65,15.13,15.22,28684357.0,14.440499999999997,13.634750000000006,0.4834467803943712,1.033435861332083,15.701621722664171,11.56787827733584,16.735057583996255,10.534442416003756,17.76849344532834,9.501006554671672
20170317,MRVE3,MRV,15.3,15.46,15.13,15.25,35380767.0,14.511499999999998,13.720750000000006,0.49324142695353285,1.0207473066839654,15.762244613367937,11.679255386632075,16.782991920051902,10.65850807994811,17.803739226735868,9.637760773264144
20170320,MRVE3,MRV,15.38,15.49,15.18,15.46,50715141.0,14.589499999999997,13.810750000000008,0.5143465450657293,1.0111389554257577,15.833027910851524,11.788472089148492,16.84416686627728,10.777333133722735,17.855305821703038,9.766194178296978
20170321,MRVE3,MRV,15.44,15.44,14.7,14.82,31020246.0,14.631499999999997,13.882000000000009,0.495923115857796,0.9779733098974633,15.837946619794936,11.926053380205081,16.8159199296924,10.948080070307618,17.793893239589863,9.970106760410156
20170322,MRVE3,MRV,14.71,14.72,14.18,14.64,56406470.0,14.656999999999996,13.948000000000008,0.481686729382446,0.9358835123656971,15.819767024731402,12.076232975268614,16.7556505370971,11.140349462902916,17.691534049462796,10.20446595053722
20170323,MRVE3,MRV,14.66,15.04,14.36,14.86,39234430.0,14.683499999999999,14.019500000000008,0.4773090690196667,0.891437761176453,15.802375522352914,12.236624477647101,16.693813283529366,11.34518671647065,17.58525104470582,10.453748955294195
20170324,MRVE3,MRV,14.75,15.0,14.73,14.83,28719314.0,14.709999999999997,14.090750000000009,0.46954625353688667,0.8364466586821407,15.76364331736429,12.417856682635728,16.60008997604643,11.581410023953588,17.436536634728572,10.744963365271445
20170327,MRVE3,MRV,14.75,14.82,14.51,14.78,23226229.0,14.737499999999994,14.152500000000009,0.45586095525534504,0.7915831264964225,15.735666252992853,12.569333747007164,16.527249379489277,11.77775062051074,17.3188325059857,10.98616749401432
20170328,MRVE3,MRV,14.78,14.78,14.27,14.45,44155245.0,14.745999999999995,14.202000000000009,0.44840536172201667,0.7441608593680465,15.690321718736103,12.713678281263915,16.43448257810415,11.969517421895869,17.178643437472196,11.225356562527823
20170329,MRVE3,MRV,14.59,15.04,14.45,14.91,27868298.0,14.779999999999996,14.268500000000008,0.4327269711711387,0.6814635456886663,15.631427091377342,12.905572908622675,16.31289063706601,12.224109362934009,16.994354182754673,11.542645817245344
20170330,MRVE3,MRV,14.98,14.99,14.6,14.68,21437133.0,14.813999999999997,14.316500000000008,0.39311709786217564,0.6387670415208803,15.59403408304177,13.038965916958247,16.23280112456265,12.400198875437368,16.87156816608353,11.761431833916488
20170331,MRVE3,MRV,14.55,14.82,14.36,14.36,25941051.0,14.820499999999996,14.353500000000007,0.3839198792511414,0.5947744670601381,15.543048934120284,13.163951065879731,16.137823401180423,12.569176598819594,16.73259786824056,11.974402131759454
20170403,MRVE3,MRV,14.38,14.51,14.37,14.49,12811139.0,14.826499999999996,14.38325000000001,0.37739097414805967,0.569972502710577,15.523195005421163,13.243304994578855,16.09316750813174,12.673332491868278,16.663140010842316,12.1033599891577
20170404,MRVE3,MRV,14.37,14.82,14.37,14.78,21254215.0,14.854999999999995,14.413250000000009,0.3488250956689063,0.5580662009254719,15.529382401850953,13.297117598149065,16.087448602776423,12.739051397223593,16.645514803701897,12.18098519629812
20170405,MRVE3,MRV,14.8,14.8,14.23,14.38,39587370.0,14.863999999999995,14.439000000000007,0.33299913070852316,0.5308474115590835,15.500694823118174,13.37730517688184,16.031542234677257,12.846457765322757,16.56238964623634,12.315610353763674
20170406,MRVE3,MRV,14.37,14.83,14.34,14.71,52587353.0,14.856999999999994,14.475000000000009,0.33477565150725314,0.4973055605086527,15.469611121017314,13.480388878982703,15.966916681525966,12.983083318474051,16.46422224203462,12.485777757965398
20170407,MRVE3,MRV,14.71,15.17,14.68,14.95,41503169.0,14.861999999999991,14.51075000000001,0.3354117657918092,0.4779142048312561,15.466578409662523,13.554921590337498,15.944492614493779,13.077007385506242,16.422406819325033,12.599093180674986
20170410,MRVE3,MRV,14.92,15.09,14.8,15.03,73064826.0,14.863499999999991,14.540750000000008,0.336127716954826,0.47170931672713867,15.484168633454285,13.597331366545731,15.955877950181424,13.125622049818592,16.427587266908564,12.653912733091452
20170411,MRVE3,MRV,15.13,15.24,14.79,14.96,35376923.0,14.856499999999988,14.564750000000009,0.33238017231382644,0.4678975753577332,15.500545150715475,13.628954849284543,15.968442726073208,13.16105727392681,16.436340301430942,12.693159698569076
20170412,MRVE3,MRV,14.96,15.05,14.79,14.86,35861093.0,14.820999999999989,14.593250000000008,0.2869788182170659,0.44948054063581094,15.49221108127163,13.694288918728386,15.941691621907442,13.244808378092575,16.391172162543253,12.795327837456764
20170413,MRVE3,MRV,14.73,14.99,14.52,14.76,25053150.0,14.797999999999988,14.619250000000008,0.2713242379612699,0.42719951202796036,15.473649024055929,13.764850975944087,15.900848536083888,13.337651463916128,16.32804804811185,12.910451951888167
20170417,MRVE3,MRV,14.76,15.56,14.76,15.53,30810295.0,14.811999999999987,14.661750000000007,0.30142817945311895,0.4312111000664489,15.524172200132904,13.79932779986711,15.955383300199353,13.36811669980066,16.386594400265803,12.93690559973421
20170418,MRVE3,MRV,15.51,15.62,15.01,15.4,57813250.0,14.808999999999987,14.699250000000006,0.29486660677240867,0.42848204043385896,15.556214080867724,13.842285919132289,15.984696121301583,13.41380387869843,16.41317816173544,12.985321838264571
20170419,MRVE3,MRV,15.32,15.4,14.97,14.98,39423143.0,14.816999999999988,14.724250000000007,0.29734084641597597,0.4143817606866255,15.553013521373257,13.895486478626756,15.967395282059883,13.48110471794013,16.38177704274651,13.066722957253505
20170420,MRVE3,MRV,14.96,15.57,14.95,15.43,41578887.0,14.856499999999988,14.756750000000006,0.3238790384988628,0.4175470954552085,15.591844190910422,13.92165580908959,16.00939128636563,13.50410871363438,16.42693838182084,13.086561618179172
20170424,MRVE3,MRV,15.51,15.56,15.3,15.35,43367542.0,14.88099999999999,14.782250000000005,0.34217416310226784,0.4219398881722054,15.626129776344415,13.938370223655594,16.04806966451662,13.516430335483388,16.470009552688825,13.094490447311184
20170425,MRVE3,MRV,15.22,15.9,15.18,15.79,62687420.0,14.928999999999991,14.819500000000005,0.39750405492801094,0.44349399440908693,15.706487988818179,13.932512011181831,16.149981983227267,13.489018016772745,16.593475977636352,13.045524022363658
20170426,MRVE3,MRV,15.79,15.9,15.43,15.64,38875431.0,14.97199999999999,14.854750000000005,0.42602940348241175,0.4514023022333213,15.757554604466646,13.951945395533363,16.208956906699967,13.50054309330004,16.66035920893329,13.04914079106672
20170427,MRVE3,MRV,15.78,15.89,15.58,15.58,43808818.0,15.02849999999999,14.887250000000005,0.4280835506250973,0.45573827115448196,15.79872654230897,13.97577345769104,16.25446481346345,13.520035186536559,16.710203084617934,13.064296915382076
20170428,MRVE3,MRV,15.71,15.98,15.55,15.94,57969363.0,15.07999999999999,14.930000000000007,0.47270776551580806,0.47240247942205704,15.874804958844122,13.985195041155892,16.347207438266178,13.512792561733836,16.819609917688236,13.040390082311779
20170502,MRVE3,MRV,15.97,16.15,15.75,15.93,51349091.0,15.14249999999999,14.978250000000006,0.4989449394788765,0.4735403348374381,15.925330669674883,14.03116933032513,16.39887100451232,13.557628995487692,16.87241133934976,13.084088660650254
20170503,MRVE3,MRV,16.03,16.11,15.81,16.05,37284941.0,15.22699999999999,15.023750000000003,0.5025419594945602,0.48704597529523486,15.997841950590473,14.049658049409533,16.484887925885708,13.562612074114298,16.971933901180943,13.075566098819063
20170504,MRVE3,MRV,16.05,16.09,15.05,15.56,58289522.0,15.28049999999999,15.053500000000003,0.47621838201440914,0.48241141075929533,16.018322821518595,14.088677178481413,16.50073423227789,13.606265767722117,16.983145643037183,13.123854356962822
20170505,MRVE3,MRV,15.51,15.53,15.2,15.3,49182066.0,15.306499999999991,15.08075,0.4614197198806498,0.46397605762720817,16.008702115254415,14.152797884745583,16.472678172881626,13.688821827118375,16.936654230508832,13.224845769491168
20170508,MRVE3,MRV,15.36,15.36,14.85,15.04,28500264.0,15.339499999999992,15.10175,0.41269939359500496,0.4415583563372867,15.984866712674572,14.218633287325426,16.42642506901186,13.777074930988139,16.867983425349145,13.335516574650853
20170509,MRVE3,MRV,15.04,15.36,14.91,15.15,29648692.0,15.361499999999992,15.109249999999998,0.3883876929049126,0.43971661911759635,15.98868323823519,14.229816761764805,16.428399857352787,13.790100142647209,16.868116476470384,13.350383523529612
20170510,MRVE3,MRV,15.28,15.64,15.23,15.44,29544126.0,15.385999999999992,15.123999999999999,0.3763313209897567,0.44069176389993375,16.005383527799868,14.242616472200131,16.4460752916998,13.801924708300197,16.886767055599734,13.361232944400264
20170511,MRVE3,MRV,15.59,15.59,15.0,15.06,39592579.0,15.387499999999994,15.125499999999997,0.3748947220641809,0.44036086600389057,16.006221732007777,14.244778267992215,16.44658259801167,13.804417401988324,16.88694346401556,13.364056535984435
20170512,MRVE3,MRV,15.23,15.27,14.72,14.96,45226145.0,15.387499999999994,15.121999999999996,0.3748947220641809,0.44112443735387574,16.00424887470775,14.239751125292244,16.445373312061623,13.79862668793837,16.8864977494155,13.357502250584494
20170515,MRVE3,MRV,15.15,15.38,14.99,15.2,48643138.0,15.404499999999993,15.112749999999997,0.35699734629708163,0.4353306288446295,15.983411257689255,14.242088742310738,16.418741886533883,13.806758113466108,16.854072515378515,13.371427484621478
20170516,MRVE3,MRV,14.92,15.2,14.58,14.66,51962203.0,15.399499999999994,15.098749999999995,0.3670576464119419,0.4407638329199216,15.98027766583984,14.217222334160152,16.42104149875976,13.776458501240231,16.861805331679683,13.33569466832031
20170517,MRVE3,MRV,14.66,14.77,13.98,14.54,80314239.0,15.349999999999998,15.080999999999994,0.4124764746082659,0.44874068806852063,15.978481376137035,14.183518623862954,16.427222064205555,13.734777935794433,16.875962752274077,13.286037247725911
20170518,MRVE3,MRV,12.42,13.35,12.42,13.34,84580284.0,15.246999999999996,15.027999999999995,0.6094872737326883,0.5220384110045035,16.072076822009002,13.983923177990988,16.594115233013504,13.461884766986485,17.11615364401801,12.939846355981981
20170519,MRVE3,MRV,13.34,13.97,13.17,13.65,83788482.0,15.180499999999995,14.998749999999992,0.7051948219053401,0.5650014181965448,16.128752836393083,13.868747163606903,16.693754254589628,13.303745745410358,17.258755672786172,12.738744327213812
20170522,MRVE3,MRV,13.28,13.28,12.85,13.15,73355844.0,15.066499999999994,14.961499999999992,0.8350687018695551,0.6341461046567158,16.229792209313423,13.69320779068656,16.863938313970138,13.059061686029844,17.498084418626856,12.424915581373128
20170523,MRVE3,MRV,13.23,13.58,13.09,13.3,74758097.0,14.963999999999993,14.92249999999999,0.91993935726907,0.6863681825749839,16.295236365149957,13.549763634850024,16.98160454772494,12.86339545227504,17.667972730299926,12.177027269700055
20170524,MRVE3,MRV,13.55,13.55,12.86,13.32,106411538.0,14.840499999999992,14.884749999999991,0.9677672349550946,0.7316191649786842,16.34798832995736,13.421511670042623,17.079607494936045,12.68989250506394,17.811226659914727,11.958273340085254
20170525,MRVE3,MRV,13.44,13.5,13.22,13.35,57062098.0,14.725999999999994,14.848999999999993,1.0030238492205756,0.7707598648287115,16.390519729657417,13.30748027034257,17.16127959448613,12.536720405513858,17.93203945931484,11.765960540685146
20170526,MRVE3,MRV,13.43,13.7,13.33,13.58,57739651.0,14.625999999999994,14.827249999999992,1.0130485518577326,0.7942259172882186,16.415701834576428,13.238798165423555,17.209927751864647,12.444572248135337,18.004153669152867,11.650346330847118
20170529,MRVE3,MRV,13.43,13.58,13.32,13.43,13626753.0,14.500499999999994,14.790249999999991,0.997045503897441,0.8241809842939833,16.438611968587956,13.141888031412025,17.26279295288194,12.317707047118041,18.086973937175927,11.493526062824058
20170530,MRVE3,MRV,13.42,13.53,13.3,13.33,26517439.0,14.370499999999993,14.756499999999994,0.9699835864048081,0.8558443124654691,16.46818862493093,13.044811375069056,17.324032937396403,12.188967062603586,18.17987724986187,11.333122750138116
20170531,MRVE3,MRV,13.38,13.39,12.84,12.95,58235174.0,14.215499999999992,14.721249999999994,0.9345163398644672,0.9004676491576427,16.52218529831528,12.92031470168471,17.422652947472923,12.019847052527066,18.323120596630567,11.119379403369424
20170601,MRVE3,MRV,12.9,13.17,12.9,12.99,66820748.0,14.086999999999993,14.683749999999995,0.9164295706134393,0.9406808431758101,16.565111686351614,12.802388313648374,17.505792529527426,11.861707470472563,18.446473372703235,10.921026627296754
20170602,MRVE3,MRV,13.0,13.23,12.95,13.15,21154905.0,13.979499999999991,14.642999999999995,0.8924388523944671,0.9712144129374525,16.5854288258749,12.700571174125091,17.556643238812352,11.729356761187638,18.527857651749805,10.758142348250185
20170605,MRVE3,MRV,13.01,13.14,12.88,12.95,40303089.0,13.87499999999999,14.607249999999997,0.8840487007304253,1.0068101124661528,16.620870224932304,12.593629775067692,17.627680337398456,11.586819662601538,18.634490449864607,10.580009550135387
20170606,MRVE3,MRV,12.95,13.25,12.95,13.21,47323788.0,13.777999999999988,14.569749999999996,0.8422313721362559,1.0305400314448057,16.630830062889608,12.508669937110383,17.661370094334412,11.478129905665579,18.691910125779216,10.447589874220773
20170607,MRVE3,MRV,13.22,13.37,13.1,13.34,72013826.0,13.672999999999988,14.529499999999995,0.7499761399713387,1.0466232638396018,16.622746527679197,12.436253472320791,17.6693697915188,11.38963020848119,18.715993055358403,10.343006944641587
20170608,MRVE3,MRV,13.3,13.3,13.14,13.3,46705046.0,13.584999999999988,14.486249999999995,0.6785161829509365,1.0610558058259367,16.60836161165187,12.36413838834812,17.669417417477806,11.303082582522185,18.73047322330374,10.242026776696248
20170609,MRVE3,MRV,13.25,13.3,12.91,12.96,41738027.0,13.484999999999989,14.436249999999996,0.6090242411561151,1.085011372975963,16.606272745951923,12.26622725404807,17.691284118927886,11.181215881072106,18.77629549190385,10.096204508096143
20170612,MRVE3,MRV,12.92,13.15,12.9,13.0,32608287.0,13.37499999999999,14.389749999999996,0.464491799259082,1.1060381768808674,16.60182635376173,12.177673646238262,17.7078645306426,11.071635469357393,18.813902707523464,9.965597292476527
20170613,MRVE3,MRV,12.97,13.11,12.77,12.9,31913770.0,13.286999999999987,14.343249999999994,0.36410091140259776,1.1289350268601817,16.601120053720358,12.08537994627963,17.730055080580538,10.95644491941945,18.85899010744072,9.827509892559267
20170614,MRVE3,MRV,13.04,13.17,12.74,13.1,65725682.0,13.214999999999986,14.282499999999995,0.21522326229190658,1.1288177386892408,16.540135477378477,12.024864522621513,17.668953216067717,10.896046783932274,18.79777095475696,9.767229045243031
20170616,MRVE3,MRV,13.0,13.31,12.91,13.1,114440665.0,13.202999999999989,14.224999999999998,0.21457669466819726,1.129013638036228,16.483027276072455,11.966972723927542,17.612040914108682,10.837959085891313,18.74105455214491,9.708945447855086
20170619,MRVE3,MRV,13.12,13.13,12.6,12.88,61515704.0,13.16449999999999,14.172499999999996,0.19863945121485574,1.1417592139168864,16.45601842783377,11.888981572166223,17.597777641750653,10.747222358249337,18.73953685566754,9.60546314433245
20170620,MRVE3,MRV,12.98,13.2,12.75,12.75,100720236.0,13.14449999999999,14.105499999999997,0.21924451622498672,1.1447045302340972,16.39490906046819,11.816090939531803,17.539613590702288,10.671386409297707,18.684318120936386,9.52668187906361
20170621,MRVE3,MRV,12.79,12.94,12.42,12.48,37462654.0,13.103499999999991,14.033749999999998,0.2612777308374565,1.1546021348254962,16.34295426965099,11.724545730349005,17.497556404476487,10.569943595523508,18.652158539301983,9.415341460698013
20170622,MRVE3,MRV,12.51,12.59,12.29,12.5,21132522.0,13.062499999999991,13.9515,0.2884418211884637,1.143414925697446,16.23832985139489,11.664670148605108,17.381744777092337,10.521255222907662,18.525159702789782,9.377840297210216
20170623,MRVE3,MRV,12.43,12.73,12.3,12.65,29737795.0,13.02749999999999,13.876749999999998,0.29413342836917056,1.1278283818801342,16.132406763760265,11.62109323623973,17.2602351456404,10.493264854359595,18.388063527520536,9.36543647247946
20170626,MRVE3,MRV,12.72,12.93,12.57,12.84,48037360.0,12.990499999999988,13.808249999999997,0.26619096825200306,1.104698328701506,16.01764665740301,11.598853342596986,17.122344986104515,10.49415501389548,18.22704331480602,9.389456685193974
20170627,MRVE3,MRV,12.69,12.96,12.64,12.71,32497040.0,12.954499999999987,13.727499999999997,0.2519288746744375,1.062109053264138,15.851718106528274,11.60328189347172,16.91382715979241,10.541172840207583,17.97593621305655,9.479063786943446
20170628,MRVE3,MRV,12.85,12.92,12.72,12.87,27825240.0,12.93149999999999,13.651,0.23636000641303595,1.0082373550422372,15.667474710084473,11.634525289915526,16.67571206512671,10.626287934873288,17.68394942016895,9.618050579831051
20170629,MRVE3,MRV,12.93,13.16,12.88,13.16,59468437.0,12.94199999999999,13.57875,0.2418263840030518,0.9326312033909565,15.444012406781912,11.713487593218087,16.37664361017287,10.780856389827129,17.309274813563825,9.848225186436174
20170630,MRVE3,MRV,13.16,13.53,13.08,13.52,54619532.0,12.968499999999988,13.527750000000001,0.2742314619747952,0.8755408218748186,15.278831643749639,11.776668356250363,16.154372465624455,10.901127534375545,17.029913287499276,10.025586712500726
20170703,MRVE3,MRV,13.51,13.58,13.32,13.34,26661269.0,12.977999999999989,13.478750000000002,0.2839681227476661,0.8273317862957924,15.133413572591586,11.824086427408417,15.96074535888738,10.996754641112624,16.78807714518317,10.169422854816832
20170704,MRVE3,MRV,13.35,13.46,13.31,13.46,6110185.0,13.003499999999988,13.439250000000005,0.3035452797229712,0.7876462420173823,15.01454248403477,11.86395751596524,15.802188726052151,11.076311273947859,16.589834968069535,10.288665031930476
20170705,MRVE3,MRV,13.46,13.46,13.11,13.37,41694630.0,13.01149999999999,13.394750000000005,0.31128384406990817,0.7371810044577488,14.869112008915502,11.920387991084509,15.606293013373252,11.18320698662676,16.343474017831,10.44602598216901
20170706,MRVE3,MRV,13.36,13.42,13.04,13.06,33577576.0,12.997499999999992,13.335250000000002,0.3018866116868732,0.6598639622815832,14.654977924563168,12.015522075436836,15.314841886844752,11.355658113155252,15.974705849126334,10.69579415087367
20170707,MRVE3,MRV,13.2,13.28,13.07,13.16,25680121.0,12.990499999999992,13.287750000000003,0.29607031526132244,0.5980116090975044,14.483773218195012,12.091726781804994,15.081784827292516,11.493715172707489,15.67979643639002,10.895703563609985
20170710,MRVE3,MRV,13.25,13.3,13.12,13.21,15315390.0,13.002999999999991,13.244000000000003,0.2999666648145949,0.5330165726003913,14.310033145200785,12.177966854799221,14.843049717801177,11.64495028219883,15.376066290401567,11.11193370959844
20170711,MRVE3,MRV,13.21,13.23,13.0,13.17,48707580.0,13.011499999999993,13.19325,0.3022768859662698,0.4283743121173972,14.049998624234796,12.336501375765206,14.478372936352192,11.90812706364781,14.906747248469589,11.479752751530413
20170712,MRVE3,MRV,13.2,13.38,13.08,13.38,115690778.0,13.035499999999994,13.16125,0.31186155835392604,0.35803013409918283,13.877310268198366,12.445189731801635,14.235340402297549,12.087159597702453,14.593370536396732,11.72912946360327
20170713,MRVE3,MRV,13.4,13.54,13.29,13.4,54415767.0,13.05049999999999,13.132750000000001,0.3221714973181246,0.28296948734666216,13.698688974693326,12.566811025306677,13.981658462039988,12.283841537960015,14.26462794938665,12.000872050613353
20170714,MRVE3,MRV,13.9,14.04,13.76,13.84,151577127.0,13.087499999999988,13.14525,0.3674646420512952,0.3027141115530217,13.750678223106044,12.539821776893957,14.053392334659065,12.237107665340936,14.356106446212088,11.934393553787913
20170717,MRVE3,MRV,13.77,14.35,13.77,14.21,95162425.0,13.153999999999987,13.159250000000004,0.4409368017730961,0.33759623509263237,13.834442470185268,12.48405752981474,14.1720387052779,12.146461294722107,14.509634940370534,11.808865059629474
20170718,MRVE3,MRV,14.28,14.32,14.06,14.14,57588887.0,13.223499999999987,13.184000000000003,0.48157936439440446,0.37148903424476015,13.926978068489523,12.441021931510482,14.298467102734284,12.069532897265722,14.669956136979044,11.698043863020962
20170719,MRVE3,MRV,14.21,14.29,14.03,14.15,41087903.0,13.306999999999984,13.205250000000003,0.49057538719987637,0.40140131143347657,14.008052622866956,12.40244737713305,14.409453934300434,12.001046065699573,14.81085524573391,11.599644754266096
20170720,MRVE3,MRV,14.15,14.35,14.02,14.09,38511468.0,13.386499999999984,13.224500000000003,0.4816667880774376,0.424825454353513,14.07415090870703,12.374849091292976,14.498976363060542,11.950023636939463,14.923801817414054,11.525198182585951
20170721,MRVE3,MRV,14.06,14.21,14.06,14.18,39722041.0,13.462999999999985,13.245250000000002,0.48003399002460284,0.45060066748559474,14.146451334971191,12.344048665028813,14.597052002456786,11.893447997543218,15.047652669942382,11.442847330057623
20170724,MRVE3,MRV,14.22,14.32,14.07,14.13,21511050.0,13.527499999999986,13.259,0.47858206137890025,0.4690896803438871,14.197179360687775,12.320820639312226,14.666269041031661,11.85173095896834,15.13535872137555,11.382641278624451
20170725,MRVE3,MRV,14.23,14.29,13.85,13.9,47197781.0,13.586999999999986,13.270750000000001,0.44434576389871205,0.4792589766156381,14.229267953231277,12.312232046768726,14.708526929846915,11.832973070153088,15.187785906462555,11.353714093537448
20170726,MRVE3,MRV,13.92,13.97,13.7,13.8,39768755.0,13.633499999999987,13.282499999999999,0.41291358851331167,0.48645631210803064,14.25541262421606,12.309587375783938,14.74186893632409,11.823131063675907,15.228325248432121,11.336674751567877
20170727,MRVE3,MRV,13.87,14.21,13.84,14.02,81125544.0,13.676499999999985,13.309249999999997,0.4057257953995834,0.49700842225748465,14.303266844514965,12.315233155485029,14.80027526677245,11.818224733227543,15.297283689029936,11.321216310970058
20170728,MRVE3,MRV,13.9,14.37,13.89,14.31,67472336.0,13.715999999999985,13.342249999999996,0.4275560905031162,0.5186199018203073,14.379489803640611,12.305010196359381,14.898109705460918,11.786390294539075,15.416729607281226,11.267770392718766
20170731,MRVE3,MRV,14.4,14.57,14.06,14.33,59321592.0,13.765499999999985,13.371749999999997,0.43889184616665183,0.5405025557946195,14.452755111589235,12.290744888410758,14.993257667383855,11.75024233261614,15.533760223178476,11.209739776821518
20170801,MRVE3,MRV,14.14,14.19,13.75,13.85,132941738.0,13.784999999999988,13.394249999999996,0.4332314320131949,0.5412278893452657,14.476705778690528,12.311794221309464,15.017933668035793,11.770566331964199,15.559161557381058,11.229338442618934
20170802,MRVE3,MRV,13.92,14.17,13.75,14.15,102335057.0,13.823999999999987,13.417749999999995,0.4289939270825139,0.5532954304287506,14.524340860857496,12.311159139142493,15.077636291286247,11.757863708713742,15.630931721714997,11.204568278284992
20170803,MRVE3,MRV,14.09,14.2,13.86,14.04,48280380.0,13.872999999999987,13.435249999999993,0.3914628435684922,0.5617782549123015,14.558806509824596,12.31169349017539,15.120584764736897,11.749915235263089,15.682363019649198,11.188136980350787
20170804,MRVE3,MRV,14.04,14.11,13.81,13.9,39086783.0,13.909999999999986,13.450249999999993,0.3536724622108836,0.5660682549222951,14.582386509844584,12.318113490155403,15.148454764766878,11.752045235233108,15.714523019689175,11.185976980310812
20170807,MRVE3,MRV,13.9,14.29,13.9,14.18,34181830.0,13.958499999999987,13.480749999999992,0.31726255107683726,0.5718139714528854,14.624377942905763,12.33712205709422,15.196191914358648,11.765308085641335,15.768005885811533,11.19349411418845
20170808,MRVE3,MRV,14.11,14.4,14.09,14.14,16161318.0,14.006999999999985,13.50924999999999,0.2592113545271169,0.5756351564431561,14.660520312886304,12.357979687113678,15.236155469329459,11.782344530670523,15.811790625772616,11.206709374227366
20170809,MRVE3,MRV,14.15,14.21,13.94,14.13,33021915.0,14.044499999999985,13.539999999999992,0.21404561737111702,0.5751075707628284,14.690215141525648,12.389784858474336,15.265322712288476,11.814677287711508,15.840430283051305,11.23956971694868
20170810,MRVE3,MRV,14.16,14.21,13.75,13.83,26143715.0,14.065999999999985,13.558249999999992,0.16089879133363538,0.5723630168668542,14.7029760337337,12.413523966266284,15.275339050600554,11.84116094939943,15.84770206746741,11.268797932532575
20170811,MRVE3,MRV,13.77,14.1,13.76,14.0,22370382.0,14.073999999999987,13.580749999999991,0.15284667239803112,0.5715762618207013,14.723902523641394,12.437597476358588,15.295478785462095,11.866021214537888,15.867055047282797,11.294444952717186
20170814,MRVE3,MRV,13.93,14.14,13.77,13.78,38951308.0,14.052499999999986,13.603249999999992,0.1626386048558794,0.5608984893763036,14.7250469787526,12.481453021247384,15.285945468128903,11.920554531871081,15.846843957505207,11.359656042494777
20170815,MRVE3,MRV,13.85,13.92,13.42,13.45,36506550.0,14.017999999999986,13.620749999999992,0.20952578035070624,0.5442679746275103,14.709285949255012,12.532214050744972,15.253553923882523,11.987946076117462,15.797821898510033,11.443678101489951
20170816,MRVE3,MRV,13.45,13.74,13.02,13.15,117747083.0,13.967999999999986,13.637499999999992,0.2828538770981715,0.5179335171671479,14.673367034334287,12.601632965665697,15.191300551501435,12.08369944849855,15.709234068668584,11.5657659313314
20170817,MRVE3,MRV,13.14,13.29,12.97,13.09,46746423.0,13.917999999999987,13.652249999999992,0.3422925802968998,0.4924844784746678,14.637218956949328,12.667281043050655,15.129703435423995,12.174796564575988,15.622187913898664,11.68231208610132
20170818,MRVE3,MRV,13.27,13.47,13.15,13.45,53647065.0,13.881499999999985,13.672249999999995,0.35167681036338244,0.4662864064290496,14.604822812858094,12.739677187141895,15.071109219287143,12.273390780712846,15.537395625716194,11.807104374283796
20170821,MRVE3,MRV,13.51,13.65,13.3,13.35,34025004.0,13.842499999999987,13.684999999999993,0.3656411096315971,0.4496209229550805,14.584241845910155,12.785758154089832,15.033862768865236,12.336137231134751,15.483483691820314,11.886516308179672
20170822,MRVE3,MRV,13.45,13.65,13.3,13.34,43015174.0,13.814499999999986,13.700749999999994,0.3820784570849489,0.4249487902782857,14.550647580556566,12.850852419443422,14.97559637083485,12.425903629165138,15.400545161113136,12.000954838886852
20170823,MRVE3,MRV,13.37,13.41,13.07,13.11,65678419.0,13.779999999999987,13.706749999999994,0.4133305036688584,0.4144838464576914,14.535717692915377,12.877782307084612,14.950201539373069,12.46329846062692,15.364685385830759,12.04881461416923
20170824,MRVE3,MRV,13.18,13.2,13.04,13.1,36391101.0,13.73399999999999,13.705249999999996,0.4357981183988685,0.4166163302928376,14.538482660585672,12.87201733941432,14.95509899087851,12.455401009121482,15.371715321171347,12.038784678828645
20170825,MRVE3,MRV,13.12,13.14,12.98,13.1,45412431.0,13.67349999999999,13.694749999999996,0.435615414641951,0.4265784413993174,14.54790688279863,12.841593117201361,14.974485324197948,12.415014675802043,15.401063765597264,11.988436234402727
20170828,MRVE3,MRV,13.16,13.23,13.08,13.1,40946203.0,13.611999999999991,13.688749999999995,0.42474264653960575,0.4333304980183425,14.55541099603668,12.82208900396331,14.988741494055024,12.388758505944967,15.422071992073365,11.955428007926626
20170829,MRVE3,MRV,13.1,13.34,13.06,13.29,23416044.0,13.583999999999993,13.684499999999995,0.4266811949280846,0.4364539509295975,14.55740790185919,12.8115920981408,14.993861852788786,12.375138147211203,15.430315803718385,11.938684196281605
20170830,MRVE3,MRV,13.35,13.48,13.28,13.4,37995959.0,13.546499999999991,13.685249999999993,0.40681400120809796,0.43592511412880236,14.557100228257598,12.813399771742388,14.9930253423864,12.377474657613586,15.428950456515203,11.941549543484783
20170831,MRVE3,MRV,13.45,13.53,13.26,13.49,45691007.0,13.518999999999991,13.695999999999994,0.3899379167859464,0.4252830128580794,14.546566025716153,12.845433974283836,14.971849038574232,12.420150961425756,15.397132051432312,11.994867948567677
20170901,MRVE3,MRV,13.55,13.6,13.32,13.41,53307815.0,13.494499999999993,13.702249999999996,0.3800065788904125,0.4189944464475043,14.540238892895005,12.864261107104987,14.959233339342509,12.445266660657483,15.378227785790013,12.026272214209978
20170904,MRVE3,MRV,13.45,13.72,13.44,13.6,29610401.0,13.465499999999995,13.711999999999994,0.34550458904713127,0.4117205923364176,14.53544118467283,12.888558815327158,14.947161777009248,12.476838222990741,15.358882369345665,12.065117630654324
20170905,MRVE3,MRV,13.75,13.85,13.63,13.81,47534334.0,13.448999999999995,13.727999999999994,0.31841548494479227,0.40244891378302,14.532897827566034,12.923102172433955,14.935346741349054,12.520653258650935,15.337795655132075,12.118204344867914
20170906,MRVE3,MRV,13.89,14.4,13.89,14.28,66633991.0,13.456499999999995,13.750499999999994,0.3365502230449038,0.4076194177705404,14.565738835541074,12.935261164458913,14.973358253311615,12.527641746688372,15.380977671082155,12.120022328917832
20170908,MRVE3,MRV,14.28,14.43,14.21,14.41,33230957.0,13.485499999999996,13.775749999999993,0.39101049925329523,0.4165356973651739,14.608821394730342,12.942678605269645,15.025357092095515,12.526142907904472,15.441892789460688,12.109607210539298
20170911,MRVE3,MRV,14.46,14.86,14.41,14.74,58313714.0,13.522499999999997,13.798249999999992,0.46941032437684427,0.4435283212996396,14.685306642599272,12.911193357400713,15.12883496389891,12.467665036101074,15.57236328519855,12.024136714801434
20170912,MRVE3,MRV,14.79,14.84,14.38,14.42,35525863.0,13.554499999999999,13.80349999999999,0.5081076864726873,0.4497266976332483,14.702953395266487,12.904046604733495,15.152680092899736,12.454319907100246,15.602406790532983,12.004593209466998
20170913,MRVE3,MRV,14.46,14.5,14.1,14.27,36558895.0,13.595499999999998,13.80674999999999,0.5317644413202395,0.4526808322620259,14.712111664524041,12.90138833547594,15.164792496786069,12.448707503213912,15.617473329048094,11.996026670951887
20170914,MRVE3,MRV,14.27,14.29,14.12,14.21,32091798.0,13.648499999999999,13.808249999999992,0.5378150239626954,0.4539450294293289,14.71614005885865,12.900359941141334,15.17008508828798,12.446414911712004,15.624030117717307,11.992469882282677
20170915,MRVE3,MRV,14.25,14.56,14.22,14.54,34581625.0,13.721,13.81949999999999,0.5559903444826075,0.46650885610084336,14.752517712201678,12.886482287798303,15.219026568302521,12.41997343169746,15.685535424403364,11.953464575596618
20170918,MRVE3,MRV,14.62,14.73,14.41,14.46,31602679.0,13.7715,13.826499999999992,0.5756028875974477,0.47409590071727864,14.77469180143455,12.878308198565435,15.248787702151828,12.404212297848156,15.722883602869107,11.930116397130877
20170919,MRVE3,MRV,14.45,14.58,14.26,14.58,26568457.0,13.832999999999998,13.837749999999994,0.5936249037193287,0.48665518514732165,14.811060370294637,12.864439629705352,15.29771555544196,12.37778444455803,15.784370740589281,11.891129259410707
20170920,MRVE3,MRV,14.57,14.64,14.14,14.37,42395919.0,13.8845,13.849499999999995,0.5932823504609027,0.4938179359299928,14.837135871859982,12.86186412814001,15.330953807789975,12.368046192210016,15.824771743719968,11.874228256280023
20170921,MRVE3,MRV,14.31,14.44,14.22,14.37,23673850.0,13.9475,13.863749999999996,0.5732720030436473,0.5005314483319059,14.864812896663807,12.862687103336185,15.365344344995714,12.362155655004278,15.86587579332762,11.861624206672372
20170922,MRVE3,MRV,14.36,14.36,14.04,14.18,28962195.0,14.001499999999998,13.867749999999996,0.5390857269976848,0.5024477903735738,14.872645580747143,12.862854419252848,15.375093371120716,12.360406628879275,15.87754116149429,11.8579588385057
20170925,MRVE3,MRV,14.24,14.26,13.56,13.6,54351744.0,14.026499999999999,13.849999999999998,0.5056343072137901,0.4989527494200735,14.847905498840145,12.85209450115985,15.346858248260219,12.353141751739777,15.845810997680292,11.854189002319703
20170926,MRVE3,MRV,13.72,14.11,13.65,13.82,34061698.0,14.062499999999996,13.837249999999997,0.4597467838529683,0.4928513974820448,14.822952794964086,12.851547205035908,15.315804192446132,12.358695807553863,15.808655589928177,11.865844410071817
20170927,MRVE3,MRV,13.88,13.88,13.52,13.62,37229914.0,14.078999999999997,13.831499999999997,0.4358645371406486,0.49403908285136705,14.819578165702731,12.843421834297262,15.313617248554097,12.349382751445896,15.807656331405465,11.855343668594529
20170928,MRVE3,MRV,13.73,13.77,13.35,13.43,31528210.0,14.080499999999997,13.813499999999996,0.433449748195239,0.49525207256973686,14.80400414513947,12.822995854860523,15.299256217709207,12.327743782290785,15.794508290278943,11.83249170972105
20170929,MRVE3,MRV,13.51,13.79,13.51,13.76,30908067.0,14.093999999999998,13.806499999999996,0.4180203973869799,0.49394565256950307,14.794391305139003,12.81860869486099,15.288336957708506,12.324663042291487,15.782282610278008,11.830717389721984
20171002,MRVE3,MRV,13.82,13.84,13.56,13.7,24337131.0,14.108499999999996,13.801499999999999,0.39757521631958964,0.49398717932081787,14.789474358641634,12.813525641358364,15.283461537962452,12.319538462037546,15.77744871728327,11.825551282716727
20171003,MRVE3,MRV,13.75,14.13,13.73,14.05,52687983.0,14.130999999999995,13.79825,0.3796106038117283,0.49185617816593963,14.781962356331878,12.814537643668121,15.273818534497819,12.32268146550218,15.765674712663758,11.830825287336241
20171004,MRVE3,MRV,14.12,14.26,13.93,14.26,28583938.0,14.153499999999994,13.80125,0.37285915218539295,0.49435369617621094,14.789957392352422,12.812542607647577,15.284311088528632,12.318188911471367,15.778664784704844,11.823835215295155
20171005,MRVE3,MRV,14.3,14.49,13.92,13.94,41275806.0,14.136499999999995,13.7965,0.37453515048304564,0.49202121071644495,14.780542421432889,12.81245757856711,15.272563632149335,12.320436367850665,15.76458484286578,11.82841515713422
20171006,MRVE3,MRV,13.98,14.01,13.68,13.98,38812146.0,14.114999999999995,13.80025,0.37032702475399704,0.49285399876897484,14.785957997537949,12.814542002462051,15.278811996306924,12.321688003693076,15.7716659950759,11.8288340049241
20171009,MRVE3,MRV,14.05,14.14,13.75,14.02,14370359.0,14.078999999999994,13.800749999999999,0.34013774299615224,0.49307193785231834,14.786893875704635,12.814606124295363,15.279965813556954,12.321534186443044,15.773037751409273,11.828462248590725
20171010,MRVE3,MRV,14.07,14.22,14.0,14.2,31927028.0,14.067999999999993,13.811250000000001,0.3319892198630154,0.4970744540011258,14.805398908002253,12.817101091997749,15.30247336200338,12.320026637996623,15.799547816004505,11.822952183995497
20171011,MRVE3,MRV,14.2,14.4,14.18,14.31,55215514.0,14.069999999999993,13.832749999999999,0.3333877148622052,0.4996408325371998,14.832031665074398,12.8334683349256,15.3316724976116,12.333827502388399,15.831313330148799,11.8341866698512
20171013,MRVE3,MRV,14.32,14.57,14.32,14.48,47056864.0,14.083499999999995,13.866,0.3446321456124831,0.49728906106651377,14.860578122133028,12.871421877866972,15.357867183199541,12.374132816800458,15.855156244266055,11.876843755733944
20171016,MRVE3,MRV,14.52,14.64,13.97,14.2,47997217.0,14.066499999999994,13.89375,0.32895808403597887,0.4836595936855869,14.861069187371175,12.926430812628826,15.344728781056762,12.44277121894324,15.828388374742348,11.959111625257654
20171017,MRVE3,MRV,14.41,14.54,14.06,14.1,51563633.0,14.048499999999995,13.91,0.31588263976555314,0.47926760363855214,14.868535207277105,12.951464792722895,15.347802810915656,12.472197189084344,15.827070414554209,11.992929585445792
20171018,MRVE3,MRV,14.24,14.31,14.13,14.31,35173122.0,14.034999999999997,13.933999999999997,0.29718858092391515,0.47451891967360965,14.883037839347217,12.984962160652778,15.357556759020827,12.510443240979168,15.832075678694435,12.03592432130556
20171019,MRVE3,MRV,14.3,14.31,13.5,13.7,154686505.0,14.001499999999997,13.942999999999998,0.2951944051673365,0.46630682096882925,14.875613641937656,13.01038635806234,15.341920462906486,12.54407953709351,15.808227283875315,12.07777271612468
20171020,MRVE3,MRV,13.8,14.11,13.66,14.09,70077323.0,13.987499999999994,13.967499999999998,0.283193722053507,0.44675324457519733,14.861006489150393,13.073993510849602,15.30775973372559,12.627240266274406,15.754512978300786,12.180487021699209
20171023,MRVE3,MRV,14.22,14.22,13.83,13.95,38066282.0,13.975999999999994,13.98875,0.27961251383786423,0.42407176158565857,14.836893523171316,13.140606476828683,15.260965284756976,12.716534715243023,15.685037046342634,12.292462953657365
20171024,MRVE3,MRV,14.05,14.15,13.82,14.13,24762918.0,14.002499999999992,14.014499999999998,0.26692942098889355,0.3992682409172222,14.813036481834443,13.215963518165553,15.212304722751664,12.816695277248332,15.611572963668888,12.417427036331109
20171025,MRVE3,MRV,14.13,14.18,13.84,14.09,38111304.0,14.015999999999991,14.03925,0.2640255171081055,0.37079531640336505,14.78084063280673,13.297659367193269,15.151635949210094,12.926864050789904,15.52243126561346,12.556068734386539
20171026,MRVE3,MRV,14.13,14.15,13.7,13.71,47327996.0,14.02049999999999,14.04975,0.2576099662995085,0.35462864289137624,14.759007285782753,13.340492714217246,15.113635928674128,12.98586407132587,15.468264571565504,12.631235428434495
20171027,MRVE3,MRV,13.82,14.0,13.66,13.67,33042155.0,14.03249999999999,14.0565,0.233077240416115,0.34436526523074423,14.745230530461487,13.367769469538512,15.089595795692233,13.023404204307766,15.433961060922977,12.679038939077023
20171030,MRVE3,MRV,13.67,13.67,12.84,12.87,60718732.0,13.98799999999999,14.041,0.34562833704488666,0.3823731564443766,14.805746312888754,13.276253687111247,15.188119469333131,12.89388053066687,15.570492625777506,12.511507374222495
20171031,MRVE3,MRV,12.99,13.08,12.57,12.65,58818273.0,13.93549999999999,14.022,0.4543297550411856,0.43039755027422744,14.882795100548455,13.161204899451546,15.313192650822682,12.730807349177319,15.74359020109691,12.30040979890309
20171101,MRVE3,MRV,12.8,13.3,12.8,13.1,71784636.0,13.887999999999991,14.0095,0.4899903328799303,0.44979168967708694,14.909083379354174,13.109916620645825,15.35887506903126,12.660124930968738,15.808666758708346,12.210333241291652
20171103,MRVE3,MRV,13.1,13.3,12.92,13.05,53013071.0,13.827499999999992,13.9905,0.5156689574564363,0.47384380202547066,14.938187604050942,13.04281239594906,15.412031406076412,12.56896859392359,15.885875208101883,12.095124791898119
20171106,MRVE3,MRV,13.07,13.13,12.54,12.8,63031969.0,13.770499999999993,13.9535,0.5633777362340558,0.5072628914336684,14.968025782867336,12.938974217132664,15.475288674301005,12.431711325698995,15.982551565734674,11.924448434265326
20171107,MRVE3,MRV,12.9,13.05,12.58,12.75,65744090.0,13.708999999999993,13.912,0.6049088665593408,0.5360453482538765,14.984090696507753,12.839909303492249,15.52013604476163,12.303863955238372,16.056181393015507,11.767818606984495
20171108,MRVE3,MRV,13.0,13.1,12.66,13.0,59429974.0,13.657999999999992,13.868500000000001,0.6201154391681757,0.5377281269020087,14.943956253804018,12.793043746195984,15.481684380706026,12.255315619293976,16.019412507608035,11.717587492391967
20171109,MRVE3,MRV,13.09,13.13,12.83,12.9,50625336.0,13.592999999999993,13.8305,0.6283905925792569,0.5512919557846139,14.933083911569229,12.727916088430772,15.484375867353842,12.17662413264616,16.035667823138457,11.625332176861544
20171110,MRVE3,MRV,12.9,12.94,12.58,12.74,35144506.0,13.514499999999993,13.792250000000001,0.6321598315549526,0.5726792071997886,14.937608414399579,12.646891585600423,15.510287621599367,12.074212378400635,16.082966828799155,11.501533171200848
20171113,MRVE3,MRV,12.68,13.05,12.53,12.94,41054516.0,13.437499999999991,13.760500000000002,0.601409528568214,0.5840176937958906,14.928535387591783,12.592464612408222,15.512553081387674,12.00844691861233,16.096570775183565,11.42442922481644
20171114,MRVE3,MRV,12.94,12.94,12.7,12.76,38820126.0,13.365499999999992,13.716000000000003,0.5914342513620787,0.5908741893942496,14.897748378788503,12.534251621211503,15.488622568182752,11.943377431817254,16.079496757577,11.352503242423005
20171116,MRVE3,MRV,12.67,13.5,12.62,13.48,94885433.0,13.334499999999991,13.691500000000001,0.5666380539732035,0.5794407117743302,14.850381423548662,12.532618576451341,15.429822135322992,11.953177864677011,16.00926284709732,11.373737152902681
20171117,MRVE3,MRV,13.4,13.45,13.03,13.38,39932778.0,13.287999999999991,13.6615,0.5184856491949096,0.5630937891547192,14.787687578309438,12.535312421690563,15.350781367464158,11.972218632535842,15.913875156618877,11.409124843381123
20171121,MRVE3,MRV,13.48,13.73,13.4,13.65,43965883.0,13.28549999999999,13.6435,0.5165113235626451,0.5512482339061228,14.745996467812246,12.541003532187753,15.297244701718368,11.989755298281631,15.84849293562449,11.438507064375509
20171122,MRVE3,MRV,13.59,13.9,13.47,13.86,56938496.0,13.273999999999992,13.63075,0.49995157660255773,0.5397928733818651,14.71033574676373,12.551164253236271,15.250128620145595,12.011371379854406,15.789921493527462,11.47157850647254
20171123,MRVE3,MRV,13.65,13.79,13.53,13.75,24591961.0,13.263999999999992,13.620000000000001,0.4875653802312209,0.5328106413043789,14.685621282608759,12.554378717391243,15.218431923913137,12.021568076086865,15.751242565217517,11.488757434782485
20171124,MRVE3,MRV,13.75,14.02,13.68,13.88,37882959.0,13.251499999999993,13.627,0.46696415956238535,0.5343781432656131,14.695756286531227,12.558243713468775,15.23013442979684,12.023865570203162,15.764512573062452,11.489487426937549
20171127,MRVE3,MRV,13.9,14.02,13.62,13.84,45068510.0,13.238999999999994,13.627500000000001,0.4462227435285221,0.5345726786115735,14.696645357223149,12.558354642776854,15.231218035834722,12.02378196416528,15.765790714446295,11.489209285553708
20171128,MRVE3,MRV,13.9,13.98,13.83,13.83,28889572.0,13.244999999999994,13.632750000000001,0.4536344459213073,0.5355274778077999,14.7038049556156,12.561695044384402,15.239332433423401,12.026167566576602,15.7748599112312,11.490640088768803
20171129,MRVE3,MRV,13.81,13.92,13.57,13.71,65940331.0,13.246999999999991,13.639750000000003,0.4556903380702097,0.5346385671048259,14.709027134209656,12.57047286579035,15.24366570131448,12.035834298685526,15.778304268419307,11.5011957315807
20171130,MRVE3,MRV,13.65,13.74,13.25,13.35,68794949.0,13.270999999999992,13.629500000000004,0.4473536220462616,0.5362019806962374,14.701903961392478,12.55709603860753,15.238105942088715,12.020894057911292,15.774307922784953,11.484692077215055
20171201,MRVE3,MRV,13.34,13.37,13.15,13.25,24455268.0,13.300999999999993,13.618250000000003,0.4229706970066952,0.53939608918275,14.697042178365503,12.539457821634503,15.236438267548253,12.000061732451753,15.775834356731004,11.460665643269003
20171204,MRVE3,MRV,13.26,13.34,13.04,13.16,31265684.0,13.303999999999993,13.596000000000004,0.42168084713693,0.5394859851795341,14.674971970359072,12.517028029640935,15.214457955538606,11.977542044461401,15.75394394071814,11.438056059281868
20171205,MRVE3,MRV,13.25,13.25,13.0,13.14,29066404.0,13.308499999999992,13.568000000000003,0.4193011102449468,0.5331676024550784,14.63433520491016,12.501664795089846,15.167502807365238,11.968497192634768,15.700670409820317,11.43532959017969
20171206,MRVE3,MRV,13.13,13.45,12.95,13.45,36355484.0,13.34099999999999,13.555750000000003,0.4026739571781195,0.5300212259900582,14.61579245198012,12.495707548019887,15.145813677970178,11.965686322029828,15.675834903960236,11.43566509603977
20171207,MRVE3,MRV,13.21,13.38,13.01,13.38,33934475.0,13.372499999999992,13.540750000000003,0.37788713157573567,0.5261830991643102,14.593116198328623,12.488383801671382,15.119299297492933,11.962200702507072,15.645482396657243,11.436017603342762
20171208,MRVE3,MRV,13.4,13.53,13.21,13.26,23872595.0,13.38549999999999,13.521750000000003,0.3687600132449716,0.5221400121688594,14.56603002433772,12.477469975662284,15.08817003650658,11.955329963493424,15.61031004867544,11.433189951324565
20171211,MRVE3,MRV,13.3,13.55,13.17,13.45,39339458.0,13.412999999999991,13.503000000000004,0.35071505903167105,0.5104959880803749,14.523991976160753,12.482008023839255,15.034487964241128,11.97151203575888,15.544983952321504,11.461016047678504
20171212,MRVE3,MRV,13.47,14.18,13.33,14.18,46964372.0,13.48499999999999,13.499750000000002,0.3530841557655041,0.5056171020111545,14.51098420402231,12.488515795977694,15.016601306033465,11.98289869396654,15.52221840804462,11.477281591955384
20171213,MRVE3,MRV,14.16,14.54,13.75,13.89,86051032.0,13.53249999999999,13.485000000000003,0.3395488492877532,0.48445052140782346,14.45390104281565,12.516098957184356,14.938351564223474,12.031648435776532,15.422802085631297,11.54719791436871
20171214,MRVE3,MRV,13.89,14.05,13.65,13.87,46761764.0,13.58799999999999,13.476750000000001,0.294343158128138,0.47467336947875227,14.426096738957506,12.527403261042496,14.900770108436259,12.052729891563743,15.37544347791501,11.578056522084992
20171215,MRVE3,MRV,13.89,14.15,13.71,14.15,47659479.0,13.621499999999989,13.478,0.31853736457687637,0.4764193369452892,14.430838673890579,12.525161326109421,14.907258010835868,12.048741989164132,15.383677347781157,11.572322652218842
20171218,MRVE3,MRV,14.2,14.49,14.13,14.35,48138953.0,13.669999999999991,13.479000000000003,0.35192702592859854,0.4782489427924077,14.435497885584818,12.522502114415188,14.913746828377226,12.04425317162278,15.391995771169633,11.566004228830373
20171219,MRVE3,MRV,14.21,14.39,13.85,13.91,41001480.0,13.682999999999993,13.48425,0.35592873325694757,0.48187607461053267,14.448002149221065,12.520497850778934,14.929878223831597,12.038621776168402,15.41175429844213,11.556745701557869
20171220,MRVE3,MRV,14.0,14.24,13.94,14.11,17986158.0,13.695499999999992,13.48475,0.3666990017640312,0.48253065533014344,14.449811310660287,12.519688689339713,14.93234196599043,12.03715803400957,15.414872621320574,11.554627378679426
20171221,MRVE3,MRV,14.0,14.34,13.93,14.34,23870049.0,13.72499999999999,13.494499999999999,0.39402778421938894,0.4959267419018032,14.486353483803605,12.502646516196393,14.982280225705408,12.00671977429459,15.47820696760721,11.510793032392787
20171222,MRVE3,MRV,14.33,14.47,14.2,14.43,23490392.0,13.752499999999992,13.501999999999999,0.4235051108869487,0.5079077243065523,14.517815448613103,12.486184551386895,15.025723172919655,11.978276827080343,15.533630897226208,11.47036910277379
20171226,MRVE3,MRV,14.48,14.52,14.35,14.46,10985540.0,13.783499999999993,13.511249999999999,0.4519813107454279,0.5220629075956114,14.555375815191221,12.467124184808776,15.077438722786832,11.945061277213165,15.599501630382445,11.422998369617552
20171227,MRVE3,MRV,14.5,14.66,14.37,14.66,20420451.0,13.824999999999994,13.534999999999997,0.49274205913652325,0.5520823052723897,14.639164610544777,12.430835389455217,15.191246915817166,11.878753084182827,15.743329221089555,11.326670778910438
20171228,MRVE3,MRV,14.69,15.04,14.6,15.04,31734940.0,13.891499999999997,13.569249999999997,0.5613730816864118,0.6010008212802137,14.771251642560424,12.36724835743957,15.372252463840638,11.766247536159355,15.973253285120851,11.165246714879142
