DATA DO PREGAO,CODIGO DE NEGOCIACAO DO PAPEL,NOME RESUMIDO DA EMPRESA EMISSORA,PRECO DE ABERTURA,PRECO MAXIMO,PRECO MINIMO,PRECO FECHAMENTO,VOLUME TOTAL DE TITULOS NEGOCIADOS NESTE PAPEL,MA_20,MA_40,STD_20,STD_40,BANDA_1_40 SUPERIOR,BANDA_1_40 INFERIOR,BANDA_2_40 SUPERIOR,BANDA_2_40 INFERIOR,BANDA_3_40 SUPERIOR,BANDA_3_40 INFERIOR
20170102,OIBR4,OI,2.27,2.31,2.23,2.31,3707395.0,0.0,0.0,0.0,0.0,0.0,0.0,0.0,0.0,0.0,0.0
20170103,OIBR4,OI,2.32,2.35,2.25,2.27,7130987.0,0.0,0.0,0.0,0.0,0.0,0.0,0.0,0.0,0.0,0.0
20170104,OIBR4,OI,2.27,2.28,2.25,2.26,2902102.0,0.0,0.0,0.0,0.0,0.0,0.0,0.0,0.0,0.0,0.0
20170105,OIBR4,OI,2.25,2.28,2.24,2.26,2976714.0,0.0,0.0,0.0,0.0,0.0,0.0,0.0,0.0,0.0,0.0
20170106,OIBR4,OI,2.27,2.33,2.27,2.3,7370579.0,0.0,0.0,0.0,0.0,0.0,0.0,0.0,0.0,0.0,0.0
20170109,OIBR4,OI,2.33,2.43,2.3,2.4,11136406.0,0.0,0.0,0.0,0.0,0.0,0.0,0.0,0.0,0.0,0.0
20170110,OIBR4,OI,2.42,2.47,2.37,2.42,11803739.0,0.0,0.0,0.0,0.0,0.0,0.0,0.0,0.0,0.0,0.0
20170111,OIBR4,OI,2.45,2.5,2.31,2.43,10594660.0,0.0,0.0,0.0,0.0,0.0,0.0,0.0,0.0,0.0,0.0
20170112,OIBR4,OI,2.45,2.52,2.44,2.52,33694299.0,0.0,0.0,0.0,0.0,0.0,0.0,0.0,0.0,0.0,0.0
20170113,OIBR4,OI,2.54,2.6,2.48,2.55,14479005.0,0.0,0.0,0.0,0.0,0.0,0.0,0.0,0.0,0.0,0.0
20170116,OIBR4,OI,2.59,2.66,2.56,2.63,13819286.0,0.0,0.0,0.0,0.0,0.0,0.0,0.0,0.0,0.0,0.0
20170117,OIBR4,OI,2.65,2.69,2.56,2.61,16688376.0,0.0,0.0,0.0,0.0,0.0,0.0,0.0,0.0,0.0,0.0
20170118,OIBR4,OI,2.6,2.65,2.48,2.5,14628725.0,0.0,0.0,0.0,0.0,0.0,0.0,0.0,0.0,0.0,0.0
20170119,OIBR4,OI,2.51,2.53,2.43,2.48,8609476.0,0.0,0.0,0.0,0.0,0.0,0.0,0.0,0.0,0.0,0.0
20170120,OIBR4,OI,2.47,2.57,2.45,2.53,7299471.0,0.0,0.0,0.0,0.0,0.0,0.0,0.0,0.0,0.0,0.0
20170123,OIBR4,OI,2.55,2.58,2.52,2.57,14744340.0,0.0,0.0,0.0,0.0,0.0,0.0,0.0,0.0,0.0,0.0
20170124,OIBR4,OI,2.56,2.57,2.52,2.55,7058807.0,0.0,0.0,0.0,0.0,0.0,0.0,0.0,0.0,0.0,0.0
20170126,OIBR4,OI,2.56,2.68,2.54,2.64,19661592.0,0.0,0.0,0.0,0.0,0.0,0.0,0.0,0.0,0.0,0.0
20170127,OIBR4,OI,2.67,3.23,2.67,3.12,92084088.0,0.0,0.0,0.0,0.0,0.0,0.0,0.0,0.0,0.0,0.0
20170130,OIBR4,OI,3.06,3.32,2.98,3.06,67257590.0,2.5204999999999997,0.0,0.2311635329098609,0.0,0.0,0.0,0.0,0.0,0.0,0.0
20170131,OIBR4,OI,3.14,3.35,3.1,3.2,69150307.0,2.565,0.0,0.27077860445681246,0.0,0.0,0.0,0.0,0.0,0.0,0.0
20170201,OIBR4,OI,3.25,3.35,3.18,3.24,58349230.0,2.6134999999999997,0.0,0.30040805581741625,0.0,0.0,0.0,0.0,0.0,0.0,0.0
20170202,OIBR4,OI,3.25,3.3,3.15,3.24,22407771.0,2.6625,0.0,0.3190590606933552,0.0,0.0,0.0,0.0,0.0,0.0,0.0
20170203,OIBR4,OI,3.25,3.31,3.19,3.31,17493735.0,2.7150000000000003,0.0,0.3353160331765585,0.0,0.0,0.0,0.0,0.0,0.0,0.0
20170206,OIBR4,OI,3.28,3.32,3.22,3.22,13464607.0,2.761,0.0,0.3384780176334238,0.0,0.0,0.0,0.0,0.0,0.0,0.0
20170207,OIBR4,OI,3.25,3.32,3.17,3.18,20987176.0,2.8000000000000003,0.0,0.3396282797722419,0.0,0.0,0.0,0.0,0.0,0.0,0.0
20170208,OIBR4,OI,3.21,3.22,3.05,3.13,20207498.0,2.8355000000000006,0.0,0.3348915771127309,0.0,0.0,0.0,0.0,0.0,0.0,0.0
20170209,OIBR4,OI,3.16,3.17,3.08,3.14,13633449.0,2.8710000000000004,0.0,0.32718737589853303,0.0,0.0,0.0,0.0,0.0,0.0,0.0
20170210,OIBR4,OI,3.15,3.22,3.13,3.2,11886374.0,2.9050000000000002,0.0,0.32411011773940673,0.0,0.0,0.0,0.0,0.0,0.0,0.0
20170213,OIBR4,OI,3.22,3.28,3.19,3.25,10776345.0,2.9400000000000004,0.0,0.32154233575722185,0.0,0.0,0.0,0.0,0.0,0.0,0.0
20170214,OIBR4,OI,3.25,3.25,3.17,3.19,7577552.0,2.9680000000000004,0.0,0.3174835263028361,0.0,0.0,0.0,0.0,0.0,0.0,0.0
20170215,OIBR4,OI,3.21,3.32,3.2,3.28,26126336.0,3.0015000000000005,0.0,0.3130373275203007,0.0,0.0,0.0,0.0,0.0,0.0,0.0
20170216,OIBR4,OI,3.29,3.41,3.27,3.27,26830597.0,3.0400000000000005,0.0,0.29493977975886854,0.0,0.0,0.0,0.0,0.0,0.0,0.0
20170217,OIBR4,OI,3.3,3.34,3.22,3.29,11453880.0,3.080500000000001,0.0,0.2684159184235488,0.0,0.0,0.0,0.0,0.0,0.0,0.0
20170220,OIBR4,OI,3.3,3.33,3.27,3.28,8633506.0,3.1180000000000008,0.0,0.23814193025875902,0.0,0.0,0.0,0.0,0.0,0.0,0.0
20170221,OIBR4,OI,3.29,3.31,3.25,3.26,8004998.0,3.1525000000000007,0.0,0.2017782785242497,0.0,0.0,0.0,0.0,0.0,0.0,0.0
20170222,OIBR4,OI,3.24,3.29,3.23,3.29,8297321.0,3.189500000000001,0.0,0.14547472198578426,0.0,0.0,0.0,0.0,0.0,0.0,0.0
20170223,OIBR4,OI,3.28,3.34,3.25,3.32,11227126.0,3.2235000000000005,0.0,0.07035810655421189,0.0,0.0,0.0,0.0,0.0,0.0,0.0
20170224,OIBR4,OI,3.3,3.75,3.28,3.44,34202282.0,3.2395000000000005,0.0,0.08114152678142138,0.0,0.0,0.0,0.0,0.0,0.0,0.0
20170301,OIBR4,OI,3.51,3.54,3.4,3.42,7172322.0,3.2575000000000003,2.8890000000000002,0.07913180211054355,0.41031445102256464,3.7096289020451296,2.068371097954871,4.119943353067694,1.6580566469323064,4.530257804090259,1.2477421959097417
20170302,OIBR4,OI,3.48,3.55,3.41,3.49,9495039.0,3.272,2.9185000000000003,0.09333583956534314,0.41003783440193114,3.7385756688038625,2.098424331196138,4.148613503205794,1.6883864967942068,4.558651337607725,1.2783486623922757
20170303,OIBR4,OI,3.5,3.73,3.5,3.71,23474788.0,3.2954999999999997,2.9545000000000003,0.13480883150829043,0.4148274278200451,3.7841548556400904,2.1248451443599103,4.198982283460136,1.710017716539865,4.613809711280181,1.29519028871982
20170306,OIBR4,OI,3.8,4.17,3.79,4.15,36393195.0,3.341,3.0017500000000004,0.23294227882279553,0.440535149504234,3.8828202990084684,2.1206797009915324,4.323355448512702,1.6801445514872984,4.763890598016936,1.2396094019830644
20170307,OIBR4,OI,4.3,4.58,4.09,4.11,61784737.0,3.3810000000000002,3.048,0.28922582690238363,0.45745225335827555,3.9629045067165514,2.1330954932834487,4.420356760074826,1.6756432399251735,4.877809013433103,1.2181909865668978
20170308,OIBR4,OI,4.3,4.33,4.01,4.22,39077278.0,3.431,3.096,0.34161997969427216,0.47725604588452636,4.050512091769053,2.1414879082309475,4.527768137653579,1.664231862346421,5.005024183538105,1.1869758164618947
20170309,OIBR4,OI,4.28,4.82,4.15,4.8,44848113.0,3.5119999999999996,3.156,0.45290407953909734,0.5348941903515073,4.2257883807030145,2.0862116192969857,4.760682571054522,1.5513174289454783,5.295576761406029,1.0164232385939709
20170310,OIBR4,OI,4.92,5.27,4.75,4.78,72046558.0,3.5945,3.2150000000000007,0.524308818199832,0.579893889497831,4.374787778995663,2.0552122210043384,4.954681668493494,1.4753183315065077,5.5345755579913245,0.8954244420086765
20170313,OIBR4,OI,4.84,4.84,4.31,4.32,46153215.0,3.6535,3.2622500000000003,0.5367178519777204,0.5911808586991864,4.444611717398373,2.079888282601628,5.03579257609756,1.4887074239024414,5.626973434796746,0.8975265652032549
20170314,OIBR4,OI,4.25,4.45,3.95,4.31,44139857.0,3.7090000000000005,3.307,0.544686293103412,0.6012175680255556,4.509435136051112,2.1045648639488888,5.110652704076667,1.5033472959233332,5.711870272102223,0.9021297278977776
20170315,OIBR4,OI,4.33,4.5,4.14,4.3,25800807.0,3.7615000000000003,3.35075,0.5487044550095866,0.6083495431630289,4.567449086326058,2.134050913673942,5.175798629489087,1.5257013705109133,5.784148172652116,0.9173518273478845
20170316,OIBR4,OI,4.32,4.38,4.17,4.23,16006352.0,3.8135000000000003,3.3907499999999997,0.5409180792144517,0.6123321852787132,4.615414370557426,2.1660856294425734,5.22774655583614,1.5537534441638599,5.840078741114853,0.9414212588851467
20170317,OIBR4,OI,4.25,4.28,4.1,4.18,11470157.0,3.8585000000000007,3.4299999999999997,0.5315545721352549,0.6113205546297455,4.652641109259491,2.2073588907405086,5.263961663889236,1.596038336110763,5.875282218518982,0.9847177814810175
20170320,OIBR4,OI,4.13,4.22,4.02,4.04,9928818.0,3.897000000000001,3.4684999999999997,0.5142915413203715,0.599630441744468,4.667760883488936,2.2692391165110637,5.267391325233404,1.6696086747665957,5.867021766977872,1.0699782330221277
20170321,OIBR4,OI,4.05,4.05,3.77,3.78,15689074.0,3.921500000000001,3.501,0.4951690301513735,0.5795745566074012,4.6601491132148025,2.3418508867851973,5.239723669822204,1.7622763301777962,5.819298226429605,1.182701773570395
20170322,OIBR4,OI,3.64,3.72,3.48,3.59,19601730.0,3.937000000000001,3.5275,0.4786065299662291,0.5578656671315251,4.64323133426305,2.4117686657369495,5.201097001394575,1.8539029986054247,5.758962668526101,1.2960373314738995
20170323,OIBR4,OI,3.85,4.38,3.76,4.38,43808689.0,3.9930000000000008,3.57275,0.4604014266748201,0.5515804216417225,4.675910843283445,2.4695891567165553,5.227491264925168,1.9180087350748325,5.7790716865668905,1.36642831343311
20170324,OIBR4,OI,4.48,4.79,3.77,3.81,68383371.0,4.019,3.6042499999999995,0.4324459199532466,0.5271105926872233,4.658471185374446,2.550028814625553,5.185581778061669,2.0229182219383297,5.712692370748893,1.4958076292511064
20170327,OIBR4,OI,3.76,4.13,3.66,4.05,31317811.0,4.0555,3.6395000000000004,0.399927296024243,0.5077650880233727,4.655030176046746,2.6239698239532547,5.162795264070119,2.116204735929882,5.670560352093491,1.6084396479065095
20170328,OIBR4,OI,4.13,4.2,3.92,3.95,23979728.0,4.081000000000001,3.66025,0.3740377127059717,0.5029272644561359,4.666104528912272,2.654395471087728,5.169031793368408,2.151468206631592,5.671959057824544,1.6485409421754564
20170329,OIBR4,OI,4.03,4.08,3.98,4.08,14831523.0,4.114000000000001,3.68575,0.34023830657813514,0.4975420997520107,4.680834199504021,2.690665800495979,5.178376299256032,2.193123700743968,5.675918399008043,1.6955816009919573
20170330,OIBR4,OI,3.94,4.11,3.84,4.02,15878016.0,4.140500000000001,3.7062500000000007,0.30821173515005834,0.49389445306586455,4.69403890613173,2.718461093868272,5.1879333591975945,2.224566640802407,5.6818278122634585,1.7306721877365425
20170331,OIBR4,OI,3.94,4.02,3.87,3.92,19595670.0,4.151000000000002,3.72325,0.2961134206596114,0.4891142570098066,4.701478514019613,2.745021485980387,5.19059277102942,2.2559072289705804,5.679707028039227,1.7667929719607738
20170403,OIBR4,OI,4.0,4.01,3.89,3.91,5361094.0,4.139000000000001,3.7399999999999998,0.30097910401326994,0.48358172220554485,4.70716344441109,2.77283655558891,5.190745166616635,2.289254833383365,5.674326888822179,1.8056731111778204
20170404,OIBR4,OI,3.9,3.91,3.83,3.84,6619650.0,4.125500000000001,3.75325,0.30831417674013406,0.4787343757911074,4.710718751582215,2.7957812484177853,5.189453127373322,2.317046872626678,5.66818750316443,1.8383124968355704
20170405,OIBR4,OI,3.8,3.83,3.43,3.43,28074043.0,4.086000000000001,3.7585,0.3440991289240866,0.47386328224120605,4.706226564482412,2.810773435517588,5.180089846723618,2.3369101532763823,5.653953128964824,1.863046871035176
20170406,OIBR4,OI,3.51,3.7,3.43,3.46,16259891.0,4.019000000000001,3.7655000000000003,0.327830187107513,0.46711855410563835,4.699737108211277,2.8312628917887235,5.166855662316915,2.3641443376830855,5.633974216422554,1.897025783577447
20170407,OIBR4,OI,3.55,3.58,3.43,3.43,9715116.0,3.9515000000000016,3.7730000000000006,0.30075825228210984,0.45899108979676184,4.690982179593524,2.855017820406477,5.149973269390286,2.396026730609715,5.608964359187048,1.9370356408129532
20170410,OIBR4,OI,3.46,3.48,3.12,3.3,21128756.0,3.900500000000001,3.777000000000001,0.32079629542420635,0.45400327571392357,4.685006551427848,2.8689934485721538,5.139009827141772,2.4149901728582304,5.5930131028556955,1.9609868971443067
20170411,OIBR4,OI,3.34,3.53,3.25,3.51,20699330.0,3.860500000000001,3.784750000000001,0.31690069837660345,0.4464847744841389,4.677719548968279,2.8917804510317233,5.1242043234524175,2.4452956765475844,5.570689097936556,1.9988109020634455
20170412,OIBR4,OI,3.55,3.55,3.37,3.48,9096939.0,3.8195000000000014,3.7905000000000006,0.3100165530385351,0.4408671525004383,4.672234305000877,2.908765694999124,5.113101457501315,2.467898542498686,5.553968610001753,2.0270313899982475
20170413,OIBR4,OI,3.45,3.84,3.44,3.75,33764384.0,3.7955000000000014,3.804500000000001,0.29476975850028425,0.43006827126482655,4.664636542529654,2.944363457470348,5.094704813794481,2.514295186205521,5.524773085059307,2.084226914940695
20170417,OIBR4,OI,3.78,3.82,3.57,3.67,16906646.0,3.770000000000002,3.8142500000000004,0.28151843914555147,0.4222217639448687,4.658693527889738,2.969806472110263,5.080915291834606,2.5475847081653944,5.503137055779475,2.1253629442205257
20170418,OIBR4,OI,3.65,3.77,3.6,3.7,21023106.0,3.7530000000000014,3.825,0.2745350135851724,0.4133912283688493,4.651782456737699,2.9982175432623017,5.065173685106548,2.5848263148934523,5.478564913475397,2.1714350865246033
20170419,OIBR4,OI,3.75,3.83,3.7,3.75,14681069.0,3.7515000000000014,3.8365,0.2744616740572644,0.40442773751536043,4.645355475030721,3.027644524969279,5.049783212546082,2.6232167874539187,5.454210950061442,2.2187890499385583
20170420,OIBR4,OI,3.66,3.7,3.55,3.56,12098423.0,3.7500000000000013,3.8435,0.2754708887093445,0.3969017833684097,4.637303566736819,3.049696433263181,5.034205350105229,2.652794649894771,5.431107133473639,2.255892866526361
20170424,OIBR4,OI,3.58,3.62,3.54,3.57,9256500.0,3.709500000000001,3.8512500000000003,0.2344641146372551,0.388146070178316,4.627542140356632,3.0749578596433684,5.0156882105349485,2.686811789465052,5.403834280713264,2.2986657192867366
20170425,OIBR4,OI,3.61,3.61,3.46,3.49,5579640.0,3.693500000000001,3.8562500000000006,0.23813474734850687,0.38196984375531523,4.620189687510631,3.0923103124893703,5.002159531265947,2.7103404687340547,5.384129375021262,2.3283706249787395
20170426,OIBR4,OI,3.49,3.52,3.44,3.44,3520210.0,3.663000000000001,3.8592500000000007,0.22895874139931482,0.3781017872722369,4.615453574544475,3.103046425455527,4.9935553618167114,2.72494463818329,5.371657149088948,2.3468428509110533
20170427,OIBR4,OI,3.47,3.49,3.33,3.37,4093855.0,3.6340000000000012,3.857500000000001,0.22742031571519827,0.3802478948507932,4.617995789701587,3.0970042102984143,4.9982436845523806,2.716756315447621,5.378491579403174,2.336508420596828
20170428,OIBR4,OI,3.41,3.46,3.34,3.4,5215577.0,3.6000000000000014,3.8570000000000015,0.20716126441418709,0.3808505999564368,4.618701199912875,3.0952988000871278,4.999551799869312,2.714448200130691,5.380402399825749,2.3335976001742544
20170502,OIBR4,OI,3.55,3.57,3.4,3.4,8981177.0,3.5690000000000017,3.8547500000000015,0.18634715763299248,0.3833321348922159,4.621414269784434,3.0880857302155698,5.004746404676649,2.7047535953233535,5.388078539568865,2.3214214604311376
20170503,OIBR4,OI,3.42,3.43,3.36,3.4,5678548.0,3.543000000000002,3.8470000000000013,0.1703896463372938,0.38941902815242335,4.625838056304848,3.068161943695155,5.0152570844572715,2.678742915542731,5.404676112609694,2.289323887390308
20170504,OIBR4,OI,3.41,3.43,3.29,3.29,4697928.0,3.5120000000000027,3.825500000000001,0.15588794896200178,0.3959470956631718,4.617394191326344,3.033605808673657,5.013341286989516,2.6376587130104854,5.409288382652688,2.2417116173473133
20170505,OIBR4,OI,3.3,3.49,3.3,3.4,6912359.0,3.490000000000003,3.807750000000001,0.13707470110932687,0.3987704660771445,4.60529093215429,3.010209067845712,5.004061398231435,2.611438601768567,5.402831864308579,2.212668135691423
20170508,OIBR4,OI,3.4,3.44,3.32,3.35,3379579.0,3.486000000000002,3.7860000000000005,0.1400526216895137,0.399434215244126,4.584868430488252,2.9871315695117486,4.984302645732378,2.5876973542676227,5.383736860976504,2.188263139023497
20170509,OIBR4,OI,3.38,3.38,3.34,3.38,3324348.0,3.482000000000002,3.7505,0.1419636721507552,0.368941312823179,4.488382625646358,3.012617374353642,4.857323938469538,2.643676061530463,5.226265251292716,2.274734748707284
20170510,OIBR4,OI,3.46,3.47,3.32,3.34,8074971.0,3.477500000000002,3.7145,0.1450907157245924,0.3345640102029438,4.3836280204058875,3.0453719795941128,4.718192030608831,2.7108079693911686,5.052756040811776,2.376243959188225
20170511,OIBR4,OI,3.39,3.39,3.35,3.38,2340894.0,3.481500000000002,3.6910000000000003,0.140984321636731,0.32378213631216657,4.338564272624334,3.043435727375667,4.6623464089365,2.7196535910635005,4.9861285452486666,2.395871454751334
20170512,OIBR4,OI,3.41,3.56,3.35,3.43,8365615.0,3.477500000000002,3.6690000000000005,0.14126775621977303,0.3102587836315218,4.289517567263044,3.048482432736957,4.599776350894566,2.738223649105435,4.910035134526088,2.427964865473913
20170515,OIBR4,OI,3.45,3.49,3.43,3.46,2170062.0,3.4765000000000015,3.6480000000000006,0.1413199058500765,0.29448085567481813,4.236961711349637,3.059038288650364,4.531442567024455,2.764557432975546,4.825923422699273,2.470076577300728
20170516,OIBR4,OI,3.47,3.48,3.38,3.41,3827104.0,3.459500000000001,3.6275000000000004,0.1263443498413875,0.2811674380242616,4.189834876048524,3.065165123951477,4.471002314072785,2.7839976859272157,4.752169752097046,2.502830247902954
20170517,OIBR4,OI,3.4,3.41,3.36,3.39,2724857.0,3.4455000000000013,3.6077500000000002,0.11695590712113338,0.26883878974544145,4.1454275794908835,3.0700724205091174,4.414266369236325,2.801233630763676,4.683105158981766,2.5323948410182346
20170518,OIBR4,OI,3.16,3.16,2.93,2.98,10228773.0,3.4095000000000013,3.58125,0.14251408056011766,0.2772501184943427,4.135750236988685,3.0267497630113143,4.413000355483028,2.7494996445169715,4.690250473977371,2.4722495260226287
20170519,OIBR4,OI,3.13,3.39,3.12,3.3,6936016.0,3.3870000000000013,3.5692500000000003,0.11960901215825974,0.27881054591392246,4.126871091827845,3.0116289081721552,4.405681637741767,2.732818362258233,4.68449218365569,2.45400781634431
20170522,OIBR4,OI,3.26,3.34,3.13,3.26,9580497.0,3.372000000000001,3.561,0.1155125876029878,0.28303121147086524,4.12706242294173,2.9949375770582694,4.410093634412595,2.7119063655874043,4.693124845883461,2.4288751541165388
20170523,OIBR4,OI,3.27,3.4,3.27,3.4,5052701.0,3.363500000000002,3.5365,0.10604244433245169,0.25091167104514234,4.038323342090285,3.0346766579097153,4.2892350131354275,2.7837649868645733,4.54014668418057,2.532853315819431
20170524,OIBR4,OI,3.41,3.48,3.41,3.46,6852652.0,3.362000000000002,3.52775,0.10435768450761347,0.2472047578581193,4.022159515716239,3.0333404842837615,4.269364273574358,2.786135726425642,4.516569031432478,2.5389309685675228
20170525,OIBR4,OI,3.47,3.67,3.46,3.63,12270469.0,3.371500000000002,3.5172499999999998,0.1193965088090542,0.23296293861734718,3.983175877234694,3.0513241227653056,4.216138815852041,2.818361184147958,4.449101754469389,2.585398245530611
20170526,OIBR4,OI,3.63,3.8,3.62,3.63,8040611.0,3.3845000000000014,3.50925,0.13264416189268033,0.22300267331960716,3.9552553466392144,3.063244653360786,4.178258019958822,2.8402419800411787,4.401260693278429,2.6172393067215713
20170529,OIBR4,OI,3.66,3.7,3.56,3.56,3283315.0,3.392500000000001,3.49625,0.13833121959915812,0.20315066405919388,3.9025513281183875,3.0899486718816123,4.105701992177582,2.886798007822418,4.308852656236775,2.6836473437632242
20170530,OIBR4,OI,3.58,3.67,3.58,3.62,3182703.0,3.403500000000001,3.4862499999999996,0.1474083122700915,0.18581335410594618,3.857876708211892,3.1146232917881074,4.043690062317838,2.928809937682161,4.229503416423785,2.7429965835762147
20170531,OIBR4,OI,3.63,3.67,3.49,3.55,4058476.0,3.4110000000000005,3.4770000000000003,0.1509932030537204,0.17239192080539498,3.8217838416107903,3.1322161583892103,3.994175762416185,2.9598242375838155,4.16656768322158,2.7874323167784203
20170601,OIBR4,OI,3.56,3.64,3.44,3.47,2650846.0,3.4200000000000004,3.466,0.14874917071861163,0.15744433285678208,3.7808886657135643,3.151111334286436,3.9383329985703464,2.993667001429654,4.095777331427128,2.836222668572872
20170602,OIBR4,OI,3.49,3.55,3.37,3.46,4743268.0,3.4229999999999996,3.4565000000000006,0.148929513529055,0.14529457257761588,3.747089145155232,3.165910854844769,3.892383717732848,3.020616282267153,4.037678290310464,2.875321709689537
20170605,OIBR4,OI,3.46,3.49,3.38,3.45,2277533.0,3.428,3.457,0.1480256023374652,0.1452354410374155,3.747470882074831,3.166529117925169,3.8927063231122463,3.0212936768877534,4.037941764149662,2.876058235850338
20170606,OIBR4,OI,3.44,3.46,3.39,3.4,1536152.0,3.4290000000000007,3.4555,0.14775156958824648,0.14551323844964015,3.7465264768992803,3.1644735231007193,3.89203971534892,3.0189602846510795,4.03755295379856,2.873447046201439
20170607,OIBR4,OI,3.4,3.47,3.23,3.28,3409322.0,3.4260000000000006,3.4517499999999997,0.15024191019468683,0.14809711816998905,3.7479442363399778,3.1555557636600216,3.8960413545099666,3.0074586454900327,4.044138472679956,2.8593615273200435
20170608,OIBR4,OI,3.3,3.41,3.24,3.36,4843762.0,3.4250000000000007,3.4532499999999997,0.15063025487667311,0.146819049626854,3.7468880992537077,3.1596119007462917,3.8937071488805617,3.0127928511194377,4.040526198507416,2.8659738014925837
20170609,OIBR4,OI,3.37,3.45,3.35,3.35,2554698.0,3.4210000000000003,3.44925,0.1515498875652952,0.14741164237498883,3.7440732847499776,3.1544267152500227,3.8914849271249667,3.0070150728750336,4.038896569499956,2.859603430500045
20170612,OIBR4,OI,3.37,3.37,3.28,3.29,2524422.0,3.4125000000000005,3.4445,0.1539950443495229,0.14944255392315878,3.7433851078463176,3.1456148921536826,3.8928276617694766,2.9961723382305236,4.042270215692636,2.846729784307365
20170613,OIBR4,OI,3.28,3.34,3.25,3.3,2306558.0,3.407000000000001,3.43325,0.1560398059875511,0.14263792245779605,3.7185258449155922,3.147974155084408,3.8611637673733883,3.005336232626612,4.003801689831184,2.862698310168816
20170614,OIBR4,OI,3.31,3.45,3.26,3.45,7202620.0,3.410000000000001,3.4277500000000005,0.15627236682017698,0.13742107291842331,3.702592145836847,3.152907854163154,3.8400132187552707,3.0154867812447304,3.977434291673694,2.8780657083263073
20170616,OIBR4,OI,3.45,3.53,3.41,3.44,2976827.0,3.4330000000000007,3.4212500000000006,0.11907980517283762,0.13017123830574337,3.6815924766114874,3.1609075233885138,3.8117637149172308,3.0307362850827704,3.941934953222974,2.900565046777027
20170619,OIBR4,OI,3.43,3.53,3.38,3.4,3747220.0,3.438000000000001,3.4125000000000005,0.1152388823271076,0.11877040985198972,3.65004081970398,3.174959180296021,3.7688112295559697,3.0561887704440314,3.8875816394079594,2.9374183605920416
20170620,OIBR4,OI,3.45,3.45,3.15,3.27,6855488.0,3.4385000000000003,3.405250000000001,0.11444488445950005,0.11838631894277261,3.642022637885546,3.168477362114456,3.7604089568283188,3.0500910431716832,3.8787952757710915,2.9317047242289105
20170621,OIBR4,OI,3.26,3.32,3.23,3.27,2378320.0,3.432,3.397750000000001,0.12028912537803024,0.1171780915026547,3.6321061830053107,3.1633938169946916,3.749284274507965,3.0462157254920372,3.86646236601062,2.9290376339893824
20170622,OIBR4,OI,3.29,3.43,3.24,3.36,4023618.0,3.4270000000000005,3.3945000000000016,0.12113932822211877,0.11635379292573374,3.627207585851469,3.1617924141485343,3.743561378777203,3.0454386212228,3.8599151717029367,2.9290848282970665
20170623,OIBR4,OI,3.38,3.47,3.35,3.39,6046980.0,3.4150000000000005,3.393250000000001,0.11147338601421722,0.11612079254611495,3.625491585092231,3.161008414907771,3.741612377638346,3.044887622361656,3.857733170184461,2.928766829815541
20170626,OIBR4,OI,3.39,3.45,3.36,3.38,4182823.0,3.4025000000000007,3.393500000000001,0.0994656777618923,0.11608021099487538,3.6256604219897515,3.1613395780102502,3.741740632984627,3.0452593670153747,3.8578208439795025,2.929179156020499
20170627,OIBR4,OI,3.36,3.4,3.3,3.32,2494350.0,3.3905000000000003,3.3915000000000006,0.093778855208472,0.11665311276579003,3.6248062255315805,3.1581937744684208,3.741459338297371,3.0415406617026304,3.858112451063161,2.9248875489368404
20170628,OIBR4,OI,3.33,3.37,3.27,3.34,2566890.0,3.3765,3.3900000000000006,0.07713794888312622,0.11692645069356326,3.623852901387127,3.156147098612874,3.7407793520806902,3.039220647919311,3.8577058027742535,2.9222941972257477
20170629,OIBR4,OI,3.4,3.48,3.34,3.41,4578694.0,3.3695,3.3902500000000004,0.0661318459793211,0.11695906581758632,3.624168131635173,3.156331868364828,3.7411271974527596,3.0393728025472413,3.8580862632703457,2.922413736729655
20170630,OIBR4,OI,3.42,3.44,3.38,3.42,2564121.0,3.367,3.3935000000000004,0.06300375928634414,0.11590336381481406,3.6253067276296287,3.161693272370372,3.741210091444443,3.045789908555558,3.8571134552592565,2.9298865447407443
20170703,OIBR4,OI,3.42,3.45,3.39,3.4,3348932.0,3.3640000000000008,3.3935000000000004,0.059683375098589814,0.11590336381481406,3.6253067276296287,3.161693272370372,3.741210091444443,3.045789908555558,3.8571134552592565,2.9298865447407443
20170704,OIBR4,OI,3.4,3.44,3.37,3.39,3800904.0,3.3610000000000007,3.3945,0.056559237693078315,0.11569079036102389,3.6258815807220475,3.1631184192779522,3.7415723710830715,3.047427628916928,3.8572631614440955,2.931736838555904
20170705,OIBR4,OI,3.39,3.41,3.34,3.35,3795398.0,3.3585000000000003,3.39375,0.05584518072786049,0.11588428136147745,3.625518562722955,3.1619814372770447,3.741402844084432,3.0460971559155676,3.8572871254459096,2.93021287455409
20170706,OIBR4,OI,3.37,3.41,3.34,3.36,3320074.0,3.3625,3.3942500000000004,0.052703240687347164,0.11568940513952808,3.6256288102790566,3.1628711897209443,3.741318215418585,3.047181784581416,3.8570076205581127,2.931492379441888
20170707,OIBR4,OI,3.38,3.4,3.31,3.31,3532319.0,3.3600000000000003,3.3925000000000005,0.05399805064708626,0.11643750387092516,3.6253750077418507,3.1596249922581503,3.741812511612776,3.043187488387225,3.8582500154837014,2.9267499845162996
20170710,OIBR4,OI,3.31,3.33,3.27,3.31,3298643.0,3.3580000000000005,3.3895000000000004,0.055117100221648,0.1169911239236656,3.6234822478473316,3.155517752152669,3.7404733717709973,3.0385266282290035,3.857464495694663,2.921535504305338
20170711,OIBR4,OI,3.31,3.32,3.27,3.3,2270850.0,3.3585000000000003,3.3855000000000004,0.05450977700811818,0.11725383379003415,3.6200076675800688,3.150992332419932,3.737261501370103,3.033738498629898,3.854515335160137,2.9164846648398637
20170712,OIBR4,OI,3.3,3.67,3.29,3.65,19718754.0,3.3760000000000003,3.3915000000000006,0.08331297997059031,0.12445882853377419,3.640417657067549,3.142582342932452,3.7648764856013233,3.018123514398678,3.8893353141350975,2.8936646858649038
20170713,OIBR4,OI,3.7,3.79,3.47,3.47,27161475.0,3.3770000000000002,3.393500000000001,0.08436137804270502,0.12507536189771973,3.6436507237954405,3.143349276204561,3.76872608569316,3.0182739143068416,3.8938014475908798,2.893198552409122
20170714,OIBR4,OI,3.5,3.58,3.42,3.46,5159133.0,3.378,3.4055000000000013,0.08526120855472058,0.10594991559875835,3.617399831197518,3.1936001688024844,3.723349746796276,3.0876502532037264,3.8292996623950346,2.981700337604968
20170717,OIBR4,OI,3.46,3.51,3.39,3.43,3339044.0,3.3795,3.4087500000000013,0.08592989798912881,0.10461620946130039,3.617982418922602,3.1995175810774006,3.7225986283839023,3.0949013716161002,3.8272148378452027,2.9902851621548
20170718,OIBR4,OI,3.43,3.46,3.33,3.35,5808724.0,3.3835,3.4110000000000014,0.08235194050697396,0.10227664846147537,3.6155532969229522,3.2064467030770505,3.7178299453844277,3.104170054615575,3.8201065938459027,3.0018934061541
20170719,OIBR4,OI,3.36,3.41,3.31,3.34,5190119.0,3.3870000000000005,3.4095000000000013,0.07867989778711262,0.10288031383291153,3.6152606276658243,3.2037393723341783,3.718140941498736,3.1008590585012668,3.8210212553316474,2.9979787446683552
20170720,OIBR4,OI,3.45,3.48,3.34,3.34,14855090.0,3.3860000000000006,3.406500000000001,0.07916671283471134,0.10311929859919114,3.6127385971983834,3.200261402801619,3.7158578957975745,3.097142104202428,3.8189771943967656,2.9940228056032367
20170721,OIBR4,OI,3.37,3.4,3.33,3.33,3988409.0,3.3830000000000005,3.399000000000002,0.08013803880279899,0.09718604943677675,3.593372098873555,3.2046279011264485,3.6905581483103322,3.1074418516896714,3.787744197747109,3.0102558022528947
20170724,OIBR4,OI,3.35,3.37,3.32,3.33,1693672.0,3.3805000000000005,3.391500000000002,0.08101169506215215,0.0902290532549326,3.571958106509867,3.211041893490137,3.6621871597648,3.120812840235204,3.7524162130197323,3.0305837869802716
20170725,OIBR4,OI,3.33,3.37,3.33,3.35,2050247.0,3.3820000000000006,3.3862500000000018,0.0801051939967951,0.08619261375933604,3.558635227518674,3.2138647724813296,3.6448278412780097,3.127672158721994,3.731020455037346,3.0414795449626575
20170726,OIBR4,OI,3.36,3.37,3.3,3.33,2600488.0,3.3815000000000004,3.3790000000000022,0.08041176923547924,0.07781635185090623,3.534632703701815,3.2233672962981896,3.612449055552721,3.1455509444472836,3.690265407403627,3.0677345925963775
20170727,OIBR4,OI,3.35,3.35,3.3,3.3,1404983.0,3.3760000000000003,3.372750000000002,0.0821039136191447,0.07365851561819822,3.5200670312363984,3.225432968763606,3.5937255468545968,3.1517744531454075,3.667384062472795,3.078115937527209
20170728,OIBR4,OI,3.31,3.33,3.29,3.33,1888851.0,3.3715,3.3692500000000023,0.08203176534926467,0.07223137680309873,3.5137127536061996,3.224787246393805,3.5859441304092985,3.152555869590706,3.6581755072123974,3.0803244927876072
20170731,OIBR4,OI,3.34,3.44,3.32,3.41,6799381.0,3.372,3.368000000000002,0.0822448206656007,0.07104350418707485,3.510087008374152,3.225912991625852,3.5811305125612267,3.1548694874387775,3.6521740167483014,3.0838259832517028
20170801,OIBR4,OI,3.42,3.47,3.32,3.35,7822573.0,3.3699999999999997,3.365500000000002,0.08227041419995776,0.06983313444680901,3.5051662688936203,3.225833731106384,3.574999403340429,3.156000596659575,3.6448325377872384,3.086167462212766
20170802,OIBR4,OI,3.36,3.37,3.32,3.34,1719390.0,3.3695,3.364000000000002,0.0824285974902616,0.06971737818157148,3.503434756363145,3.2245652436368593,3.5731521345447166,3.1548478654552876,3.6428695127262882,3.085130487273716
20170803,OIBR4,OI,3.35,3.4,3.33,3.35,3584809.0,3.3689999999999998,3.365750000000002,0.08251953516720485,0.06842130047707216,3.5025926009541464,3.2289073990458577,3.5710139014312183,3.1604860985687857,3.6394352019082907,3.0920647980917133
20170804,OIBR4,OI,3.35,3.41,3.34,3.35,3446716.0,3.3709999999999996,3.3655000000000017,0.08149265385039305,0.06846110630805285,3.5024222126161075,3.228577787383896,3.57088331892416,3.160116681075843,3.6393444252322134,3.09165557476779
20170807,OIBR4,OI,3.37,3.38,3.35,3.37,1388167.0,3.3739999999999997,3.366000000000002,0.08022337236544753,0.0684180213176695,3.502836042635341,3.229163957364663,3.5712540639530106,3.160745936046993,3.63967208527068,3.092327914729324
20170808,OIBR4,OI,3.37,3.38,3.33,3.33,2768504.0,3.3754999999999997,3.367000000000002,0.07903863146056449,0.06756573247680839,3.502131464953619,3.2318685350463854,3.5696971974304272,3.164302802569577,3.637262929907236,3.0967370700927686
20170809,OIBR4,OI,3.34,3.36,3.33,3.35,2298500.0,3.360499999999999,3.368250000000002,0.045592589425556405,0.06675202868327498,3.501754057366552,3.234745942633452,3.568506086049827,3.167993913950177,3.635258114733102,3.101241885266902
20170810,OIBR4,OI,3.16,3.23,3.06,3.16,10460208.0,3.344999999999999,3.361000000000002,0.05753717333855119,0.07309284576867653,3.507185691537355,3.214814308462649,3.5802785373060315,3.1417214626939725,3.653371383074708,3.068628616925296
20170811,OIBR4,OI,3.18,3.24,3.17,3.2,2409190.0,3.3319999999999994,3.3550000000000018,0.059524431074457464,0.07622503794853659,3.507450075897075,3.2025499241029287,3.5836751138456115,3.126324886154392,3.6599001517941483,3.0500998482058552
20170814,OIBR4,OI,3.19,3.29,3.19,3.24,2825647.0,3.322499999999999,3.3510000000000018,0.05820788515946818,0.07798093126543876,3.506961862530879,3.1950381374691244,3.584942793796318,3.1170572062036856,3.6629237250617566,3.039076274938247
20170815,OIBR4,OI,3.25,3.62,3.23,3.47,25923391.0,3.328499999999999,3.3560000000000016,0.0667497289566818,0.079058563168425,3.514117126336852,3.1978828736631515,3.5931756895052764,3.118824310494727,3.6722342526737015,3.039765747326302
20170816,OIBR4,OI,3.45,3.56,3.4,3.4,14081706.0,3.3314999999999992,3.3592500000000016,0.06861601777091014,0.0780988033001947,3.5154476066003912,3.203052393399612,3.593546409900586,3.1249535900994174,3.6716452132007804,3.046854786799223
20170817,OIBR4,OI,3.37,3.43,3.35,3.35,2153541.0,3.3319999999999985,3.359000000000001,0.06871757608617252,0.0781123451289096,3.51522469025782,3.2027753097421816,3.5933370353867295,3.124662964613272,3.6714493805156394,3.0465506194843623
20170818,OIBR4,OI,3.38,3.38,3.33,3.36,1319231.0,3.3334999999999986,3.3582500000000017,0.06899847443012944,0.07795092144321054,3.514151842886423,3.2023481571135806,3.5921027643296335,3.12439723567037,3.670053685772844,3.0464463142271594
20170821,OIBR4,OI,3.36,3.41,3.32,3.34,3145692.0,3.3339999999999987,3.357250000000002,0.06900800868854941,0.07792131139316252,3.513092622786327,3.201407377213677,3.5910139341794896,3.123486065820514,3.668935245572652,3.045564754427352
20170822,OIBR4,OI,3.32,3.39,3.32,3.35,2348513.0,3.3339999999999987,3.358000000000002,0.06900800868854941,0.07769763881175866,3.5133952776235193,3.2026047223764844,3.5910929164352776,3.124907083564726,3.6687905552470363,3.0472094447529674
20170823,OIBR4,OI,3.35,3.36,3.32,3.36,2371623.0,3.335499999999999,3.358500000000002,0.06924213806788133,0.07764316800891734,3.5137863360178367,3.2032136639821673,3.591429504026754,3.12557049597325,3.6690726720356714,3.0479273279643326
20170824,OIBR4,OI,3.4,3.54,3.4,3.5,22105923.0,3.345499999999999,3.360750000000002,0.0777631356309589,0.08042794194900967,3.5216058838980215,3.1998941161019827,3.6020338258470312,3.119466174152973,3.682461767796041,3.0390382322039633
20170825,OIBR4,OI,3.52,3.6,3.47,3.51,9814232.0,3.3544999999999994,3.363000000000002,0.08586862670750349,0.0833343589680439,3.52966871793609,3.1963312820639143,3.6130030769041337,3.1129969230958707,3.6963374358721777,3.0296625641278268
20170828,OIBR4,OI,3.53,3.58,3.5,3.51,3421696.0,3.3594999999999997,3.365750000000002,0.09196538250313739,0.08634716748876445,3.5384443349775307,3.1930556650224733,3.6247915024662953,3.1067084975337087,3.71113866995506,3.020361330044944
20170829,OIBR4,OI,3.53,3.54,3.46,3.53,2823231.0,3.3685,3.3692500000000023,0.09948684123515218,0.09011068692133742,3.5494713738426773,3.1890286261573273,3.6395820607640146,3.09891793923599,3.729692747685352,3.0088072523146527
20170830,OIBR4,OI,3.56,3.76,3.56,3.72,14889026.0,3.3875,3.3785000000000025,0.1264026565343797,0.10572218067737188,3.589944361354746,3.167055638645259,3.695666542032118,3.061333457967887,3.80138872270949,2.955611277290515
20170831,OIBR4,OI,3.74,3.78,3.58,3.7,16851487.0,3.4050000000000002,3.387000000000002,0.14394809005881234,0.11723743167015706,3.6214748633403158,3.152525136659688,3.738712295010473,3.0352877049895306,3.85594972668063,2.9180502733193734
20170901,OIBR4,OI,3.64,3.7,3.56,3.56,8624237.0,3.4155000000000006,3.393250000000002,0.14734402993638981,0.1196659345738596,3.632581869147721,3.153918130852283,3.7522478037215805,3.0342521962784232,3.87191373829544,2.9145862617045637
20170904,OIBR4,OI,3.5,3.57,3.48,3.52,3832979.0,3.4230000000000005,3.398500000000002,0.14871732281501085,0.12052343106590009,3.639546862131802,3.157453137868202,3.7600702931977024,3.036929706802302,3.8805937242636026,2.9164062757364015
20170905,OIBR4,OI,3.52,3.56,3.49,3.5,4408707.0,3.4315000000000007,3.403500000000002,0.1479784834999614,0.12048087410722227,3.6444617482144466,3.1625382517855574,3.764942622321669,3.042057377678335,3.885423496428891,2.9215765035711128
20170906,OIBR4,OI,3.5,3.58,3.5,3.55,3496739.0,3.4415000000000004,3.401000000000002,0.1489356978875922,0.11619612068196504,3.633392241363932,3.168607758636072,3.749588362045897,3.052411637954107,3.8657844827278622,2.936215517272142
20170908,OIBR4,OI,3.55,3.67,3.53,3.61,10534677.0,3.464000000000001,3.4045000000000023,0.13774117604749983,0.12036163457232701,3.6452232691446564,3.163776730855348,3.7655849037169835,3.043415096283021,3.8859465382893106,2.923053461710694
20170911,OIBR4,OI,3.65,3.7,3.25,3.55,15055784.0,3.4815000000000005,3.4067500000000024,0.12398111061558797,0.12225210396175692,3.6512542079235164,3.1622457920764884,3.7735063118852734,3.0399936881147314,3.89575841584703,2.917741584152975
20170912,OIBR4,OI,3.55,3.58,3.5,3.52,3455339.0,3.4955000000000007,3.4090000000000025,0.11033322732809268,0.12351269009856397,3.6560253801971303,3.1619746198028746,3.779538070295694,3.0384619297043107,3.903050760394258,2.914949239605747
20170913,OIBR4,OI,3.56,3.59,3.48,3.55,5886760.0,3.4995000000000003,3.414000000000003,0.11080922439277027,0.12510098484926357,3.6642019696985297,3.163798030301476,3.7893029545477934,3.038697045452212,3.914403939397057,2.9135960606029485
20170914,OIBR4,OI,3.52,3.56,3.51,3.54,2486147.0,3.5065000000000004,3.4190000000000027,0.10859267204122769,0.12606062847408503,3.671121256948173,3.1668787430518326,3.797181885422258,3.0408181145777475,3.923242513896343,2.9147574861036625
20170915,OIBR4,OI,3.54,3.63,3.54,3.6,3827092.0,3.5190000000000006,3.425500000000002,0.10391798385468254,0.12856106999378916,3.6826221399875805,3.168377860012424,3.81118320998137,3.0398167900186346,3.9397442799751587,2.9112557200248457
20170918,OIBR4,OI,3.67,3.74,3.54,3.55,10479442.0,3.5285,3.4310000000000023,0.09707701771491573,0.12907560892946449,3.689151217858931,3.1728487821410734,3.8182268267883956,3.043773173211609,3.94730243571786,2.9146975642821444
20170919,OIBR4,OI,3.58,3.63,3.52,3.55,5246890.0,3.539,3.4365000000000023,0.08638347795243542,0.12934846593997493,3.695196931879952,3.1778030681200526,3.824545397819927,3.048454602180078,3.953893863759902,2.9191061362401025
20170920,OIBR4,OI,3.58,3.6,3.52,3.52,1458279.0,3.5475000000000003,3.4407500000000026,0.07433034373659933,0.12922624763151747,3.6992024952630373,3.182297504736968,3.828428742894555,3.0530712571054504,3.9576549905260725,2.9238450094739328
20170921,OIBR4,OI,3.55,3.58,3.45,3.52,5849605.0,3.5555,3.4455000000000027,0.060391268103583494,0.1285411238196543,3.7025822476393113,3.188417752360694,3.8311233714589656,3.0598766285410397,3.95966449527862,2.9313355047213854
20170922,OIBR4,OI,3.54,3.64,3.49,3.61,11024634.0,3.561,3.453250000000003,0.06007889549759987,0.1288884928523208,3.7110269857046445,3.195473014295361,3.839915478556965,3.0665845214430405,3.9688039714092858,2.93769602859072
20170925,OIBR4,OI,3.66,3.79,3.45,3.48,19658262.0,3.5595,3.457000000000002,0.06176994670380148,0.12738393409950022,3.7117678681990025,3.2022321318010016,3.8391518022985025,3.0748481977015016,3.966535736398003,2.947464263602001
20170926,OIBR4,OI,3.5,3.58,3.48,3.55,4339582.0,3.5614999999999997,3.4605000000000024,0.06072153870875551,0.12798136883636582,3.716462737672734,3.2045372623272708,3.8444441065091,3.0765558934909047,3.9724254753454655,2.948574524654539
20170927,OIBR4,OI,3.63,3.68,3.49,3.56,18268633.0,3.5629999999999997,3.4657500000000026,0.06027131638639032,0.12763906443260187,3.721028128865206,3.210471871134799,3.8486671932978083,3.082832806702197,3.97630625773041,2.955193742269595
20170928,OIBR4,OI,3.49,3.63,3.46,3.58,10065610.0,3.5559999999999996,3.471750000000003,0.04794733953434815,0.12721650231608148,3.7261830046321656,3.21731699536784,3.8533995069482474,3.090100493051758,3.980616009264329,2.9628839907356768
20170929,OIBR4,OI,3.57,3.62,3.53,3.58,8706209.0,3.5499999999999994,3.4775000000000036,0.03464101615139219,0.12676952638750336,3.73103905277501,3.223960947224997,3.857808579162514,3.0971914208374933,3.984578105550017,2.97042189444999
20171002,OIBR4,OI,3.58,3.61,3.5,3.53,3946542.0,3.5484999999999993,3.4820000000000038,0.034834193727321966,0.1253139646790764,3.7326279293581566,3.231372070641851,3.857941894037233,3.1060581059627745,3.9832558587163094,2.980744141283698
20171003,OIBR4,OI,3.56,3.57,3.49,3.49,5512328.0,3.5469999999999993,3.485000000000004,0.03672085310327902,0.12399338278455843,3.732986765569121,3.237013234430887,3.856980148353679,3.1130198516463286,3.9809735311382375,2.9890264688617703
20171004,OIBR4,OI,3.52,3.57,3.49,3.55,3754408.0,3.549499999999999,3.4905000000000035,0.035015034364969014,0.1218016462353447,3.7341032924706927,3.2468967075293143,3.8559049387060376,3.1250950612939694,3.9777065849413824,3.0032934150586246
20171005,OIBR4,OI,3.5,3.57,3.49,3.53,4187460.0,3.5484999999999993,3.4950000000000037,0.03528455752876907,0.11978613420891819,3.73457226841784,3.2554277315821674,3.854358402626758,3.135641597373249,3.9741445368356763,3.015855463164331
20171006,OIBR4,OI,3.57,3.6,3.55,3.6,4367665.0,3.547999999999999,3.506000000000004,0.03442765106561516,0.10784128889132659,3.7216825777826568,3.290317422217351,3.8295238666739837,3.182476133326024,3.93736515556531,3.0746348444346974
20171009,OIBR4,OI,3.6,3.65,3.57,3.59,3998796.0,3.5499999999999994,3.515750000000004,0.035688712648781956,0.09649996678622497,3.708749933572454,3.322750066427554,3.805249900358679,3.2262500996413292,3.901749867144904,3.1297501328551043
20171010,OIBR4,OI,3.67,3.78,3.64,3.74,7555969.0,3.560999999999999,3.5282500000000043,0.05476264573979294,0.09215058746003547,3.7125511749200752,3.3439488250799334,3.8047017623801107,3.251798237619898,3.896852349840146,3.1596476501598625
20171011,OIBR4,OI,3.8,4.11,3.79,4.04,22811235.0,3.5854999999999997,3.542500000000004,0.1201523156138466,0.12211281039079099,3.786725620781586,3.298274379218422,3.908838431172377,3.176161568827631,4.030951241563168,3.05404875843684
20171013,OIBR4,OI,4.21,5.07,4.2,5.0,64292353.0,3.658499999999999,3.582500000000004,0.3376743214525231,0.25926671743443924,4.101033434868882,3.0639665651311256,4.360300152303322,2.8046998476966865,4.619566869737761,2.5454331302622473
20171016,OIBR4,OI,4.6,5.57,4.51,5.1,68938989.0,3.7334999999999994,3.6262500000000037,0.4661406496575455,0.35059427570033785,4.32743855140068,2.925061448599328,4.678032827101017,2.57446717289899,5.028627102801355,2.2238728971986523
20171017,OIBR4,OI,5.35,5.4,4.9,5.03,62371691.0,3.8074999999999997,3.6680000000000037,0.5460949888454442,0.41211275529510266,4.492225510590209,2.8437744894097983,4.904338265885311,2.4316617341146958,5.316451021180415,2.019548978819593
20171018,OIBR4,OI,5.14,5.23,4.72,4.77,41701252.0,3.8684999999999996,3.703750000000004,0.5827274798647084,0.4437410165215602,4.591232033043124,2.8162679669568833,5.034973049564685,2.372526950435323,5.478714066086245,1.928785933913763
20171019,OIBR4,OI,4.74,4.85,4.33,4.35,31040415.0,3.9099999999999993,3.728750000000004,0.5861470984766809,0.4514034382928001,4.631556876585604,2.8259431234144037,5.082960314878404,2.3745396851216034,5.534363753171204,1.9231362468288034
20171020,OIBR4,OI,4.35,4.44,4.21,4.24,25598852.0,3.9459999999999993,3.7507500000000036,0.583035613248273,0.45440514792587466,4.659560295851753,2.8419397041482544,5.113965443777627,2.3875345562223798,5.568370591703502,1.933129408296505
20171023,OIBR4,OI,4.08,4.18,3.91,3.93,33573711.0,3.9619999999999997,3.761500000000004,0.5776959681172681,0.4534061970101169,4.668312394020238,2.85468760597977,5.121718591030355,2.401281408969653,5.575124788040472,1.9478752119595362
20171024,OIBR4,OI,3.93,4.02,3.82,3.88,22316651.0,3.9819999999999993,3.770750000000004,0.5669549318392444,0.4519155100293922,4.674581020058788,2.86691897994122,5.126496530088181,2.4150034699118272,5.5784120401175725,1.9630879598824353
20171025,OIBR4,OI,3.95,4.13,3.85,3.99,20625128.0,4.004,3.7827500000000045,0.5577718831961779,0.45118639902668173,4.685122798053368,2.880377201946641,5.13630919708005,2.429190802919959,5.587495596106732,1.9780044038932776
20171026,OIBR4,OI,4.05,4.09,3.83,3.89,15519991.0,4.020499999999999,3.791750000000004,0.5487543309983748,0.4496031726094803,4.690956345218964,2.8925436547810435,5.140559517828445,2.4429404821715632,5.590162690437925,1.9933373095620828
20171027,OIBR4,OI,3.92,3.97,3.83,3.96,9552730.0,4.0394999999999985,3.797750000000004,0.5391950628385555,0.4502220961896842,4.698194192379373,2.897305807620636,5.148416288569057,2.4470837114309516,5.598638384758741,1.9968616152412675
20171030,OIBR4,OI,3.99,4.08,3.74,3.82,15182735.0,4.051499999999999,3.8007500000000043,0.5310394474394932,0.4499537725543533,4.700657545108711,2.900842454891298,5.150611317663064,2.4508886823369442,5.600565090217417,2.000934909782591
20171031,OIBR4,OI,3.87,3.87,3.75,3.82,7614029.0,4.065999999999998,3.8072500000000042,0.5198927014804416,0.4482615279453443,4.703773055890693,2.9107269441093155,5.152034583836037,2.4624654161639716,5.600296111781382,2.014203888218627
20171101,OIBR4,OI,3.94,4.62,3.89,4.35,80971974.0,4.108999999999998,3.828000000000004,0.5050992606982262,0.45379991072537257,4.735599821450749,2.920400178549259,5.189399732176121,2.4666002678238863,5.643199642901494,2.012800357098514
20171103,OIBR4,OI,4.52,4.61,4.1,4.42,46618180.0,4.152499999999998,3.8510000000000035,0.4917088890582996,0.4600211812291736,4.771042362458351,2.930957637541656,5.231063543687524,2.470936456312483,5.691084724916698,2.010915275083309
20171106,OIBR4,OI,4.33,4.48,4.14,4.14,26314518.0,4.182999999999998,3.865750000000003,0.46948011560381153,0.4595811219929563,4.784912243985915,2.9465877560140905,5.244493365978872,2.487006634021134,5.704074487971829,2.0274255120281777
20171107,OIBR4,OI,4.15,4.17,3.92,3.96,17526104.0,4.200999999999999,3.8745000000000025,0.45254717695332153,0.4579158471563525,4.790331694312707,2.9586683056872976,5.24824754146906,2.500752458530945,5.706163388625413,2.0428366113745926
20171108,OIBR4,OI,4.02,4.52,3.97,4.32,54111829.0,4.237499999999999,3.893750000000002,0.42952697360309217,0.4601041548751001,4.813958309750202,2.9735416902498017,5.2740624646253025,2.5134375353747016,5.734166619500402,2.053333380499602
20171109,OIBR4,OI,4.22,4.26,3.97,4.05,31123211.0,4.252999999999998,3.9070000000000022,0.41600986830400505,0.45668369797924324,4.820367395958488,2.9936326040415158,5.277051093937732,2.5369489060622725,5.733734791916975,2.0802652080830293
20171110,OIBR4,OI,4.0,4.25,3.91,4.11,15513940.0,4.256499999999998,3.921000000000002,0.41441493317942235,0.4540349020809841,4.82906980416197,3.0129301958380337,5.283104706242955,2.5588952937570495,5.737139608323939,2.1048603916760653
20171113,OIBR4,OI,4.05,4.22,4.01,4.03,14693850.0,4.207999999999998,3.9332500000000024,0.3779807848081837,0.45008482106581055,4.833419642131624,3.033080357868381,5.283504463197434,2.5829955368025708,5.733589284263244,2.1329107157367604
20171114,OIBR4,OI,4.15,4.21,3.86,3.86,21328324.0,4.145999999999999,3.9397500000000027,0.3214342856634932,0.44701567402106757,4.833781348042137,3.0457186519578676,5.280797022063205,2.5987029779368003,5.727812696084273,2.1516873039157325
20171116,OIBR4,OI,3.93,3.99,3.88,3.89,9480539.0,4.088999999999999,3.9482500000000025,0.24943937139112618,0.4426255435408899,4.833501087081782,3.0629989129182227,5.276126630622672,2.620373369377333,5.718752174163562,2.177747825836443
20171117,OIBR4,OI,3.89,3.96,3.82,3.96,9255445.0,4.048499999999999,3.958500000000002,0.19225189068949225,0.43788858201191616,4.834277164023835,3.0827228359761696,5.272165746035751,2.6448342539642535,5.710054328047667,2.2069456719523375
20171121,OIBR4,OI,4.01,4.13,3.93,3.99,9909568.0,4.030499999999998,3.9702500000000023,0.17892883030911974,0.4320878798316752,4.834425759663352,3.106074240336652,5.266513639495027,2.6739863605049767,5.698601519326703,2.2418984806733016
20171122,OIBR4,OI,4.04,4.12,3.99,4.06,9166266.0,4.021499999999999,3.983750000000002,0.17223835993058934,0.4260533703175819,4.835856740635165,3.131643259364838,5.261910110952748,2.705589889047256,5.687963481270329,2.2795365187296746
20171123,OIBR4,OI,4.09,4.1,4.03,4.1,5381531.0,4.0299999999999985,3.9960000000000013,0.17167901505579128,0.4220572327212316,4.840114465442465,3.1518855345575383,5.262171698163696,2.7298283018363065,5.684228930884927,2.3077710691150752
20171124,OIBR4,OI,4.1,4.14,3.98,4.0,7050843.0,4.035999999999999,4.009000000000002,0.16822290976089238,0.41368140844411144,4.836362816888225,3.1816371831117793,5.250044225332337,2.7679557746676675,5.663725633776448,2.3542743662235566
20171127,OIBR4,OI,3.96,3.97,3.82,3.91,7619723.0,4.031999999999998,4.018000000000002,0.17031240644613646,0.4073063485123421,4.832612697024686,3.2033873029753175,5.239919045537028,2.796080954462975,5.64722539404937,2.3887746059506334
20171128,OIBR4,OI,3.87,4.04,3.84,3.9,7939420.0,4.032499999999999,4.026500000000001,0.1698877338281474,0.40100226995968047,4.828504539919362,3.2244954600806404,5.229506809879043,2.82349319012096,5.630509079838723,2.4224909201612794
20171129,OIBR4,OI,3.93,4.0,3.89,3.93,4184109.0,4.031,4.035250000000001,0.1706920896634771,0.39477996143258565,4.824809922865173,3.24569007713483,5.219589884297758,2.8509101157022445,5.614369845730344,2.4561301542696587
20171130,OIBR4,OI,3.95,3.96,3.84,3.88,5325019.0,4.034,4.042750000000001,0.16728167232167768,0.3887124538715831,4.820174907743167,3.2653250922568344,5.2088873616147495,2.8766126383852515,5.597599815486333,2.487900184513668
20171201,OIBR4,OI,3.89,3.95,3.83,3.91,7120927.0,4.0385,4.052250000000001,0.16236006120251528,0.3804146691609253,4.8130793383218515,3.29142066167815,5.1934940074827765,2.911005992517225,5.573908676643702,2.5305913233562993
20171204,OIBR4,OI,3.94,3.94,3.87,3.89,2364714.0,4.0155,4.062250000000001,0.14784326693815877,0.3703808677287244,4.803011735457449,3.321488264542552,5.173392603186174,2.9511073968138275,5.543773470914898,2.580726529085103
20171205,OIBR4,OI,3.89,3.93,3.86,3.92,2620719.0,3.9905,4.0714999999999995,0.11431604390783096,0.36178014289740584,4.795060285794811,3.3479397142051877,5.156840428692217,2.986159571307782,5.518620571589623,2.624379428410376
20171206,OIBR4,OI,3.9,3.91,3.86,3.9,3367896.0,3.9785000000000004,4.08075,0.11032368643892383,0.35218284513907255,4.785115690278145,3.376384309721855,5.137298535417218,3.0242014645827826,5.48948138055629,2.67201861944371
20171207,OIBR4,OI,3.9,3.92,3.86,3.9,2171749.0,3.975500000000001,4.08825,0.11166090584773683,0.3447993656666121,4.777848731333225,3.398651268666776,5.1226480969998365,3.0538519030001643,5.467447462666449,2.7090525373335517
20171208,OIBR4,OI,3.88,4.08,3.88,4.01,5785012.0,3.960000000000001,4.09875,0.07766324064426315,0.3355071744427525,4.769764348885505,3.427735651114495,5.105271523328257,3.0922284766717425,5.44077869777101,2.75672130222899
20171211,OIBR4,OI,4.04,4.07,3.95,4.01,4934694.0,3.958000000000001,4.105499999999999,0.07571414385006064,0.33078732806782646,4.7670746561356525,3.4439253438643465,5.097861984203479,3.11313801579652,5.428649312271305,2.7823506877286937
20171212,OIBR4,OI,4.01,4.41,4.0,4.17,41159719.0,3.961000000000001,4.108749999999999,0.08290133641231408,0.3307659138175897,4.770281827635178,3.4472181723648196,5.101047741452768,3.1164522585472296,5.431813655270357,2.78568634472964
20171213,OIBR4,OI,4.23,4.27,3.63,3.65,66486163.0,3.9420000000000015,4.074999999999999,0.10645483351613329,0.30539591789456244,4.685791835789124,3.4642081642108744,4.991187753683686,3.158812246316312,5.296583671578249,2.8534163284217495
20171214,OIBR4,OI,3.64,3.72,3.03,3.05,59862355.0,3.9015000000000013,4.02375,0.22611769175877441,0.30095308008101945,4.6256561601620385,3.421843839837961,4.926609240243058,3.120890759756941,5.227562320324077,2.819937679675922
20171215,OIBR4,OI,3.07,3.5,2.94,3.4,64018331.0,3.8770000000000016,3.9829999999999997,0.2524428022761849,0.26996865914967483,4.522937318299349,3.44306268170065,4.792905977449024,3.173094022550975,5.062874636598699,2.9031253634013003
20171218,OIBR4,OI,3.52,3.65,3.17,3.24,29377775.0,3.841000000000002,3.94475,0.28871585011090656,0.263924887333201,4.472599774666402,3.416900225333598,4.736524661999603,3.152975338000397,5.000449549332804,2.889050450667196
20171219,OIBR4,OI,3.35,3.53,3.25,3.36,27177102.0,3.809500000000002,3.9200000000000004,0.30548451593114256,0.27126484362079123,4.462529687241583,3.377470312758418,4.733794530862374,3.1062054691376266,5.0050593744831655,2.8349406255168352
20171220,OIBR4,OI,3.85,4.09,3.47,3.55,101616525.0,3.7840000000000016,3.90275,0.3047587484172397,0.2723307519571294,4.4474115039142585,3.3580884960857413,4.719742255871388,3.085757744128612,4.992073007828518,2.8134269921714825
20171221,OIBR4,OI,3.56,3.65,3.44,3.54,36388035.0,3.7560000000000024,3.893,0.2998841881723506,0.27824726137293,4.4494945227458595,3.33650547725414,4.727741784118789,3.0582582158812097,5.00598904549172,2.78001095450828
20171222,OIBR4,OI,3.52,3.6,3.47,3.5,31827577.0,3.7310000000000025,3.8835,0.29931324904292467,0.28510501888754786,4.453710037775096,3.3132899622249044,4.738815056662643,3.0281849433373567,5.023920075550191,2.743079924449809
20171226,OIBR4,OI,3.53,3.56,3.49,3.53,19096708.0,3.7120000000000024,3.872,0.2994134617091086,0.28993544816486555,4.451870896329731,3.292129103670269,4.741806344494597,3.002193655505403,5.031741792659462,2.712258207340538
20171227,OIBR4,OI,3.55,3.55,3.49,3.49,6345133.0,3.6915000000000022,3.8620000000000005,0.2998995445846918,0.296130601818405,4.45426120363681,3.2697387963631908,4.750391805455216,2.9736081945447856,5.046522407273621,2.6774775927263805
20171228,OIBR4,OI,3.5,3.52,3.46,3.47,3314289.0,3.6685000000000016,3.8497500000000002,0.2982805990832691,0.3020484551040888,4.453846910208178,3.2456530897918228,4.755895365312266,2.943604634687734,5.057943820416355,2.6415561795836453
