DATA DO PREGAO,CODIGO DE NEGOCIACAO DO PAPEL,NOME RESUMIDO DA EMPRESA EMISSORA,PRECO DE ABERTURA,PRECO MAXIMO,PRECO MINIMO,PRECO FECHAMENTO,VOLUME TOTAL DE TITULOS NEGOCIADOS NESTE PAPEL,MA_20,MA_40,STD_20,STD_40,BANDA_1_40 SUPERIOR,BANDA_1_40 INFERIOR,BANDA_2_40 SUPERIOR,BANDA_2_40 INFERIOR,BANDA_3_40 SUPERIOR,BANDA_3_40 INFERIOR
20170102,RADL3,RAIADROGASI,60.62,61.08,59.81,60.63,18717737.0,0.0,0.0,0.0,0.0,0.0,0.0,0.0,0.0,0.0,0.0
20170103,RADL3,RAIADROGASI,60.74,63.27,60.74,62.95,63283278.0,0.0,0.0,0.0,0.0,0.0,0.0,0.0,0.0,0.0,0.0
20170104,RADL3,RAIADROGASI,62.83,62.93,61.59,62.06,43580237.0,0.0,0.0,0.0,0.0,0.0,0.0,0.0,0.0,0.0,0.0
20170105,RADL3,RAIADROGASI,62.53,62.58,61.07,61.13,59606069.0,0.0,0.0,0.0,0.0,0.0,0.0,0.0,0.0,0.0,0.0
20170106,RADL3,RAIADROGASI,61.46,61.46,59.33,61.26,77795698.0,0.0,0.0,0.0,0.0,0.0,0.0,0.0,0.0,0.0,0.0
20170109,RADL3,RAIADROGASI,61.23,62.01,60.55,61.16,48460458.0,0.0,0.0,0.0,0.0,0.0,0.0,0.0,0.0,0.0,0.0
20170110,RADL3,RAIADROGASI,61.45,61.79,60.02,60.04,39403681.0,0.0,0.0,0.0,0.0,0.0,0.0,0.0,0.0,0.0,0.0
20170111,RADL3,RAIADROGASI,60.75,61.39,60.09,60.95,51772372.0,0.0,0.0,0.0,0.0,0.0,0.0,0.0,0.0,0.0,0.0
20170112,RADL3,RAIADROGASI,63.01,63.74,62.0,62.72,79538235.0,0.0,0.0,0.0,0.0,0.0,0.0,0.0,0.0,0.0,0.0
20170113,RADL3,RAIADROGASI,62.45,62.77,61.84,62.77,37622883.0,0.0,0.0,0.0,0.0,0.0,0.0,0.0,0.0,0.0,0.0
20170116,RADL3,RAIADROGASI,62.8,63.28,62.13,62.3,47607798.0,0.0,0.0,0.0,0.0,0.0,0.0,0.0,0.0,0.0,0.0
20170117,RADL3,RAIADROGASI,62.12,64.12,61.71,64.0,76190370.0,0.0,0.0,0.0,0.0,0.0,0.0,0.0,0.0,0.0,0.0
20170118,RADL3,RAIADROGASI,64.2,64.77,63.08,63.35,59615328.0,0.0,0.0,0.0,0.0,0.0,0.0,0.0,0.0,0.0,0.0
20170119,RADL3,RAIADROGASI,64.0,64.0,62.84,63.82,146670292.0,0.0,0.0,0.0,0.0,0.0,0.0,0.0,0.0,0.0,0.0
20170120,RADL3,RAIADROGASI,63.89,64.19,63.15,63.59,61486779.0,0.0,0.0,0.0,0.0,0.0,0.0,0.0,0.0,0.0,0.0
20170123,RADL3,RAIADROGASI,63.9,64.5,63.37,64.01,63580274.0,0.0,0.0,0.0,0.0,0.0,0.0,0.0,0.0,0.0,0.0
20170124,RADL3,RAIADROGASI,64.01,65.76,63.83,65.24,36147717.0,0.0,0.0,0.0,0.0,0.0,0.0,0.0,0.0,0.0,0.0
20170126,RADL3,RAIADROGASI,65.26,66.47,65.26,66.32,84241093.0,0.0,0.0,0.0,0.0,0.0,0.0,0.0,0.0,0.0,0.0
20170127,RADL3,RAIADROGASI,66.48,66.48,65.76,66.25,67811889.0,0.0,0.0,0.0,0.0,0.0,0.0,0.0,0.0,0.0,0.0
20170130,RADL3,RAIADROGASI,65.81,66.75,64.61,65.5,46869545.0,63.0025,0.0,1.8639795430320851,0.0,0.0,0.0,0.0,0.0,0.0,0.0
20170131,RADL3,RAIADROGASI,65.17,65.75,64.96,65.5,73449946.0,63.245999999999995,0.0,1.85581419215111,0.0,0.0,0.0,0.0,0.0,0.0,0.0
20170201,RADL3,RAIADROGASI,65.52,66.0,62.66,63.25,106754595.0,63.26099999999999,0.0,1.8545077372091021,0.0,0.0,0.0,0.0,0.0,0.0,0.0
20170202,RADL3,RAIADROGASI,63.26,64.85,63.25,63.61,53553870.0,63.33849999999999,0.0,1.8339496491969123,0.0,0.0,0.0,0.0,0.0,0.0,0.0
20170203,RADL3,RAIADROGASI,63.92,64.4,63.53,64.2,54317364.0,63.49199999999998,0.0,1.7666131736356898,0.0,0.0,0.0,0.0,0.0,0.0,0.0
20170206,RADL3,RAIADROGASI,64.48,64.71,62.6,62.9,79371921.0,63.57399999999999,0.0,1.6941335310572896,0.0,0.0,0.0,0.0,0.0,0.0,0.0
20170207,RADL3,RAIADROGASI,63.3,63.81,62.5,62.95,54048754.0,63.663499999999985,0.0,1.6048193044701353,0.0,0.0,0.0,0.0,0.0,0.0,0.0
20170208,RADL3,RAIADROGASI,62.95,64.31,62.69,64.31,38066928.0,63.87699999999999,0.0,1.3632395626826461,0.0,0.0,0.0,0.0,0.0,0.0,0.0
20170209,RADL3,RAIADROGASI,64.33,64.5,62.7,62.99,84711565.0,63.978999999999985,0.0,1.1991527710934369,0.0,0.0,0.0,0.0,0.0,0.0,0.0
20170210,RADL3,RAIADROGASI,63.01,64.35,62.6,64.0,79070156.0,64.04299999999998,0.0,1.1620041670366514,0.0,0.0,0.0,0.0,0.0,0.0,0.0
20170213,RADL3,RAIADROGASI,64.15,64.7,63.1,63.24,71601746.0,64.06649999999999,0.0,1.1394378808037509,0.0,0.0,0.0,0.0,0.0,0.0,0.0
20170214,RADL3,RAIADROGASI,63.27,64.1,62.98,63.57,74668403.0,64.12999999999998,0.0,1.0690231645365813,0.0,0.0,0.0,0.0,0.0,0.0,0.0
20170215,RADL3,RAIADROGASI,63.89,66.4,63.61,65.99,103607205.0,64.22949999999999,0.0,1.1461168995213524,0.0,0.0,0.0,0.0,0.0,0.0,0.0
20170216,RADL3,RAIADROGASI,66.0,66.18,64.24,64.65,117548647.0,64.2945,0.0,1.1303677789947353,0.0,0.0,0.0,0.0,0.0,0.0,0.0
20170217,RADL3,RAIADROGASI,64.66,65.6,62.61,63.3,122037125.0,64.26849999999999,0.0,1.1477037716102696,0.0,0.0,0.0,0.0,0.0,0.0,0.0
20170220,RADL3,RAIADROGASI,63.5,64.06,63.02,63.4,55265906.0,64.259,0.0,1.1543824961287477,0.0,0.0,0.0,0.0,0.0,0.0,0.0
20170221,RADL3,RAIADROGASI,63.97,63.97,62.71,63.2,79605786.0,64.2185,0.0,1.1775544461655383,0.0,0.0,0.0,0.0,0.0,0.0,0.0
20170222,RADL3,RAIADROGASI,62.95,62.95,60.42,60.63,144108436.0,63.988000000000014,0.0,1.3976920826472308,0.0,0.0,0.0,0.0,0.0,0.0,0.0
20170223,RADL3,RAIADROGASI,60.67,61.69,60.16,60.8,117890493.0,63.71200000000001,0.0,1.4567252386955658,0.0,0.0,0.0,0.0,0.0,0.0,0.0
20170224,RADL3,RAIADROGASI,60.49,60.5,58.66,59.4,132069259.0,63.369500000000016,0.0,1.624235771710895,0.0,0.0,0.0,0.0,0.0,0.0,0.0
20170301,RADL3,RAIADROGASI,58.94,59.87,57.93,58.1,134126491.0,62.99950000000001,63.00100000000001,1.927847108482474,1.8717149684385501,66.74442993687711,59.25757006312291,68.61614490531566,57.38585509468436,70.48785987375422,55.51414012624581
20170302,RADL3,RAIADROGASI,58.16,60.09,57.8,60.0,118617378.0,62.72450000000001,62.98525000000001,1.9445916226671844,1.894687563040002,66.77462512608001,59.195874873920005,68.66931268912002,57.30118731088,70.56400025216001,55.40649974784
20170303,RADL3,RAIADROGASI,60.01,60.2,59.01,59.5,86456184.0,62.53700000000001,62.899000000000015,2.068121700582701,1.9732308531948302,66.84546170638967,58.95253829361035,68.8186925595845,56.979307440415525,70.79192341277934,55.0060765872207
20170306,RADL3,RAIADROGASI,59.49,60.13,59.06,59.5,57981150.0,62.33150000000002,62.835000000000015,2.158128514294402,2.0414763385906873,66.91795267718139,58.75204732281864,68.95942901577207,56.71057098422796,71.00090535436277,54.669094645637266
20170307,RADL3,RAIADROGASI,59.61,61.5,58.86,59.15,106462766.0,62.07900000000002,62.78550000000001,2.222473491642289,2.1068361867854644,66.99917237357094,58.571827626429084,69.1060085603564,56.46499143964362,71.21284474714187,54.358155252858154
20170308,RADL3,RAIADROGASI,59.31,59.62,58.2,59.05,67752374.0,61.88650000000001,62.73025000000001,2.3125294308226856,2.1757185520992177,67.08168710419845,58.37881289580157,69.25740565629766,56.20309434370236,71.43312420839689,54.02737579160314
20170309,RADL3,RAIADROGASI,58.55,58.92,56.92,56.98,128190558.0,61.58800000000001,62.62575000000002,2.541950349426089,2.346733559106337,67.31921711821269,57.932282881787344,69.66595067731903,55.585549322681004,72.01268423642537,53.23881576357467
20170310,RADL3,RAIADROGASI,57.1,58.83,57.1,57.81,107803823.0,61.26300000000001,62.570000000000014,2.590673759143718,2.4345809938025504,67.43916198760512,57.70083801239491,69.87374298140767,55.26625701859236,72.30832397521021,52.831676024789815
20170313,RADL3,RAIADROGASI,57.96,58.99,57.96,58.63,47668110.0,61.045000000000016,62.51200000000002,2.620967077445401,2.500896454658424,67.51379290931686,57.510207090683174,70.0146893639753,55.00931063602475,72.51558581863372,52.50841418136633
20170314,RADL3,RAIADROGASI,58.65,58.67,56.41,56.5,103222928.0,60.670000000000016,62.356500000000025,2.71091749859906,2.6749479266438816,67.70639585328779,57.00660414671226,70.38134377993167,54.33165622006838,73.05629170657555,51.6567082934245
20170315,RADL3,RAIADROGASI,56.51,57.99,56.22,57.66,74035724.0,60.39100000000002,62.228750000000026,2.719624393570797,2.7748496725279006,67.77844934505583,56.67905065494423,70.55329901758373,53.90420098241633,73.32814869011163,51.12935130988842
20170316,RADL3,RAIADROGASI,57.67,58.13,56.45,56.5,92393872.0,60.03750000000002,62.08375000000002,2.7440401926625317,2.918835109668906,67.92142021933783,56.246079780662214,70.84025532900674,53.32724467099331,73.75909043867564,50.4084095613244
20170317,RADL3,RAIADROGASI,56.31,57.41,56.31,56.7,90147346.0,59.57300000000002,61.90125000000002,2.4543926250489734,3.0223307252550153,67.94591145051005,55.856588549489985,70.96824217576507,52.834257824234975,73.99057290102007,49.81192709897996
20170320,RADL3,RAIADROGASI,57.01,58.29,56.72,58.15,83693645.0,59.248000000000026,61.77125000000002,2.1593532170049268,3.0698777955298437,67.9110055910597,55.631494408940334,70.98088338658955,52.56161661341049,74.0507611821194,49.491738817880645
20170321,RADL3,RAIADROGASI,58.3,58.59,56.84,57.65,117733826.0,58.965500000000034,61.61700000000002,1.9619015346288424,3.118914341027445,67.85482868205492,55.37917131794513,70.97374302308235,52.26025697691768,74.0926573641098,49.14134263589024
20170322,RADL3,RAIADROGASI,57.62,57.62,56.58,57.3,102109923.0,58.66050000000003,61.45975000000002,1.6917865829073484,3.1749504235984047,67.80965084719683,55.109849152803214,70.98460127079524,51.934898729204804,74.15955169439364,48.7599483056064
20170323,RADL3,RAIADROGASI,57.21,57.74,56.78,57.74,100460155.0,58.387500000000024,61.30300000000001,1.320493827084579,3.200488904959557,67.70397780991912,54.9020221900809,70.90446671487868,51.70153328512134,74.10495561983824,48.50104438016179
20170324,RADL3,RAIADROGASI,57.77,57.98,57.01,57.5,64420739.0,58.231000000000016,61.10950000000001,1.2225809627694897,3.1903186481796877,67.49013729635939,54.72886270364064,70.68045594453908,51.538544055460946,73.87077459271876,48.34822540728126
20170327,RADL3,RAIADROGASI,57.34,57.86,56.47,57.22,146295192.0,58.05200000000002,60.882000000000005,1.0804706576790124,3.1331799198667802,67.14835983973356,54.615640160266445,70.28153975960035,51.48246024039966,73.41471967946713,48.349280320532884
20170328,RADL3,RAIADROGASI,58.0,60.3,57.51,59.8,129909160.0,58.07200000000002,60.72075000000001,1.110033664733714,3.0135211430297235,66.74779228605945,54.69370771394056,69.76131342908918,51.68018657091084,72.7748345721189,48.666665427881114
20170329,RADL3,RAIADROGASI,60.0,60.1,59.07,59.4,64192925.0,58.13700000000002,60.56825000000001,1.149132853846555,2.918306399881571,66.40486279976315,54.731637200236875,69.32316919964472,51.8133308003553,72.2414755995263,48.89502440047373
20170330,RADL3,RAIADROGASI,59.77,59.96,58.88,59.31,44781331.0,58.10250000000002,60.41350000000001,1.0995447622587178,2.812276703386465,66.03805340677295,54.78894659322708,68.8503301101594,51.97666988984062,71.66260681354588,49.164393186454156
20170331,RADL3,RAIADROGASI,59.45,59.45,58.14,58.67,80699233.0,58.06100000000002,60.299000000000014,1.058936407811879,2.7869510957776766,65.87290219155537,54.72509780844466,68.65985328733305,51.938146712666985,71.44680438311072,49.15119561688931
20170403,RADL3,RAIADROGASI,58.26,59.22,58.2,58.82,68584930.0,58.02700000000002,60.17925000000001,1.0205215384921418,2.7436073834204042,65.66646476684082,54.6920352331592,68.41007215026123,51.9484278497388,71.15367953368163,49.204820466318395
20170404,RADL3,RAIADROGASI,58.95,59.25,58.12,58.96,91892429.0,58.01750000000002,60.04825000000002,1.0103510333178107,2.670837655502719,65.38992531100546,54.70657468899458,68.06076296650818,52.03573703349186,70.73160062201089,49.36489937798914
20170405,RADL3,RAIADROGASI,59.3,60.77,58.89,60.2,109900935.0,58.075000000000024,59.980750000000015,1.10087285943093,2.630734895374972,65.24221979074996,54.71928020925007,67.87295468612493,52.0885453138751,70.5036895814999,49.45781041850013
20170406,RADL3,RAIADROGASI,60.21,60.49,59.14,60.25,74255574.0,58.23850000000002,59.91325000000002,1.1703228299558401,2.586868602512822,65.08698720502566,54.739512794974374,67.67385580753849,52.15264419246155,70.26072441005131,49.56577558994873
20170407,RADL3,RAIADROGASI,60.16,61.65,59.68,61.06,102416062.0,58.401000000000025,59.832000000000015,1.3233247602356322,2.494626224507385,64.82125244901478,54.842747550985244,67.31587867352216,52.34812132647786,69.81050489802955,49.85349510197047
20170410,RADL3,RAIADROGASI,61.14,61.57,60.71,61.27,90146369.0,58.533000000000015,59.78900000000002,1.470818247027667,2.453277033913653,64.69555406782733,54.882445932172715,67.14883110174098,52.429168898259064,69.60210813565463,49.975891864345414
20170411,RADL3,RAIADROGASI,61.31,61.57,60.36,61.26,66683287.0,58.771000000000015,59.72050000000003,1.50915417230631,2.3695060071560663,64.45951201431217,54.9814879856879,66.82901802146823,52.61198197853183,69.19852402862429,50.24247597137577
20170412,RADL3,RAIADROGASI,61.39,62.54,60.78,62.01,107855420.0,58.98850000000001,59.68975000000004,1.6477106126859704,2.330318001299276,64.3503860025986,55.02911399740149,66.68070400389787,52.69879599610221,69.01102200519715,50.36847799480294
20170413,RADL3,RAIADROGASI,62.0,62.26,61.22,61.81,44906878.0,59.254000000000005,59.645750000000035,1.653425153081384,2.271036008363147,64.18782201672633,55.10367798327374,66.45885802508948,52.832641974910594,68.72989403345262,50.56160596654745
20170417,RADL3,RAIADROGASI,62.01,62.4,61.86,62.1,30615249.0,59.524,59.54850000000003,1.6553148849754094,2.0664729644542845,63.6814459289086,55.415554071091464,65.74791889336288,53.34908110663718,67.81439185781717,51.282608142182895
20170418,RADL3,RAIADROGASI,62.0,63.2,62.0,63.2,51988336.0,59.7765,59.51225000000003,1.8124025200647191,1.9858324967449217,63.483914993489876,55.540585006510184,65.4697474902348,53.554752509765265,67.45557998697971,51.568920013020346
20170419,RADL3,RAIADROGASI,63.38,63.38,62.14,62.4,67750825.0,60.013999999999996,59.48975000000003,1.8302125272046827,1.946525487723944,63.382800975447914,55.596699024552144,65.32932646317187,53.6501735368282,67.2758519508958,51.70364804910425
20170420,RADL3,RAIADROGASI,62.6,62.99,61.61,62.18,58506572.0,60.258,59.45925000000002,1.7737696996421322,1.892493115524507,63.24423623104903,55.67426376895101,65.13672934657355,53.7817706534265,67.02922246209805,51.88927753790199
20170424,RADL3,RAIADROGASI,62.5,64.04,62.36,64.0,64812863.0,60.571000000000005,59.47925000000002,1.856450773299506,1.9367490438810915,63.35274808776221,55.605751912237835,65.2894971316433,53.66900286835675,67.22624617552438,51.732253824475656
20170425,RADL3,RAIADROGASI,64.0,66.0,63.5,65.9,140138643.0,60.99100000000001,59.611000000000026,2.0637342240144587,2.1808981918184283,63.97279638363688,55.24920361636317,66.1536945754553,53.06830542454474,68.33459276727373,50.88740723272631
20170426,RADL3,RAIADROGASI,65.7,66.65,64.77,66.65,101487498.0,61.46250000000001,59.75725000000002,2.227561506032559,2.443067625563586,64.6433852511272,54.87111474887285,67.08645287669077,52.42804712330926,69.52952050225437,49.98497949774568
20170427,RADL3,RAIADROGASI,66.26,66.62,64.8,66.0,144175497.0,61.772500000000015,59.92225000000002,2.408117576688907,2.633754741516665,65.18975948303336,54.65474051696669,67.82351422455001,52.02098577545002,70.45726896606668,49.38723103393336
20170428,RADL3,RAIADROGASI,65.57,68.93,65.42,67.45,180458385.0,62.17500000000001,60.15600000000002,2.651183449746677,2.8720168916009197,65.90003378320186,54.41196621679818,68.77205067480278,51.53994932519726,71.64406756640369,48.66793243359634
20170502,RADL3,RAIADROGASI,67.79,70.0,67.23,69.3,177342253.0,62.67450000000001,60.38850000000002,3.001000666444472,3.215016489170936,66.81853297834189,53.95846702165815,70.03354946751283,50.743450532487216,73.24856595668376,47.52843404331628
20170503,RADL3,RAIADROGASI,69.0,69.6,68.81,69.15,123800360.0,63.19850000000001,60.62975000000002,3.174890424963749,3.496383837037552,67.62251767407513,53.63698232592492,71.11890151111268,50.14059848888736,74.61528534815022,46.644214651849815
20170504,RADL3,RAIADROGASI,68.82,68.82,67.34,68.0,177567175.0,63.65750000000001,60.84225000000002,3.1721499848393018,3.679469364961789,68.2011887299236,53.48331127007644,71.88065809488539,49.80384190511465,75.56012745984718,46.12437254015286
20170505,RADL3,RAIADROGASI,67.91,68.64,67.44,68.32,76145427.0,64.12550000000002,61.07150000000003,3.13284883805546,3.8529113534359833,68.777322706872,53.36567729312806,72.63023406030798,49.51276593969208,76.48314541374396,45.659854586256095
20170508,RADL3,RAIADROGASI,68.19,68.19,67.44,67.75,64937782.0,64.50300000000001,61.28900000000002,3.089518954209738,3.9793562164546037,69.24771243290922,53.330287567090814,73.22706864936383,49.350931350636216,77.20642486581843,45.37157513418161
20170509,RADL3,RAIADROGASI,68.0,69.01,67.76,69.01,68489350.0,64.941,61.58975000000002,3.0757590419619527,4.098167500112015,69.78608500022405,53.39341499977599,73.88425250033606,49.29524749966398,77.98242000044809,45.19707999955196
20170510,RADL3,RAIADROGASI,69.13,70.09,69.02,70.05,90884157.0,65.3905,61.895750000000035,3.135067320690791,4.262381594716077,70.42051318943219,53.370986810567885,74.68289478414826,49.1086052158518,78.94527637886435,44.84622362113573
20170511,RADL3,RAIADROGASI,69.01,69.89,68.79,69.18,115557991.0,65.78600000000002,62.15950000000002,3.0864532532035387,4.37990923099953,70.91931846199908,53.39968153800096,75.29922769299861,49.01977230700143,79.67913692399814,44.6398630760019
20170512,RADL3,RAIADROGASI,69.26,70.55,68.9,69.7,103049848.0,66.20800000000001,62.48950000000002,3.011126035223399,4.439432251757959,71.36836450351593,53.6106354964841,75.8077967552739,49.171203244726144,80.24722900703186,44.73177099296818
20170515,RADL3,RAIADROGASI,69.42,71.16,69.29,70.2,69302859.0,66.61750000000002,62.80300000000002,2.966743518618243,4.53145768135914,71.8659153627183,53.74008463728174,76.39737304407744,49.2086269559226,80.92883072543658,44.677169274563454
20170516,RADL3,RAIADROGASI,70.85,70.85,69.37,69.86,113976492.0,67.02000000000001,63.13700000000002,2.8227590086744616,4.547305316451238,72.2316106329025,54.04238936709754,76.77891594935373,49.495084050646305,81.32622126580497,44.94777873419507
20170517,RADL3,RAIADROGASI,69.44,69.49,68.73,69.2,78255236.0,67.37500000000003,63.44950000000002,2.6098689218950994,4.523046936495756,72.49559387299153,54.40340612700851,77.0186408094873,49.88035919051275,81.54168774598304,45.357312254016996
20170518,RADL3,RAIADROGASI,64.25,67.2,64.0,67.16,222516073.0,67.57300000000002,63.67475000000002,2.4197479207554253,4.476473536223897,72.62769707244782,54.721802927552226,77.10417060867171,50.245329391328326,81.5806441448956,45.768855855104434
20170519,RADL3,RAIADROGASI,67.14,68.54,66.51,67.3,154925989.0,67.81800000000001,63.91600000000002,2.0946362578337525,4.402885301067816,72.72177060213565,55.11022939786439,77.12465590320346,50.70734409679657,81.52754120427129,46.30445879572875
20170522,RADL3,RAIADROGASI,66.8,67.34,65.16,65.6,134752621.0,67.989,64.1235,1.715412793653991,4.276868942195682,72.67723788439137,55.56976211560864,76.95410682658705,51.29289317341296,81.23097576878274,47.01602423121728
20170523,RADL3,RAIADROGASI,65.57,66.74,65.21,66.25,66766639.0,68.10150000000002,64.33625000000002,1.500334261002211,4.1612841259547695,72.65881825190957,56.013681748090484,76.82010237786433,51.85239762213571,80.9813865038191,47.69111349618095
20170524,RADL3,RAIADROGASI,67.09,67.65,66.5,66.9,72287435.0,68.15150000000001,64.57125000000002,1.438494370038266,4.028630350379651,72.62851070075932,56.51398929924072,76.65714105113898,52.48535894886106,80.68577140151862,48.45672859848142
20170525,RADL3,RAIADROGASI,67.0,67.95,66.35,67.5,60775466.0,68.194,64.82825000000003,1.4039395698496724,3.8725178236997024,72.57328564739943,57.08321435260062,76.44580347109914,53.21069652890092,80.31832129479884,49.338178705201216
20170526,RADL3,RAIADROGASI,67.85,70.96,67.67,70.8,138146343.0,68.434,65.10325000000003,1.4193304574230152,3.8967865706147107,72.89682314122945,57.30967685877061,76.79360971184417,53.4128902881559,80.69039628245888,49.516103717541185
20170529,RADL3,RAIADROGASI,70.68,70.96,69.55,70.8,94118930.0,68.6015,65.38825000000003,1.49286117026481,3.8858381186837243,73.15992623736747,57.61657376263258,77.0457643560512,53.730735643948854,80.93160247473493,49.84489752526513
20170530,RADL3,RAIADROGASI,70.85,72.84,70.5,72.19,101120123.0,68.74600000000001,65.71025000000003,1.6907780831073003,3.9028625178621676,73.51597503572437,57.904524964275694,77.41883755358653,54.001662446413526,81.3217000714487,50.09879992855136
20170531,RADL3,RAIADROGASI,72.26,72.98,70.53,72.0,179677616.0,68.8885,66.04350000000002,1.8401237801615409,3.855115515912037,73.7537310318241,58.33326896817595,77.60884654773614,54.47815345226391,81.46396206364817,50.62303793635188
20170601,RADL3,RAIADROGASI,72.01,73.08,71.06,72.33,146071820.0,69.10499999999999,66.38125000000002,1.979528120271995,3.797410850390928,73.97607170078187,58.786428299218166,77.7734825511728,54.98901744882724,81.57089340156374,51.19160659843631
20170602,RADL3,RAIADROGASI,72.58,73.19,71.64,72.29,127293331.0,69.3035,66.71450000000002,2.09249353894499,3.7134163895328736,74.14133277906576,59.28766722093427,77.85474916859863,55.57425083140139,81.56816555813151,51.86083444186852
20170605,RADL3,RAIADROGASI,72.19,73.15,71.81,72.54,78015292.0,69.54299999999999,67.02300000000002,2.1777151232185905,3.6706732422380117,74.36434648447604,59.681653515524005,78.03501972671405,56.01098027328599,81.70569296895206,52.34030703104798
20170606,RADL3,RAIADROGASI,72.49,75.19,72.01,74.62,112707277.0,69.8235,67.38225000000003,2.4497546064002367,3.6939253581091904,74.77010071621841,59.99439928378165,78.46402607432759,56.300473925672456,82.15795143243679,52.606548567563266
20170607,RADL3,RAIADROGASI,74.94,75.65,74.23,75.26,137180446.0,70.084,67.73725000000003,2.7354560862862036,3.752624372287644,75.24249874457531,60.23200125542474,78.99512311686297,56.4793768831371,82.74774748915061,52.72675251084946
20170608,RADL3,RAIADROGASI,74.83,75.24,73.22,73.59,114901254.0,70.30449999999999,68.04525000000004,2.8346919910654775,3.713593178428655,75.47243635685734,60.618063643142726,79.186029535286,56.90447046471407,82.89962271371466,53.19087728628542
20170609,RADL3,RAIADROGASI,73.57,74.46,73.27,74.3,75380220.0,70.5345,68.37125000000003,2.966609752065961,3.674832762634697,75.72091552526942,61.02158447473064,79.39574828790413,57.34675171209594,83.07058105053882,53.671918949461244
20170612,RADL3,RAIADROGASI,73.98,74.49,71.92,72.95,159330815.0,70.672,68.64475000000002,3.0136472045819236,3.595505732766809,75.83576146553364,61.453738534466396,79.43126719830045,57.858232801699586,83.02677293106726,54.262727068932776
20170613,RADL3,RAIADROGASI,73.05,74.05,72.29,73.16,122754157.0,70.837,68.92850000000001,3.0568785248664527,3.4885597277901055,75.90561945558022,61.951380544419806,79.39417918337033,58.4628208166297,82.88273891116043,54.97426108883959
20170614,RADL3,RAIADROGASI,73.0,73.0,70.73,71.35,166352137.0,70.94449999999999,69.15975000000002,3.0339994015195977,3.327153621032356,75.81405724206473,62.505442757935306,79.14121086309709,59.17828913690295,82.46836448412944,55.851135515870595
20170616,RADL3,RAIADROGASI,71.35,72.0,70.33,72.0,161862724.0,71.1865,69.37975000000003,2.9066009720163732,3.2119188988547807,75.8035877977096,62.95591220229047,79.01550669656437,59.74399330343569,82.22742559541915,56.53207440458091
20170619,RADL3,RAIADROGASI,72.5,72.75,71.77,72.47,42802081.0,71.445,69.63150000000002,2.7694223224348065,3.0409095720920423,75.7133191441841,63.549680855815936,78.75422871627615,60.50877128372389,81.79513828836818,57.46786171163185
20170620,RADL3,RAIADROGASI,72.52,72.53,70.41,70.41,146636402.0,71.6855,69.83725000000001,2.422207507734731,2.7920491395095244,75.42134827901906,64.25315172098097,78.21339741852859,61.46110258147144,81.0054465580381,58.669053441961914
20170621,RADL3,RAIADROGASI,70.4,71.79,70.4,71.0,69972328.0,71.923,70.01225000000002,2.068203135701734,2.631561384523035,75.27537276904609,64.74912723095396,77.90693415356913,62.11756584643092,80.53849553809216,59.48600446190788
20170622,RADL3,RAIADROGASI,71.3,72.57,70.49,72.5,76612824.0,72.203,70.17725000000002,1.6983927386611748,2.5733784912006876,75.32400698240139,65.03049301759864,77.89738547360207,62.45711452639795,80.47076396480277,59.883736035197266
20170623,RADL3,RAIADROGASI,72.07,72.44,71.51,71.89,29077918.0,72.4225,70.30825000000002,1.294164534402568,2.5220788001882375,75.3524076003765,65.26409239962354,77.87448640056473,62.7420135994353,80.39656520075296,60.21993479924706
20170626,RADL3,RAIADROGASI,72.51,72.62,71.29,72.5,56268062.0,72.50750000000001,70.47075000000001,1.2365353763003533,2.4456181511073227,75.36198630221466,65.57951369778536,77.80760445332197,63.13389554667804,80.2532226044293,60.68827739557072
20170627,RADL3,RAIADROGASI,72.25,72.25,71.09,71.39,81866139.0,72.537,70.56925000000001,1.200158322889172,2.399748264041291,75.3687465280826,65.76975347191743,77.76849479212389,63.37000520787614,80.16824305616518,60.97025694383485
20170628,RADL3,RAIADROGASI,71.39,71.4,69.94,70.4,79991385.0,72.44750000000002,70.59675000000001,1.2907234813325852,2.3911175238411997,75.37898504768242,65.81451495231761,77.77010257152361,63.42339742847641,80.16122009536481,61.03227990463522
20170629,RADL3,RAIADROGASI,70.87,71.01,68.8,69.85,76771693.0,72.34,70.61425,1.4136365944091804,2.3828047333837183,75.37985946676744,65.84864053323255,77.76266420015115,63.46583579984885,80.14546893353487,61.083031066465125
20170630,RADL3,RAIADROGASI,70.18,70.75,69.85,70.11,56954334.0,72.22900000000001,70.667,1.4990414481121097,2.3465262924215438,75.36005258484309,65.97394741515691,77.70657887726463,63.62742112273537,80.05310516968618,61.28089483031383
20170703,RADL3,RAIADROGASI,70.14,70.44,69.37,70.2,55510725.0,72.12450000000001,70.714,1.5659215379954543,2.316952906131396,75.3479058122628,66.0800941877372,77.66485871839419,63.76314128160581,79.98181162452558,61.446188375474414
20170704,RADL3,RAIADROGASI,70.07,70.73,69.87,70.5,23978722.0,72.02250000000001,70.78275,1.6034235576613285,2.267009763814598,75.31676952762919,66.2487304723708,77.58377929144379,63.981720708556196,79.85078905525839,61.7147109447416
20170705,RADL3,RAIADROGASI,70.76,70.95,69.88,70.61,43473626.0,71.822,70.82275,1.5094878880635907,2.2489724006697616,75.32069480133953,66.32480519866047,77.56966720200928,64.07583279799071,79.81863960267904,61.82686039732096
20170706,RADL3,RAIADROGASI,70.98,70.98,69.17,69.66,61345769.0,71.542,70.81299999999999,1.3490526890729226,2.2532497329355903,75.31949946587117,66.3065005341288,77.57274919880676,64.05325080119322,79.82599893174235,61.80000106825763
20170707,RADL3,RAIADROGASI,69.42,70.22,69.03,69.15,49667595.0,71.32000000000002,70.81224999999999,1.3595781079360922,2.2538121409440093,75.319874281888,66.30462571811198,77.57368642283203,64.05081357716796,79.82749856377603,61.79700143622395
20170710,RADL3,RAIADROGASI,69.26,70.22,69.26,70.0,81639427.0,71.10500000000002,70.81975,1.193361020947107,2.250512747843273,75.32077549568655,66.31872450431345,77.57128824352982,64.06821175647018,79.8218009913731,61.8176990086269
20170711,RADL3,RAIADROGASI,69.8,70.18,68.61,69.23,149249496.0,70.91900000000001,70.7955,1.18049454400314,2.2625557933338727,75.32061158666775,66.27038841333226,77.58316738000163,64.00783261999838,79.8457231733355,61.745276826664515
20170712,RADL3,RAIADROGASI,69.97,70.55,69.64,69.8,96594723.0,70.751,70.79400000000001,1.0795559515984812,2.2632116956853885,75.32042339137078,66.26757660862924,77.58363508705618,64.00436491294384,79.84684678274157,61.74115321725846
20170713,RADL3,RAIADROGASI,69.82,71.12,69.72,70.42,69216259.0,70.70450000000002,70.82450000000001,1.0724024921937094,2.249357686096178,75.32321537219237,66.32578462780766,77.57257305828855,64.07642694171147,79.82193074438473,61.8270692556153
20170714,RADL3,RAIADROGASI,70.54,70.89,69.48,69.7,39756290.0,70.58950000000002,70.888,1.0492376932050342,2.1779750651959575,75.24395013039192,66.53204986960809,77.42192519558787,64.35407480441214,79.59990026078384,62.17609973921618
20170717,RADL3,RAIADROGASI,69.73,70.1,68.92,69.7,86091753.0,70.45100000000002,70.94800000000001,0.9675900610878049,2.1085481698589037,75.16509633971782,66.7309036602822,77.27364450957671,64.6223554904233,79.38219267943562,62.513807320564396
20170718,RADL3,RAIADROGASI,69.81,70.36,69.56,70.19,46820515.0,70.44000000000003,71.06275000000001,0.9693296652842688,1.9271328344300513,74.91701566886012,67.2084843311399,76.84414850329016,65.28135149670986,78.77128133772021,63.354218662279806
20170719,RADL3,RAIADROGASI,70.08,70.7,69.59,69.81,38561874.0,70.38050000000001,71.15175,0.969668825723019,1.7754001174166385,74.70255023483328,67.60094976516673,76.47795035224992,65.8255496477501,78.25335046966656,64.05014953033346
20170720,RADL3,RAIADROGASI,70.01,70.29,69.32,69.9,36608112.0,70.25050000000002,71.22675000000001,0.8355740226745498,1.65013035615603,74.52701071231208,67.92648928768794,76.1771410684681,66.27635893153192,77.82727142462413,64.62622857537589
20170721,RADL3,RAIADROGASI,69.8,70.58,69.8,70.07,24764083.0,70.15950000000001,71.29100000000001,0.7414244824376938,1.548188022769226,74.38737604553846,68.19462395446156,75.93556406830768,66.64643593169234,77.48375209107691,65.09824790892311
20170724,RADL3,RAIADROGASI,70.3,71.37,70.12,70.85,66644808.0,70.07700000000001,71.29225,0.528514302948521,1.5478015633430244,74.38785312668604,68.19664687331395,75.93565469002907,66.64884530997092,77.4834562533721,65.1010437466279
20170725,RADL3,RAIADROGASI,70.85,71.05,69.2,69.35,65197624.0,69.975,71.256,0.4532746350028331,1.5763424071613752,74.40868481432275,68.10331518567725,75.98502722148413,66.52697277851587,77.56136962864551,64.95063037135449
20170726,RADL3,RAIADROGASI,69.37,70.08,69.08,69.26,32743588.0,69.91799999999999,71.18275,0.46844198652229335,1.5997307265398872,74.38221145307978,67.98328854692022,75.98194217961967,66.38355782038033,77.58167290615955,64.78382709384044
20170727,RADL3,RAIADROGASI,69.9,70.06,69.19,69.3,35162718.0,69.8905,71.11525,0.48836434845534704,1.6211818852701716,74.35761377054034,67.87288622945967,75.97879565581052,66.25170434418949,77.59997754108069,64.63052245891932
20170728,RADL3,RAIADROGASI,68.0,68.49,67.51,68.2,104026486.0,69.795,71.012,0.6138189343858965,1.6725356153503383,74.35707123070068,67.66692876929932,76.02960684605101,65.99439315394899,77.70214246140135,64.32185753859865
20170731,RADL3,RAIADROGASI,68.45,69.26,68.32,69.0,51013423.0,69.735,70.92975,0.6305678309855306,1.688892046921236,74.30753409384248,67.55196590615752,75.9964261407637,65.8630738592363,77.68531818768494,64.17418181231506
20170801,RADL3,RAIADROGASI,69.0,70.63,69.0,70.1,83182565.0,69.715,70.86875,0.6110689512305525,1.6732329944888467,74.2152159889777,67.52228401102231,75.88844898346655,65.84905101653347,77.56168197795539,64.17581802204462
20170802,RADL3,RAIADROGASI,69.98,70.76,69.77,70.45,57674883.0,69.70700000000001,70.7645,0.5996762284328783,1.5595642882647485,73.88362857652949,67.64537142347051,75.44319286479424,66.08580713520576,77.002757153059,64.526242846941
20170803,RADL3,RAIADROGASI,70.33,70.64,69.2,69.74,39902947.0,69.711,70.6265,0.5996130331086853,1.3861560018765664,73.39881200375312,67.85418799624686,74.7849680056297,66.46803199437029,76.17112400750626,65.08187599249372
20170804,RADL3,RAIADROGASI,69.79,69.79,68.54,69.25,71368953.0,69.716,70.51799999999999,0.5950886709692118,1.3163395244349814,73.15067904886995,67.88532095113003,74.46701857330493,66.56898142669505,75.7833580977399,65.25264190226007
20170807,RADL3,RAIADROGASI,69.6,70.49,69.2,69.98,55945546.0,69.715,70.40999999999998,0.5946029192486872,1.1668124451047197,72.74362489020942,68.07637510979055,73.91043733531414,66.90956266468582,75.07724978041887,65.7427502195811
20170808,RADL3,RAIADROGASI,69.81,70.46,69.46,69.55,38443102.0,69.731,70.32499999999999,0.585094684195471,1.098899216115592,72.52279843223117,68.12720156776881,73.62169764834677,67.02830235165321,74.72059686446235,65.92940313553763
20170809,RADL3,RAIADROGASI,69.45,69.83,69.13,69.72,33851502.0,69.727,70.23899999999999,0.5848715558498455,1.001646849072262,72.24229369814451,68.23570630185547,73.24394054721678,67.2340594527832,74.24558739628904,66.23241260371094
20170810,RADL3,RAIADROGASI,69.7,69.85,68.75,68.75,52075340.0,69.64349999999999,70.17399999999999,0.599747973384706,1.0120094253133514,72.1980188506267,68.14998114937329,73.21002827594005,67.13797172405994,74.2220377012534,66.12596229874659
20170811,RADL3,RAIADROGASI,69.0,69.69,68.48,69.3,38553906.0,69.62349999999999,70.1065,0.6044159860647641,0.9765153904021657,72.05953078080432,68.15346921919567,73.0360461712065,67.1769538287935,74.01256156160866,66.20043843839133
20170814,RADL3,RAIADROGASI,68.91,70.22,68.64,69.13,68519120.0,69.595,70.023,0.6139818272641642,0.9097511634986626,71.84250232699732,68.20349767300267,72.75225349049599,67.293746509504,73.66200465399464,66.38399534600535
20170815,RADL3,RAIADROGASI,69.28,70.15,69.21,70.05,74589586.0,69.588,70.01400000000001,0.6076061743909541,0.9076026465929654,71.82920529318594,68.19879470681408,72.73680793977891,67.2911920602211,73.64441058637188,66.38358941362814
20170816,RADL3,RAIADROGASI,70.02,70.39,69.5,69.64,75104814.0,69.5795,69.98,0.6055226102954896,0.8951063538012549,71.77021270760251,68.1897872923975,72.66531906140376,67.29468093859624,73.56042541520502,66.39957458479499
20170817,RADL3,RAIADROGASI,69.77,69.77,68.18,68.68,63760618.0,69.51849999999999,69.8845,0.6323912429901625,0.8199779546755154,71.52445590935103,68.24454409064897,72.34443386402656,67.42456613597345,73.16441181870206,66.60458818129794
20170818,RADL3,RAIADROGASI,68.7,68.98,68.1,68.33,83014108.0,69.4315,69.7955,0.6710343547563554,0.789348806587769,71.37419761317554,68.21680238682447,72.1635464197633,67.4274535802367,72.95289522635107,66.63810477364893
20170821,RADL3,RAIADROGASI,68.59,69.22,68.21,68.95,59236322.0,69.3365,69.70675,0.5891409892914292,0.6676648456777137,71.04207969135543,68.37142030864457,71.70974453703315,67.70375546296685,72.37740938271085,67.03609061728915
20170822,RADL3,RAIADROGASI,69.11,71.5,69.11,71.11,90982494.0,69.4245,69.69975000000001,0.7102592188031488,0.6508199463477603,71.00138989269553,68.39811010730449,71.6522098390433,67.74729016095672,72.30302978539105,67.09647021460897
20170823,RADL3,RAIADROGASI,71.31,71.82,70.74,70.85,172266534.0,69.50399999999999,69.711,0.7767503155015112,0.6669248218118112,71.04484964362362,68.37715035637638,71.71177446543543,67.71022553456457,72.37869928724724,67.04330071275275
20170824,RADL3,RAIADROGASI,71.17,71.2,69.83,70.22,108141148.0,69.55,69.72025,0.7911417465650592,0.6714526445298671,71.06315528905972,68.37734471094026,71.7346079335896,67.70589206641039,72.40606057811947,67.03443942188052
20170825,RADL3,RAIADROGASI,70.43,71.3,69.81,70.42,50384416.0,69.661,69.728,0.7462248849693269,0.6778253311046861,71.08365066220937,68.37234933779062,71.76147599331405,67.69452400668594,72.43930132441874,67.01669867558125
20170828,RADL3,RAIADROGASI,70.9,71.15,70.46,71.1,44072638.0,69.76599999999999,69.7505,0.7945034861306751,0.7081537932340631,71.16680758646812,68.33419241353188,71.87496137970219,67.62603862029782,72.58311517293626,66.91788482706374
20170829,RADL3,RAIADROGASI,70.94,71.11,70.03,70.49,76787048.0,69.7855,69.75025,0.8078071356587311,0.7078841260386004,71.1660182520772,68.3344817479228,71.8739023781158,67.62659762188419,72.5817865041544,66.9187134958456
20170830,RADL3,RAIADROGASI,70.49,70.8,69.23,69.23,38191993.0,69.7245,69.71574999999999,0.8010222087729406,0.6984741152996206,71.11269823059922,68.31880176940075,71.81117234589885,67.62032765410112,72.50964646119847,66.9218535388015
20170831,RADL3,RAIADROGASI,69.51,69.77,68.6,69.35,69404731.0,69.705,69.708,0.8053603312542825,0.7008244229440568,71.10964884588812,68.30635115411188,71.81047326883217,67.60552673116783,72.51129769177622,66.90470230822378
20170901,RADL3,RAIADROGASI,69.77,70.89,69.6,70.48,113842969.0,69.7665,69.74125,0.8156836009398593,0.7052084161837607,71.15166683236751,68.33083316763248,71.85687524855128,67.62562475144871,72.56208366473504,66.92041633526495
20170904,RADL3,RAIADROGASI,70.88,70.9,69.75,70.2,50004416.0,69.7775,69.74624999999999,0.8201853128217618,0.7077942896140477,71.16183857922809,68.33066142077189,71.86963286884213,67.62286713115785,72.57742715845617,66.9150728415438
20170905,RADL3,RAIADROGASI,70.53,72.87,70.52,72.4,119864756.0,69.92,69.82549999999999,1.0052755579285364,0.8174787694255652,71.46045753885112,68.19054246114887,72.27793630827668,67.3730636917233,73.09541507770226,66.55558492229773
20170906,RADL3,RAIADROGASI,73.0,74.07,72.82,73.38,71626716.0,70.10300000000001,69.91499999999999,1.2662173256552676,0.9919677414109762,71.89893548282194,67.93106451717804,72.89090322423291,66.93909677576707,73.8828709656439,65.94712903435608
20170908,RADL3,RAIADROGASI,73.45,74.5,73.0,74.5,38620566.0,70.3905,70.01699999999998,1.5612527864372232,1.2271192030367426,72.47123840607347,67.5627615939265,73.6983576091102,66.33564239088976,74.92547681214695,65.10852318785301
20170911,RADL3,RAIADROGASI,74.5,76.5,74.5,75.5,66579633.0,70.7005,70.16199999999999,1.9099255289973727,1.5008445485706876,73.16368909714137,67.16031090285861,74.66453364571205,65.65946635428793,76.16537819428274,64.15862180571725
20170912,RADL3,RAIADROGASI,75.4,76.15,74.93,76.15,47745725.0,71.0515,70.32325,2.225155878632017,1.7719428530172656,73.86713570603453,66.77936429396547,75.6390785590518,65.0074214409482,77.41102141206906,63.23547858793094
20170913,RADL3,RAIADROGASI,76.02,76.06,75.22,75.5,47743216.0,71.32400000000001,70.45599999999999,2.4211358795756417,1.9515119713593778,74.35902394271875,66.55297605728123,76.31053591407812,64.60146408592186,78.2620478854375,62.64995211456248
20170914,RADL3,RAIADROGASI,75.2,76.1,75.02,76.1,56470771.0,71.647,70.61325,2.6083249313244155,2.1422243262792415,74.89769865255847,66.32880134744151,77.03992297883772,64.18657702116226,79.18214730511696,62.04435269488303
20170915,RADL3,RAIADROGASI,76.0,77.22,75.72,76.63,122478447.0,72.0445,70.7815,2.7350636959772494,2.339932663944596,75.46136532788918,66.1016346721108,77.80129799183378,63.76170200816621,80.14123065577837,61.42176934422161
20170918,RADL3,RAIADROGASI,76.49,77.77,76.05,76.5,69299546.0,72.453,70.94224999999999,2.761077402220509,2.5048542487921903,75.95195849758437,65.9325415024156,78.45681274637656,63.42768725362342,80.96166699516874,60.922833004831226
20170919,RADL3,RAIADROGASI,76.5,76.95,76.01,76.76,45485360.0,72.8435,71.09,2.791687425950596,2.668246326998023,76.42649265399605,65.75350734600396,79.09473898099407,63.085261019005934,81.7629853079921,60.41701469200791
20170920,RADL3,RAIADROGASI,76.7,77.0,75.27,75.3,59263752.0,73.05300000000001,71.23875000000001,2.811895970225173,2.733802824750783,76.70635564950157,65.77114435049845,79.44015847425236,63.037341525747664,82.17396129900314,60.30353870099688
20170921,RADL3,RAIADROGASI,75.71,76.14,74.62,75.67,61116120.0,73.29400000000001,71.399,2.819689045939218,2.8018618352070326,77.00272367041407,65.79527632958593,79.8045855056211,62.993414494378904,82.60644734082813,60.19155265917187
20170922,RADL3,RAIADROGASI,75.67,75.91,74.24,74.65,88564915.0,73.51550000000002,71.53275,2.738327332323059,2.826678750125353,77.1861075002507,65.87939249974929,80.01278625037605,63.05271374962393,82.8394650005014,60.22603499949858
20170925,RADL3,RAIADROGASI,75.5,75.5,73.63,74.23,33120740.0,73.70600000000002,71.68350000000001,2.64249563062929,2.8050929414649306,77.29368588292986,66.07331411707015,80.0987788243948,63.26822117560522,82.90387176585973,60.463128234140285
20170926,RADL3,RAIADROGASI,74.07,74.67,72.9,74.3,70841241.0,73.86600000000001,71.816,2.572347688703667,2.800256215383662,77.41651243076733,66.21548756923268,80.216768646151,63.415231353849016,83.01702486153465,60.614975138465354
20170927,RADL3,RAIADROGASI,75.13,75.48,73.26,73.48,48661444.0,74.01550000000002,71.90050000000001,2.4497808172633992,2.798143111385625,77.49678622277126,66.30421377722875,80.29492933415688,63.50607066584313,83.0930724455425,60.707927554457505
20170928,RADL3,RAIADROGASI,73.11,74.16,72.81,73.4,41192541.0,74.22400000000002,71.97425000000001,2.184098995250166,2.7978085632169707,77.56986712643395,66.37863287356608,80.36767568965092,63.5808243103491,83.1654842528679,60.783015747132126
20170929,RADL3,RAIADROGASI,73.48,75.65,73.06,75.0,66196889.0,74.50650000000003,72.10575000000003,1.862167031345934,2.8136716476919594,77.73309329538395,66.4784067046161,80.54676494307591,63.66473505692415,83.36043659076786,60.85106340923219
20171002,RADL3,RAIADROGASI,75.76,77.56,75.0,75.64,74638481.0,74.76450000000003,72.26550000000002,1.6161438022260997,2.828735288664047,77.92297057732812,66.60802942267192,80.75170586599216,63.77929413400788,83.5804411546562,60.95055884534383
20171003,RADL3,RAIADROGASI,76.19,78.12,75.75,78.12,59437938.0,75.16050000000004,72.46900000000002,1.3938756079817443,2.950285340393962,78.36957068078794,66.5684293192121,81.3198560211819,63.61814397881814,84.27014136157587,60.66785863842418
20171004,RADL3,RAIADROGASI,78.47,79.28,77.5,78.91,43578649.0,75.48600000000003,72.703,1.4731684435793673,3.081120508799273,78.86524101759855,66.54075898240146,81.94636152639782,63.45963847360218,85.0274820351971,60.37851796480291
20171005,RADL3,RAIADROGASI,79.53,81.29,79.07,79.73,88711747.0,75.80350000000003,72.95325000000001,1.666929970429459,3.2352793938715925,79.4238087877432,66.48269121225682,82.65908818161479,63.24741181838523,85.89436757548638,60.01213242451364
20171006,RADL3,RAIADROGASI,79.5,79.5,77.61,78.77,58642392.0,76.01700000000002,73.20375000000001,1.7619340450049592,3.2889540754252375,79.78165815085049,66.62584184914954,83.07061222627573,63.3368877737243,86.35956630170097,60.04793369829906
20171009,RADL3,RAIADROGASI,78.59,79.05,77.61,78.85,29407784.0,76.18450000000003,73.44250000000001,1.866340283183039,3.3444648109667297,80.13142962193346,66.75357037806656,83.47589443290019,63.40910556709982,86.82035924386693,60.06464075613309
20171010,RADL3,RAIADROGASI,79.45,79.65,78.08,78.88,34355163.0,76.32100000000003,73.68625,1.9611111243643047,3.3772410887875193,80.44073217757504,66.93176782242496,83.81797326636256,63.554526733637445,87.19521435515009,60.177285644849924
20171011,RADL3,RAIADROGASI,79.57,79.57,77.95,78.35,52473504.0,76.46350000000002,73.89375,2.001444938564492,3.4029796050384307,80.69970921007686,67.08779078992313,84.10268881511529,63.68481118488471,87.50566842015373,60.281831579846276
20171013,RADL3,RAIADROGASI,78.91,79.15,77.39,78.4,183621647.0,76.57850000000003,74.11275,2.045061509820066,3.4040850176944937,80.92092003538899,67.30457996461102,84.32500505308349,63.900494946916524,87.72909007077799,60.49640992922203
20171016,RADL3,RAIADROGASI,78.23,79.49,77.78,78.87,70489467.0,76.69050000000001,74.3675,2.108387947423877,3.368194943806992,81.10388988761399,67.63111011238603,84.47208483142099,64.26291516857903,87.84027977522797,60.89472022477204
20171017,RADL3,RAIADROGASI,78.78,79.58,77.11,77.13,63099654.0,76.72200000000002,74.5875,2.1100975283023136,3.249018589493078,81.08553717898616,68.08946282101385,84.33455576847923,64.84044423152078,87.58357435797231,61.591425642027694
20171018,RADL3,RAIADROGASI,77.52,78.99,76.51,78.56,70037651.0,76.81200000000003,74.82775000000001,2.1498166384479256,3.175948465237738,81.17964693047549,68.47585306952453,84.35559539571322,65.2999046042868,87.53154386095096,62.123956139049056
20171019,RADL3,RAIADROGASI,78.01,78.61,77.39,77.78,65050393.0,76.93600000000002,74.99450000000002,2.129441241264988,3.150747530348914,81.29599506069785,68.69300493930218,84.44674259104676,65.54225740895328,87.59749012139568,62.39150987860436
20171020,RADL3,RAIADROGASI,78.16,78.48,76.41,76.41,52865894.0,76.97300000000003,75.13350000000001,2.112648873608217,3.085180084508185,81.30386016901639,68.96313983098364,84.38904025352457,65.87795974647545,87.47422033803275,62.79277966196727
20171023,RADL3,RAIADROGASI,76.42,77.23,75.14,76.16,62448498.0,77.04850000000002,75.28200000000001,2.051354558899063,2.9839065772135416,81.24981315442709,69.31418684557293,84.23371973164063,66.33028026835939,87.21762630885418,63.34637369114584
20171024,RADL3,RAIADROGASI,76.0,77.36,75.9,76.83,42243553.0,77.17850000000001,75.44225000000002,1.942852691005562,2.886637194881193,81.21552438976241,69.66897561023762,84.1021615846436,66.78233841535643,86.98879877952479,63.895701220475246
20171025,RADL3,RAIADROGASI,76.84,78.09,76.13,77.43,40796030.0,77.33500000000002,75.60050000000001,1.8210248704912184,2.815108459904415,81.23071691980884,69.97028308019118,84.04582537971325,67.15517462028677,86.86093383961767,64.34006616038235
20171026,RADL3,RAIADROGASI,77.44,78.05,75.0,75.0,69544281.0,77.41100000000003,75.71325000000002,1.677751942018713,2.6928370203093395,81.0989240406187,70.32757595938133,83.79176106092804,67.634738939072,86.48459808123738,64.94190191876265
20171027,RADL3,RAIADROGASI,75.37,79.25,75.37,77.9,123645003.0,77.63600000000002,75.93000000000002,1.3883098395266549,2.4996081744227006,80.92921634884542,70.93078365115463,83.42882452326812,68.43117547673192,85.92843269769082,65.93156730230922
20171030,RADL3,RAIADROGASI,78.1,78.2,76.4,77.17,66936131.0,77.74450000000003,76.12550000000002,1.2492923259948776,2.26673825301733,80.65897650603468,71.59202349396536,82.925714759052,69.32528524094803,85.19245301206934,67.0585469879307
20171031,RADL3,RAIADROGASI,76.95,79.46,76.95,78.21,92950281.0,77.87300000000002,76.31875000000002,1.1496319777262425,2.096184797466089,80.5111195949322,72.12638040506785,82.60730439239829,70.03019560760175,84.70348918986438,67.93401081013566
20171101,RADL3,RAIADROGASI,78.89,80.66,78.89,78.92,104504340.0,77.91300000000004,76.53675000000003,1.1723709669770712,1.8864705717154595,80.30969114343094,72.76380885656911,82.1961617151464,70.87733828485365,84.08263228686187,68.99086771313819
20171103,RADL3,RAIADROGASI,78.93,80.5,78.18,79.99,113053336.0,77.96700000000003,76.72650000000002,1.2434294680863451,1.8408756974149716,80.40825139482996,73.04474860517007,82.24912709224493,71.2038729077551,84.0900027896599,69.36299721034013
20171106,RADL3,RAIADROGASI,80.59,81.24,79.59,80.81,70233520.0,78.02100000000003,76.91225000000001,1.3434515641672342,1.869182582210935,80.65061516442188,73.17388483557815,82.51979774663282,71.30470225336721,84.38898032884376,69.43551967115627
20171107,RADL3,RAIADROGASI,80.42,81.95,79.78,81.0,123088683.0,78.13250000000002,77.07475000000002,1.493092428485335,1.935461235030915,80.94567247006185,73.2038275299382,82.88113370509276,71.26836629490728,84.81659494012368,69.33290505987637
20171108,RADL3,RAIADROGASI,81.17,82.55,80.2,82.0,98896138.0,78.29000000000003,77.23725000000002,1.7214406451391464,2.068173959230877,81.37359791846177,73.10090208153827,83.44177187769264,71.03272812230739,85.50994583692352,68.96455416307651
20171109,RADL3,RAIADROGASI,81.9,82.78,81.27,81.27,121429930.0,78.40950000000002,77.36525000000002,1.8432022335284999,2.15574365478085,81.67673730956172,73.05376269043832,83.83248096434257,70.89801903565747,85.98822461912341,68.74227538087662
20171110,RADL3,RAIADROGASI,81.31,81.61,80.58,80.91,99991803.0,78.53750000000004,77.50050000000002,1.9258870136832862,2.2048686803153577,81.91023736063073,73.0907626393693,84.11510604094609,70.88589395905394,86.31997472126145,68.68102527873859
20171113,RADL3,RAIADROGASI,80.5,80.5,79.29,80.03,102673471.0,78.61900000000003,77.59875000000002,1.954045466259874,2.228298405073021,82.05534681014606,73.14215318985399,84.28364521521908,70.91385478478097,86.5119436202921,68.68555637970795
20171114,RADL3,RAIADROGASI,80.02,80.7,79.3,79.3,131999585.0,78.64050000000002,77.66550000000002,1.959311036268195,2.238502189251048,82.14250437850212,73.18849562149792,84.38100656775316,70.94999343224688,86.61950875700421,68.71149124299583
20171116,RADL3,RAIADROGASI,78.99,81.55,78.41,80.75,76865382.0,78.82150000000001,77.77175000000003,1.97953018083644,2.282199667100252,82.33614933420053,73.20735066579952,84.61834900130079,70.92515099869927,86.90054866840103,68.64295133159902
20171117,RADL3,RAIADROGASI,80.2,84.95,80.2,84.4,140791696.0,79.11350000000002,77.96275000000001,2.3373202717282506,2.504251756308465,82.97125351261694,72.95424648738309,85.47550526892542,70.44999473107461,87.97975702523388,67.94574297476615
20171121,RADL3,RAIADROGASI,84.95,87.13,84.69,86.65,191059355.0,79.55700000000003,78.24650000000001,2.8551432815000712,2.8181522861073285,83.88280457221467,72.61019542778536,86.700956858322,69.79204314167802,89.51910914442932,66.9738908555707
20171122,RADL3,RAIADROGASI,86.38,87.75,85.88,86.45,152321482.0,80.05900000000003,78.516,3.141025477870536,3.0696661473863736,84.65533229477275,72.37666770522726,87.72499844215912,69.30700155784089,90.7946645895455,66.2373354104545
20171123,RADL3,RAIADROGASI,86.45,87.26,85.9,87.0,54969116.0,80.60100000000003,78.82475000000001,3.3604102193192893,3.2844247730376197,85.39359954607525,72.25590045392477,88.67802431911286,68.97147568088715,91.9624490921505,65.68705090784952
20171124,RADL3,RAIADROGASI,86.98,89.12,86.3,88.51,127568007.0,81.18500000000003,79.18175000000001,3.671121297226178,3.538450977548289,86.25865195509658,72.10484804490343,89.79710293264488,68.56639706735514,93.33555391019317,65.02794608980685
20171127,RADL3,RAIADROGASI,88.05,90.18,88.01,89.85,134466301.0,81.80600000000001,79.57050000000001,4.034945248438322,3.830511079243176,87.23152215848636,71.90947784151366,91.06203323772954,68.07896676227048,94.89254431697272,64.2484556830273
20171128,RADL3,RAIADROGASI,89.91,92.0,89.14,89.76,184498122.0,82.54400000000001,79.9775,4.074222431465039,4.0266597151408305,88.03081943028167,71.92418056971835,92.05747914542249,67.89752085457752,96.08413886056333,63.870861139436684
20171129,RADL3,RAIADROGASI,90.18,90.83,88.26,88.59,147154787.0,83.0785,80.35725000000001,4.133687375188131,4.10593316012136,88.56911632024273,72.14538367975729,92.6750494803641,68.03945051963592,96.78098264048545,63.93351735951457
20171130,RADL3,RAIADROGASI,88.29,89.46,87.51,88.0,228694792.0,83.62,80.68225000000001,4.026925168883792,4.1847565180526525,89.05176303610531,72.31273696389471,93.23651955415797,68.12798044584206,97.42127607221062,63.943223927789404
20171201,RADL3,RAIADROGASI,87.52,89.52,86.76,87.68,90419364.0,84.0935,80.98325000000001,3.912448788970416,4.24534579999533,89.47394159999067,72.49255840000936,93.719287399986,68.24721260001402,97.96463319998134,64.00186680001869
20171204,RADL3,RAIADROGASI,87.81,88.19,86.83,86.98,119491175.0,84.4965,81.20475000000002,3.763791865994533,4.322557995933039,89.8498659918661,72.55963400813394,94.17242398779914,68.2370760122009,98.49498198373217,63.91451801626786
20171205,RADL3,RAIADROGASI,87.45,88.43,86.86,87.3,120756096.0,84.862,81.41450000000002,3.6565422262886385,4.411006600626295,90.2365132012526,72.59248679874743,94.6475198018789,68.18148019812114,99.0585264025052,63.77047359749484
20171206,RADL3,RAIADROGASI,86.9,87.99,85.73,87.6,148825249.0,85.2015,81.61125000000001,3.574827599818116,4.5083871625773,90.62802432515461,72.59447567484541,95.13641148773192,68.0860885122681,99.64479865030921,63.57770134969081
20171207,RADL3,RAIADROGASI,86.64,88.64,86.3,88.0,94254984.0,85.5515,81.84200000000001,3.4833245991664628,4.594618479738927,91.03123695947787,72.65276304052216,95.62585543921679,68.05814456078323,100.22047391895572,63.46352608104431
20171208,RADL3,RAIADROGASI,88.99,89.0,87.63,88.0,49214895.0,85.8515,82.07075000000002,3.4191369717487565,4.6690087826882465,91.40876756537651,72.73273243462353,96.07777634806476,68.06372365193528,100.74678513075301,63.39471486924703
20171211,RADL3,RAIADROGASI,87.79,88.92,87.0,87.68,95762316.0,86.172,82.29075000000002,3.2639846490867575,4.721833839483529,91.73441767896708,72.84708232103296,96.4562515184506,68.12524848154943,101.17808535793414,63.4034146420659
20171212,RADL3,RAIADROGASI,87.68,87.68,85.79,86.3,95919003.0,86.44149999999999,82.48950000000002,3.020051019088099,4.719021492444519,91.92754298488906,73.05145701511098,96.64656447733358,68.33243552266646,101.3655859697781,63.613414030221946
20171213,RADL3,RAIADROGASI,87.95,88.78,86.12,86.5,124351538.0,86.765,82.69200000000002,2.616712481440532,4.712822770011396,92.1176455400228,73.26635445997724,96.8304683100342,68.55353168996584,101.5432910800456,63.84070891995444
20171214,RADL3,RAIADROGASI,86.07,87.42,85.41,86.69,84186415.0,87.1345,82.88750000000002,1.9418560708766153,4.71240792605414,92.3123158521083,73.46268414789174,97.02472377816244,68.7502762218376,101.73713170421658,64.03786829578345
20171215,RADL3,RAIADROGASI,86.7,88.65,86.29,87.8,171447131.0,87.487,83.15425000000002,1.2320547663837023,4.680024045248268,92.51429809049655,73.79420190950349,97.19432213574483,69.11417786425521,101.87434618099309,64.43415381900695
20171218,RADL3,RAIADROGASI,88.5,88.66,86.6,87.4,85878694.0,87.637,83.37525000000002,0.9965524783500608,4.666212425236905,92.70767485047384,74.04282514952621,97.37388727571074,69.3766127242893,102.04009970094765,64.7104002990524
20171219,RADL3,RAIADROGASI,87.29,88.31,86.71,87.15,71270521.0,87.662,83.60950000000003,0.9765600205233655,4.6130111140621475,92.83552222812432,74.38347777187573,97.44853334218647,69.77046665781359,102.06154445624861,65.15745554375144
20171220,RADL3,RAIADROGASI,87.24,89.71,87.24,88.9,61017467.0,87.78450000000001,83.92175000000003,0.9701680538092194,4.535251039047213,92.99225207809445,74.85124792190561,97.52750311714166,70.3159968828584,102.06275415618889,65.78074584381118
20171221,RADL3,RAIADROGASI,88.91,90.0,88.57,89.8,64589259.0,87.9245,84.26275000000004,1.0497642592508047,4.448651185673493,93.16005237134702,75.36544762865306,97.60870355702052,70.91679644297956,102.05735474269402,66.46814525730606
20171222,RADL3,RAIADROGASI,89.0,90.28,88.9,89.98,28525220.0,87.998,84.59150000000004,1.14045974109261,4.370494045886287,93.33248809177262,75.85051190822746,97.70298213765889,71.48001786234119,102.07347618354518,67.1095238164549
20171226,RADL3,RAIADROGASI,89.56,90.83,89.56,89.59,29725016.0,87.985,84.89550000000006,1.1195276259492444,4.281590855792915,93.45868171158588,76.33231828841423,97.7402725673788,72.05072743262131,102.02186342317171,67.7691365768284
20171227,RADL3,RAIADROGASI,90.4,91.0,89.98,90.64,35597435.0,88.02900000000001,85.28650000000005,1.2068484403168152,4.063319061416544,93.41313812283313,77.15986187716696,97.47645718424968,73.09654281575041,101.53977624566622,69.03322375433387
20171228,RADL3,RAIADROGASI,90.75,91.8,90.26,91.8,79542386.0,88.18950000000001,85.63400000000004,1.4701180582740814,4.0094342589600185,93.65286851792008,77.61513148208,97.6623027768801,73.60569722311999,101.67173703584012,69.59626296415996
