DATA DO PREGAO,CODIGO DE NEGOCIACAO DO PAPEL,NOME RESUMIDO DA EMPRESA EMISSORA,PRECO DE ABERTURA,PRECO MAXIMO,PRECO MINIMO,PRECO FECHAMENTO,VOLUME TOTAL DE TITULOS NEGOCIADOS NESTE PAPEL,MA_20,MA_40,STD_20,STD_40,BANDA_1_40 SUPERIOR,BANDA_1_40 INFERIOR,BANDA_2_40 SUPERIOR,BANDA_2_40 INFERIOR,BANDA_3_40 SUPERIOR,BANDA_3_40 INFERIOR
20170102,SEER3,SER EDUCA,18.45,18.59,18.16,18.5,1608281.0,0.0,0.0,0.0,0.0,0.0,0.0,0.0,0.0,0.0,0.0
20170103,SEER3,SER EDUCA,18.49,19.34,18.49,19.23,5169294.0,0.0,0.0,0.0,0.0,0.0,0.0,0.0,0.0,0.0,0.0
20170104,SEER3,SER EDUCA,19.23,19.68,18.79,19.1,4338802.0,0.0,0.0,0.0,0.0,0.0,0.0,0.0,0.0,0.0,0.0
20170105,SEER3,SER EDUCA,19.13,19.56,18.28,18.34,3721391.0,0.0,0.0,0.0,0.0,0.0,0.0,0.0,0.0,0.0,0.0
20170106,SEER3,SER EDUCA,18.44,19.33,17.86,18.99,5152416.0,0.0,0.0,0.0,0.0,0.0,0.0,0.0,0.0,0.0,0.0
20170109,SEER3,SER EDUCA,18.84,19.28,18.6,18.69,2176510.0,0.0,0.0,0.0,0.0,0.0,0.0,0.0,0.0,0.0,0.0
20170110,SEER3,SER EDUCA,18.69,18.96,18.1,18.32,5213791.0,0.0,0.0,0.0,0.0,0.0,0.0,0.0,0.0,0.0,0.0
20170111,SEER3,SER EDUCA,18.33,19.1,17.9,18.91,6001525.0,0.0,0.0,0.0,0.0,0.0,0.0,0.0,0.0,0.0,0.0
20170112,SEER3,SER EDUCA,18.97,19.65,18.53,19.0,11608087.0,0.0,0.0,0.0,0.0,0.0,0.0,0.0,0.0,0.0,0.0
20170113,SEER3,SER EDUCA,19.17,19.59,19.0,19.59,5519813.0,0.0,0.0,0.0,0.0,0.0,0.0,0.0,0.0,0.0,0.0
20170116,SEER3,SER EDUCA,19.4,20.57,19.4,20.35,4681933.0,0.0,0.0,0.0,0.0,0.0,0.0,0.0,0.0,0.0,0.0
20170117,SEER3,SER EDUCA,20.45,20.45,19.79,20.15,3615190.0,0.0,0.0,0.0,0.0,0.0,0.0,0.0,0.0,0.0,0.0
20170118,SEER3,SER EDUCA,20.15,20.32,18.74,18.74,6292415.0,0.0,0.0,0.0,0.0,0.0,0.0,0.0,0.0,0.0,0.0
20170119,SEER3,SER EDUCA,18.9,19.01,18.4,18.4,6471494.0,0.0,0.0,0.0,0.0,0.0,0.0,0.0,0.0,0.0,0.0
20170120,SEER3,SER EDUCA,18.45,18.97,18.31,18.71,4872704.0,0.0,0.0,0.0,0.0,0.0,0.0,0.0,0.0,0.0,0.0
20170123,SEER3,SER EDUCA,18.34,18.68,17.99,18.34,4432954.0,0.0,0.0,0.0,0.0,0.0,0.0,0.0,0.0,0.0,0.0
20170124,SEER3,SER EDUCA,18.38,18.88,17.75,17.9,6979274.0,0.0,0.0,0.0,0.0,0.0,0.0,0.0,0.0,0.0,0.0
20170126,SEER3,SER EDUCA,17.82,18.76,17.82,18.64,4081985.0,0.0,0.0,0.0,0.0,0.0,0.0,0.0,0.0,0.0,0.0
20170127,SEER3,SER EDUCA,18.76,18.76,18.01,18.01,3071077.0,0.0,0.0,0.0,0.0,0.0,0.0,0.0,0.0,0.0,0.0
20170130,SEER3,SER EDUCA,18.15,18.2,17.88,17.93,2619013.0,18.791999999999994,0.0,0.6631233909152549,0.0,0.0,0.0,0.0,0.0,0.0,0.0
20170131,SEER3,SER EDUCA,17.95,18.17,17.47,17.74,5016628.0,18.753999999999998,0.0,0.7014076073004525,0.0,0.0,0.0,0.0,0.0,0.0,0.0
20170201,SEER3,SER EDUCA,17.75,17.8,17.15,17.28,5213184.0,18.656499999999994,0.0,0.7644556026487406,0.0,0.0,0.0,0.0,0.0,0.0,0.0
20170202,SEER3,SER EDUCA,17.34,17.6,17.04,17.34,8306098.0,18.568499999999993,0.0,0.8106220808087654,0.0,0.0,0.0,0.0,0.0,0.0,0.0
20170203,SEER3,SER EDUCA,17.44,17.44,16.71,16.89,9079483.0,18.49599999999999,0.0,0.8928098754405697,0.0,0.0,0.0,0.0,0.0,0.0,0.0
20170206,SEER3,SER EDUCA,16.9,17.27,16.38,17.09,5291391.0,18.40099999999999,0.0,0.9374483845440259,0.0,0.0,0.0,0.0,0.0,0.0,0.0
20170207,SEER3,SER EDUCA,16.99,17.07,16.63,16.8,5438073.0,18.306499999999993,0.0,0.9999593412786932,0.0,0.0,0.0,0.0,0.0,0.0,0.0
20170208,SEER3,SER EDUCA,16.83,17.19,16.55,16.79,5846023.0,18.229999999999993,0.0,1.0558359122913945,0.0,0.0,0.0,0.0,0.0,0.0,0.0
20170209,SEER3,SER EDUCA,16.79,17.1,16.55,16.8,9006176.0,18.12449999999999,0.0,1.0892028712488926,0.0,0.0,0.0,0.0,0.0,0.0,0.0
20170210,SEER3,SER EDUCA,16.71,17.66,16.69,17.58,21156731.0,18.053499999999993,0.0,1.0753225954152155,0.0,0.0,0.0,0.0,0.0,0.0,0.0
20170213,SEER3,SER EDUCA,17.62,18.39,17.62,18.17,8208252.0,17.982499999999995,0.0,1.0136431168912656,0.0,0.0,0.0,0.0,0.0,0.0,0.0
20170214,SEER3,SER EDUCA,18.39,18.6,18.06,18.35,4988233.0,17.882499999999993,0.0,0.8538450186008344,0.0,0.0,0.0,0.0,0.0,0.0,0.0
20170215,SEER3,SER EDUCA,18.36,18.77,18.35,18.35,7683180.0,17.792499999999997,0.0,0.6792788358561522,0.0,0.0,0.0,0.0,0.0,0.0,0.0
20170216,SEER3,SER EDUCA,18.43,18.87,18.12,18.66,7062918.0,17.788499999999996,0.0,0.6736176879162754,0.0,0.0,0.0,0.0,0.0,0.0,0.0
20170217,SEER3,SER EDUCA,18.69,19.49,18.37,19.11,8312483.0,17.823999999999998,0.0,0.7243392633435233,0.0,0.0,0.0,0.0,0.0,0.0,0.0
20170220,SEER3,SER EDUCA,19.1,19.45,18.85,19.11,3661162.0,17.844,0.0,0.7549653181298682,0.0,0.0,0.0,0.0,0.0,0.0,0.0
20170221,SEER3,SER EDUCA,19.13,19.68,18.89,19.68,42920829.0,17.911,0.0,0.8542334205836789,0.0,0.0,0.0,0.0,0.0,0.0,0.0
20170222,SEER3,SER EDUCA,19.66,19.66,18.57,19.21,11778809.0,17.9765,0.0,0.9022210897207132,0.0,0.0,0.0,0.0,0.0,0.0,0.0
20170223,SEER3,SER EDUCA,19.45,19.66,18.76,19.07,8927249.0,17.998,0.0,0.9237315627388673,0.0,0.0,0.0,0.0,0.0,0.0,0.0
20170224,SEER3,SER EDUCA,19.04,19.15,18.6,18.9,3502529.0,18.0425,0.0,0.94552060290948,0.0,0.0,0.0,0.0,0.0,0.0,0.0
20170301,SEER3,SER EDUCA,18.9,19.1,18.41,18.8,3290175.0,18.086000000000002,18.438999999999997,0.9599747803704849,0.8893783481476499,20.217756696295297,16.660243303704696,21.107135044442945,15.770864955557046,21.996513392590597,14.881486607409396
20170302,SEER3,SER EDUCA,19.04,19.04,18.32,18.49,6734517.0,18.1235,18.438749999999995,0.9603961627753816,0.8893621670065353,20.217474334013065,16.660025665986925,21.1068365010196,15.77066349898039,21.996198668026135,14.881301331973855
20170303,SEER3,SER EDUCA,18.5,18.86,18.25,18.4,3917982.0,18.1795,18.417999999999996,0.941082663184995,0.8800617693938955,20.178123538787787,16.657876461212204,21.05818530818168,15.77781469181831,21.93824707757558,14.897752922424413
20170306,SEER3,SER EDUCA,18.41,18.78,18.28,18.28,4477972.0,18.2265,18.397499999999994,0.920190340721902,0.8732924731095187,20.14408494621903,16.650915053780956,21.01737741932855,15.777622580671437,21.89066989243807,14.904330107561918
20170307,SEER3,SER EDUCA,18.3,18.86,18.3,18.5,4535399.0,18.307000000000002,18.40149999999999,0.8659409242035646,0.8733887729516248,20.14827754590324,16.654722454096742,21.021666318854866,15.781333681145117,21.89505509180649,14.907944908193492
20170308,SEER3,SER EDUCA,18.52,18.75,17.44,17.7,6669262.0,18.337500000000002,18.369249999999994,0.8308516556426957,0.8749165161639173,20.11908303232783,16.61941696767216,20.993999548491747,15.744500451508241,21.868916064655664,14.869583935344325
20170309,SEER3,SER EDUCA,17.8,18.19,17.55,17.84,2595943.0,18.3895,18.347999999999992,0.7589984744454533,0.8772456896445805,20.10249137928915,16.593508620710832,20.979737068933733,15.71626293106625,21.856982758578315,14.83901724142167
20170310,SEER3,SER EDUCA,18.0,18.31,17.7,18.3,2568560.0,18.465,18.34749999999999,0.6601873737213191,0.8772677572718113,20.102035514543612,16.592964485456367,20.979303271815425,15.715696728184556,21.856571029087235,14.838428970912744
20170313,SEER3,SER EDUCA,18.3,18.45,17.7,17.8,5008229.0,18.515,18.319749999999992,0.5573008258798084,0.8765740055348907,20.072898011069775,16.56660198893021,20.949472016604666,15.69002798339532,21.826046022139554,14.81345397786043
20170314,SEER3,SER EDUCA,17.88,18.02,17.59,17.8,2585319.0,18.526000000000003,18.28974999999999,0.5397699314961599,0.8732241686519814,20.036198337303954,16.543301662696027,20.909422505955934,15.670077494044047,21.782646674607918,14.796853325392066
20170315,SEER3,SER EDUCA,17.8,18.72,17.6,18.72,3033465.0,18.5535,18.26799999999999,0.5346644299292596,0.850547938021009,19.969095876042008,16.566904123957972,20.819643814063017,15.716356185936963,21.670191752084026,14.865808247915954
20170316,SEER3,SER EDUCA,18.71,19.01,18.44,18.5,5025107.0,18.561,18.22174999999999,0.5327080764704468,0.7819662511571155,19.78568250231422,16.65781749768576,20.567648753471335,15.875851246528644,21.34961500462845,15.093884995371528
20170317,SEER3,SER EDUCA,19.12,19.35,18.49,19.0,7965539.0,18.5935,18.19299999999999,0.538949026004854,0.7285714860303039,19.6501429720606,16.73585702793938,20.378714458090904,16.007285541909077,21.107285944121205,15.278714055878776
20170320,SEER3,SER EDUCA,18.73,18.99,18.31,18.99,3226997.0,18.609999999999996,18.19924999999999,0.5460961935699433,0.7344329314302469,19.668115862860482,16.730384137139495,20.40254879429073,15.995951205709247,21.136981725720975,15.261518274279002
20170321,SEER3,SER EDUCA,18.96,18.96,18.27,18.41,10733902.0,18.574999999999996,18.19949999999999,0.5346764885128412,0.7345047171306489,19.66850943426129,16.73049056573869,20.403014151391936,15.995985848608044,21.137518868522584,15.261481131477394
20170322,SEER3,SER EDUCA,18.29,18.49,18.0,18.22,7090101.0,18.530499999999996,18.187249999999988,0.5247503165666912,0.7298436344650995,19.646937268930188,16.72756273106979,20.376780903395286,15.99771909660469,21.106624537860387,15.26787546213959
20170323,SEER3,SER EDUCA,18.16,18.5,18.06,18.35,4105597.0,18.463999999999995,18.18749999999999,0.45041968733264914,0.7298990095229333,19.647298019045856,16.727701980954123,20.37719702856879,15.99780297143119,21.107096038091722,15.267903961908257
20170324,SEER3,SER EDUCA,18.2,18.63,17.91,18.63,5950023.0,18.434999999999995,18.205749999999988,0.4173159852904585,0.7316503561057963,19.66905071221158,16.742449287788396,20.400701068317375,16.0107989316826,21.132351424423174,15.279148575576802
20170327,SEER3,SER EDUCA,18.59,18.74,18.23,18.7,3284723.0,18.416499999999996,18.20724999999999,0.395305012150842,0.7326243221705735,19.67249864434114,16.742001355658843,20.405122966511712,16.00937703348827,21.137747288682284,15.276752711317698
20170328,SEER3,SER EDUCA,18.68,19.16,18.44,18.95,4772039.0,18.418999999999997,18.230749999999993,0.3986675174549372,0.7411612077661854,19.713072415532363,16.748427584467624,20.45423362329855,16.007266376701438,21.195394831064736,15.266105168935251
20170329,SEER3,SER EDUCA,19.0,19.75,18.69,19.75,8803226.0,18.466499999999996,18.276249999999994,0.49209835345557,0.777212928287629,19.83067585657525,16.721824143424737,20.60788878486288,15.944611215137106,21.38510171315051,15.167398286849478
20170330,SEER3,SER EDUCA,19.6,19.89,19.33,19.85,11963597.0,18.534499999999998,18.328999999999994,0.5813819742647688,0.810763489494582,19.950526978989156,16.70747302101083,20.76129046848374,15.896709531516247,21.572053957978323,15.085946042021666
20170331,SEER3,SER EDUCA,19.79,20.56,19.64,20.5,5625946.0,18.639499999999998,18.409499999999994,0.7271680830816443,0.8621646877006415,20.133829375401277,16.68517062459871,20.995994063101918,15.82300593689807,21.85815875080256,14.96084124919743
20170403,SEER3,SER EDUCA,20.56,21.28,20.54,20.9,12624042.0,18.7705,18.498499999999993,0.8791172306712914,0.9300084091155506,20.358516818231095,16.63848318176889,21.288525227346646,15.708474772653341,22.218533636462194,14.77846636353779
20170404,SEER3,SER EDUCA,20.8,21.4,20.8,21.25,10204631.0,18.907999999999998,18.607499999999995,1.0356975782940763,0.9902078258939059,20.587915651787807,16.627084348212183,21.57812347768171,15.636876522318277,22.56833130357562,14.64666869642437
20170405,SEER3,SER EDUCA,21.25,21.6,21.17,21.3,9294743.0,19.088,18.712749999999993,1.1237887046200392,1.0468952571710208,20.806540514342036,16.61895948565795,21.853435771513055,15.57206422848693,22.900331028684075,14.52516897131591
20170406,SEER3,SER EDUCA,21.27,22.14,21.27,22.01,15139877.0,19.2965,18.842999999999993,1.2587850240776282,1.124075004341176,21.091150008682344,16.59484999131764,22.21522501302352,15.470774986976465,23.339300017364696,14.34669998263529
20170407,SEER3,SER EDUCA,22.2,22.79,22.2,22.7,19098942.0,19.5165,18.990749999999995,1.446030046277343,1.230662501381956,21.452075002763905,16.529424997236084,22.682737504145862,15.298762495854128,23.91340000552782,14.06809999447217
20170410,SEER3,SER EDUCA,22.7,23.49,22.46,23.39,13223870.0,19.796,19.155499999999996,1.6258484424738837,1.3637710726003622,21.883042145200722,16.42795785479927,23.246813217801083,15.06418678219891,24.610584290401444,13.700415709598548
20170411,SEER3,SER EDUCA,23.35,23.69,23.04,23.19,10704175.0,20.065499999999997,19.295749999999995,1.721487957981033,1.481018165888695,22.257786331777385,16.333713668222604,23.73880449766608,14.85269550233391,25.219822663554773,13.371677336445215
20170412,SEER3,SER EDUCA,23.18,23.94,23.16,23.8,21166728.0,20.319499999999998,19.436499999999995,1.8799873319842022,1.6311998887086412,22.698899777417278,16.174100222582712,24.330099666125918,14.542900333874073,25.96129955483456,12.91170044516543
20170413,SEER3,SER EDUCA,23.85,24.24,23.53,23.9,9383553.0,20.589499999999997,19.575249999999993,1.9895000033068417,1.7668166179709959,23.108883235941985,16.041616764058002,24.87569985391298,14.274800146087006,26.642516471883976,12.50798352811601
20170417,SEER3,SER EDUCA,23.9,24.2,23.26,23.75,12119770.0,20.826999999999998,19.710249999999995,2.0715900325976486,1.873857241504397,23.457964483008787,15.9625355169912,25.331821724513187,14.088678275486803,27.205678966017583,12.214821033982407
20170418,SEER3,SER EDUCA,23.47,24.06,23.45,23.97,5065046.0,21.076,19.842999999999996,2.1374121096119536,1.9824863953359966,23.80797279067199,15.878027209328003,25.790459186007986,13.895540813992007,27.772945581343983,11.91305441865601
20170419,SEER3,SER EDUCA,23.85,24.14,23.8,23.91,5085596.0,21.351,19.962999999999994,2.1301541827072756,2.079860942097222,24.122721884194437,15.80327811580555,26.20258282629166,13.723417173708327,28.28244376838888,11.643556231611106
20170420,SEER3,SER EDUCA,23.75,24.2,23.75,24.2,5058803.0,21.65,20.090249999999994,2.086790534970424,2.179648863158163,24.449547726316318,15.730952273683668,26.629196589474482,13.551303410525506,28.808845452632646,11.371654547367342
20170424,SEER3,SER EDUCA,24.24,24.64,23.99,24.44,6842915.0,21.9545,20.209249999999997,2.0232711268220154,2.284111663151256,24.77747332630251,15.641026673697485,27.061584989453763,13.35691501054623,29.34569665260502,11.072803347394974
20170425,SEER3,SER EDUCA,24.22,24.69,24.22,24.65,6113700.0,22.255499999999998,20.345249999999997,1.9490928389219677,2.3829059909149723,25.11106198182994,15.579438018170052,27.49396797274491,13.19653202725508,29.876873963659886,10.813626036340107
20170426,SEER3,SER EDUCA,24.67,24.67,24.04,24.35,16722252.0,22.538,20.477249999999994,1.8112153523619545,2.455585978946778,25.38842195789355,15.566078042106438,27.844007936840327,13.110492063159661,30.299593915787106,10.654906084212882
20170427,SEER3,SER EDUCA,24.3,24.41,23.83,24.2,3840325.0,22.8005,20.60975,1.6357823655268102,2.5106700377511864,25.63109007550237,15.588409924497626,28.141760113253557,13.07773988674644,30.652430151004744,10.567069848995253
20170428,SEER3,SER EDUCA,24.3,24.53,24.19,24.5,3885073.0,23.038,20.752249999999997,1.5095227548362737,2.566458687044796,25.88516737408959,15.619332625910404,28.451626061134384,13.05287393886561,31.01808474817918,10.486415251820812
20170502,SEER3,SER EDUCA,24.58,25.54,24.51,25.3,7288665.0,23.310499999999998,20.922499999999996,1.3909991675808453,2.637435380178136,26.197370760356268,15.647629239643724,28.834806140534404,13.010193859465588,31.47224152071254,10.372758479287452
20170503,SEER3,SER EDUCA,25.04,25.51,24.85,24.88,5124789.0,23.5295,21.0845,1.2642429604937404,2.6772335032210464,26.43896700644209,15.730032993557906,29.116200509663138,13.05279949033686,31.793434012884184,10.375565987115813
20170504,SEER3,SER EDUCA,25.1,25.1,24.02,24.02,6871032.0,23.685499999999998,21.227999999999998,1.1051909813526546,2.676889890746254,26.581779781492507,15.874220218507489,29.25866967223876,13.197330327761236,31.935559562985013,10.520440437014981
20170505,SEER3,SER EDUCA,24.02,25.05,23.84,24.0,11309767.0,23.823,21.365499999999997,0.9458112641370421,2.6744258430069805,26.71435168601396,16.016648313986035,29.38877752902094,13.342222470979056,32.06320337202792,10.667796627972075
20170508,SEER3,SER EDUCA,23.89,25.2,23.89,25.0,10243652.0,24.008,21.547999999999995,0.77228028726969,2.6669440881336035,26.881888176267204,16.214111823732786,29.548832264400804,13.547167735599185,32.215776352534405,10.88022364746558
20170509,SEER3,SER EDUCA,25.03,25.78,24.98,25.73,11130519.0,24.194,21.745249999999995,0.7113101329682119,2.6774202925721116,27.10009058514422,16.39040941485577,29.77751087771633,13.71298912228366,32.45493117028844,11.035568829711549
20170510,SEER3,SER EDUCA,25.79,25.8,25.01,25.11,21264101.0,24.314500000000002,21.915499999999998,0.6460362952164082,2.6692310906672403,27.25396218133448,16.577037818665517,29.92319327200172,13.907806727998278,32.59242436266896,11.238575637331037
20170511,SEER3,SER EDUCA,25.2,25.81,25.2,25.6,9626532.0,24.425000000000004,22.1105,0.6682065548916019,2.6456746994641325,27.401849398928263,16.819150601071733,30.047524098392394,14.1734759016076,32.693198797856525,11.527801202143468
20170512,SEER3,SER EDUCA,25.6,25.95,25.23,25.52,27381198.0,24.541500000000006,22.3035,0.6442398621632366,2.60442675419155,27.5123535083831,17.0946464916169,30.11678026257465,14.49021973742535,32.7212070167662,11.8857929832338
20170515,SEER3,SER EDUCA,25.35,25.41,24.67,25.22,39535009.0,24.612500000000004,22.466,0.6364198796062257,2.5777487693622763,27.621497538724554,17.310502461275448,30.199246308086828,14.732753691913173,32.77699507744911,12.155004922550896
20170516,SEER3,SER EDUCA,25.09,26.0,25.09,25.8,11837700.0,24.707500000000003,22.6485,0.6656051856453679,2.548005303299237,27.744510606598475,17.552489393401522,30.29251590989771,15.004484090102288,32.84052121319695,12.45647878680305
20170517,SEER3,SER EDUCA,25.84,26.12,25.64,25.7,9123878.0,24.805000000000007,22.816,0.6607690893752495,2.522101077703639,27.860202155407276,17.771797844592722,30.382303233110918,15.249696766889082,32.904404310814556,12.727595689185444
20170518,SEER3,SER EDUCA,22.01,24.27,21.75,21.9,8016052.0,24.701500000000003,22.888749999999998,0.9125803497429429,2.4498447753024952,27.788439550604988,17.98906044939501,30.238284325907486,15.539215674092512,32.68812910120998,13.089370898790017
20170519,SEER3,SER EDUCA,22.25,23.8,22.0,23.8,16254329.0,24.696,23.0235,0.9179175516238139,2.34308973092784,27.70967946185568,18.33732053814432,30.05276919278352,15.994230807216478,32.39585892371136,13.651141076288638
20170522,SEER3,SER EDUCA,23.4,23.47,22.2,22.7,9218047.0,24.621000000000002,23.1355,1.0165571410662262,2.210940106345299,27.5573802126906,18.7136197873094,29.768320319035897,16.502679680964103,31.9792604253812,14.291739574618804
20170523,SEER3,SER EDUCA,22.7,23.06,22.16,22.2,8093248.0,24.509,23.231749999999998,1.1519315586394787,2.077014483980956,27.38577896796191,19.077721032038085,29.462793451942865,17.00070654805713,31.53980793592382,14.923692064076175
20170524,SEER3,SER EDUCA,22.33,22.91,21.89,22.91,9334940.0,24.422000000000004,23.338749999999997,1.2051975160245232,1.9395680030515936,27.217886006103186,19.45961399389681,29.157454009154776,17.52004599084522,31.097022012206374,15.580477987793623
20170525,SEER3,SER EDUCA,22.89,23.57,22.8,22.85,7761829.0,24.347,23.4425,1.2555355326251465,1.7903254968344142,27.02315099366883,19.86184900633117,28.81347649050324,18.071523509496757,30.603801987337654,16.281198012662344
20170526,SEER3,SER EDUCA,22.75,24.1,22.7,23.62,15528920.0,24.318000000000005,23.55925,1.2657662543006962,1.635417907071229,26.830085814142457,20.28841418585754,28.465503721213686,18.65299627878631,30.100921628284915,17.017578371715082
20170529,SEER3,SER EDUCA,23.69,24.01,23.36,23.6,9357217.0,24.273000000000003,23.655499999999996,1.274920430953734,1.5142891198385948,26.684078239677184,20.62692176032281,28.19836735951578,19.11263264048421,29.712656479354376,17.598343520645617
20170530,SEER3,SER EDUCA,23.7,24.19,23.47,23.9,6384213.0,24.203000000000003,23.756749999999997,1.2538240454075686,1.383026016218953,26.5228020324379,20.99069796756209,27.905828048656858,19.607671951343136,29.288854064875807,18.224645935124187
20170531,SEER3,SER EDUCA,23.67,24.06,23.47,24.06,7830555.0,24.162000000000003,23.845749999999995,1.2438886394563282,1.2786849965933071,26.40311999318661,21.28838000681338,27.681804989779916,20.009695010220074,28.960489986373226,18.731010013626765
20170601,SEER3,SER EDUCA,24.0,24.0,23.31,23.61,7124463.0,24.141500000000004,23.913499999999996,1.2497169153136827,1.1871200876760983,26.28774017535219,21.5392598246478,27.47486026302829,20.3521397369717,28.66198035070439,19.1650196492956
20170602,SEER3,SER EDUCA,23.39,23.65,23.04,23.13,11485021.0,24.098000000000006,23.960499999999996,1.2698802264283737,1.1139234195470482,26.18834683909409,21.7326531609059,27.30227025864114,20.61872974135885,28.41619367818819,19.504806321811802
20170605,SEER3,SER EDUCA,23.2,23.37,22.77,23.25,4911278.0,24.010500000000004,24.009249999999998,1.264738271239126,1.0343296788816365,26.07790935776327,21.940590642236725,27.112239036644908,20.906260963355088,28.146568715526545,19.87193128447345
20170606,SEER3,SER EDUCA,23.44,23.7,22.9,23.7,5384267.0,23.909000000000002,24.051499999999997,1.1992405491547267,0.9838557065352905,26.01921141307058,22.083788586929415,27.00306711960587,21.099932880394125,27.98692282614116,20.116077173858834
20170607,SEER3,SER EDUCA,23.66,24.0,23.35,24.0,37626902.0,23.853500000000004,24.083999999999996,1.1659569144337523,0.9592299261814424,26.002459852362882,22.16554014763711,26.961689778544322,21.20631022145567,27.920919704725765,20.247080295274227
20170608,SEER3,SER EDUCA,24.19,24.2,23.13,23.4,9994331.0,23.7435,24.084249999999997,1.0940762746431012,0.959045699560849,26.002341399121697,22.166158600878298,26.961387098682543,21.20711290131745,27.920432798243393,20.2480672017566
20170609,SEER3,SER EDUCA,23.68,24.2,23.19,23.19,10975511.0,23.627000000000002,24.084249999999997,1.0162371252502658,0.959045699560849,26.002341399121697,22.166158600878298,26.961387098682543,21.20711290131745,27.920432798243393,20.2480672017566
20170612,SEER3,SER EDUCA,23.41,23.83,23.33,23.74,4459639.0,23.553000000000004,24.082749999999997,0.9455608193860275,0.9595484715379279,26.001846943075854,22.16365305692414,26.961395414613783,21.20410458538621,27.920943886151708,20.244556113848287
20170613,SEER3,SER EDUCA,24.06,24.06,23.2,23.75,4529058.0,23.4505,24.079,0.7869760579519256,0.9605735466176147,26.00014709323523,22.15785290676477,26.960720639852845,21.197279360147157,27.92129418647046,20.236705813529543
20170614,SEER3,SER EDUCA,23.98,23.98,23.45,23.74,3293734.0,23.352500000000003,24.07875,0.5893249929949506,0.9606626652526166,26.000075330505233,22.157424669494766,26.96073799575785,21.19676200424215,27.921400661010466,20.236099338989533
20170616,SEER3,SER EDUCA,23.73,23.93,23.38,23.93,4387728.0,23.454000000000004,24.077749999999998,0.49292254115532813,0.960799580210846,25.99934916042169,22.156150839578306,26.960148740632537,21.19535125936746,27.920948320843383,20.234551679156613
20170619,SEER3,SER EDUCA,23.92,23.92,23.57,23.85,3145336.0,23.456500000000005,24.076249999999998,0.49489259866217955,0.9611149708434947,25.998479941686988,22.15402005831301,26.959594912530484,21.192905087469512,27.920709883373977,20.23179011662602
20170620,SEER3,SER EDUCA,23.98,23.98,22.67,22.81,13597433.0,23.462000000000007,24.041499999999996,0.4865842275766804,0.9814394190847124,26.00437883816942,22.078621161830572,26.98581825725413,21.09718174274586,27.967257676338846,20.115742323661145
20170621,SEER3,SER EDUCA,22.9,23.13,22.61,22.8,14617500.0,23.492000000000008,24.000499999999995,0.4184004629162115,0.9984730650039918,25.99744613000798,22.00355386999201,26.99591919501197,21.00508080498802,27.994392260015964,20.006607739984027
20170622,SEER3,SER EDUCA,22.67,23.47,22.67,22.8,5451390.0,23.486500000000007,23.954249999999995,0.42708651902971734,1.0103918699045609,25.975033739809117,21.933466260190873,26.985425609713676,20.923074390286313,27.99581747961824,19.91268252038175
20170623,SEER3,SER EDUCA,22.69,23.49,22.69,23.3,5315390.0,23.509000000000007,23.92799999999999,0.4029614060141756,1.0134814331721225,25.954962866344236,21.901037133655745,26.968444299516356,20.887555700483624,27.98192573268848,19.8740742673115
20170626,SEER3,SER EDUCA,23.3,23.48,22.89,23.05,6241042.0,23.480500000000006,23.899249999999988,0.4146840902867159,1.0218444547697039,25.942938909539397,21.85556109046058,26.9647833643091,20.833716635690877,27.986627819078805,19.81187218092117
20170627,SEER3,SER EDUCA,23.17,23.2,22.81,23.07,4928092.0,23.454000000000004,23.86349999999999,0.4234867797601923,1.0252968300661,25.914093660132192,21.81290633986779,26.939390490198292,20.78760950980169,27.964687320264392,19.76231267973559
20170628,SEER3,SER EDUCA,23.14,23.66,22.94,23.59,12152374.0,23.438500000000005,23.820749999999993,0.4118159399794176,0.9991827108910528,25.819115421782097,21.82238457821789,26.818298132673153,20.823201867326834,27.817480843564205,19.82401915643578
20170629,SEER3,SER EDUCA,23.8,23.93,23.3,23.56,12980198.0,23.413500000000006,23.787749999999992,0.38649947232220355,0.9849989912789334,25.75774798255786,21.817752017442125,26.74274697383679,20.832753026163193,27.727745965115727,19.847754034884257
20170630,SEER3,SER EDUCA,23.83,24.95,23.79,24.5,22655182.0,23.458000000000006,23.799749999999992,0.45540727867894565,0.9908077189331135,25.78136543786622,21.818134562133764,26.772173156799333,20.82732684320065,27.762980875732445,19.83651912426754
20170703,SEER3,SER EDUCA,24.51,25.5,24.51,25.08,15288745.0,23.555500000000002,23.826749999999993,0.5746255073387271,1.0109157754868647,25.848581550973723,21.804918449026264,26.859497326460588,20.7940026735394,27.870413101947452,19.783086898052535
20170704,SEER3,SER EDUCA,25.08,25.33,24.63,25.04,4384866.0,23.645000000000003,23.82774999999999,0.6579033683644904,1.0121251759515104,25.852000351903012,21.80349964809697,26.864125527854522,20.79137447214546,27.876250703806033,19.77924929619395
20170705,SEER3,SER EDUCA,25.25,25.25,24.09,24.82,7004396.0,23.701000000000004,23.804999999999993,0.7085485534751012,0.9779203470263869,25.760840694052767,21.849159305947218,26.738761041079155,20.87123895892083,27.716681388105542,19.893318611894443
20170706,SEER3,SER EDUCA,24.49,24.82,24.3,24.53,5786526.0,23.727500000000003,23.79049999999999,0.7299089705321051,0.9622488350280421,25.714997670056075,21.866002329943907,26.677246505084117,20.903753494915865,27.63949534011216,19.941504659887823
20170707,SEER3,SER EDUCA,24.55,24.91,24.53,24.66,2906080.0,23.790500000000005,23.76699999999999,0.7541288107200087,0.9277853421054058,25.6225706842108,21.911429315789178,26.550356026316205,20.983643973683773,27.47814136842161,20.055858631578367
20170710,SEER3,SER EDUCA,24.78,24.93,24.45,24.66,17755863.0,23.864000000000008,23.74549999999999,0.7640914797808994,0.8955243414636199,25.53654868292723,21.95445131707275,26.43207302439085,21.05892697560913,27.32759736585447,20.16340263414551
20170711,SEER3,SER EDUCA,24.83,24.83,24.3,24.77,6173282.0,23.915500000000005,23.73424999999999,0.789580001613167,0.8792038575193624,25.492657715038714,21.975842284961264,26.371861572558075,21.096638427441903,27.25106543007744,20.21743456992254
20170712,SEER3,SER EDUCA,24.78,25.59,24.59,25.2,9552298.0,23.988000000000007,23.71924999999999,0.8386304624992224,0.8476071522913128,25.414464304582616,22.024035695417368,26.26207145687393,21.176428543126054,27.109678609165243,20.32882139083474
20170713,SEER3,SER EDUCA,25.35,25.38,24.4,24.58,5712923.0,24.030000000000005,23.69124999999999,0.8465533837738929,0.7975159752439038,25.286281950487798,22.09621804951218,26.0837979257317,21.298702074268277,26.881313900975606,20.501186099024373
20170714,SEER3,SER EDUCA,24.73,25.26,24.67,25.15,7874076.0,24.091,23.77249999999999,0.8821737506386537,0.7755981975885246,25.323696395177038,22.221303604822943,26.099294592765563,21.445705407234417,26.87489279035409,20.67010720964589
20170717,SEER3,SER EDUCA,25.09,25.22,25.03,25.19,2270339.0,24.158,23.807249999999993,0.913245225613221,0.8073508038720368,25.421951607744067,22.19254839225592,26.229302411616104,21.385197588383882,27.03665321548814,20.577846784511845
20170718,SEER3,SER EDUCA,25.08,25.2,24.5,25.2,4264197.0,24.2775,23.869749999999993,0.8834553871320897,0.8161557402283557,25.502061480456703,22.237438519543282,26.31821722068506,21.421282779314925,27.134372960913417,20.605127039086568
20170719,SEER3,SER EDUCA,25.18,25.52,24.77,25.15,5896081.0,24.395,23.943499999999993,0.831343237746869,0.7943988212349568,25.532297642469906,22.35470235753008,26.326696463704863,21.560303536295123,27.12109528493982,20.765904715060167
20170720,SEER3,SER EDUCA,25.13,25.34,24.73,25.23,2875924.0,24.5165,24.001499999999993,0.7605211163545246,0.8016666933205401,25.604833386641072,22.398166613358914,26.406500079961614,21.596499920038372,27.20816677328215,20.794833226717834
20170721,SEER3,SER EDUCA,24.98,25.38,24.94,25.2,3763248.0,24.6115,24.060249999999993,0.7180476087427156,0.8012249836088335,25.66269996721766,22.457800032782327,26.463924950826495,21.65657504917349,27.26514993443533,20.855350065564657
20170724,SEER3,SER EDUCA,25.33,25.52,25.07,25.3,4842888.0,24.723999999999997,24.10224999999999,0.631576140344702,0.821335646121453,25.744921292242896,22.459578707757085,26.56625693836435,21.63824306163563,27.3875925844858,20.81690741551418
20170725,SEER3,SER EDUCA,25.44,26.14,25.13,25.87,7072514.0,24.863999999999997,24.158999999999992,0.5508118410225085,0.8631035235171349,25.88520704703426,22.432792952965723,26.748310570551396,21.569689429448587,27.611414094068532,20.70658590593145
20170726,SEER3,SER EDUCA,25.87,26.29,25.65,25.77,6602875.0,24.973,24.20574999999999,0.4986624214099096,0.898628263749954,26.0030065274999,22.408493472500083,26.901634791249855,21.509865208750128,27.800263054999807,20.611236945000176
20170727,SEER3,SER EDUCA,25.68,26.18,25.67,26.07,6962797.0,25.098499999999998,24.255999999999993,0.4362794251877842,0.945257528333837,26.146515056667667,22.36548494333232,27.091772585001504,21.420227414998482,28.03703011333534,20.474969886664645
20170728,SEER3,SER EDUCA,26.14,26.81,25.82,26.01,16359363.0,25.174,24.315999999999995,0.45739997468537735,0.9787768400223323,26.27355368004466,22.35844631995533,27.25233052006699,21.379669479933,28.231107360089325,20.400892639910666
20170731,SEER3,SER EDUCA,26.15,26.41,25.0,25.59,10885587.0,25.199500000000004,24.377499999999994,0.466018691741769,0.9796303593833953,26.336760718766783,22.418239281233205,27.31639107815018,21.43860892184981,28.296021437533575,20.458978562466413
20170801,SEER3,SER EDUCA,25.53,25.67,24.88,25.0,13966125.0,25.197499999999998,24.421249999999993,0.46682437811245286,0.9669809944304711,26.355211988860937,22.48728801113905,27.32219298329141,21.52030701670858,28.289173977721877,20.55332602227811
20170802,SEER3,SER EDUCA,25.0,25.41,23.95,23.95,16708511.0,25.154,24.427499999999995,0.5388330470856977,0.9629994541628505,26.353498908325697,22.501501091674292,27.316498362488545,21.538501637511445,28.279497816651396,20.575502183348593
20170803,SEER3,SER EDUCA,24.15,24.91,24.08,24.7,8490813.0,25.1625,24.444999999999997,0.5297355348116493,0.961390552726515,26.367781105453027,22.522218894546967,27.32917165817954,21.560828341820454,28.290562210906057,20.599437789093937
20170804,SEER3,SER EDUCA,25.16,25.4,24.69,25.4,16465796.0,25.199499999999997,24.494999999999997,0.5185148325545049,0.957649365734822,26.41029873146964,22.579701268530354,27.36794809720446,21.622051902795533,28.325597462939285,20.66440253706071
20170807,SEER3,SER EDUCA,25.39,25.59,25.11,25.26,4235682.0,25.229499999999998,24.546749999999996,0.5027762398607357,0.9411078782273251,26.428965756454645,22.664534243545347,27.370073634681972,21.72342636531802,28.311181512909297,20.782318487090695
20170808,SEER3,SER EDUCA,25.22,25.45,25.01,25.45,11007001.0,25.2635,24.589499999999994,0.49296391455431143,0.9423591508712421,26.47421830174248,22.70478169825751,27.41657745261372,21.76242254738627,28.358936603484963,20.820063396515025
20170809,SEER3,SER EDUCA,25.49,25.5,24.94,25.01,6312346.0,25.253999999999998,24.620999999999995,0.49607299972152324,0.9346048115894509,26.490209623178895,22.751790376821095,27.424814434768347,21.817185565231643,28.3594192463578,20.88258075364219
20170810,SEER3,SER EDUCA,24.98,25.09,24.48,25.07,4931332.0,25.2785,24.654249999999998,0.47257720059943054,0.9260777159058707,26.50640543181174,22.802094568188256,27.43248314771761,21.876016852282387,28.35856086362348,20.949939136376514
20170811,SEER3,SER EDUCA,25.17,25.31,24.68,25.14,5676290.0,25.278000000000002,24.684499999999996,0.4727255796805258,0.9215648619993027,26.5276297239986,22.841370276001392,27.449194585997905,21.919805414002088,28.37075944799721,20.998240552002784
20170814,SEER3,SER EDUCA,25.15,25.9,25.02,25.27,7337148.0,25.282000000000004,24.719999999999995,0.47228002398228763,0.9159274408614887,26.551854881722974,22.888145118277016,27.467782322584462,21.97221767741553,28.38370976344595,21.05629023655404
20170815,SEER3,SER EDUCA,25.44,25.99,25.41,25.99,3791858.0,25.3215,24.7995,0.4974278577686301,0.883321093287233,26.566142186574464,23.032857813425533,27.449463279861696,22.1495367201383,28.33278437314893,21.266215626851068
20170816,SEER3,SER EDUCA,25.93,26.32,25.7,26.2,6664026.0,25.374000000000002,24.8845,0.5325450314540485,0.8488965688559376,26.582293137711876,23.186706862288123,27.431189706567814,22.337810293432184,28.28008627542375,21.48891372457625
20170817,SEER3,SER EDUCA,26.03,26.49,26.0,26.39,4485687.0,25.432,24.97425,0.5773223126050617,0.8118288549587217,26.597907709917443,23.35059229008256,27.409736564876166,22.538763435123837,28.22156541983489,21.726934580165114
20170818,SEER3,SER EDUCA,26.41,26.6,25.85,26.6,4769428.0,25.502000000000002,25.05675,0.6301678974269044,0.8049729649863868,26.666695929972775,23.446804070027227,27.471668894959162,22.64183110504084,28.27664185994555,21.836858140054453
20170821,SEER3,SER EDUCA,26.7,27.29,26.53,26.99,8819223.0,25.586499999999997,25.155250000000002,0.709916785338493,0.7941064564040294,26.743462912808063,23.56703708719194,27.53756936921209,22.772930630787915,28.33167582561612,21.978824174383885
20170822,SEER3,SER EDUCA,27.11,28.0,27.04,27.9,14570067.0,25.688,25.276000000000003,0.8778418512406146,0.8350611830801262,26.946122366160257,23.60587763383975,27.78118354924038,22.770816450759625,28.61624473232051,21.935755267679497
20170823,SEER3,SER EDUCA,27.89,28.53,27.89,28.34,13712444.0,25.8165,25.394750000000002,1.0597332087295779,0.9223325711449596,27.23941514228992,23.550084857710083,28.16174771343488,22.627752286565123,29.08408028457984,21.705419715420163
20170824,SEER3,SER EDUCA,28.26,29.76,28.26,29.76,17512144.0,26.000999999999998,25.549750000000007,1.3792404469585398,1.1083054459572332,27.766360891914474,23.33313910808554,28.874666337871705,22.224833662128308,29.98297178382894,21.116528216171073
20170825,SEER3,SER EDUCA,29.8,30.45,29.43,29.64,15841546.0,26.182499999999997,25.67825000000001,1.6014331574857605,1.269695880203259,28.217641760406526,23.138858239593493,29.487337640609788,21.86916235939023,30.757033520813046,20.599466479186972
20170828,SEER3,SER EDUCA,29.66,30.49,29.19,29.7,21651625.0,26.387999999999998,25.79375000000001,1.7756291694406514,1.4156265035085696,28.62500300701715,22.96249699298287,30.04062951052572,21.5468704894743,31.456256014034288,20.13124398596573
20170829,SEER3,SER EDUCA,29.6,29.84,29.26,29.5,30485002.0,26.613,25.905250000000013,1.8729349329749743,1.5260708514317887,28.95739170286359,22.853108297136437,30.48346255429538,21.327037445704647,32.00953340572717,19.800966594272857
20170830,SEER3,SER EDUCA,29.37,29.79,29.14,29.28,43853513.0,26.879499999999997,26.016750000000012,1.8531721736695788,1.6056045869838533,29.22795917396772,22.805540826032306,30.833563760951574,21.19993623904845,32.43916834793543,19.5943316520646
20170831,SEER3,SER EDUCA,29.55,29.56,28.35,29.19,24376598.0,27.103999999999996,26.133250000000015,1.8472010120578217,1.6629975831427009,29.459245166285417,22.807254833714612,31.122242749428118,21.14425725057191,32.785240332570815,19.48125966742921
20170901,SEER3,SER EDUCA,29.5,29.5,28.95,29.2,9928224.0,27.294,26.246750000000013,1.8581042971123654,1.714015210266713,29.674780420533438,22.81871957946659,31.388795630800153,21.104704369199872,33.10281084106686,19.39068915893316
20170904,SEER3,SER EDUCA,29.27,29.54,28.71,28.96,25884761.0,27.479000000000003,26.354250000000015,1.8288964173137925,1.7464820133848866,29.847214026769787,22.861285973230242,31.593696040154676,21.114803959845354,33.34017805353956,19.36832194646047
20170905,SEER3,SER EDUCA,29.1,30.48,29.1,30.0,24143123.0,27.7065,26.485000000000014,1.8461318736040788,1.819098114098839,30.123196228197692,22.846803771802335,31.94229434229653,21.027705657703496,33.76139245639537,19.208607543604657
20170906,SEER3,SER EDUCA,30.09,31.0,29.89,31.0,13097155.0,28.006,26.630000000000013,1.8713614520478377,1.9411112334209044,30.512222466841823,22.747777533158203,32.453333700262725,20.8066662997373,34.39444493368363,18.865555066316396
20170908,SEER3,SER EDUCA,31.01,31.2,30.45,31.0,7235210.0,28.3025,26.790500000000016,1.8513661385440303,2.030615607048697,30.85173121409741,22.729268785902622,32.88234682114611,20.698653178853924,34.9129624281948,18.66803757180523
20170911,SEER3,SER EDUCA,31.1,31.6,31.03,31.1,10095395.0,28.6005,26.93925000000001,1.7943199122142313,2.123181439038343,31.185612878076697,22.69288712192332,33.30879431711504,20.56970568288498,35.43197575615338,18.446524243846635
20170912,SEER3,SER EDUCA,31.23,32.06,30.92,31.9,11225988.0,28.932,27.10700000000001,1.7587184329266157,2.243118479443411,31.593236958886834,22.620763041113186,33.836355438330244,20.377644561669776,36.079473917773655,18.134526082226365
20170913,SEER3,SER EDUCA,29.75,31.37,29.69,30.64,20633003.0,29.164499999999997,27.243000000000013,1.6535367995204937,2.288977153720941,31.820954307441895,22.66504569255813,34.10993146116284,20.37606853883719,36.39890861488378,18.08709138511625
20170914,SEER3,SER EDUCA,30.8,31.39,30.7,31.25,12476783.0,29.416999999999994,27.39550000000001,1.5599497292845013,2.3483894644890326,32.092278928978075,22.698721071021943,34.44066839346711,20.35033160653291,36.78905785795614,18.00194214204388
20170915,SEER3,SER EDUCA,31.14,31.46,30.0,30.46,700906742.0,29.6205,27.52625000000001,1.4017337948337398,2.370223063720983,32.266696127441975,22.785803872558045,34.63691919116296,20.415580808837063,37.007142254883945,18.04535774511608
20170918,SEER3,SER EDUCA,30.46,30.9,30.19,30.89,71607541.0,29.834999999999997,27.668500000000012,1.2333160264314573,2.3976179952782437,32.4637359905565,22.873264009443524,34.86135398583474,20.47564601416528,37.258971981112985,18.07802801888704
20170919,SEER3,SER EDUCA,31.0,31.14,30.44,31.0,35238696.0,30.035499999999995,27.811000000000014,1.0602754110930164,2.4224969106381327,32.65599382127628,22.96600617872375,35.078490731914414,20.543509268085614,37.500987642552545,18.121012357447484
20170920,SEER3,SER EDUCA,31.15,31.4,30.88,31.33,24147543.0,30.207,27.947500000000012,0.9702582401771297,2.463798141498467,32.87509628299695,23.01990371700308,35.338894424495415,20.55610557550461,37.80269256599388,18.092307434006145
20170921,SEER3,SER EDUCA,31.23,31.83,30.79,31.2,24189679.0,30.35,28.083250000000014,0.8878714937837147,2.490195530887344,33.0636410617747,23.102858938225324,35.553836592662044,20.612663407337983,38.044032123549385,18.12246787645064
20170922,SEER3,SER EDUCA,30.97,31.3,30.75,30.9,15214541.0,30.407,28.20400000000002,0.8845879207143422,2.507115821734162,33.21823164346834,23.189768356531694,35.7253474652025,20.682652534797533,38.232463286936664,18.175536713063373
20170925,SEER3,SER EDUCA,30.9,31.37,29.95,30.38,35121051.0,30.444,28.31325000000002,0.8661007599095087,2.5042705959917226,33.321791191983465,23.304708808016578,35.82606178797519,20.800438212024854,38.33033238396691,18.29616761603313
20170926,SEER3,SER EDUCA,30.7,31.06,30.25,30.5,26859273.0,30.483999999999998,28.436000000000025,0.8482204281534843,2.487644133177685,33.41128826635539,23.460711733644654,35.89893239953308,20.97306760046697,38.38657653271076,18.485423467289287
20170927,SEER3,SER EDUCA,30.5,31.0,30.06,30.3,47332023.0,30.523999999999994,28.56850000000002,0.8176886551996079,2.4406425698668324,33.449785139733685,23.68721486026636,35.890427709600516,21.246572290399524,38.331070279467355,18.805929720532692
20170928,SEER3,SER EDUCA,30.12,31.01,29.94,30.4,23427379.0,30.579999999999995,28.729750000000024,0.7646395779781241,2.338619456332835,33.406988912665696,24.052511087334352,35.74560836899853,21.71389163100152,38.08422782533137,19.375272174668684
20170929,SEER3,SER EDUCA,30.55,31.38,30.5,31.2,25862143.0,30.680499999999995,28.892250000000026,0.701843249856018,2.2764316290059066,33.44511325801184,24.339386741988214,35.72154488701774,22.062955112982305,37.997976516023655,19.7865234839764
20171002,SEER3,SER EDUCA,31.2,32.49,30.88,32.49,41089854.0,30.84499999999999,29.069500000000023,0.721850691661832,2.273564861508729,33.61662972301748,24.522370276982564,35.89019458452621,22.248805415473836,38.16375944603494,19.975240553965108
20171003,SEER3,SER EDUCA,32.7,33.5,32.21,33.42,23365578.0,31.06799999999999,29.273500000000023,0.7941602648809745,2.2890189926512132,33.85153798530245,24.695462014697597,36.140556977953665,22.406443022046382,38.42957597060487,20.11742402939517
20171004,SEER3,SER EDUCA,33.4,34.04,33.36,33.51,25794280.0,31.24349999999999,29.475000000000023,0.9230913451977413,2.298546921147788,34.0720938422956,24.877906157704448,36.37064076344339,22.57935923655666,38.66918768459117,20.280812315408873
20171005,SEER3,SER EDUCA,33.56,34.64,33.56,34.22,41144216.0,31.40449999999999,29.705250000000024,1.1348938044453523,2.301101171735856,34.30745234347174,25.10304765652831,36.60855351520759,22.801946484792456,38.90965468694345,20.5008453130566
20171006,SEER3,SER EDUCA,34.45,34.45,32.58,33.15,24037935.0,31.51199999999999,29.907250000000026,1.194807185501635,2.237536405662865,34.38232281132576,25.432177188674295,36.61985921698862,23.19464078301143,38.85739562265149,20.957104377348564
20171009,SEER3,SER EDUCA,33.35,33.57,32.66,33.57,22361259.0,31.63549999999999,30.118000000000023,1.2749467481139503,2.173079110504919,34.46415822100986,25.771841778990186,36.63723733151478,23.598762668485264,38.8103164420197,21.42568355798035
20171010,SEER3,SER EDUCA,33.64,34.36,33.41,34.36,21683484.0,31.75849999999999,30.34525000000002,1.4129970946444663,2.127924217249994,34.60109843450001,26.089401565500033,36.72902265175,23.96147734825004,38.856946869,21.833553131000045
20171011,SEER3,SER EDUCA,34.59,34.59,33.19,33.86,36901609.0,31.919499999999992,30.54200000000002,1.4614609669419003,2.0781601823703992,34.698320364740816,26.385679635259223,36.77648054711122,24.307519452888823,38.854640729481616,22.229359270518422
20171013,SEER3,SER EDUCA,33.95,34.15,32.91,34.15,15172495.0,32.064499999999995,30.74075000000002,1.5336213592944719,2.031898679459626,34.80454735891927,26.676952641080767,36.836446038378895,24.645053961621144,38.868344717838525,22.613155282161514
20171016,SEER3,SER EDUCA,34.2,34.2,33.1,33.4,21519038.0,32.21149999999999,30.916000000000018,1.512489321406413,1.9475820643649204,34.81116412872986,27.020835871270176,36.75874619309478,25.073253806905257,38.7063282574597,23.125671742540337
20171017,SEER3,SER EDUCA,33.67,33.67,32.9,33.13,14842048.0,32.32349999999999,31.079250000000023,1.4922828679224145,1.8476449146871423,34.774539829374305,27.383960170625738,36.62218474406145,25.536315255938597,38.469829658748594,23.688670341251452
20171018,SEER3,SER EDUCA,33.47,33.92,33.2,33.92,7628685.0,32.46949999999999,31.252500000000026,1.4988082107566614,1.7779644800466965,34.80842896009342,27.696571039906633,36.586393440140114,25.91860655985994,38.36435792018681,24.14064207981324
20171019,SEER3,SER EDUCA,33.86,33.9,31.84,33.23,21865109.0,32.56449999999999,31.385750000000023,1.4829113434833456,1.7190201256261424,34.823790251252305,27.947709748747737,36.54281037687845,26.228689623121596,38.261830502504594,24.50966949749545
20171020,SEER3,SER EDUCA,33.54,33.57,32.82,33.33,9853037.0,32.670999999999985,31.510500000000025,1.4559999277038729,1.6727621100811385,34.856024220162304,28.164975779837746,36.52878633024344,26.49221366975661,38.20154844032458,24.81945155967547
20171023,SEER3,SER EDUCA,33.7,33.7,31.74,32.09,28441827.0,32.73049999999999,31.568750000000023,1.4031748774982054,1.6506644932362224,34.870078986472464,28.267421013527578,36.52074347970869,26.616756520291354,38.17140797294491,24.966092027055133
20171024,SEER3,SER EDUCA,32.16,32.79,32.16,32.79,18746220.0,32.850999999999985,31.64750000000002,1.2895813274082395,1.6313149486038825,34.91012989720778,28.384870102792252,36.54144484581167,26.75355515418837,38.17275979441555,25.12224020558449
20171025,SEER3,SER EDUCA,32.65,33.1,31.77,32.34,13560793.0,32.94299999999999,31.713500000000018,1.1734344553713374,1.6036729476663716,34.92084589533276,28.506154104667274,36.52451884299913,26.902481157000903,38.128191790665504,25.29880820933453
20171026,SEER3,SER EDUCA,32.18,32.55,31.12,31.6,18527609.0,33.007999999999996,31.766000000000012,1.0487014526747354,1.5632146365742696,34.89242927314855,28.639570726851474,36.45564390972282,27.0763560902772,38.01885854629709,25.513141453702936
20171027,SEER3,SER EDUCA,31.79,32.09,30.97,31.64,22667969.0,33.06999999999999,31.825000000000017,0.9144627413203623,1.5106324028069447,34.846264805613906,28.803735194386128,36.356897208420854,27.293102791579184,37.867529611227795,25.78247038877224
20171030,SEER3,SER EDUCA,31.82,31.93,31.02,31.02,24131855.0,33.06099999999999,31.870750000000015,0.9345018374570058,1.4554889697368605,34.78172793947374,28.959772060526294,36.237216909210595,27.504283090789436,37.69270587894746,26.048794121052573
20171031,SEER3,SER EDUCA,31.12,31.46,30.51,30.85,19187225.0,32.97899999999999,31.912000000000013,1.0518299842605114,1.4001871669759474,34.71237433395191,29.11162566604812,36.11256150092785,27.711438499072173,37.5127486679038,26.311251332096223
20171101,SEER3,SER EDUCA,30.9,31.16,30.13,30.3,23341934.0,32.82299999999999,31.94550000000001,1.2034253743290193,1.3425940257385123,34.63068805147704,29.260311948522986,35.97328207721554,27.917717922784473,37.31587610295406,26.575123897045962
20171103,SEER3,SER EDUCA,30.31,30.71,29.3,30.25,19870686.0,32.65999999999999,31.95175000000001,1.320554110172972,1.333858654526947,34.6194673090539,29.284032690946116,35.95332596358085,27.95017403641917,37.2871846181078,26.61631538189222
20171106,SEER3,SER EDUCA,30.57,30.57,29.85,29.98,44954297.0,32.44799999999999,31.92625000000001,1.3951668453327664,1.3619738457144777,34.650197691428964,29.202302308571056,36.012171537143445,27.840328462856576,37.37414538285792,26.4783546171421
20171107,SEER3,SER EDUCA,29.98,30.0,29.22,29.6,39087427.0,32.27049999999999,31.891250000000007,1.521278807624135,1.4037352871571918,34.69872057431439,29.083779425685623,36.10245586147158,27.68004413852843,37.50619114862877,26.27630885137124
20171108,SEER3,SER EDUCA,29.7,30.45,29.22,29.61,45567117.0,32.07249999999999,31.854000000000006,1.5989630685969067,1.444449677834053,34.742899355668115,28.9651006443319,36.187349033502166,27.520650966497847,37.63179871133622,26.076201288663796
20171109,SEER3,SER EDUCA,29.61,29.86,29.11,29.26,24262935.0,31.81749999999999,31.788000000000004,1.6214674153208757,1.501481661388912,34.79096332277783,28.78503667722218,36.29244498416674,27.28355501583327,37.79392664555565,25.782073354444357
20171110,SEER3,SER EDUCA,29.44,29.44,28.46,28.67,34142355.0,31.557999999999986,31.738750000000003,1.6911864412143809,1.5708109737917684,34.88037194758354,28.597128052416465,36.451182921375306,27.0263170786247,38.02199389516708,25.455506104832928
20171113,SEER3,SER EDUCA,28.67,28.99,28.26,28.85,16396938.0,31.29299999999999,31.67875,1.6788533054000356,1.6345032766986092,34.94775655339722,28.409743446602782,36.58225983009583,26.775240169904173,38.21676310679444,25.140736893205563
20171114,SEER3,SER EDUCA,28.75,29.53,28.33,28.35,21324149.0,31.04049999999999,31.625999999999998,1.7244235497543412,1.7072722283041126,35.040544456608224,28.21145554339177,36.74781668491234,26.50418331508766,38.45508891321645,24.796911086783545
20171116,SEER3,SER EDUCA,28.36,29.21,28.36,29.0,14078833.0,30.833999999999993,31.578749999999996,1.708244405045254,1.7536865016740808,35.086123003348156,28.071376996651836,36.83980950502224,26.317690494977754,38.59349600669632,24.564003993303672
20171117,SEER3,SER EDUCA,29.37,29.58,28.41,29.58,15718993.0,30.616999999999997,31.543249999999993,1.565268095415704,1.7798795515283463,35.103009103056685,27.9834908969433,36.88288865458503,26.203611345414956,38.66276820611338,24.42373179388661
20171121,SEER3,SER EDUCA,29.69,30.72,29.69,30.38,16198835.0,30.474499999999995,31.5195,1.439544792816919,1.7891122995812339,35.09772459916247,27.941275400837533,36.8868368987437,26.1521631012563,38.675949198324936,24.363050801675065
20171122,SEER3,SER EDUCA,30.36,30.51,29.92,30.3,19856008.0,30.32299999999999,31.496999999999996,1.2730200312642332,1.7988660245718702,35.09473204914374,27.899267950856256,36.89359807371561,26.100401926284384,38.69246409828747,24.301535901712516
20171123,SEER3,SER EDUCA,30.41,30.41,29.42,29.8,7732882.0,30.208499999999987,31.469499999999993,1.2069983429980295,1.8165477966285193,35.10259559325703,27.836404406742954,36.91914338988555,26.019856610114434,38.73569118651407,24.203308813485915
20171124,SEER3,SER EDUCA,29.97,30.02,29.2,29.46,12650387.0,30.04199999999999,31.446499999999993,1.051858505593535,1.83641170457988,35.119323409159755,27.773676590840232,36.955735113739635,25.93726488626035,38.792146818319516,24.100853181680474
20171127,SEER3,SER EDUCA,29.32,29.7,29.24,29.47,15563895.0,29.89849999999999,31.42074999999999,0.9077518499307073,1.857128176541026,35.13500635308204,27.706493646917938,36.99213452962307,25.849365470376913,38.8492627061641,23.99223729383589
20171128,SEER3,SER EDUCA,29.45,30.2,29.45,30.0,6798261.0,29.81849999999999,31.413249999999994,0.8157481228908776,1.8623687529044572,35.13798750580891,27.68851249419108,37.00035625871337,25.82614374128662,38.862725011617826,23.963774988382166
20171129,SEER3,SER EDUCA,30.05,30.11,29.44,29.51,25066200.0,29.71199999999999,31.39099999999999,0.6956224021089166,1.8800174576385382,35.151034915277066,27.630965084722916,37.0310523729156,25.750947627084376,38.91106983055414,23.87093016944584
20171130,SEER3,SER EDUCA,29.6,29.6,27.94,29.49,32664263.0,29.63549999999999,31.34824999999999,0.6247228859346486,1.9037640010765264,35.15577800215304,27.540721997846937,37.059542003229566,25.63695799677041,38.9633060043061,23.733193995693885
20171201,SEER3,SER EDUCA,29.73,29.73,28.66,29.69,16886727.0,29.577499999999993,31.278249999999993,0.5561131558462297,1.912164684866687,35.10257936973337,27.45392063026662,37.01474405460005,25.54175594539993,38.92690873946674,23.629591260533246
20171204,SEER3,SER EDUCA,29.84,29.9,28.93,28.95,11509008.0,29.509999999999998,31.166499999999992,0.5456333837602626,1.9144036361361512,34.99530727227229,27.33769272772769,36.90971090840844,25.42328909159154,38.8241145445446,23.50888545545539
20171205,SEER3,SER EDUCA,29.14,29.43,28.63,29.4,10593080.0,29.467499999999994,31.06374999999999,0.5173299364601713,1.8956017750950824,34.85495355019016,27.272546449809827,36.75055532528524,25.376944674714743,38.64615710038032,23.481342899619662
20171206,SEER3,SER EDUCA,29.31,29.34,28.45,28.61,26259685.0,29.398999999999994,30.92349999999999,0.5362530824350036,1.8633517498287282,34.650203499657444,27.196796500342533,36.513555249486174,25.333444750513806,38.376906999314905,23.470093000685075
20171207,SEER3,SER EDUCA,28.55,28.64,27.92,28.38,24236148.0,29.337999999999994,30.80424999999999,0.5798057751024002,1.8698304975969429,34.543910995193876,27.064589004806102,36.41374149279082,25.19475850720916,38.28357199038776,23.32492800961222
20171208,SEER3,SER EDUCA,28.46,29.15,28.23,28.57,11133314.0,29.285999999999994,30.67924999999999,0.6003981135353709,1.847186894463298,34.37362378892659,26.98487621107339,36.220810683389885,25.137689316610093,38.067997577853184,23.290502422146798
20171211,SEER3,SER EDUCA,28.58,29.3,28.43,28.47,17406158.0,29.246499999999997,30.531999999999993,0.6275707131471245,1.77978275827886,34.091565516557715,26.972434483442274,35.87134827483657,25.192651725163415,37.65113103311543,23.412868966884552
20171212,SEER3,SER EDUCA,28.53,29.24,28.12,29.15,8971991.0,29.2705,30.41425,0.6133812671963165,1.7083293495888634,33.830908699177726,26.997591300822272,35.53923804876659,25.28926195123341,37.24756739835545,23.580932601644545
20171213,SEER3,SER EDUCA,29.19,29.5,28.78,28.79,14423068.0,29.267499999999995,30.280249999999995,0.6156885319875979,1.6154803802505318,33.51121076050106,27.049289239498933,35.12669114075159,25.4338088592484,36.74217152100212,23.81832847899787
20171214,SEER3,SER EDUCA,28.76,28.95,28.43,28.7,17477644.0,29.284999999999997,30.162749999999996,0.5927855740839989,1.5524455273485958,33.26764105469719,27.057858945302804,34.82008658204578,25.50541341795421,36.37253210939438,23.952967890605613
20171215,SEER3,SER EDUCA,28.83,29.84,28.66,29.64,33567546.0,29.316999999999997,30.075499999999995,0.5938642410872167,1.477676537242841,33.03085307448568,27.120146925514312,34.50852961172852,25.64247038827147,35.98620614897136,24.16479385102863
20171218,SEER3,SER EDUCA,29.64,30.63,29.5,29.55,23284869.0,29.315499999999993,29.96624999999999,0.5932025038098764,1.341412740742269,32.64907548148453,27.283424518515453,33.9904882222268,25.942011777773185,35.331900962969065,24.600599037030918
20171219,SEER3,SER EDUCA,29.69,29.69,29.0,29.4,10298997.0,29.26649999999999,29.870499999999993,0.5386071217306153,1.2349399445587275,32.34037988911745,27.40062011088254,33.575319833676176,26.16568016632381,34.8102597782349,24.930740221765085
20171220,SEER3,SER EDUCA,29.48,30.07,29.16,29.87,9806687.0,29.244999999999994,29.783999999999992,0.5025566215808199,1.1002396009448243,31.98447920188964,27.583520798110342,33.084718802834466,26.483281197165518,34.18495840377929,25.383041596220693
20171221,SEER3,SER EDUCA,29.9,30.55,29.55,30.55,7275907.0,29.28249999999999,29.745499999999993,0.5696524794718372,1.0429296753340342,31.831359350668063,27.659640649331923,32.874289026002096,26.61671097399789,33.91721870133613,25.573781298663857
20171222,SEER3,SER EDUCA,30.55,30.6,29.9,30.3,7986218.0,29.32449999999999,29.683249999999994,0.6127631550693277,0.9240917578482797,31.531433515696552,27.835066484303436,32.455525273544836,26.910974726455155,33.37961703139311,25.986882968606874
20171226,SEER3,SER EDUCA,30.5,31.03,30.08,30.14,6697493.0,29.357999999999986,29.628249999999998,0.6388937808101476,0.8217114332216793,31.271672866443357,27.98482713355664,32.09338429966503,27.16311570033496,32.91509573288671,26.34140426711328
20171227,SEER3,SER EDUCA,30.38,31.08,29.81,31.08,10329625.0,29.41199999999999,29.615249999999996,0.7345001880978512,0.7933408343752553,31.201931668750507,28.028568331249485,31.99527250312576,27.23522749687423,32.78861333750102,26.441886662498973
20171228,SEER3,SER EDUCA,31.17,31.3,30.43,31.3,15866043.0,29.501499999999986,29.606749999999995,0.847443679234009,0.7726424439246738,31.152034887849343,28.061465112150646,31.924677331774017,27.288822668225972,32.69731977569869,26.516180224301298
