DATA DO PREGAO,CODIGO DE NEGOCIACAO DO PAPEL,NOME RESUMIDO DA EMPRESA EMISSORA,PRECO DE ABERTURA,PRECO MAXIMO,PRECO MINIMO,PRECO FECHAMENTO,VOLUME TOTAL DE TITULOS NEGOCIADOS NESTE PAPEL,MA_20,MA_40,STD_20,STD_40,BANDA_1_40 SUPERIOR,BANDA_1_40 INFERIOR,BANDA_2_40 SUPERIOR,BANDA_2_40 INFERIOR,BANDA_3_40 SUPERIOR,BANDA_3_40 INFERIOR
20170102,TRPL4,TRAN PAULIS,64.82,65.08,64.3,64.53,6001349.0,0.0,0.0,0.0,0.0,0.0,0.0,0.0,0.0,0.0,0.0
20170103,TRPL4,TRAN PAULIS,65.01,65.04,63.85,64.3,24599179.0,0.0,0.0,0.0,0.0,0.0,0.0,0.0,0.0,0.0,0.0
20170104,TRPL4,TRAN PAULIS,64.48,65.86,64.38,65.6,24112692.0,0.0,0.0,0.0,0.0,0.0,0.0,0.0,0.0,0.0,0.0
20170105,TRPL4,TRAN PAULIS,66.0,66.53,65.46,65.68,21718771.0,0.0,0.0,0.0,0.0,0.0,0.0,0.0,0.0,0.0,0.0
20170106,TRPL4,TRAN PAULIS,65.41,65.87,64.81,64.81,16191718.0,0.0,0.0,0.0,0.0,0.0,0.0,0.0,0.0,0.0,0.0
20170109,TRPL4,TRAN PAULIS,64.85,66.9,64.71,66.39,29237777.0,0.0,0.0,0.0,0.0,0.0,0.0,0.0,0.0,0.0,0.0
20170110,TRPL4,TRAN PAULIS,66.8,67.17,66.36,66.66,18203120.0,0.0,0.0,0.0,0.0,0.0,0.0,0.0,0.0,0.0,0.0
20170111,TRPL4,TRAN PAULIS,66.67,67.02,65.55,66.02,20862009.0,0.0,0.0,0.0,0.0,0.0,0.0,0.0,0.0,0.0,0.0
20170112,TRPL4,TRAN PAULIS,67.0,68.55,67.0,68.0,51173823.0,0.0,0.0,0.0,0.0,0.0,0.0,0.0,0.0,0.0,0.0
20170113,TRPL4,TRAN PAULIS,67.47,68.65,66.94,67.54,29623652.0,0.0,0.0,0.0,0.0,0.0,0.0,0.0,0.0,0.0,0.0
20170116,TRPL4,TRAN PAULIS,67.73,67.9,66.21,67.9,14427419.0,0.0,0.0,0.0,0.0,0.0,0.0,0.0,0.0,0.0,0.0
20170117,TRPL4,TRAN PAULIS,67.85,68.43,66.99,67.99,15801687.0,0.0,0.0,0.0,0.0,0.0,0.0,0.0,0.0,0.0,0.0
20170118,TRPL4,TRAN PAULIS,68.19,68.19,66.49,66.49,23373747.0,0.0,0.0,0.0,0.0,0.0,0.0,0.0,0.0,0.0,0.0
20170119,TRPL4,TRAN PAULIS,66.51,67.05,65.38,65.6,26898919.0,0.0,0.0,0.0,0.0,0.0,0.0,0.0,0.0,0.0,0.0
20170120,TRPL4,TRAN PAULIS,65.6,65.91,65.01,65.45,26681616.0,0.0,0.0,0.0,0.0,0.0,0.0,0.0,0.0,0.0,0.0
20170123,TRPL4,TRAN PAULIS,65.81,66.77,65.55,66.5,29198155.0,0.0,0.0,0.0,0.0,0.0,0.0,0.0,0.0,0.0,0.0
20170124,TRPL4,TRAN PAULIS,66.5,66.82,65.7,66.0,46833763.0,0.0,0.0,0.0,0.0,0.0,0.0,0.0,0.0,0.0,0.0
20170126,TRPL4,TRAN PAULIS,66.5,67.07,65.86,66.25,31521197.0,0.0,0.0,0.0,0.0,0.0,0.0,0.0,0.0,0.0,0.0
20170127,TRPL4,TRAN PAULIS,66.2,66.2,65.0,65.6,38644719.0,0.0,0.0,0.0,0.0,0.0,0.0,0.0,0.0,0.0,0.0
20170130,TRPL4,TRAN PAULIS,65.9,65.9,64.04,64.42,15126522.0,66.0865,0.0,1.1420446806634048,0.0,0.0,0.0,0.0,0.0,0.0,0.0
20170131,TRPL4,TRAN PAULIS,64.55,66.15,64.05,65.7,28818307.0,66.14500000000001,0.0,1.0867455035442677,0.0,0.0,0.0,0.0,0.0,0.0,0.0
20170201,TRPL4,TRAN PAULIS,65.81,67.06,65.56,66.49,29259692.0,66.25450000000001,0.0,0.997747331162607,0.0,0.0,0.0,0.0,0.0,0.0,0.0
20170202,TRPL4,TRAN PAULIS,66.2,67.92,66.0,67.92,14999939.0,66.37050000000002,0.0,1.051087031300654,0.0,0.0,0.0,0.0,0.0,0.0,0.0
20170203,TRPL4,TRAN PAULIS,68.01,68.54,67.68,68.47,17175430.0,66.51000000000002,0.0,1.1363098169073444,0.0,0.0,0.0,0.0,0.0,0.0,0.0
20170206,TRPL4,TRAN PAULIS,68.5,68.77,67.16,67.32,18365596.0,66.63550000000001,0.0,1.075661240941201,0.0,0.0,0.0,0.0,0.0,0.0,0.0
20170207,TRPL4,TRAN PAULIS,67.91,68.39,66.7,67.68,23540131.0,66.70000000000002,0.0,1.0985971916374502,0.0,0.0,0.0,0.0,0.0,0.0,0.0
20170208,TRPL4,TRAN PAULIS,67.56,69.45,67.23,68.86,21090878.0,66.81,0.0,1.1998552544281988,0.0,0.0,0.0,0.0,0.0,0.0,0.0
20170209,TRPL4,TRAN PAULIS,68.43,68.87,67.72,67.75,17276225.0,66.8965,0.0,1.202262231663385,0.0,0.0,0.0,0.0,0.0,0.0,0.0
20170210,TRPL4,TRAN PAULIS,67.71,67.98,66.89,67.66,17291990.0,66.87950000000001,0.0,1.1881585708455316,0.0,0.0,0.0,0.0,0.0,0.0,0.0
20170213,TRPL4,TRAN PAULIS,68.06,68.83,68.01,68.4,15362005.0,66.92250000000001,0.0,1.2282074014809734,0.0,0.0,0.0,0.0,0.0,0.0,0.0
20170214,TRPL4,TRAN PAULIS,68.5,68.71,66.92,67.24,15215263.0,66.88950000000001,0.0,1.2092819748664307,0.0,0.0,0.0,0.0,0.0,0.0,0.0
20170215,TRPL4,TRAN PAULIS,67.5,67.76,67.02,67.3,28093892.0,66.855,0.0,1.1858485746946261,0.0,0.0,0.0,0.0,0.0,0.0,0.0
20170216,TRPL4,TRAN PAULIS,67.42,67.76,66.8,67.7,44651528.0,66.91550000000001,0.0,1.1970598850605034,0.0,0.0,0.0,0.0,0.0,0.0,0.0
20170217,TRPL4,TRAN PAULIS,67.52,68.01,66.8,67.78,38136017.0,67.02450000000002,0.0,1.1699144143235933,0.0,0.0,0.0,0.0,0.0,0.0,0.0
20170220,TRPL4,TRAN PAULIS,67.8,67.8,67.14,67.5,41772747.0,67.12700000000001,0.0,1.1131326113838933,0.0,0.0,0.0,0.0,0.0,0.0,0.0
20170221,TRPL4,TRAN PAULIS,67.42,68.0,66.73,68.0,49674404.0,67.20200000000001,0.0,1.1191801510598391,0.0,0.0,0.0,0.0,0.0,0.0,0.0
20170222,TRPL4,TRAN PAULIS,67.51,67.81,66.08,66.08,42889646.0,67.206,0.0,1.1147924045593272,0.0,0.0,0.0,0.0,0.0,0.0,0.0
20170223,TRPL4,TRAN PAULIS,66.69,66.69,65.02,65.82,42334991.0,67.1845,0.0,1.1381031078995156,0.0,0.0,0.0,0.0,0.0,0.0,0.0
20170224,TRPL4,TRAN PAULIS,65.67,67.38,65.32,66.85,35066405.0,67.247,0.0,1.079313134407838,0.0,0.0,0.0,0.0,0.0,0.0,0.0
20170301,TRPL4,TRAN PAULIS,67.04,67.34,66.21,66.8,31593034.0,67.366,66.72625000000002,0.8601737890498795,1.1898107746558604,69.10587154931174,64.3466284506883,70.2956823239676,63.15681767603244,71.48549309862346,61.96700690137658
20170302,TRPL4,TRAN PAULIS,66.89,67.29,66.14,67.29,26142818.0,67.4455,66.79525000000001,0.766464714057171,1.138084282174802,69.07141856434961,64.5190814356504,70.20950284652442,63.380997153475604,71.34758712869922,62.2429128713008
20170303,TRPL4,TRAN PAULIS,67.23,67.96,66.62,67.96,16056892.0,67.51899999999999,66.88675,0.7400419618259215,1.077862051732087,69.04247410346419,64.73102589653583,70.12033615519627,63.65316384480374,71.19819820692835,62.57530179307166
20170306,TRPL4,TRAN PAULIS,67.45,68.57,67.33,68.03,24242868.0,67.52449999999999,66.94750000000002,0.7435793590181854,1.071942282219644,69.09138456443931,64.80361543556073,70.16332684665895,63.731673153341085,71.2352691288786,62.65973087112144
20170307,TRPL4,TRAN PAULIS,68.27,68.68,67.44,67.86,21542400.0,67.49399999999999,67.00200000000002,0.71470568105082,1.0612116925525559,69.12442338510513,64.87957661489492,70.1856350776577,63.818364922342354,71.24684677021025,62.7571532297898
20170308,TRPL4,TRAN PAULIS,68.16,68.17,66.1,66.11,25877571.0,67.43349999999998,67.03450000000002,0.7785700455254339,1.0110820555607378,69.05666411112149,65.01233588887855,70.06774616668224,64.0012538333178,71.07882822224298,62.99017177775707
20170309,TRPL4,TRAN PAULIS,66.04,66.04,64.27,64.46,16089850.0,67.27249999999998,66.98625000000003,1.0203140641359825,1.0859090189495162,69.15806803789906,64.814431962101,70.24397705684858,63.728522943151475,71.32988607579809,62.64261392420196
20170310,TRPL4,TRAN PAULIS,64.46,65.5,64.4,65.0,10401655.0,67.07949999999998,66.94475000000003,1.068173428654827,1.129540381907162,69.20383076381435,64.6856692361857,70.33337114572151,63.55612885427854,71.46291152762868,62.42658847237138
20170313,TRPL4,TRAN PAULIS,65.17,66.43,64.8,66.43,12318882.0,67.0135,66.95500000000003,1.0653404447207908,1.1227735803894372,69.2005471607789,64.70945283922116,70.32332074116835,63.586679258831715,71.44609432155778,62.46390567844228
20170314,TRPL4,TRAN PAULIS,66.0,66.18,64.78,64.78,23063341.0,66.86949999999999,66.87450000000004,1.1634769805245502,1.1607202671020873,69.19594053420421,64.55305946579587,70.3566608013063,63.392339198693776,71.51738106840838,62.23161893159169
20170315,TRPL4,TRAN PAULIS,64.9,65.21,64.08,64.37,39220392.0,66.66799999999998,66.79525000000004,1.2314501507102116,1.220781564492653,69.23681312898535,64.35368687101473,70.457594693478,63.132905306522076,71.67837625797065,61.91212374202943
20170316,TRPL4,TRAN PAULIS,64.76,65.39,63.75,64.71,32639504.0,66.54149999999998,66.71550000000003,1.2977603176647283,1.2505936026441042,69.21668720528824,64.21431279471183,70.46728080793234,62.96371919206772,71.71787441057646,61.71312558942362
20170317,TRPL4,TRAN PAULIS,64.58,64.58,63.0,63.23,41080459.0,66.338,66.59650000000003,1.4790096259606278,1.3488200921641265,69.29414018432828,63.898859815671784,70.64296027649242,62.55003972350765,71.99178036865653,61.20121963134353
20170320,TRPL4,TRAN PAULIS,63.23,64.23,63.16,64.0,22103738.0,66.15299999999999,66.53425000000004,1.5301981295863134,1.4099352367377984,69.35412047347565,63.714379526524446,70.76405571021344,62.304444289786645,72.17399094695124,60.89450905304885
20170321,TRPL4,TRAN PAULIS,63.85,64.08,62.51,63.13,28753477.0,65.92049999999999,66.47250000000005,1.6205732416583056,1.5029232199710676,69.47834643994219,63.46665356005792,70.98126965991325,61.963730340086855,72.48419287988432,60.46080712011578
20170322,TRPL4,TRAN PAULIS,63.12,63.32,62.11,63.04,30573359.0,65.69749999999999,66.41225000000006,1.6968511859819546,1.590707772643584,69.59366554528722,63.23083445471289,71.1843733179308,61.64012668206931,72.77508109057439,60.04941890942572
20170323,TRPL4,TRAN PAULIS,62.78,65.03,62.78,64.65,34305409.0,65.53,66.36600000000006,1.6212633150855047,1.614802996637271,69.5956059932746,63.13639400672552,71.21040898991187,61.521591010088244,72.82521198654914,59.90678801345097
20170324,TRPL4,TRAN PAULIS,64.17,65.22,63.89,65.01,15781870.0,65.4765,66.34125000000006,1.6198124485325407,1.6280886819857963,69.59742736397165,63.085072636028464,71.22551604595745,61.45698395404267,72.85360472794325,59.828895272056876
20170327,TRPL4,TRAN PAULIS,65.0,65.53,64.2,64.8,29981144.0,65.4255,66.30500000000006,1.6244787828067817,1.6462139936291706,69.5974279872584,63.01257201274172,71.24364198088757,61.36635801911255,72.88985597451675,59.72014402548338
20170328,TRPL4,TRAN PAULIS,64.73,65.09,64.53,65.07,10016558.0,65.3365,66.29175000000006,1.5907372504596489,1.6541476812189537,69.60004536243797,62.983454637562154,71.25419304365693,61.3293069563432,72.90834072487588,59.67515927512425
20170329,TRPL4,TRAN PAULIS,65.15,66.04,64.72,65.97,18240342.0,65.295,66.33050000000006,1.5610977918725641,1.6271099910814004,69.58471998216285,63.076280017837256,71.21182997324426,61.44917002675586,72.83893996432566,59.822060035674454
20170330,TRPL4,TRAN PAULIS,66.07,66.45,65.01,65.01,42473810.0,65.18100000000001,66.31325000000007,1.4893442569766693,1.6375895160500125,69.5884290321001,63.03807096790004,71.22601854815011,61.40048145185003,72.86360806420012,59.76289193580002
20170331,TRPL4,TRAN PAULIS,64.78,65.82,64.54,65.12,19314592.0,65.03900000000002,66.27900000000008,1.3381523003557088,1.6480910480201303,69.57518209604034,62.98281790395982,71.22327314406047,61.33472685593969,72.8713641920806,59.68663580791956
20170403,TRPL4,TRAN PAULIS,64.64,66.46,64.58,66.46,15054867.0,64.96050000000001,66.24250000000008,1.1914673615689653,1.6268464854372322,69.49619297087455,62.98880702912561,71.12303945631177,61.36196054368838,72.749885941749,59.73511405825115
20170404,TRPL4,TRAN PAULIS,66.44,67.0,66.01,66.68,22177849.0,64.90150000000003,66.19775000000007,1.0625751985772478,1.5881621171204137,69.3740742342409,63.02142576575924,70.96223635136131,61.43326364863883,72.55039846848173,59.84510153151842
20170405,TRPL4,TRAN PAULIS,67.2,67.2,65.22,65.74,22824919.0,64.88300000000002,66.15825000000007,1.0434764769244365,1.5791573337116755,69.31656466742342,62.99993533257671,70.8957220011351,61.42077799886504,72.47487933484678,59.841620665153364
20170406,TRPL4,TRAN PAULIS,65.71,65.74,63.75,64.01,11957382.0,64.86050000000003,66.06650000000008,1.0578303266591929,1.595010730612559,69.25652146122519,62.87647853877496,70.85153219183775,61.2814678081624,72.4465429224503,59.68645707754984
20170407,TRPL4,TRAN PAULIS,64.1,66.18,64.1,65.84,19229425.0,64.90250000000002,65.99100000000007,1.0801017252286944,1.5295211249913632,69.0500422499828,62.93195775001735,70.57956337497416,61.402436625025985,72.10908449996552,59.872915500034615
20170410,TRPL4,TRAN PAULIS,63.99,64.81,63.73,63.8,45913151.0,64.77100000000002,65.89225000000008,1.0438335217133612,1.5405152110201912,68.97328042204046,62.81121957795969,70.51379563306065,61.2707043669395,72.05431084408085,59.73018915591931
20170411,TRPL4,TRAN PAULIS,62.72,65.2,61.93,63.86,70692910.0,64.72500000000001,65.79725000000009,1.0635021589565044,1.5458662620032704,68.88898252400664,62.70551747599355,70.4348487860099,61.15965121399028,71.98071504801317,59.61378495198701
20170412,TRPL4,TRAN PAULIS,63.81,65.22,63.79,64.0,45716721.0,64.7065,65.68725000000009,1.0731766666745128,1.5120897197298773,68.71142943945985,62.66307056054033,70.22351915918972,61.15098084081046,71.7356088789196,59.63889112108058
20170413,TRPL4,TRAN PAULIS,63.95,64.49,63.39,64.0,6549818.0,64.671,65.60625000000009,1.0847357184804267,1.5135586991912107,68.6333673983825,62.579132601617665,70.14692609757373,61.06557390242646,71.66048479676493,59.55201520323524
20170417,TRPL4,TRAN PAULIS,64.47,64.75,62.58,63.77,29962183.0,64.69800000000001,65.51800000000009,1.053243611546274,1.5151799419244587,68.548359883849,62.48764011615117,70.06353982577346,60.97246017422671,71.57871976769792,59.45728023230225
20170418,TRPL4,TRAN PAULIS,63.59,64.0,62.34,62.58,20594345.0,64.627,65.39000000000009,1.1465054456224713,1.5421463564186533,68.4742927128374,62.30570728716278,70.01643906925605,60.76356093074413,71.55858542567469,59.22141457432547
20170419,TRPL4,TRAN PAULIS,62.65,63.11,61.63,62.07,22820816.0,64.57399999999998,65.2472500000001,1.2400356531376444,1.5790746844194212,68.40539936883894,62.08910063116125,69.98447405325835,60.51002594674183,71.56354873767778,58.93095126232241
20170420,TRPL4,TRAN PAULIS,62.06,63.05,61.56,61.8,16692814.0,64.51199999999999,65.1047500000001,1.3471435667639708,1.627031255117163,68.35881251023442,61.85068748976577,69.98584376535159,60.22365623464861,71.61287502046875,58.59662497953144
20170424,TRPL4,TRAN PAULIS,62.42,62.95,59.42,59.58,55264072.0,64.25849999999998,64.89425000000008,1.7396529448200018,1.7803051992745555,68.4548603985492,61.333639601450976,70.23516559782375,59.55333440217642,72.0154707970983,57.77302920290186
20170425,TRPL4,TRAN PAULIS,59.68,60.75,58.54,60.65,42019889.0,64.04049999999998,64.7585000000001,1.9057737066746592,1.8911433931178352,68.54078678623577,60.976213213764424,70.4319301793536,59.085069820646595,72.32307357247144,57.19392642752876
20170426,TRPL4,TRAN PAULIS,60.65,62.65,60.65,61.95,59466622.0,63.89799999999999,64.66175000000008,1.951985763537342,1.9339542161737722,68.52965843234763,60.793841567652535,70.4636126485214,58.85988735147877,72.39756686469516,56.925933135304994
20170427,TRPL4,TRAN PAULIS,62.2,62.78,61.69,62.51,44940970.0,63.769999999999996,64.55325000000009,1.9550205275540498,1.9297779698246134,68.41280593964932,60.693694060350865,70.34258390947393,58.76391609052625,72.27236187929854,56.83413812070164
20170428,TRPL4,TRAN PAULIS,62.51,62.59,61.26,62.0,24296406.0,63.57149999999999,64.43325000000009,1.921140765822503,1.935716110119003,68.30468222023809,60.56181777976208,70.2403983303571,58.62610166964308,72.1761144404761,56.690385559524074
20170502,TRPL4,TRAN PAULIS,62.2,62.78,61.69,62.41,21841719.0,63.4415,64.31125000000009,1.9065904398330962,1.904583119471091,68.12041623894227,60.502083761057904,70.02499935841335,58.59750064158681,71.92958247788445,56.69291752211572
20170503,TRPL4,TRAN PAULIS,61.8,62.87,61.41,62.0,20603237.0,63.2855,64.16225000000009,1.8895905293001554,1.843981878074329,67.85021375614875,60.47428624385143,69.69419563422308,58.6303043657771,71.5381775122974,56.78632248770277
20170504,TRPL4,TRAN PAULIS,62.57,62.57,60.06,60.13,54940470.0,62.96900000000001,63.96475000000008,1.8597789908310631,1.8421684372721994,67.64908687454448,60.28041312545568,69.49125531181667,58.43824468818348,71.33342374908888,56.59607625091128
20170505,TRPL4,TRAN PAULIS,59.9,62.55,59.9,62.0,45424303.0,62.735,63.81825000000008,1.6509821638233708,1.7554207436336509,67.32909148726738,60.30740851273278,69.08451223090103,58.55198776909913,70.83993297453468,56.79656702546547
20170508,TRPL4,TRAN PAULIS,62.29,62.43,61.19,61.75,26870057.0,62.5355,63.709250000000075,1.5032122622114572,1.7448009033432765,67.19885180668663,60.219648193313525,68.94365271002991,58.47484728997024,70.68845361337318,56.73004638662697
20170509,TRPL4,TRAN PAULIS,61.61,62.83,61.59,62.09,13917877.0,62.439499999999995,63.65000000000008,1.464910541547355,1.758837028353539,67.16767405670716,60.132325943293,68.9265110850607,58.37348891493946,70.68534811341424,56.61465188658592
20170510,TRPL4,TRAN PAULIS,62.9,63.7,62.0,62.73,28270412.0,62.284000000000006,63.59325000000008,1.231402281525853,1.7507645033395147,67.09477900667912,60.091720993321054,68.84554351001863,58.34095648998154,70.59630801335814,56.590191986642026
20170511,TRPL4,TRAN PAULIS,62.73,64.0,61.98,62.9,14974007.0,62.23900000000001,63.50500000000009,1.188793727404168,1.6920917111593456,66.88918342231878,60.120816577681396,68.58127513347813,58.42872486652205,70.27336684463747,56.7366331553627
20170512,TRPL4,TRAN PAULIS,62.9,63.4,62.42,63.4,27561286.0,62.21600000000002,63.47050000000009,1.1598793040656015,1.6794503832335712,66.82940076646723,60.11159923353294,68.5088511497008,58.43214885029937,70.18830153293437,56.7526984670658
20170515,TRPL4,TRAN PAULIS,63.5,64.66,63.21,64.5,36991116.0,62.24100000000002,63.47375000000009,1.2048712532224393,1.6813603886169248,66.83647077723394,60.11102922276624,68.51783116585086,58.42966883414931,70.19919155446779,56.74830844553239
20170516,TRPL4,TRAN PAULIS,64.77,66.19,64.72,65.01,35883289.0,62.29150000000002,63.48125000000009,1.2998958460299914,1.6876735428332368,66.85659708566656,60.10590291433361,68.5442706284998,58.418229371500374,70.23194417133304,56.73055582866714
20170517,TRPL4,TRAN PAULIS,65.01,65.35,63.28,64.1,17305655.0,62.308000000000014,63.503000000000085,1.321564463648542,1.6899570621156843,66.88291412423145,60.123085875768716,68.57287118634714,58.433128813653035,70.26282824846282,56.743171751537346
20170518,TRPL4,TRAN PAULIS,57.7,62.82,57.7,62.33,35869444.0,62.29550000000002,63.461250000000085,1.3200377785661346,1.6979734338472676,66.85719686769463,60.06530313230555,68.55517030154189,58.367329698458285,70.25314373538916,56.66935626461101
20170519,TRPL4,TRAN PAULIS,62.37,62.81,60.56,61.25,49049286.0,62.25450000000002,63.41425000000008,1.3399940101986005,1.7330348177364971,66.88031963547307,59.94818036452709,68.61335445320957,58.21514554679059,70.34638927094608,56.48211072905409
20170522,TRPL4,TRAN PAULIS,61.25,61.69,60.43,61.13,68270394.0,62.221000000000025,63.36650000000009,1.3601776199799938,1.7695393432131643,66.90557868642641,59.82742131357376,68.67511802963958,58.0578819703606,70.44465737285275,56.28834262714743
20170523,TRPL4,TRAN PAULIS,60.92,62.99,60.92,62.37,28262141.0,62.36050000000002,63.309500000000085,1.2098215396885825,1.7638477025946717,66.83719540518943,59.781804594810744,68.60104310778411,58.01795689221607,70.36489081037877,56.254109189621396
20170524,TRPL4,TRAN PAULIS,63.75,64.19,62.32,62.79,66466103.0,62.467500000000015,63.254000000000076,1.1433877410203042,1.7437813318570394,66.74156266371415,59.766437336285996,68.4853439955712,58.02265600442896,70.22912532742824,56.27887467257192
20170525,TRPL4,TRAN PAULIS,63.03,63.8,62.05,62.6,33212446.0,62.500000000000014,63.19900000000007,1.1371247212063746,1.7283960253693575,66.65579205073878,59.742207949261356,68.38418807610815,58.01381192389199,70.1125841014775,56.285415898522636
20170526,TRPL4,TRAN PAULIS,62.71,63.77,62.55,62.7,12472370.0,62.50950000000002,63.13975000000006,1.1380059892543082,1.7030492826028625,66.54584856520579,59.73365143479434,68.24889784780865,58.03060215219148,69.95194713041151,56.327552869588615
20170529,TRPL4,TRAN PAULIS,62.95,63.38,62.77,63.38,12895585.0,62.57850000000002,63.07500000000007,1.1472863864926295,1.640781552359686,66.35656310471944,59.79343689528069,67.99734465707913,58.15265534292101,69.63812620943881,56.511873790561324
20170530,TRPL4,TRAN PAULIS,63.44,64.99,63.3,64.7,15898369.0,62.69300000000002,63.06725000000006,1.240102287801402,1.6321167434048096,66.33148348680967,59.80301651319044,67.96360023021448,58.17089976978563,69.59571697361929,56.53878302638082
20170531,TRPL4,TRAN PAULIS,64.79,64.79,63.5,64.54,25107951.0,62.820000000000014,63.05275000000006,1.2942748426902262,1.6159080760538844,66.28456615210783,59.82093384789229,67.90047422816171,58.20502577183841,69.5163823042156,56.58911769578452
20170601,TRPL4,TRAN PAULIS,64.55,65.46,64.02,64.79,31585436.0,63.05300000000001,63.01100000000006,1.2005880138278695,1.5456652372492499,66.10233047449856,59.91966952550156,67.64799571174781,58.37400428825231,69.19366094899706,56.82833905100306
20170602,TRPL4,TRAN PAULIS,64.45,64.45,63.22,64.05,11314125.0,63.1555,62.945250000000065,1.1934447046921286,1.4377617710372457,65.82077354207456,60.069726457925576,67.2585353131118,58.63196468688833,68.69629708414905,57.19420291585108
20170605,TRPL4,TRAN PAULIS,63.99,64.24,63.18,63.7,17872899.0,63.25300000000001,62.89425000000007,1.151493766694652,1.3707023980800164,65.6356547961601,60.15284520384004,67.00635719424012,58.782142805760024,68.37705959232014,57.411440407680004
20170606,TRPL4,TRAN PAULIS,63.83,63.98,63.06,63.98,10763713.0,63.34750000000001,62.89350000000006,1.1283470677335783,1.370084313332858,65.63366862666578,60.153331373334346,67.00375293999863,58.783247060001486,68.37383725333149,57.413162746668625
20170607,TRPL4,TRAN PAULIS,64.29,64.67,63.4,64.67,30895610.0,63.44450000000002,62.86425000000006,1.155528928786715,1.3170282934093578,65.49830658681879,60.23019341318135,66.81533488022814,58.91316511977199,68.13236317363749,57.59613682636263
20170608,TRPL4,TRAN PAULIS,64.42,64.42,63.06,63.5,36944261.0,63.47450000000001,62.856750000000055,1.14841526965587,1.3124089956239295,65.48156799124791,60.231932008752196,66.79397698687184,58.91952301312827,68.10638598249577,57.60711401750434
20170609,TRPL4,TRAN PAULIS,63.81,64.64,61.98,63.25,42433666.0,63.467000000000006,62.84150000000005,1.1494167857519038,1.303969383783949,65.44943876756795,60.23356123243215,66.7534081513519,58.92959184864821,68.05737753513586,57.62562246486426
20170612,TRPL4,TRAN PAULIS,63.2,63.9,62.81,63.72,13216538.0,63.42800000000001,62.83450000000005,1.1255062019047823,1.2983301899174258,65.43116037983489,60.2378396201652,66.72949056975233,58.93950943024777,68.02782075966975,57.641179240330345
20170613,TRPL4,TRAN PAULIS,63.44,63.76,62.45,63.39,15160565.0,63.347000000000016,62.819250000000046,1.0621730456696654,1.2878293952545834,65.39490879050922,60.24359120949088,66.6827381857638,58.9557618142363,67.97056758101839,57.667932418981714
20170614,TRPL4,TRAN PAULIS,63.6,64.18,62.66,63.84,23530639.0,63.33400000000002,62.82100000000005,1.054031858102278,1.289201303132965,65.39940260626598,60.242597393734115,66.68860390939895,58.95339609060115,67.9778052125319,57.66419478746819
20170616,TRPL4,TRAN PAULIS,63.53,64.56,63.07,63.5,34720299.0,63.39250000000002,62.84400000000005,1.0275104046085166,1.292992553570778,65.4299851071416,60.2580148928585,66.72297766071239,58.965022339287714,68.01597021428316,57.67202978571694
20170619,TRPL4,TRAN PAULIS,63.73,64.4,62.91,63.5,21146629.0,63.50500000000002,62.879750000000044,0.8952476869852576,1.290810692390439,65.46137138478092,60.29812861521916,66.75218207717135,59.007317922828726,68.0429927695618,57.71650723043829
20170620,TRPL4,TRAN PAULIS,63.07,63.49,62.54,62.88,15308882.0,63.592500000000015,62.906750000000045,0.7190920810664391,1.2788865098701871,65.46452301974043,60.34897698025967,66.7434095296106,59.07009047038948,68.02229603948079,57.7912039605193
20170621,TRPL4,TRAN PAULIS,62.65,63.94,62.52,63.45,10010964.0,63.646500000000024,63.003500000000045,0.6606318745595353,1.1617836640489632,65.32706732809797,60.67993267190212,66.48885099214694,59.518149007853154,67.6506346561959,58.35636534380419
20170622,TRPL4,TRAN PAULIS,63.8,64.28,62.77,62.83,15718179.0,63.64850000000003,63.058000000000035,0.6579575654208804,1.0979262503837903,65.25385250076762,60.86214749923246,66.3517787511514,59.76422124884866,67.4497050015352,58.66629499846488
20170623,TRPL4,TRAN PAULIS,62.8,63.54,62.51,62.93,11319036.0,63.665000000000035,63.08250000000004,0.6339807402021025,1.0834057175027783,65.2493114350056,60.91568856499448,66.33271715250838,59.832282847491705,67.41612287001115,58.74887712998893
20170626,TRPL4,TRAN PAULIS,63.08,64.33,63.0,63.58,13834488.0,63.709000000000024,63.10925000000003,0.5926736920625045,1.082116604693602,65.27348320938724,60.945016790612826,66.35559981408083,59.86290018591922,67.43771641877444,58.78078358122562
20170627,TRPL4,TRAN PAULIS,63.36,63.92,62.8,63.4,34512114.0,63.71000000000002,63.144250000000035,0.5921059649117321,1.067866042448748,65.27998208489753,61.00851791510254,66.34784812734628,59.94065187265379,67.41571416979502,58.872785830205046
20170628,TRPL4,TRAN PAULIS,63.08,63.79,62.88,63.25,5446496.0,63.637500000000024,63.165250000000036,0.5519141332908144,1.061295742875624,65.28784148575129,61.042658514248785,66.3491372286269,59.98136277137316,67.41043297150253,58.92006702849754
20170629,TRPL4,TRAN PAULIS,63.7,63.8,63.07,63.78,11564711.0,63.59950000000002,63.20975000000004,0.5111645630578739,1.048423694690995,65.30659738938203,61.11290261061805,66.35502108407303,60.064478915927054,67.40344477876403,59.01605522123606
20170630,TRPL4,TRAN PAULIS,63.66,65.7,63.36,64.5,17445326.0,63.58500000000002,63.31900000000004,0.47869889448250896,0.9415067030003855,65.20201340600082,61.43598659399927,66.1435201090012,60.49447989099888,67.08502681200159,59.5529731879985
20170703,TRPL4,TRAN PAULIS,64.56,65.09,63.61,64.35,17771880.0,63.60000000000002,63.377750000000034,0.4983340667715718,0.930344539156463,65.23843907831296,61.51706092168711,66.16878361746943,60.586716382530646,67.09912815662588,59.65637184337418
20170704,TRPL4,TRAN PAULIS,64.5,64.79,64.03,64.3,5166889.0,63.63000000000002,63.44150000000004,0.5221614995178986,0.9029085480565808,65.2473170961132,61.63568290388688,66.15022564416978,60.7327743558303,67.05313419222637,59.829865807773714
20170705,TRPL4,TRAN PAULIS,64.33,64.82,63.69,64.6,7784262.0,63.661000000000016,63.504250000000035,0.5609944178349199,0.893747189344583,65.2917443786892,61.71675562131087,66.18549156803378,60.82300843196629,67.07923875737836,59.929261242621706
20170706,TRPL4,TRAN PAULIS,65.01,67.93,65.01,66.55,50943240.0,63.75500000000001,63.59975000000004,0.8313305758334844,1.0059425673057885,65.61163513461162,61.58786486538847,66.61757770191741,60.581922298082674,67.62352026922319,59.575979730776886
20170707,TRPL4,TRAN PAULIS,66.74,67.58,65.82,67.39,24297977.0,63.949500000000015,63.71200000000003,1.159008083165069,1.1639592027390184,66.03991840547806,61.384081594521994,67.20387760821708,60.22012239178298,68.3678368109561,59.05616318904396
20170710,TRPL4,TRAN PAULIS,67.3,67.49,66.4,66.83,23635452.0,64.1285,63.79775000000003,1.311685436455862,1.2625543654199054,66.32285873083984,61.27264126916022,67.58541309625974,60.010086903740316,68.84796746167964,58.74753253832041
20170711,TRPL4,TRAN PAULIS,67.2,67.48,66.35,66.7,19944812.0,64.2775,63.85275000000003,1.4270244161227323,1.3395042854612564,66.53175857092255,61.173741429077516,67.8712628563838,59.83423714361626,69.21076714184505,58.494732858155004
20170712,TRPL4,TRAN PAULIS,67.17,67.71,66.76,67.4,10443077.0,64.47800000000001,63.91250000000002,1.5702819056328128,1.4418431046620108,66.79618620932405,61.028813790676004,68.23802931398606,59.58697068601399,69.67987241864806,58.14512758135198
20170713,TRPL4,TRAN PAULIS,67.47,68.47,67.32,68.3,19876218.0,64.70100000000001,64.01750000000003,1.7778754322593937,1.6000925454004247,67.21768509080087,60.817314909199176,68.8177776362013,59.217222363798754,70.41787018160173,57.617129818398325
20170714,TRPL4,TRAN PAULIS,68.34,68.82,68.0,68.3,11970951.0,64.941,64.16675000000004,1.9251025946686497,1.713091952716318,67.59293390543267,60.7405660945674,69.30602585814898,59.02747414185108,71.01911781086531,57.31438218913476
20170717,TRPL4,TRAN PAULIS,67.86,68.52,67.56,68.18,13491075.0,65.17500000000001,64.34000000000003,2.0226858121658045,1.7603233968615961,67.86064679372322,60.81935320627684,69.62097019058481,59.05902980941524,71.38129358744642,57.29870641255365
20170718,TRPL4,TRAN PAULIS,67.93,67.96,67.0,67.03,14144137.0,65.38250000000001,64.48750000000004,1.9874179890395278,1.731403388095217,67.95030677619047,61.02469322380961,69.68171016428569,59.29328983571439,71.4131135523809,57.56188644761917
20170719,TRPL4,TRAN PAULIS,67.27,67.42,66.82,67.05,4651473.0,65.5625,64.60450000000004,1.9660911661681058,1.7427328229845247,68.08996564596909,61.119034354030994,69.83269846895362,59.37630153104647,71.57543129193814,57.633568708061944
20170720,TRPL4,TRAN PAULIS,67.15,67.42,66.95,66.95,6002086.0,65.7685,64.70850000000004,1.8786144810527592,1.7557517931001214,68.22000358620029,61.1969964137998,69.97575537930041,59.44124462069968,71.73150717240053,57.68549282759956
20170721,TRPL4,TRAN PAULIS,67.33,67.97,67.23,67.3,5406088.0,65.987,64.82600000000005,1.7827864057203129,1.7682510553854445,68.36250211077093,61.28949788922916,70.13075316615638,59.52124683384372,71.89900422154183,57.75299577845827
20170724,TRPL4,TRAN PAULIS,67.3,68.7,67.15,68.7,8376608.0,66.24300000000001,64.97600000000004,1.7865612367427273,1.8364525446408644,68.64890508928177,61.303094910718315,70.48535763392263,59.46664236607745,72.3218101785635,57.63018982143659
20170725,TRPL4,TRAN PAULIS,68.77,69.52,67.89,69.4,25668607.0,66.543,65.12650000000005,1.7877981164726944,1.945727139802515,69.01795427960508,61.23504572039502,70.96368141940759,59.28931858059251,72.9094085592101,57.34359144078999
20170726,TRPL4,TRAN PAULIS,69.72,69.72,67.99,68.32,9146571.0,66.79650000000001,65.21700000000006,1.6504681154145884,2.008553759581303,69.23410751916266,61.19989248083745,71.24266127874397,59.191338721256145,73.25121503832527,57.18278496167484
20170727,TRPL4,TRAN PAULIS,69.08,69.36,68.4,68.8,8796571.0,67.0475,65.32350000000005,1.5459892932155295,2.083285804586047,69.49007160917215,61.15692839082796,71.57335741375819,59.07364258624191,73.65664321834424,56.99035678165586
20170728,TRPL4,TRAN PAULIS,68.89,69.95,68.52,69.53,19390613.0,67.299,65.44200000000006,1.5186486375099262,2.184510976197695,69.81102195239545,61.07297804760467,71.99553292859315,58.88846707140698,74.18004390479085,56.703956095209286
20170731,TRPL4,TRAN PAULIS,69.54,70.19,69.22,70.0,23277878.0,67.5815,65.59075000000006,1.4657897996787803,2.2874466646437375,70.16564332928753,61.01585667071258,72.45308999393127,58.72841000606884,74.74053665857501,56.4409633414251
20170801,TRPL4,TRAN PAULIS,70.05,70.65,69.21,69.79,25427414.0,67.85600000000001,65.74300000000007,1.3263420214616688,2.359898085587385,70.46279617117483,61.023203828825295,72.82269425676222,58.66330574323791,75.18259234234961,56.303407657650524
20170802,TRPL4,TRAN PAULIS,70.01,72.89,69.5,71.42,59941225.0,68.19700000000002,65.92900000000006,1.3218690913767392,2.5060540031425327,70.94110800628512,60.91689199371499,73.44716200942766,58.41083799057246,75.9532160125702,55.90478398742993
20170803,TRPL4,TRAN PAULIS,71.42,72.59,70.45,71.09,22423567.0,68.424,66.08950000000007,1.410966074417896,2.626064570456178,71.34162914091243,60.83737085908771,73.96769371136861,58.21130628863154,76.59375828182479,55.58524171817536
20170804,TRPL4,TRAN PAULIS,71.35,72.11,70.99,70.99,32845072.0,68.60400000000001,66.27675000000006,1.4989975597748302,2.7026068967686765,71.68196379353742,60.87153620646271,74.38457069030609,58.168929309694036,77.08717758707476,55.46632241292536
20170807,TRPL4,TRAN PAULIS,71.47,72.45,71.47,72.3,18609141.0,68.87750000000001,66.50300000000007,1.6497236610702826,2.8190289290044888,72.14105785800905,60.864942141991094,74.96008678701354,58.045913212986605,77.77911571601803,55.226884283982116
20170808,TRPL4,TRAN PAULIS,72.34,72.98,71.85,71.85,15384803.0,69.135,66.70625000000007,1.69330415087451,2.905004247757186,72.51625849551444,60.896241504485694,75.42126274327163,57.99123725672851,78.32626699102882,55.08623300897133
20170809,TRPL4,TRAN PAULIS,71.81,73.25,71.33,72.06,18560360.0,69.368,66.92300000000007,1.7612483610990628,2.973855479046778,72.87071095809362,60.975289041906514,75.8445664371404,58.00143356285974,78.81842191618719,55.02757808381296
20170810,TRPL4,TRAN PAULIS,72.13,72.13,70.21,71.22,10391235.0,69.514,67.10750000000006,1.7888673276098312,3.0064313541439187,73.1203627082879,61.09463729171222,76.12679406243181,58.088205937568304,79.13322541657573,55.081774583424384
20170811,TRPL4,TRAN PAULIS,71.37,71.39,70.12,70.9,11584276.0,69.644,67.29250000000006,1.7904730336453007,3.006431354143922,73.3053627082879,61.27963729171222,76.31179406243183,58.27320593756829,79.31822541657574,55.26677458342437
20170814,TRPL4,TRAN PAULIS,71.1,71.23,70.05,70.1,12013723.0,69.74,67.45750000000007,1.7590428019089985,2.9738887172462056,73.40527743449248,61.50972256550766,76.37916615173869,58.53583384826145,79.35305486898488,55.56194513101524
20170815,TRPL4,TRAN PAULIS,70.11,71.74,70.11,71.74,18201157.0,69.9755,67.67900000000006,1.691108247648173,2.9540947678495506,73.58718953569917,61.77081046430096,76.54128430354871,58.81671569645141,79.49537907139826,55.86262092860186
20170816,TRPL4,TRAN PAULIS,71.96,72.06,70.14,70.68,31891980.0,70.15700000000001,67.85975000000005,1.549465442626996,2.9095558631023097,73.67886172620467,62.04063827379543,76.58841758930697,59.13108241069312,79.49797345240928,56.22152654759081
20170817,TRPL4,TRAN PAULIS,70.27,70.97,69.74,70.14,28619294.0,70.3165,68.04250000000005,1.3537988461326254,2.813522065002623,73.66954413000529,62.4154558699948,76.48306619500792,59.60193380499218,79.29658826001054,56.788411739989556
20170818,TRPL4,TRAN PAULIS,70.63,70.64,68.89,69.31,17327007.0,70.417,68.20200000000006,1.1817564982064601,2.6945892603607526,73.59117852072156,62.81282147927855,76.28576778108231,60.1182322189178,78.98035704144307,57.423642958557046
20170821,TRPL4,TRAN PAULIS,69.17,69.76,67.99,69.38,23429467.0,70.45100000000001,68.34700000000007,1.1387569400103,2.5936581432607486,73.53431628652156,63.15968371347857,76.12797442978231,60.56602557021782,78.72163257304305,57.97236742695707
20170822,TRPL4,TRAN PAULIS,70.0,71.0,70.0,70.4,20483411.0,70.501,68.52200000000006,1.1118164369509287,2.4851994709191154,73.49239894183829,63.55160105816183,75.9775984127574,61.066401587242716,78.46279788367653,58.5812021163236
20170823,TRPL4,TRAN PAULIS,70.36,71.64,70.19,70.7,41100374.0,70.62000000000002,68.70825000000005,0.9863862806920136,2.355759867066741,73.41976973413352,63.99673026586657,75.77552960120028,61.64097039879982,78.13128946826701,59.285210531733085
20170824,TRPL4,TRAN PAULIS,70.81,71.48,70.23,71.35,34691281.0,70.74750000000002,68.89750000000005,0.8997536212474853,2.251456223914957,73.40041244782996,64.39458755217014,75.65186867174492,62.14313132825518,77.90332489565988,59.89167510434022
20170825,TRPL4,TRAN PAULIS,71.41,71.8,70.83,71.29,33548847.0,70.83550000000001,69.06725000000004,0.8595805280548952,2.165739037124131,73.39872807424831,64.73577192575178,75.56446711137244,62.57003288862765,77.73020614849656,60.40429385150352
20170828,TRPL4,TRAN PAULIS,71.28,71.56,70.26,70.26,13558307.0,70.84850000000002,69.21500000000006,0.8481700115081058,2.0332089075003466,73.28141781500075,65.14858218499937,75.3146267225011,63.11537327749902,77.34783563000144,61.08216436999867
20170829,TRPL4,TRAN PAULIS,70.18,70.78,69.56,69.63,15227481.0,70.84050000000002,69.34825000000005,0.8593600740334131,1.871023150098744,73.09029630019754,65.60620369980256,74.96131945029629,63.73518054970382,76.83234260039502,61.86415739960508
20170830,TRPL4,TRAN PAULIS,69.57,69.88,69.0,69.51,28512845.0,70.74500000000002,69.47100000000006,0.8968805588497848,1.7052404898445952,72.88148097968926,66.06051902031086,74.58672146953384,64.35527853046628,76.29196195937844,62.65003804062168
20170831,TRPL4,TRAN PAULIS,69.96,70.75,68.79,70.75,50810770.0,70.72800000000002,69.57600000000005,0.8932118272961053,1.6491533181202347,72.87430663624052,66.27769336375958,74.52345995436076,64.62854004563934,76.17261327248099,62.97938672751911
20170901,TRPL4,TRAN PAULIS,70.75,70.79,69.7,69.7,9202145.0,70.66350000000003,69.63375000000005,0.9194865558105659,1.6106372166288914,72.85502443325782,66.41247556674227,74.46566164988673,64.80183835011337,76.07629886651561,63.19120113348448
20170904,TRPL4,TRAN PAULIS,69.84,70.36,69.43,69.5,16834982.0,70.52350000000003,69.70050000000006,0.86897565225448,1.5454697236332358,72.79143944726653,66.6095605527336,74.33690917089977,65.06409082910035,75.882378894533,63.51862110546712
20170905,TRPL4,TRAN PAULIS,70.08,70.49,69.88,70.25,11571386.0,70.44350000000003,69.78925000000007,0.8122242042042965,1.46877305764782,72.72679611529571,66.85170388470442,74.19556917294352,65.38293082705661,75.66434223059134,63.91415776940879
20170906,TRPL4,TRAN PAULIS,70.39,71.07,70.02,70.85,24213868.0,70.38300000000002,69.87550000000006,0.725962881464141,1.4255326489890257,72.72656529797811,67.024434702022,74.15209794696713,65.59890205303299,75.57763059595617,64.17336940404395
20170908,TRPL4,TRAN PAULIS,70.49,71.06,70.08,70.59,20984258.0,70.35150000000002,69.93275000000006,0.7009713185817531,1.406494072836219,72.74573814567249,67.11976185432762,74.15223221850871,65.7132677814914,75.55872629134493,64.30677370865519
20170911,TRPL4,TRAN PAULIS,71.01,71.5,70.64,70.69,15918985.0,70.34100000000002,69.99250000000005,0.693859533790619,1.385969530134729,72.76443906026951,67.22056093973059,74.15040859040424,65.83459140959586,75.53637812053897,64.44862187946113
20170912,TRPL4,TRAN PAULIS,70.7,71.21,70.44,70.95,8886693.0,70.38350000000003,70.06175000000005,0.7042747295888175,1.3620815283028913,72.78591305660584,67.33758694339426,74.14799458490872,65.97550541509138,75.51007611321161,64.61342388678848
20170913,TRPL4,TRAN PAULIS,71.02,71.87,70.7,71.32,16512426.0,70.36250000000003,70.16900000000005,0.6669717503688081,1.2838939168575998,72.73678783371525,67.60121216628485,74.02068175057285,66.31731824942726,75.30457566743046,65.03342433256965
20170914,TRPL4,TRAN PAULIS,71.37,71.94,71.12,71.55,26290866.0,70.40600000000002,70.28150000000005,0.7153828566435667,1.1978582382630814,72.67721647652621,67.88578352347389,73.87507471478929,66.68792528521081,75.07293295305237,65.49006704694773
20170915,TRPL4,TRAN PAULIS,71.3,72.27,71.01,72.27,59498628.0,70.51250000000002,70.41450000000006,0.8240009900355214,1.1106407252182007,72.63578145043647,68.19321854956365,73.74642217565466,67.08257782434546,74.85706290087286,65.97193709912726
20170918,TRPL4,TRAN PAULIS,72.28,72.47,71.4,71.76,7646025.0,70.63500000000002,70.52600000000005,0.8179145496486178,1.009193127816067,72.54438625563219,68.50761374436792,73.55357938344825,67.49842061655185,74.56277251126433,66.48922748873578
20170919,TRPL4,TRAN PAULIS,72.09,72.16,71.08,72.11,3597931.0,70.77150000000002,70.61125000000007,0.8252162396038158,0.9949157611553294,72.60108152231072,68.62141847768942,73.59599728346606,67.62650271653408,74.59091304462139,66.63158695537875
20170920,TRPL4,TRAN PAULIS,72.32,72.35,71.34,71.56,8364553.0,70.82950000000001,70.66525000000006,0.8383911598071099,0.9860670063571056,72.63738401271426,68.69311598728585,73.62345101907137,67.70704898092875,74.60951802542849,66.72098197457163
20170921,TRPL4,TRAN PAULIS,71.69,71.95,70.1,70.53,11331897.0,70.821,70.72050000000006,0.8406319677859998,0.9102942606795177,72.5410885213591,68.89991147864102,73.4513827820386,67.98961721796151,74.36167704271813,67.07932295728199
20170922,TRPL4,TRAN PAULIS,70.5,70.97,69.95,70.7,16352097.0,70.78850000000001,70.76800000000006,0.8316203270854154,0.8554297165754964,72.47885943315104,69.05714056684907,73.33428914972654,68.20171085027357,74.18971886630204,67.34628113369807
20170925,TRPL4,TRAN PAULIS,70.56,70.56,69.0,69.44,11866344.0,70.69600000000001,70.76575000000005,0.8746752780923066,0.8588808684295397,72.48351173685913,69.04798826314098,73.34239260528867,68.18910739471144,74.20127347371822,67.33022652628189
20170926,TRPL4,TRAN PAULIS,69.55,69.99,68.91,69.2,10718308.0,70.64300000000001,70.74575000000004,0.9326763978778909,0.8860540224894089,72.51785804497887,68.97364195502122,73.40391206746827,68.08758793253182,74.28996608995767,67.20153391004241
20170927,TRPL4,TRAN PAULIS,69.23,69.36,67.1,68.1,32630962.0,70.56650000000002,70.70350000000005,1.072416234000559,0.9691882672816075,72.64187653456327,68.76512346543683,73.61106480184488,67.79593519815522,74.58025306912648,66.82674693087361
20170928,TRPL4,TRAN PAULIS,68.09,68.55,67.56,67.75,43677665.0,70.47850000000003,70.61175000000004,1.2250253488249632,1.0682693588591505,72.74828871771834,68.47521128228175,73.8165580765775,67.4069419234226,74.88482743543665,66.33867256456344
20170929,TRPL4,TRAN PAULIS,68.0,68.91,67.33,68.32,33359965.0,70.35700000000001,70.54250000000005,1.313957862017823,1.1247603733401648,72.79202074668038,68.29297925331971,73.91678112002054,67.16821887997955,75.04154149336071,66.04345850663938
20171002,TRPL4,TRAN PAULIS,68.32,68.71,67.83,68.0,15246814.0,70.27200000000002,70.46775000000005,1.4101608717487073,1.1916256672166943,72.85100133443343,68.08449866556667,74.04262700165013,66.89287299834997,75.23425266886683,65.70124733113327
20171003,TRPL4,TRAN PAULIS,68.0,69.5,68.0,69.06,10529248.0,70.25000000000001,70.38675000000003,1.4261800284973687,1.1738723721743523,72.73449474434874,68.03900525565133,73.9083671165231,66.86513288347697,75.08223948869744,65.69126051130263
20171004,TRPL4,TRAN PAULIS,69.27,69.29,68.68,69.09,14248278.0,70.19200000000001,70.31775000000005,1.4495756184776114,1.1667519840600569,72.65125396812016,67.98424603187993,73.81800595218021,66.81749404781988,74.98475793624027,65.65074206375982
20171005,TRPL4,TRAN PAULIS,69.04,70.69,69.04,69.92,15161901.0,70.14550000000001,70.26425000000005,1.4422550872999684,1.1334017041972821,72.53105340839461,67.99744659160548,73.6644551125919,66.8640448874082,74.79785681678918,65.73064318321092
20171006,TRPL4,TRAN PAULIS,69.93,70.58,68.75,70.0,15352008.0,70.11600000000001,70.23375000000006,1.438714338348288,1.123393867729239,72.48053773545854,67.98696226454157,73.60393160318777,66.86356839681234,74.72732547091701,65.7401745290831
20171009,TRPL4,TRAN PAULIS,70.2,70.75,68.34,68.53,14768730.0,70.00800000000001,70.17450000000005,1.473997786187189,1.1495482947887192,72.4735965895775,67.8754034104226,73.62314488436621,66.72585511563389,74.77269317915493,65.57630682084518
20171010,TRPL4,TRAN PAULIS,68.7,70.87,68.7,69.21,27357811.0,69.92100000000002,70.15225000000007,1.4668042598938074,1.1595964981241995,72.47144299624847,67.83305700375166,73.63103949437266,66.67346050562747,74.79063599249686,65.51386400750327
20171011,TRPL4,TRAN PAULIS,69.45,69.75,68.49,68.59,27755524.0,69.78450000000001,70.07350000000007,1.4567536908448093,1.1559601403829647,72.385420280766,67.76157971923413,73.54138042114896,66.60561957885118,74.69734056153193,65.4496594384682
20171013,TRPL4,TRAN PAULIS,68.25,69.38,68.25,68.45,14926799.0,69.62950000000002,70.01775000000006,1.4235591977414117,1.1794946495026921,72.37673929900545,67.65876070099468,73.55623394850814,66.47926605149199,74.73572859801084,65.29977140198929
20171016,TRPL4,TRAN PAULIS,68.39,68.64,68.0,68.14,23229309.0,69.42300000000003,69.96775000000007,1.3158431357480282,1.2160054139135275,72.39976082782712,67.53573917217301,73.61576624174064,66.31973375825949,74.83177165565418,65.10372834434595
20171017,TRPL4,TRAN PAULIS,68.34,68.65,67.38,67.89,21180366.0,69.22950000000003,69.93225000000007,1.2362314337919023,1.2557773922852318,72.44380478457053,67.4206952154296,73.69958217685576,66.16491782314438,74.955359569141,64.90914043085914
20171018,TRPL4,TRAN PAULIS,68.36,68.36,67.71,67.75,13622483.0,69.01150000000004,69.89150000000006,1.0755232508682986,1.2998314486394487,72.49116289727897,67.29183710272116,73.7909943459184,65.99200565408172,75.09082579455786,64.69217420544227
20171019,TRPL4,TRAN PAULIS,67.77,68.37,67.07,67.83,33929466.0,68.82500000000003,69.82725000000006,0.9229158597677932,1.3370365000868252,72.50132300017371,67.15317699982641,73.83835950026054,65.81614049973959,75.17539600034736,64.47910399965276
20171020,TRPL4,TRAN PAULIS,68.2,68.26,67.31,67.75,26470592.0,68.68600000000004,69.75350000000006,0.8598004664488409,1.3686481258190528,72.49079625163816,67.01620374836196,73.85944437745722,65.6475556225429,75.22809250327627,64.27890749672385
20171023,TRPL4,TRAN PAULIS,68.15,68.68,66.82,67.5,41112368.0,68.52600000000004,69.65725000000006,0.7568730686882889,1.3887237961709953,72.43469759234205,66.87980240765808,73.82342138851305,65.49107861148707,75.21214518468405,64.10235481531608
20171024,TRPL4,TRAN PAULIS,67.93,68.15,66.83,67.12,28278094.0,68.41000000000004,69.55300000000007,0.7866183452303801,1.4191965946828002,72.39139318936567,66.71460681063446,73.81058978404847,65.29541021595166,75.22978637873126,63.87621362126887
20171025,TRPL4,TRAN PAULIS,67.12,67.9,66.43,67.06,20696286.0,68.30300000000003,69.47300000000006,0.8184073107665455,1.4676847282501557,72.40836945650037,66.53763054349974,73.87605418475053,65.06994581524958,75.34373891300068,63.602261086999434
20171026,TRPL4,TRAN PAULIS,66.98,68.27,66.98,68.0,15617133.0,68.29800000000003,69.43225000000005,0.8200166878920156,1.4857312582681765,72.4037125165364,66.4607874834637,73.88944377480459,64.97505622519552,75.37517503307276,63.48932496692735
20171027,TRPL4,TRAN PAULIS,67.86,69.43,67.86,68.3,28916920.0,68.32550000000003,69.40200000000006,0.8098308790308753,1.4963874446865852,72.39477488937322,66.40922511062689,73.89116233405981,64.9128376659403,75.3875497787464,63.41645022125372
20171030,TRPL4,TRAN PAULIS,68.13,68.55,66.86,67.01,9457820.0,68.26000000000003,69.30850000000007,0.8616202607207809,1.5265404997693803,72.36158099953883,66.2554190004613,73.88812149930821,64.72887850069192,75.4146619990776,63.202338000922545
20171031,TRPL4,TRAN PAULIS,66.99,67.23,65.63,66.5,27534573.0,68.18500000000003,69.22850000000007,0.946542183562618,1.5881057091988502,72.40471141839777,66.05228858160237,73.99281712759662,64.46418287240351,75.58092283679547,62.87607716320467
20171101,TRPL4,TRAN PAULIS,66.95,66.95,65.38,65.66,14078352.0,68.01500000000004,69.13250000000006,1.0773969605148468,1.684415366887086,72.50133073377424,65.76366926622589,74.18574610066132,64.07925389933881,75.87016146754841,62.39483853245172
20171103,TRPL4,TRAN PAULIS,65.76,65.76,64.08,64.65,28970351.0,67.79300000000005,68.99250000000006,1.2822024636909068,1.8166816042670382,72.62586320853414,65.35913679146599,74.44254481280117,63.54245518719895,76.25922641706822,61.72577358293191
20171106,TRPL4,TRAN PAULIS,64.4,65.56,64.15,64.21,29613262.0,67.50750000000005,68.82650000000007,1.4127311175615107,1.9416666776714482,72.70983335534297,64.94316664465717,74.65150003301441,63.00149996698572,76.59316671068586,61.05983328931428
20171107,TRPL4,TRAN PAULIS,64.15,65.17,63.24,63.4,28009390.0,67.17750000000005,68.64675000000007,1.5627468226104955,2.1005327620905025,72.84781552418107,64.44568447581906,74.94834828627158,62.34515171372856,77.04888104836208,60.24461895163806
20171108,TRPL4,TRAN PAULIS,63.44,64.36,62.16,62.8,29357736.0,66.89100000000005,68.44950000000007,1.8077753120749271,2.2675559530031775,72.98461190600642,63.914388093993715,75.2521678590096,61.64683214099054,77.51972381201278,59.37927618798736
20171109,TRPL4,TRAN PAULIS,62.98,63.75,62.28,63.22,20639886.0,66.59150000000005,68.25625000000007,1.8973312975418353,2.3757964251691,73.00784285033826,63.50465714966187,75.38363927550736,61.12886072449277,77.75943570067646,58.75306429932367
20171110,TRPL4,TRAN PAULIS,63.44,63.54,62.34,62.34,15333731.0,66.27900000000005,68.03175000000007,2.058686090945585,2.499904498175898,73.03155899635188,63.03194100364828,75.53146349452777,60.53203650547238,78.03136799270366,58.03213200729648
20171113,TRPL4,TRAN PAULIS,62.7,64.73,61.52,63.64,26601389.0,66.03850000000006,67.83400000000006,2.0726267975941615,2.52716807148605,72.88833614297216,62.77966385702796,75.41550421445821,60.25249578554191,77.94267228594425,57.72532771405586
20171114,TRPL4,TRAN PAULIS,63.72,64.66,63.09,63.15,36237790.0,65.78900000000006,67.60600000000007,2.106406018741313,2.528093230997507,72.66218646199508,62.549813538005054,75.19027969299259,60.02172030700754,77.71837292399009,57.493627076010036
20171116,TRPL4,TRAN PAULIS,64.0,64.42,62.6,63.96,46306863.0,65.59250000000006,67.41100000000006,2.08327645536396,2.5001310734870255,72.41126214697411,62.410737853026006,74.91139322046114,59.91060677953898,77.41152429394816,57.410475706051955
20171117,TRPL4,TRAN PAULIS,63.8,64.09,63.32,64.0,31609561.0,65.40500000000006,67.20825000000005,2.0473204567511436,2.4373460635152555,72.08294212703056,62.333557872969536,74.52028819054581,59.896211809454286,76.95763425406108,57.45886574593903
20171121,TRPL4,TRAN PAULIS,62.67,62.67,61.43,62.01,30220798.0,65.11400000000006,66.96950000000007,2.0975007684585782,2.467686500888356,71.90487300177678,62.03412699822336,74.37255950266514,59.566440497335,76.84024600355349,57.098753996446646
20171122,TRPL4,TRAN PAULIS,62.23,62.34,61.64,62.12,26017545.0,64.83250000000005,66.75925000000005,2.102897437246775,2.514378536154979,71.78800707231001,61.73049292769009,74.30238560846499,59.216114391535115,76.81676414461997,56.701735855380136
20171123,TRPL4,TRAN PAULIS,62.04,62.5,61.92,62.0,9950119.0,64.55750000000005,66.54175000000006,2.09531275143256,2.5408991821491185,71.6235483642983,61.45995163570183,74.16444754644742,58.91905245355271,76.70534672859654,56.37815327140359
20171124,TRPL4,TRAN PAULIS,62.2,63.68,61.88,63.0,19279126.0,64.35150000000006,66.38075000000006,2.031683965788526,2.5565294860064505,71.49380897201297,61.26769102798716,74.05033845801941,58.711161541980715,76.60686794402586,56.15463205597426
20171127,TRPL4,TRAN PAULIS,62.91,62.91,61.85,62.36,33104232.0,64.11650000000006,66.20975000000007,1.9728773403331685,2.5916359425996225,71.39302188519932,61.026478114800824,73.98465782779894,58.4348421722012,76.57629377039856,55.84320622960158
20171128,TRPL4,TRAN PAULIS,62.41,62.83,61.7,62.18,26733944.0,63.825500000000055,66.06175000000006,1.7907289753499702,2.6493162035049163,71.3603824070099,60.76311759299023,74.0096986105148,58.11380138948531,76.65901481401973,55.464485185980394
20171129,TRPL4,TRAN PAULIS,62.0,62.74,61.37,61.75,25453362.0,63.49800000000006,65.91175000000007,1.505584691459745,2.720186539135165,71.3521230782704,60.47137692172974,74.07230961740557,57.75119038259457,76.79249615654072,55.03100384345941
20171130,TRPL4,TRAN PAULIS,61.77,62.1,60.26,60.96,19961004.0,63.19550000000006,65.72775000000006,1.3639357717552956,2.8008382330459796,71.32942646609202,60.1260735339081,74.130264699138,57.32523530086212,76.93110293218398,54.52439706781614
20171201,TRPL4,TRAN PAULIS,61.11,61.13,59.94,60.31,22294609.0,62.88600000000006,65.53550000000006,1.2739635622319587,2.9029321604551708,71.3413643209104,59.72963567908971,74.24429648136557,56.826703518634545,77.14722864182073,53.92377135817937
20171204,TRPL4,TRAN PAULIS,60.5,61.04,60.09,60.6,22559303.0,62.63300000000005,65.32400000000005,1.1940029974395907,2.947408074728392,71.21881614945684,59.42918385054327,74.16622422418523,56.48177577581488,77.11363229891363,53.53436770108649
20171205,TRPL4,TRAN PAULIS,60.5,61.67,60.5,60.89,7778035.0,62.44500000000005,65.11900000000006,1.155082589892887,2.9638763599250937,71.04675271985025,59.19124728014987,74.01062907977534,56.22737092022477,76.97450543970044,53.263494560299684
20171206,TRPL4,TRAN PAULIS,60.54,62.34,59.71,62.0,36799201.0,62.33450000000005,64.92100000000005,1.0806600078801603,2.898754639761389,70.71850927952283,59.12349072047727,73.61726391928421,56.224736080715886,76.5160185590456,53.32598144095449
20171207,TRPL4,TRAN PAULIS,61.69,63.15,61.2,62.0,42755322.0,62.26450000000004,64.72100000000005,1.0529981006630382,2.8140870906647244,70.34917418132949,59.0928258186706,73.16326127199422,56.27873872800588,75.97734836265894,53.46465163734115
20171208,TRPL4,TRAN PAULIS,62.31,63.67,62.31,63.24,17609434.0,62.286500000000046,64.58875000000003,1.069246045240816,2.754156008746147,70.09706201749233,59.08043798250774,72.85121802623847,56.326281973761596,75.60537403498462,53.572125965015445
20171211,TRPL4,TRAN PAULIS,63.29,64.05,63.19,63.9,34740285.0,62.32050000000005,64.45600000000005,1.1105071150747068,2.6517684471755016,69.75953689435104,59.15246310564904,72.41130534152656,56.50069465847354,75.06307378870206,53.848926211298036
20171212,TRPL4,TRAN PAULIS,63.94,64.74,62.84,64.4,30845264.0,62.42350000000006,64.35125000000004,1.204007671771317,2.565638009820473,69.48252601964099,59.219973980359086,72.04816402946146,56.65433597053862,74.61380203928192,54.08869796071814
20171213,TRPL4,TRAN PAULIS,64.5,64.63,62.86,63.4,21204780.0,62.41150000000006,64.22500000000005,1.1923849387279426,2.4816506086855563,69.18830121737116,59.26169878262894,71.66995182605672,56.780048173943385,74.15160243474227,54.29839756525783
20171214,TRPL4,TRAN PAULIS,63.4,64.25,63.16,63.8,18966232.0,62.44400000000005,64.11650000000006,1.222062105407766,2.3996127358494577,68.91572547169898,59.31727452830114,71.31533820754844,56.91766179245168,73.7149509433979,54.51804905660223
20171215,TRPL4,TRAN PAULIS,64.5,65.85,64.24,65.39,27877777.0,62.51550000000005,64.05400000000006,1.3505105272490507,2.3303667588533914,68.71473351770685,59.39326648229328,71.04510027656023,57.062899723439884,73.37546703541362,54.7325329645865
20171218,TRPL4,TRAN PAULIS,65.84,66.15,64.33,64.33,23783956.0,62.53200000000005,63.96850000000005,1.3714556231667772,2.2527311629014486,68.47396232580294,59.46303767419715,70.7266934887044,57.210306511295705,72.97942465160584,54.95757534839426
20171219,TRPL4,TRAN PAULIS,64.48,65.5,62.81,62.81,25253982.0,62.572000000000045,63.84300000000005,1.3670891088655979,2.170419078048887,68.18383815609782,59.50216184390228,70.35425723414671,57.33174276585339,72.5246763121956,55.161323687804504
20171220,TRPL4,TRAN PAULIS,63.29,64.88,62.96,64.11,12503605.0,62.67150000000005,63.75200000000005,1.4043701528855494,2.076692636788579,67.90538527357721,59.598614726422895,69.98207791036579,57.521922089634316,72.05877054715437,55.44522945284574
20171221,TRPL4,TRAN PAULIS,64.43,65.58,64.43,65.58,12000986.0,62.850500000000046,63.70400000000005,1.5362376289596549,2.0089247028044754,67.721849405609,59.6861505943911,69.73077410841347,57.67722589158662,71.73969881121795,55.66830118878215
20171222,TRPL4,TRAN PAULIS,65.0,66.0,64.95,65.27,10697221.0,62.96400000000004,63.65775000000006,1.6289240879213918,1.9486556674425555,67.55506133488517,59.76043866511495,69.50371700232772,57.81178299767239,71.45237266977028,55.86312733022984
20171226,TRPL4,TRAN PAULIS,65.59,66.13,65.26,65.5,6597096.0,63.12100000000005,63.618750000000055,1.7166058922984353,1.893652267512699,67.40605453502545,59.83144546497466,69.29970680253815,57.93779319746196,71.19335907005085,56.04414092994926
20171227,TRPL4,TRAN PAULIS,65.5,65.85,64.84,65.31,10111177.0,63.277500000000046,63.551500000000054,1.768204188613864,1.77832325232033,67.10814650464071,59.99485349535939,68.88646975696105,58.21653024303907,70.66479300928137,56.43820699071873
20171228,TRPL4,TRAN PAULIS,65.81,67.09,65.44,66.9,68087976.0,63.535000000000046,63.51650000000005,1.9038396106704876,1.6942596144113231,66.9050192288227,60.127980771177405,68.59927884323402,58.43372115676608,70.29353845764534,56.73946154235476
