DATA DO PREGAO,CODIGO DE NEGOCIACAO DO PAPEL,NOME RESUMIDO DA EMPRESA EMISSORA,PRECO DE ABERTURA,PRECO MAXIMO,PRECO MINIMO,PRECO FECHAMENTO,VOLUME TOTAL DE TITULOS NEGOCIADOS NESTE PAPEL,MA_20,MA_40,STD_20,STD_40,BANDA_1_40 SUPERIOR,BANDA_1_40 INFERIOR,BANDA_2_40 SUPERIOR,BANDA_2_40 INFERIOR,BANDA_3_40 SUPERIOR,BANDA_3_40 INFERIOR
20170102,WEGE3,WEG,15.4,15.41,14.91,15.1,12447945.0,0.0,0.0,0.0,0.0,0.0,0.0,0.0,0.0,0.0,0.0
20170103,WEGE3,WEG,15.24,15.94,15.19,15.86,30583231.0,0.0,0.0,0.0,0.0,0.0,0.0,0.0,0.0,0.0,0.0
20170104,WEGE3,WEG,15.88,15.93,15.38,15.48,31531078.0,0.0,0.0,0.0,0.0,0.0,0.0,0.0,0.0,0.0,0.0
20170105,WEGE3,WEG,15.51,15.69,15.28,15.44,26884914.0,0.0,0.0,0.0,0.0,0.0,0.0,0.0,0.0,0.0,0.0
20170106,WEGE3,WEG,15.55,15.73,15.36,15.57,20348178.0,0.0,0.0,0.0,0.0,0.0,0.0,0.0,0.0,0.0,0.0
20170109,WEGE3,WEG,15.64,15.76,15.4,15.4,16072959.0,0.0,0.0,0.0,0.0,0.0,0.0,0.0,0.0,0.0,0.0
20170110,WEGE3,WEG,15.54,15.54,15.15,15.23,20008574.0,0.0,0.0,0.0,0.0,0.0,0.0,0.0,0.0,0.0,0.0
20170111,WEGE3,WEG,15.15,15.38,14.77,14.97,53921626.0,0.0,0.0,0.0,0.0,0.0,0.0,0.0,0.0,0.0,0.0
20170112,WEGE3,WEG,15.44,15.69,15.26,15.48,32048313.0,0.0,0.0,0.0,0.0,0.0,0.0,0.0,0.0,0.0,0.0
20170113,WEGE3,WEG,15.53,15.57,15.06,15.15,15672212.0,0.0,0.0,0.0,0.0,0.0,0.0,0.0,0.0,0.0,0.0
20170116,WEGE3,WEG,15.16,15.38,15.06,15.15,11414357.0,0.0,0.0,0.0,0.0,0.0,0.0,0.0,0.0,0.0,0.0
20170117,WEGE3,WEG,15.25,15.72,15.11,15.5,34358127.0,0.0,0.0,0.0,0.0,0.0,0.0,0.0,0.0,0.0,0.0
20170118,WEGE3,WEG,15.6,15.6,15.33,15.35,23426539.0,0.0,0.0,0.0,0.0,0.0,0.0,0.0,0.0,0.0,0.0
20170119,WEGE3,WEG,15.45,15.45,15.18,15.36,23985609.0,0.0,0.0,0.0,0.0,0.0,0.0,0.0,0.0,0.0,0.0
20170120,WEGE3,WEG,15.44,15.55,15.11,15.44,18154354.0,0.0,0.0,0.0,0.0,0.0,0.0,0.0,0.0,0.0,0.0
20170123,WEGE3,WEG,15.5,15.87,15.25,15.66,26521286.0,0.0,0.0,0.0,0.0,0.0,0.0,0.0,0.0,0.0,0.0
20170124,WEGE3,WEG,15.67,15.75,15.46,15.65,22866726.0,0.0,0.0,0.0,0.0,0.0,0.0,0.0,0.0,0.0,0.0
20170126,WEGE3,WEG,15.65,16.18,15.61,16.1,80112463.0,0.0,0.0,0.0,0.0,0.0,0.0,0.0,0.0,0.0,0.0
20170127,WEGE3,WEG,16.2,16.31,16.06,16.14,51671215.0,0.0,0.0,0.0,0.0,0.0,0.0,0.0,0.0,0.0,0.0
20170130,WEGE3,WEG,16.14,16.19,15.71,16.0,27071061.0,15.501500000000002,0.0,0.3261461570975104,0.0,0.0,0.0,0.0,0.0,0.0,0.0
20170131,WEGE3,WEG,16.1,16.1,15.82,15.91,23276551.0,15.542000000000002,0.0,0.3239493137741415,0.0,0.0,0.0,0.0,0.0,0.0,0.0
20170201,WEGE3,WEG,16.01,16.19,15.62,15.79,31297753.0,15.538500000000003,0.0,0.32069455873151376,0.0,0.0,0.0,0.0,0.0,0.0,0.0
20170202,WEGE3,WEG,15.68,16.2,15.66,15.94,38599255.0,15.5615,0.0,0.33255430897983146,0.0,0.0,0.0,0.0,0.0,0.0,0.0
20170203,WEGE3,WEG,15.96,16.38,15.91,16.25,23877373.0,15.602,0.0,0.36474360136518214,0.0,0.0,0.0,0.0,0.0,0.0,0.0
20170206,WEGE3,WEG,16.34,16.4,16.17,16.18,20995604.0,15.632500000000002,0.0,0.386766283296176,0.0,0.0,0.0,0.0,0.0,0.0,0.0
20170207,WEGE3,WEG,16.26,16.32,16.01,16.19,19333031.0,15.672000000000002,0.0,0.4018195457769848,0.0,0.0,0.0,0.0,0.0,0.0,0.0
20170208,WEGE3,WEG,16.21,16.27,15.93,16.25,18267548.0,15.723000000000003,0.0,0.40745810246350406,0.0,0.0,0.0,0.0,0.0,0.0,0.0
20170209,WEGE3,WEG,16.25,16.34,16.07,16.29,11616716.0,15.789000000000001,0.0,0.38537609791229566,0.0,0.0,0.0,0.0,0.0,0.0,0.0
20170210,WEGE3,WEG,16.29,16.55,16.09,16.32,27622888.0,15.831,0.0,0.39556621642772966,0.0,0.0,0.0,0.0,0.0,0.0,0.0
20170213,WEGE3,WEG,16.35,16.51,16.26,16.44,20454728.0,15.895500000000002,0.0,0.38367303788512735,0.0,0.0,0.0,0.0,0.0,0.0,0.0
20170214,WEGE3,WEG,16.52,16.54,16.21,16.39,38276514.0,15.957500000000001,0.0,0.3560584665177197,0.0,0.0,0.0,0.0,0.0,0.0,0.0
20170215,WEGE3,WEG,16.49,17.05,16.47,17.02,46925872.0,16.0335,0.0,0.4112148241235356,0.0,0.0,0.0,0.0,0.0,0.0,0.0
20170216,WEGE3,WEG,17.0,17.0,16.66,16.75,26417761.0,16.1035,0.0,0.4078864005939357,0.0,0.0,0.0,0.0,0.0,0.0,0.0
20170217,WEGE3,WEG,16.67,16.91,16.6,16.91,19954848.0,16.181,0.0,0.40643378433963273,0.0,0.0,0.0,0.0,0.0,0.0,0.0
20170220,WEGE3,WEG,16.9,17.08,16.79,16.9,12572188.0,16.253999999999998,0.0,0.39735175984590176,0.0,0.0,0.0,0.0,0.0,0.0,0.0
20170221,WEGE3,WEG,16.9,17.52,16.84,17.5,30748776.0,16.345999999999997,0.0,0.46056487056657325,0.0,0.0,0.0,0.0,0.0,0.0,0.0
20170222,WEGE3,WEG,17.45,17.53,16.92,17.1,60577167.0,16.4185,0.0,0.45936197170927906,0.0,0.0,0.0,0.0,0.0,0.0,0.0
20170223,WEGE3,WEG,17.14,17.24,16.62,16.75,34649251.0,16.451,0.0,0.4586352753435772,0.0,0.0,0.0,0.0,0.0,0.0,0.0
20170224,WEGE3,WEG,16.69,17.15,16.6,16.98,38111909.0,16.493000000000002,0.0,0.4670410778733044,0.0,0.0,0.0,0.0,0.0,0.0,0.0
20170301,WEGE3,WEG,17.24,18.05,17.0,17.6,47793941.0,16.573,16.03725,0.5129286397479579,0.6887557994543869,17.414761598908775,14.659738401091227,18.10351739836316,13.97098260163684,18.792273197817547,13.282226802182453
20170302,WEGE3,WEG,17.6,17.85,17.42,17.58,50510387.0,16.6565,16.09925,0.5347825431154783,0.7134042170628633,17.526058434125726,14.672441565874275,18.239462651188592,13.959037348811412,18.952866868251455,13.245633131748548
20170303,WEGE3,WEG,17.6,17.97,17.29,17.71,93229626.0,16.752499999999998,16.145500000000002,0.5433122103309868,0.7561811952171252,17.657862390434254,14.633137609565752,18.414043585651378,13.876956414348626,19.1702247808685,13.1207752191315
20170306,WEGE3,WEG,17.71,17.94,17.52,17.57,32418587.0,16.833999999999996,16.197750000000003,0.5372385533056054,0.7808229961278365,17.759395992255676,14.63610400774433,18.54021898838351,13.855281011616494,19.32104198451135,13.074458015488657
20170307,WEGE3,WEG,17.74,17.74,17.08,17.11,25109303.0,16.877,16.2395,0.522243137567979,0.7839085176872131,17.807317035374425,14.671682964625573,18.59122555306164,13.88777444693836,19.375134070748853,13.103865929251146
20170308,WEGE3,WEG,17.2,17.27,16.89,17.1,45606867.0,16.923,16.27775,0.4975529593605351,0.7877214381382315,17.853192876276463,14.702307123723537,18.640914314414694,13.914585685585307,19.42863575255293,13.126864247447076
20170309,WEGE3,WEG,17.09,17.41,16.84,17.2,50027866.0,16.973499999999998,16.322750000000003,0.46971744025979684,0.7877067901062463,17.898163580212497,14.74733641978751,18.685870370318742,13.959629629681263,19.473577160424988,13.171922839575018
20170310,WEGE3,WEG,17.3,17.6,17.16,17.35,36096359.0,17.0285,16.375750000000004,0.444253069177569,0.7836073306943645,17.942964661388732,14.808535338611275,18.726571992083098,14.024928007916909,19.51017932277746,13.241320677222546
20170313,WEGE3,WEG,17.28,17.46,16.57,16.85,39383831.0,17.0565,16.42275,0.4117136843666271,0.7529088462551282,17.928567692510256,14.916932307489745,18.681476538765384,14.164023461234617,19.434385385020512,13.411114614979487
20170314,WEGE3,WEG,16.87,17.2,16.68,16.84,35490667.0,17.0825,16.456750000000003,0.3777756922887133,0.7398384698962732,17.93642693979255,14.977073060207456,18.676265409688824,14.237234590311184,19.416103879585094,13.49739612041491
20170315,WEGE3,WEG,16.88,17.06,16.73,16.93,43157973.0,17.107,16.501250000000002,0.34868323733728074,0.7122416310674613,17.925733262134926,15.07676673786508,18.637974893202387,14.364525106797618,19.350216524269847,13.652283475730158
20170316,WEGE3,WEG,17.0,17.08,16.6,16.87,45822469.0,17.131,16.54425,0.3112436852033371,0.6797506613004931,17.90375132260099,15.184748677399016,18.58350198390148,14.504998016098522,19.263252645201973,13.82524735479803
20170317,WEGE3,WEG,16.97,17.26,16.7,16.86,42366130.0,17.123,16.578250000000004,0.31626271557546026,0.6599024306279784,17.89805486125596,15.258445138744047,18.557957291883938,14.598542708116069,19.217859722511918,13.93864027748809
20170320,WEGE3,WEG,16.99,17.37,16.99,17.08,39514450.0,17.1395,16.621500000000005,0.3041549985745779,0.6335028787905331,17.888505757581072,15.354494242418939,18.522008636371602,14.720991363628405,19.155511515162136,14.087488484837872
20170321,WEGE3,WEG,17.08,17.15,16.61,16.8,32970665.0,17.134,16.657500000000002,0.30947153597536897,0.6000074785858669,17.857514957171738,15.457485042828269,18.457522435757603,14.857477564242402,19.05752991434347,14.257470085656536
20170322,WEGE3,WEG,16.8,16.8,16.27,16.4,39472215.0,17.109,16.6815,0.3472584355384879,0.5684281069937585,17.818356213987517,15.544643786012482,18.386784320981274,14.976215679018724,18.955212427975034,14.407787572024965
20170323,WEGE3,WEG,16.4,16.88,16.4,16.6,34813164.0,17.064,16.705000000000002,0.3522020950952447,0.5440211157289475,17.793042231457896,15.616957768542107,18.337063347186845,15.072936652813159,18.88108446291579,14.528915537084211
20170324,WEGE3,WEG,16.62,16.96,16.61,16.87,19360620.0,17.052500000000002,16.735500000000002,0.354710779145646,0.5168789472921491,17.7692578945843,15.701742105415704,18.28613684187645,15.184863158123555,18.803015789168597,14.667984210831406
20170327,WEGE3,WEG,16.76,17.08,16.76,16.98,22172254.0,17.064,16.7575,0.3480532324682318,0.5077842768291135,17.773068553658227,15.741931446341773,18.28085283048734,15.23414716951266,18.788637107316454,14.726362892683547
20170328,WEGE3,WEG,16.99,17.28,16.81,17.23,25854029.0,17.076500000000003,16.784750000000003,0.3493644605792003,0.5030215752114404,17.790793150422882,15.778706849577121,18.293814725634324,15.275685274365681,18.796836300845765,14.77266369915424
20170329,WEGE3,WEG,17.25,17.5,17.09,17.46,43365329.0,17.069499999999998,16.821250000000003,0.3395891480505381,0.49755910613972054,17.816368212279443,15.826131787720561,18.313927318419164,15.328572681580841,18.811486424558886,14.831013575441121
20170330,WEGE3,WEG,17.62,17.69,17.25,17.45,25335478.0,17.063,16.859750000000005,0.3304239700748208,0.4846541854633806,17.829058370926766,15.890441629073244,18.313712556390147,15.405787443609864,18.798366741853528,14.921133258146483
20170331,WEGE3,WEG,17.36,17.79,17.11,17.4,52059854.0,17.0475,16.900000000000006,0.304749681576632,0.4597490954523172,17.81949819090464,15.98050180909537,18.279247286356956,15.520752713643054,18.738996381809276,15.061003618190737
20170403,WEGE3,WEG,17.35,17.65,17.21,17.49,31845779.0,17.0435,16.938750000000006,0.2979804832888532,0.44172846689061274,17.82220693378123,16.05529306621878,18.263935400671844,15.613564599328168,18.705663867562457,15.171836132437555
20170404,WEGE3,WEG,17.51,17.69,17.36,17.63,15517056.0,17.069499999999998,16.973250000000004,0.32550325408674274,0.44044492365019183,17.854139847300388,16.09236015269962,18.29458477095058,15.651915229049429,18.735029694600772,15.211470305399237
20170405,WEGE3,WEG,17.6,17.89,17.36,17.53,22847346.0,17.090999999999998,17.007000000000005,0.3414350520038155,0.42969398771325096,17.866387975426505,16.147612024573505,18.29608196313976,15.717918036860253,18.72577595085301,15.288224049147
20170406,WEGE3,WEG,17.45,17.8,17.34,17.51,27903938.0,17.106499999999997,17.040000000000003,0.3534681553437475,0.4158032078908242,17.871606415781653,16.208393584218353,18.287409623672474,15.79259037632753,18.7032128315633,15.376787168436707
20170407,WEGE3,WEG,17.37,17.55,16.91,17.05,76857056.0,17.091499999999996,17.060000000000002,0.3489273035431607,0.3955781228557051,17.85115624571141,16.268843754288593,18.246734368567118,15.873265631432886,18.64231249142282,15.477687508577182
20170410,WEGE3,WEG,17.13,17.15,16.87,17.0,52619512.0,17.098999999999997,17.07775,0.3450537715533106,0.37556444699431496,17.82887889398863,16.326621106011373,18.204443340982948,15.951056659017057,18.580007787977262,15.575492212022741
20170411,WEGE3,WEG,17.0,17.19,16.75,16.84,43422935.0,17.098999999999997,17.090750000000003,0.3450537715533106,0.357214203496276,17.805178406992557,16.37632159300745,18.16239261048883,16.019107389511177,18.519606813985106,15.6618931860149
20170412,WEGE3,WEG,16.93,17.17,16.8,16.9,56064437.0,17.097499999999993,17.10225,0.3458912971927605,0.34284247335832385,17.78793494671665,16.416565053283353,18.130777420074974,16.07372257992503,18.4736198934333,15.730880106566707
20170413,WEGE3,WEG,16.83,16.97,16.72,16.77,34118725.0,17.092499999999994,17.11175,0.35005074820059423,0.3275228510328848,17.76679570206577,16.45670429793423,18.094318553098656,16.129181446901345,18.42184140413154,15.801658595868462
20170417,WEGE3,WEG,16.85,17.33,16.72,17.12,27790150.0,17.105499999999992,17.114250000000002,0.3457634573245979,0.3271860405460422,17.768622081092087,16.459877918907917,18.09580812163813,16.132691878361875,18.42299416218417,15.805505837815833
20170418,WEGE3,WEG,17.03,17.23,16.73,16.92,24360321.0,17.097499999999993,17.1185,0.3482267107866218,0.3234156649076904,17.765331329815382,16.47166867018462,18.08874699472307,16.14825300527693,18.412162659630763,15.824837340369239
20170419,WEGE3,WEG,16.97,17.1,16.6,16.77,19311868.0,17.095999999999993,17.115000000000002,0.34963740616455796,0.3264729933464736,17.76794598669295,16.462054013307053,18.09441898003942,16.135581019960583,18.420891973385896,15.809108026614108
20170420,WEGE3,WEG,16.76,17.02,16.76,16.94,30479974.0,17.122999999999994,17.116000000000003,0.31187210604079685,0.3258582356540662,17.767716471308134,16.464283528691873,18.0935747069622,16.138425293037805,18.419432942616268,15.812567057383738
20170424,WEGE3,WEG,17.04,17.22,16.98,17.15,31187546.0,17.15049999999999,17.10725,0.286548884412243,0.3199277763047051,17.747105552609412,16.46739444739059,18.067033328914114,16.147466671085887,18.38696110521882,15.82753889478118
20170425,WEGE3,WEG,17.2,17.36,17.02,17.25,36382834.0,17.169499999999992,17.111,0.27948213387961135,0.3207187441053362,17.752437488210674,16.469562511789327,18.07315623231601,16.148843767683992,18.393874976421344,15.828125023578655
20170426,WEGE3,WEG,17.2,17.97,17.1,17.85,46393440.0,17.21299999999999,17.1385,0.3140080454886233,0.3357773224272314,17.810054644854464,16.466945355145537,18.145831967281694,16.131168032718307,18.481609289708928,15.795390710291075
20170427,WEGE3,WEG,17.94,17.94,17.47,17.61,43216560.0,17.231999999999992,17.15425,0.32634499020451546,0.34285294373190284,17.839955887463805,16.468544112536197,18.18280883119571,16.12569116880429,18.525661774927613,15.782838225072389
20170428,WEGE3,WEG,17.59,17.82,17.42,17.7,29494939.0,17.243999999999993,17.156750000000002,0.33932440618320586,0.34653143935511627,17.849812878710235,16.46368712128977,18.19634431806535,16.117155681934655,18.542875757420468,15.770624242579537
20170502,WEGE3,WEG,17.77,18.25,17.65,18.18,37367843.0,17.280499999999993,17.17175,0.39700821945621717,0.3769709741937769,17.925691948387552,16.417808051612447,18.30266292258133,16.04083707741867,18.67963389677511,15.663866103224892
20170503,WEGE3,WEG,18.27,19.0,18.21,18.65,44804179.0,17.342999999999993,17.195249999999998,0.5014620728692472,0.43605449847583805,18.067358996951675,16.32314100304832,18.503413495427512,15.887086504572483,18.93946799390335,15.451032006096646
20170504,WEGE3,WEG,18.67,18.67,18.11,18.28,44286208.0,17.382499999999993,17.212999999999997,0.5430409018229088,0.4651782123345394,18.143356424669076,16.28264357533092,18.608534637003615,15.81746536299638,19.073712849338154,15.35228715066184
20170505,WEGE3,WEG,18.39,18.6,18.21,18.5,22829948.0,17.425999999999995,17.247749999999996,0.5961578738273298,0.5072979577612212,18.262345915522438,16.233154084477555,18.76964387328366,15.725856126716334,19.27694183104488,15.218558168955111
20170508,WEGE3,WEG,18.5,18.84,18.33,18.5,14853777.0,17.474499999999995,17.282749999999997,0.6427037870549257,0.5438230646460415,18.37039612929208,16.195103870707914,18.91421919393812,15.651280806061873,19.45804225858416,15.10745774141583
20170509,WEGE3,WEG,18.59,19.13,18.49,18.8,29765550.0,17.538999999999994,17.322749999999992,0.7078797102690064,0.5940991348683048,18.510948269736602,16.134551730263382,19.105047404604907,15.540452595395077,19.69914653947321,14.946353460526772
20170510,WEGE3,WEG,18.99,19.32,18.92,19.32,42766926.0,17.652499999999996,17.371999999999993,0.8011825141955092,0.672851566669214,18.71770313333842,16.026296866661564,19.390554700007634,15.353445299992352,20.06340626667685,14.680593733323137
20170511,WEGE3,WEG,19.3,19.88,19.27,19.66,25837476.0,17.785499999999995,17.442249999999994,0.9016503873745284,0.7582283246540423,18.95870664930808,15.92579335069191,19.716934973962122,15.167565026037867,20.475163298616163,14.409336701383825
20170512,WEGE3,WEG,19.79,20.2,19.78,20.02,40664194.0,17.944499999999998,17.52174999999999,1.0010493178870414,0.8541118869238364,19.229973773847664,15.813526226152318,20.0840856607715,14.95941433922848,20.938197547695335,14.105302452304645
20170515,WEGE3,WEG,19.99,20.43,19.75,20.42,33426609.0,18.1205,17.60899999999999,1.1111278054301432,0.9633802668009751,19.53576053360194,15.682239466398041,20.499140800402916,14.718859199597066,21.46252106720389,13.755478932796091
20170516,WEGE3,WEG,20.35,20.36,19.3,19.5,58906987.0,18.256999999999998,17.674749999999992,1.1041553094417598,1.0006766620898382,19.676103324179667,15.673396675820316,20.67677998626951,14.672720013730478,21.677456648359346,13.672043351640639
20170517,WEGE3,WEG,19.4,19.79,19.09,19.18,48057787.0,18.36,17.73274999999999,1.0884803506192555,1.0193034008953856,19.77135680179076,15.694143198209218,20.790660202686144,14.674839797313831,21.80996360358153,13.655536396418446
20170518,WEGE3,WEG,17.5,18.98,17.17,18.65,120734383.0,18.446499999999997,17.771999999999988,1.0354723051520254,1.0237417542950735,19.819483508590135,15.72451649140984,20.84322526288521,14.700774737114767,21.866967017180283,13.677032982819693
20170519,WEGE3,WEG,18.65,19.44,18.41,18.9,76901884.0,18.552999999999997,17.82449999999999,0.9608116086769702,1.0264600607964396,19.87742012159287,15.77157987840711,20.903880182389308,14.745119817610671,21.930340243185746,13.718659756814231
20170522,WEGE3,WEG,18.78,18.93,18.43,18.93,55808999.0,18.652499999999996,17.88774999999999,0.8850327082864499,1.0143091307981433,19.916368261596276,15.859131738403704,20.93067739239442,14.84482260760556,21.94498652319256,13.830513476807416
20170523,WEGE3,WEG,18.9,19.38,18.67,19.06,39662876.0,18.747999999999998,17.949249999999985,0.814620350709138,1.0087905617301685,19.966831123460324,15.931668876539648,20.97562168519049,14.92287831480948,21.98441224692066,13.914087753079311
20170524,WEGE3,WEG,19.34,19.34,18.74,18.74,66977348.0,18.822499999999998,17.995999999999988,0.7346167994983966,1.0007914816501788,19.997582963300346,15.99441703669963,20.998374444950525,14.993625555049451,21.999165926600703,13.992834073399273
20170525,WEGE3,WEG,18.74,19.18,18.48,19.01,94127919.0,18.880499999999998,18.046749999999985,0.6987091481326221,0.9994187733954941,20.045587546790973,16.047912453208998,21.045006320186467,15.048493679813504,22.04442509358196,14.049074906418008
20170526,WEGE3,WEG,19.15,19.59,19.06,19.25,50625425.0,18.9625,18.097249999999985,0.6350953098800066,1.0080877747192605,20.113425549438507,16.081074450561463,21.121513324157767,15.072986675842204,22.129601098877025,14.064898901122943
20170529,WEGE3,WEG,19.25,19.38,18.85,18.96,16731074.0,19.025499999999997,18.134749999999986,0.5614968247555174,1.0116677966453211,20.15808559329063,16.111414406709343,21.16975338993595,15.099746610064024,22.18142118658127,14.0880788134187
20170530,WEGE3,WEG,18.97,19.55,18.97,19.54,26170670.0,19.0935,18.186999999999983,0.5354611883325694,1.029214786583949,20.245429573167883,16.128570426832084,21.274644359751832,15.099355640248136,22.30385914633578,14.070140853664189
20170531,WEGE3,WEG,19.49,19.76,19.0,19.0,60820416.0,19.110999999999997,18.226999999999983,0.5258366766652138,1.0289357209994625,20.28487144199891,16.169128558001056,21.31380716299837,15.140192837001596,22.342742883997833,14.111257116002133
20170601,WEGE3,WEG,19.02,19.41,19.0,19.13,35522102.0,19.153499999999998,18.267999999999983,0.4881358201846785,1.0314868531421488,20.33097370628428,16.205026293715687,21.36246055942643,15.173539440573537,22.39394741256858,14.142052587431387
20170602,WEGE3,WEG,19.34,19.34,19.0,19.0,23254223.0,19.178499999999996,18.302249999999983,0.4651686168533548,1.0325037716451706,20.367257543290325,16.23724245670964,21.399761314935496,15.204738685064472,22.432265086580664,14.1722349134193
20170605,WEGE3,WEG,19.04,19.04,18.67,18.89,24158157.0,19.197999999999997,18.336249999999986,0.44286863919106684,1.0288073441038486,20.39386468820768,16.27863531179229,21.42267203231153,15.24982796768844,22.451479376415378,14.221020623584591
20170606,WEGE3,WEG,18.94,19.04,18.68,18.76,14691254.0,19.195999999999994,18.367499999999986,0.444846514038979,1.0220285258701298,20.411557051740246,16.323442948259725,21.433585577610376,15.301414422389596,22.455614103480507,14.279385896519466
20170607,WEGE3,WEG,18.86,19.14,18.74,18.9,51750260.0,19.174999999999994,18.413749999999986,0.4485825629574492,1.0025523517246766,20.41885470344934,16.40864529655063,21.421407055174015,15.406092944825957,22.423959406898692,14.40354059310128
20170608,WEGE3,WEG,18.81,18.98,18.61,18.74,17781247.0,19.128999999999994,18.457249999999984,0.4433710576219911,0.9770625455663925,20.41137509113277,16.5031249088672,21.388437636699162,15.526062363300806,22.365500182265553,14.548999817734414
20170609,WEGE3,WEG,18.72,18.93,18.33,18.41,25558607.0,19.048499999999997,18.496499999999983,0.4185472997228207,0.9413099165388191,20.37911983307762,16.613880166922346,21.32042974961644,15.672570250383526,22.26173966615526,14.731260333844707
20170612,WEGE3,WEG,18.36,18.48,18.06,18.31,26665824.0,18.942999999999994,18.53174999999998,0.3052367502189287,0.9057193981609795,20.34318879632194,16.720311203678023,21.24890819448292,15.814591805517043,22.154627592643898,14.908872407356064
20170613,WEGE3,WEG,18.4,18.43,18.04,18.18,50141952.0,18.876999999999995,18.566999999999982,0.3207737356357079,0.8617668195527192,20.29053363910542,16.843466360894546,21.15230045865814,15.981699541341825,22.01406727821086,15.119932721789105
20170614,WEGE3,WEG,18.22,18.68,18.09,18.25,63445816.0,18.830499999999994,18.595249999999982,0.34128973645647454,0.8310913044968123,20.257432608993607,16.933067391006357,21.08852391349042,16.101976086509545,21.919615217987232,15.270884782012732
20170616,WEGE3,WEG,18.16,18.47,18.09,18.09,67764714.0,18.802499999999995,18.624499999999983,0.3778871315757263,0.7902026679341272,20.204905335868236,17.04409466413173,20.995108003802365,16.253891996197602,21.785310671736493,15.463689328263474
20170619,WEGE3,WEG,18.15,18.53,18.15,18.29,24539332.0,18.772,18.662499999999984,0.39388216244803653,0.7332287221422207,20.128957444284424,17.196042555715543,20.862186166426646,16.46281383357332,21.595414888568868,15.729585111431101
20170620,WEGE3,WEG,18.3,18.53,18.1,18.14,38416382.0,18.732499999999995,18.69249999999998,0.41618410652777327,0.6838306508005566,20.060161301601095,17.324838698398867,20.74399195240165,16.641008047598312,21.42782260320221,15.957177396797755
20170621,WEGE3,WEG,18.19,18.25,17.9,17.9,15707112.0,18.674499999999995,18.711249999999982,0.4477719696922887,0.6498922494516987,20.011034498903378,17.411465501096586,20.660926748355077,16.761573251644887,21.310818997806777,16.111681002193187
20170622,WEGE3,WEG,18.07,18.15,17.72,17.77,15343618.0,18.625999999999994,18.72424999999998,0.49077168021929585,0.6246225013804112,19.973495002760803,17.475004997239157,20.598117504141214,16.850382495858746,21.222740005521626,16.225759994478334
20170623,WEGE3,WEG,17.77,17.94,17.66,17.75,17848062.0,18.562999999999995,18.72174999999998,0.5189473150421748,0.6284000338670068,19.97855006773399,17.464949932265966,20.606950101601,16.836549898398957,21.235350135468007,16.20814986453195
20170626,WEGE3,WEG,17.94,18.1,17.69,17.86,32814013.0,18.493499999999994,18.72799999999998,0.5151624679856474,0.6182199426060679,19.964439885212116,17.491560114787845,20.582659827818183,16.873340172181777,21.20087977042425,16.25512022957571
20170627,WEGE3,WEG,17.92,17.92,17.45,17.48,28299975.0,18.419499999999996,18.72249999999998,0.5497604741588653,0.628493314327049,19.979486628654076,17.46551337134588,20.607979942981125,16.837020057018833,21.236473257308177,16.20852674269178
20170628,WEGE3,WEG,17.42,17.68,17.32,17.42,20409242.0,18.313499999999998,18.70349999999998,0.526220636135405,0.6561916152294154,20.01588323045881,17.39111676954115,20.672074845688226,16.734925154311735,21.328266460917643,16.078733539082318
20170629,WEGE3,WEG,17.48,17.66,17.38,17.5,18500057.0,18.238499999999995,18.67474999999998,0.5301069901940982,0.6832313401056178,20.041212680211217,17.308287319788747,20.724444020316835,16.62505597968313,21.407675360422452,15.941824639577511
20170630,WEGE3,WEG,17.62,18.05,17.56,17.7,26202500.0,18.166999999999994,18.660249999999984,0.4990633331816022,0.6978225749814928,20.055895149962968,17.264604850037,20.75371772494446,16.566782275055505,21.451540299925956,15.868959700074011
20170703,WEGE3,WEG,17.77,18.24,17.77,17.95,21475687.0,18.114499999999996,18.646499999999982,0.4605657276368921,0.7064267251093163,20.059353450218616,17.233646549781348,20.76578017532793,16.527219824672034,21.472206900437246,15.820793099562717
20170704,WEGE3,WEG,18.08,18.17,18.02,18.02,13286918.0,18.070999999999994,18.63449999999998,0.42302046734110876,0.713025155092601,20.060550310185185,17.208449689814778,20.773575465277784,16.49542453472218,21.486600620370385,15.782399379629577
20170705,WEGE3,WEG,18.16,18.31,18.1,18.11,23318057.0,18.038499999999996,18.617249999999984,0.39106164542988925,0.7172525482343541,20.051755096468693,17.182744903531276,20.769007644703045,16.465492355296924,21.4862601929374,15.748239807062568
20170706,WEGE3,WEG,18.15,18.21,17.68,17.72,30558070.0,17.979499999999994,18.577249999999985,0.3399144629245431,0.7216575915814489,20.020565183162883,17.133934816837087,20.74222277474433,16.41227722525564,21.463880366325782,15.690619633674189
20170707,WEGE3,WEG,17.85,18.07,17.71,17.96,29304662.0,17.940499999999993,18.534749999999985,0.28899963576742127,0.7061487730949826,19.94704754618995,17.12245245381002,20.653196319284934,16.416303680715036,21.359345092379915,15.710154907620055
20170710,WEGE3,WEG,18.02,18.49,18.02,18.42,42804667.0,17.940999999999995,18.494749999999986,0.2898620361482649,0.663912210368874,19.822574420737734,17.166925579262237,20.486486631106608,16.503013368893363,21.150398841475482,15.839101158524489
20170711,WEGE3,WEG,18.55,18.77,18.45,18.64,27106191.0,17.957499999999992,18.450249999999986,0.31981697068301457,0.5867270692972296,19.623704138594444,17.276795861405528,20.210431207891673,16.6900687921083,20.797158277188906,16.103341722811066
20170712,WEGE3,WEG,18.75,18.98,18.5,18.87,32310060.0,17.991999999999994,18.434499999999986,0.37715835010330784,0.5659117898101406,19.566323579620267,17.302676420379704,20.132235369430408,16.736764630569564,20.69814715924055,16.170852840759423
20170713,WEGE3,WEG,18.94,19.2,18.9,19.2,23499024.0,18.039499999999993,18.434999999999988,0.46170707277737116,0.5665957723375034,19.568191544674995,17.30180845532498,20.1347873170125,16.735212682987477,20.701383089350003,16.168616910649973
20170714,WEGE3,WEG,19.12,19.23,18.81,19.0,20172491.0,18.084999999999994,18.443749999999987,0.5093287636426014,0.5726711478586171,19.589092295717222,17.298407704282752,20.16176344357584,16.725736556424135,20.734434591434457,16.153065408565517
20170717,WEGE3,WEG,19.02,19.2,18.95,19.18,23978546.0,18.129499999999993,18.45074999999999,0.564115283104079,0.5800547608984759,19.61085952179694,17.290640478203038,20.190914282695417,16.71058571730456,20.770969043593894,16.130530956406083
20170718,WEGE3,WEG,19.19,19.69,19.12,19.6,44806780.0,18.202499999999993,18.46749999999999,0.6530082211137322,0.6034505481831349,19.67440109636626,17.26059890363372,20.277851644549393,16.657148355450587,20.88130219273253,16.05369780726745
20170719,WEGE3,WEG,19.7,19.79,19.08,19.32,38492941.0,18.273499999999995,18.473999999999993,0.6942794447255632,0.6113448814724188,19.696689762944832,17.251310237055154,20.308034644417248,16.63996535558274,20.919379525889667,16.02862047411032
20170720,WEGE3,WEG,19.25,19.69,19.25,19.47,24018352.0,18.3585,18.49224999999999,0.7324096854687511,0.6300976216591156,19.752445243318224,17.23205475668176,20.38254286497734,16.601957135022644,21.012640486636453,15.97185951336353
20170721,WEGE3,WEG,19.5,19.53,19.24,19.24,13433696.0,18.433,18.497999999999994,0.7429606492377654,0.6359656497738448,19.769931299547682,17.226068700452306,20.40589694932153,16.590103050678458,21.041862599095374,15.954137400904614
20170724,WEGE3,WEG,19.22,19.43,18.88,19.31,19474802.0,18.505499999999998,18.49949999999999,0.7547566704435006,0.6378527681574445,19.77520553631488,17.223794463685103,20.413058304472322,16.58594169552766,21.05091107262977,15.948088927370213
20170725,WEGE3,WEG,19.44,19.44,19.0,19.16,18413038.0,18.589499999999997,18.50449999999999,0.7276166934805639,0.6423233070418599,19.78914661408371,17.21985338591627,20.43146992112557,16.57753007887441,21.07379322816743,15.93520677183255
20170726,WEGE3,WEG,19.04,19.35,18.92,19.05,15536178.0,18.671,18.49224999999999,0.6794184820007613,0.6265472642657818,19.745344528531554,17.23915547146843,20.371891792797335,16.612608207202648,20.99843905706312,15.986060942936865
20170727,WEGE3,WEG,19.21,19.29,18.78,18.9,13949824.0,18.740999999999996,18.48974999999999,0.6221262352863653,0.6246660133263928,19.739082026652774,17.240417973347206,20.363748039979168,16.615751960020813,20.98841405330556,15.991085946694419
20170728,WEGE3,WEG,18.88,18.97,18.63,18.72,20672092.0,18.791999999999998,18.47949999999999,0.5720931098307297,0.6172102247520068,19.713920449504005,17.245079550495976,20.331130674256013,16.62786932574397,20.948340899008016,16.010659100991965
20170731,WEGE3,WEG,18.75,18.99,18.75,18.94,20275875.0,18.8415,18.47799999999999,0.5371687473763714,0.6159845152898605,19.70996903057971,17.24603096942027,20.325953545869574,16.630046454130408,20.941938061159433,16.01406193884055
20170801,WEGE3,WEG,19.0,19.45,18.89,19.15,31428362.0,18.898,18.48449999999999,0.5046583002388892,0.6217879513228103,19.72807590264561,17.24092409735437,20.349863853968422,16.619136146031558,20.97165180529123,15.99734819470875
20170802,WEGE3,WEG,19.16,19.68,19.16,19.52,37740127.0,18.9685,18.503499999999992,0.48695914667076606,0.6417146502205268,19.786929300441045,17.22007069955894,20.428643950661574,16.57835604933841,21.0703586008821,15.936641399117885
20170803,WEGE3,WEG,19.56,19.66,19.01,19.17,27986601.0,19.040999999999997,18.510249999999992,0.389478733964424,0.6473872043125761,19.805024408625144,17.21547559137484,20.45241161293772,16.568088387062264,21.099798817250296,15.920701182749688
20170804,WEGE3,WEG,19.25,19.35,19.09,19.14,17941262.0,19.099999999999998,18.52024999999999,0.29502899054696646,0.6540818089661824,19.828413617932355,17.212086382067625,20.482495426898538,16.558004573101442,21.13657723586472,15.90392276413526
20170807,WEGE3,WEG,19.13,19.79,19.13,19.55,20412630.0,19.156499999999998,18.54874999999999,0.2645806015883355,0.6736969854504982,19.896143970900987,17.201356029098996,20.569840956351484,16.527659043648498,21.243537941801982,15.853962058197999
20170808,WEGE3,WEG,19.43,19.6,19.22,19.3,25385153.0,19.1895,18.57349999999999,0.23643125183043862,0.6828242631592218,19.939148526318434,17.207851473681544,20.621972789477653,16.525027210522325,21.304797052636875,15.842202947363102
20170809,WEGE3,WEG,19.29,19.29,18.93,19.13,26606350.0,19.202499999999997,18.597249999999992,0.22480108166063692,0.6853035543016108,19.967857108603212,17.22664289139677,20.653160662904824,16.54133933709516,21.338464217206436,15.856035782793548
20170810,WEGE3,WEG,19.13,19.35,18.98,19.22,32246779.0,19.2035,18.62149999999999,0.22483385678740112,0.6898478093028627,20.001195618605717,17.241804381394264,20.69104342790858,16.551956572091402,21.38089123721144,15.862108762788539
20170811,WEGE3,WEG,19.37,19.37,19.03,19.25,20181662.0,19.216,18.65049999999999,0.21981810662455137,0.691312204508587,20.033124409017166,17.267875590982815,20.72443661352575,16.57656338647423,21.415748818034338,15.885251181965643
20170814,WEGE3,WEG,19.18,19.64,19.13,19.35,27855587.0,19.2245,18.676999999999992,0.2216321038876966,0.6974282427935592,20.071856485587112,17.282143514412873,20.76928472838067,16.584715271619316,21.46671297117423,15.887287028825757
20170815,WEGE3,WEG,19.54,19.92,19.45,19.61,26367903.0,19.225,18.713749999999994,0.22253326185445038,0.7070693851274943,20.127888770254984,17.299611229745004,20.834958155382477,16.59254184461751,21.54202754050997,15.885472459490018
20170816,WEGE3,WEG,19.78,20.49,19.67,20.38,51607247.0,19.278,18.775749999999995,0.34102940141808963,0.741764657888379,20.25927931577675,17.29222068422324,21.001043973665134,16.550456026334857,21.742808631553512,15.808691368446478
20170817,WEGE3,WEG,20.37,20.37,19.99,20.11,38923301.0,19.310000000000002,18.834249999999994,0.3869312464426791,0.7526053465743268,20.33946069314865,17.32903930685134,21.092066039722972,16.576433960277015,21.8446713862973,15.823828613702688
20170818,WEGE3,WEG,20.21,20.54,19.88,20.31,24193328.0,19.363500000000002,18.898249999999994,0.44617998492465843,0.7667543567464726,20.43175871349294,17.364741286507048,21.19851307023941,16.597986929760577,21.965267426985886,15.831232573014104
20170821,WEGE3,WEG,20.37,20.57,20.12,20.35,12891663.0,19.4155,18.960499999999993,0.4972924057756206,0.7812414512352489,20.522982902470492,17.398017097529493,21.304224353705738,16.616775646294247,22.085465804940988,15.835534195058997
20170822,WEGE3,WEG,20.58,21.08,20.5,20.83,30477395.0,19.499000000000002,19.044249999999995,0.5846627457909278,0.7978460988410289,20.639942197682053,17.448557802317936,21.43778829652308,16.650711703476908,22.23563439536411,15.852865604635879
20170823,WEGE3,WEG,20.9,21.04,20.52,20.83,20495079.0,19.588,19.129499999999997,0.6450752710057589,0.8020133319436372,20.73352666388727,17.52547333611272,21.53553999583091,16.723460004169084,22.337553327774547,15.921446672225448
20170824,WEGE3,WEG,20.67,20.89,20.57,20.64,40578640.0,19.675,19.207999999999995,0.6644467425491709,0.7920379426290461,20.792075885258086,17.623924114741904,21.584113827887133,16.831886172112856,22.37615177051618,16.03984822948381
20170825,WEGE3,WEG,20.62,20.8,20.43,20.52,12195606.0,19.764999999999997,19.278499999999994,0.650032387857059,0.7797782393501704,20.838056478700334,17.718943521299654,21.617834718050506,16.93916528194948,22.397612957400675,16.159387042599313
20170828,WEGE3,WEG,20.64,20.74,20.38,20.56,13539130.0,19.845999999999997,19.343749999999993,0.6427113619167103,0.7749464414909172,20.893642882981826,17.79385711701816,21.668589324472745,17.01891067552724,22.443535765963663,16.243964234036323
20170829,WEGE3,WEG,20.49,20.54,20.28,20.3,21006493.0,19.9035,19.40074999999999,0.6284506847461335,0.7587654868946742,20.91828097378934,17.883219026210643,21.677046460684014,17.12445353931597,22.43581194757869,16.365688052421294
20170830,WEGE3,WEG,20.35,20.75,20.14,20.62,22187828.0,19.9585,19.46349999999999,0.6411279123544603,0.7530503779926145,20.96960075598522,17.95739924401476,21.722651133977834,17.204348866022144,22.47570151197045,16.45129848802953
20170831,WEGE3,WEG,20.63,20.89,20.37,20.46,32151673.0,20.023,19.53199999999999,0.6222378966279598,0.7139963369869038,20.959992673973797,18.10400732602618,21.6739890109607,17.39001098903928,22.387985347947605,16.676014652052373
20170901,WEGE3,WEG,20.6,20.98,20.48,20.78,26499147.0,20.105,19.60249999999999,0.607639955721692,0.6937329346480037,20.989965869295997,18.21503413070398,21.683698803944,17.521301196055976,22.377431738592,16.827568261407976
20170904,WEGE3,WEG,20.91,21.44,20.72,21.12,21694565.0,20.183500000000002,19.66999999999999,0.6330483892704254,0.7069544648593442,21.083908929718678,18.256091070281304,21.790863394578025,17.549136605421957,22.49781785943737,16.842182140562613
20170905,WEGE3,WEG,21.61,22.14,21.36,21.65,38744355.0,20.301,19.74524999999999,0.6769972401405174,0.7531914575954892,21.25163291519097,18.238867084809012,22.00482437278646,17.485675627213524,22.75801583038195,16.732484169618033
20170906,WEGE3,WEG,21.7,21.84,21.4,21.43,62057378.0,20.416,19.809249999999988,0.6628121905939722,0.7850049403731177,21.379259880746222,18.239240119253754,22.164264821119342,17.454235178880634,22.94926976149246,16.669230238507517
20170908,WEGE3,WEG,21.32,21.41,21.02,21.13,57111358.0,20.5115,19.857499999999987,0.6174674506656662,0.8056395771094377,21.46877915421886,18.246220845781114,22.2744187313283,17.440581268671675,23.08005830843774,16.634941691562236
20170911,WEGE3,WEG,21.28,21.88,21.26,21.57,56279304.0,20.6275,19.92174999999999,0.5850764682365766,0.8373550773960655,21.59646015479212,18.24703984520786,22.433815232188184,17.409684767811793,23.27117030958425,16.572329690415728
20170912,WEGE3,WEG,21.69,21.77,21.36,21.53,23938581.0,20.7365,19.98049999999999,0.5355201603163384,0.8659305058869252,21.71236101177384,18.248638988226137,22.578291517660766,17.38270848233921,23.444222023547688,16.51677797645229
20170913,WEGE3,WEG,21.43,22.05,21.36,21.85,35976277.0,20.8485,20.03674999999999,0.5215793324125988,0.9124112531483486,21.86157250629669,18.211927493703293,22.773983759445038,17.299516240554944,23.686395012593387,16.387104987406595
20170914,WEGE3,WEG,21.85,22.58,21.8,22.35,35834477.0,20.947000000000003,20.11249999999999,0.6074025804495836,0.9750101906107529,22.062520381221496,18.162479618778484,23.03753057183225,17.18746942816773,24.012540762443003,16.212459237556978
20170915,WEGE3,WEG,22.37,23.14,22.22,22.88,82672962.0,21.085500000000003,20.19774999999999,0.7131138168549547,1.0625404668010006,22.32283093360199,18.07266906639799,23.38537140040299,17.01012859959699,24.44791186720399,15.947588132795985
20170918,WEGE3,WEG,22.97,23.7,22.64,23.63,38116158.0,21.2515,20.307499999999987,0.8880509409286019,1.1811766189389923,22.669853237877973,17.945146762122,23.851029856816965,16.76397014318301,25.032206475755956,15.582793524244018
20170919,WEGE3,WEG,23.67,23.75,23.19,23.45,36579725.0,21.4065,20.41099999999999,0.9874010276851277,1.2696028048374917,22.950205609674974,17.871794390325007,24.219808414512464,16.602191585487518,25.489411219349957,15.332588780650024
20170920,WEGE3,WEG,23.32,23.79,22.64,22.66,62331200.0,21.498,20.49849999999999,1.0155558498726136,1.3013849624583669,23.10126992491672,17.895730075083257,24.40265488737509,16.59434511262489,25.704039849833457,15.292960150166522
20170921,WEGE3,WEG,22.82,22.95,22.39,22.45,49033095.0,21.579,20.583499999999994,1.0240420427224246,1.3153113114976969,23.214122622995387,17.9528773770046,24.529433934493085,16.637566065506903,25.84474524599078,15.322254754009206
20170922,WEGE3,WEG,22.36,22.47,21.93,21.96,158035095.0,21.645000000000003,20.659999999999993,1.002651747276065,1.3038227817283268,23.267645563456647,18.05235443654334,24.571468345184975,16.74853165481501,25.8752911269133,15.444708873086686
20170925,WEGE3,WEG,21.85,22.1,21.62,21.82,29991427.0,21.71,20.737499999999994,0.967400205651566,1.277416764311294,23.29233352862258,18.182666471377406,24.569750292933875,16.905249707066112,25.84716705724517,15.627832942754818
20170926,WEGE3,WEG,21.99,21.99,21.35,21.35,37706022.0,21.749500000000005,20.797749999999994,0.9335076748197214,1.2469336492536292,23.29161729850725,18.303882701492736,24.538550947760882,17.056949052239105,25.78548459701451,15.810015402985478
20170927,WEGE3,WEG,21.5,21.7,21.11,21.11,27472392.0,21.790000000000003,20.846749999999993,0.883545489252761,1.218713881779055,23.2841777635581,18.409322236441884,24.502891645337158,17.190608354662828,25.721605527116214,15.971894472883772
20170928,WEGE3,WEG,21.1,21.42,21.02,21.08,28772417.0,21.813000000000002,20.885749999999994,0.8570764259970944,1.1999848022541673,23.28571960450833,18.48578039549166,24.485704406762498,17.28579559323749,25.685689209016665,16.085810790983324
20170929,WEGE3,WEG,21.33,21.7,21.06,21.4,34739076.0,21.860000000000003,20.941499999999998,0.8030468295972953,1.1696472183460118,23.28079443669202,18.602205563307976,24.450441655038034,17.43255834496196,25.620088873384045,16.26291112661595
20171002,WEGE3,WEG,21.48,21.81,21.2,21.27,19368711.0,21.884500000000003,20.994749999999996,0.7753605273473574,1.1334539622831323,23.26165792456626,18.72784207543373,24.395111886849392,17.5943881131506,25.528565849132526,16.460934150867466
20171003,WEGE3,WEG,21.4,22.24,21.23,22.1,36779900.0,21.933500000000002,21.0585,0.7552084062310583,1.1217626925787323,23.302025385157464,18.814974614842534,24.423788077736194,17.693211922263803,25.54555077031493,16.57144922968507
20171004,WEGE3,WEG,22.21,22.64,22.18,22.2,34475385.0,21.961000000000006,21.131,0.7543550748469302,1.098672392317644,23.328344784635288,18.933655215364713,24.427017176952933,17.834982823047067,25.525689569270575,16.736310430729425
20171005,WEGE3,WEG,22.46,23.04,22.27,22.29,89955850.0,22.004000000000005,21.21,0.7469686106277197,1.064169352244444,23.33833870448889,19.08166129551111,24.402508056733332,18.01749194326667,25.466677408977777,16.953322591022225
20171006,WEGE3,WEG,22.11,22.24,21.77,22.19,49161623.0,22.057000000000006,21.28425,0.7187642904757471,1.0246397428189347,23.333529485637868,19.234970514362132,24.358169228456802,18.210330771543198,25.38280897127574,17.18569102872426
20171009,WEGE3,WEG,22.25,22.31,22.01,22.19,41412532.0,22.088000000000005,21.357750000000003,0.7099710891074132,0.9794254922513225,23.31660098450265,19.398899015497356,24.29602647675397,18.419473523246037,25.275451969005292,17.440048030994713
20171010,WEGE3,WEG,22.5,22.58,22.23,22.45,26292249.0,22.134000000000004,21.435250000000003,0.7016701879312841,0.9382662338808624,23.311782467761727,19.55871753223828,24.25004870164259,18.620451298357416,25.188314935523454,17.682185064476553
20171011,WEGE3,WEG,22.5,22.75,22.26,22.75,34620718.0,22.179000000000002,21.51375,0.7112916346152454,0.9126453168448991,23.339040633689798,19.688459366310205,24.2516859505347,18.775814049465303,25.1643312673796,17.863168732620405
20171013,WEGE3,WEG,22.77,23.15,22.6,22.95,53988613.0,22.209,21.578000000000003,0.7312563090145802,0.9212065666621635,23.42041313332433,19.735586866675675,24.341619699986495,18.81438030001351,25.262826266648656,17.89317373335135
20171016,WEGE3,WEG,23.15,23.27,22.48,22.75,37220615.0,22.2025,21.644000000000002,0.7255333791153027,0.9078088582278079,23.459617716455618,19.828382283544386,24.367426574683424,18.92057342531658,25.275235432911234,18.01276456708877
20171017,WEGE3,WEG,22.64,23.03,22.48,22.54,42087822.0,22.148000000000003,21.69975,0.649628233765442,0.8921236188342986,23.4839972376686,19.915502762331403,24.376120856502897,19.023379143497106,25.268244475337195,18.13125552466281
20171018,WEGE3,WEG,22.65,22.96,22.49,22.58,41275132.0,22.1045,21.755500000000005,0.5836317782913506,0.8751291479781597,23.505758295956323,20.005241704043687,24.380887443934483,19.130112556065527,25.256016591912644,18.254983408087366
20171019,WEGE3,WEG,22.5,22.55,21.91,22.13,57915138.0,22.078,21.788000000000004,0.5689288180431237,0.8639450362384056,23.515890072476815,20.060109927523193,24.37983510871522,19.196164891284788,25.243780144953625,18.332219855046382
20171020,WEGE3,WEG,22.26,22.94,22.26,22.4,37766795.0,22.075499999999998,21.82725,0.5673157015834338,0.8549223611473139,23.537094722294626,20.117405277705373,24.392017083441942,19.262482916558056,25.246939444589255,18.407560555410743
20171023,WEGE3,WEG,22.87,22.87,21.4,21.64,42233467.0,22.0595,21.85225,0.5752022527588825,0.833671175107478,23.519592350214957,20.184907649785046,24.353263525322436,19.351236474677567,25.186934700429912,18.51756529957009
20171024,WEGE3,WEG,21.9,22.5,21.9,22.29,37321206.0,22.083000000000002,21.8965,0.5745029888612173,0.8077145662378363,23.51192913247567,20.281070867524328,24.31964369871351,19.47335630128649,25.127358264951344,18.665641735048656
20171025,WEGE3,WEG,22.56,22.82,21.64,22.25,40912924.0,22.128,21.938750000000002,0.5487363473903599,0.7797277220368511,23.498205444073704,20.3792945559263,24.277933166110557,19.599566833889448,25.057660888147407,18.8198391118526
20171026,WEGE3,WEG,22.35,22.43,21.34,21.55,48689871.0,22.15,21.970000000000002,0.5134609091869631,0.7361995270235512,23.442399054047105,20.4976009459529,24.178598581070656,19.76140141892935,24.914798108094207,19.025201891905798
20171027,WEGE3,WEG,21.6,21.88,21.45,21.59,28985350.0,22.1755,21.99425,0.4681933361336364,0.7059450385376008,23.406140077075204,20.582359922924798,24.112085115612803,19.8764148843872,24.818030154150403,19.1704698458496
20171030,WEGE3,WEG,21.58,21.59,20.68,21.05,48524068.0,22.158,22.009,0.5038859520085108,0.6787046485769472,23.366409297153893,20.651590702846107,24.04511394573084,19.97288605426916,24.72381859430779,19.29418140569221
20171031,WEGE3,WEG,21.12,21.6,20.82,21.28,37938573.0,22.158500000000004,22.0215,0.5029625391511954,0.6598311749888279,23.341162349977655,20.701837650022345,24.000993524966482,20.042006475033517,24.660824699955313,19.382175300044686
20171101,WEGE3,WEG,21.52,21.95,21.17,21.17,38222067.0,22.112000000000002,22.02275,0.549493546727058,0.6581247154040022,23.338999430808002,20.706500569191995,23.997124146212006,20.04837585378799,24.65524886161601,19.390251138383988
20171103,WEGE3,WEG,21.25,21.73,20.82,21.45,53357527.0,22.074500000000004,22.01775,0.5684371464582778,0.6617788285739243,23.341307657147848,20.69419234285215,24.003086485721774,20.032413514278225,24.664865314295696,19.370634685704303
20171106,WEGE3,WEG,21.4,21.9,21.34,21.71,29707469.0,22.0455,22.024750000000004,0.5716501966835723,0.6568650780557516,23.33848015611151,20.7110198438885,23.99534523416726,20.05415476583275,24.652210312223012,19.397289687776997
20171107,WEGE3,WEG,21.65,21.81,21.0,21.12,45940843.0,21.992,22.024500000000003,0.60642698176324,0.6572161569248238,23.33893231384965,20.710067686150357,23.996148470774475,20.05285152922553,24.653364627699297,19.39563537230071
20171108,WEGE3,WEG,21.12,22.01,21.12,21.74,38338267.0,21.969500000000004,22.028750000000002,0.6070417916766953,0.6547467214356457,23.338243442871295,20.71925655712871,23.99299016430694,20.064509835693066,24.647736885742585,19.40976311425742
20171109,WEGE3,WEG,21.8,22.08,21.34,21.68,42801011.0,21.931000000000004,22.032500000000002,0.5993320843809121,0.6522416965889168,23.336983393177835,20.72801660682217,23.98922508976675,20.075774910233253,24.64146678635567,19.423533213644333
20171110,WEGE3,WEG,21.5,21.89,21.37,21.65,39269022.0,21.876,22.0275,0.5699713750891369,0.6544394743908588,23.336378948781718,20.718621051218282,23.990818423172577,20.064181576827423,24.645257897563436,19.409742102436564
20171113,WEGE3,WEG,21.75,21.78,21.08,21.3,48552076.0,21.7935,22.00125,0.5238850315820637,0.6621843708708309,23.32561874174166,20.676881258258337,23.987803112612493,20.014696887387505,24.649987483483322,19.352512516516676
20171114,WEGE3,WEG,21.35,21.49,20.89,20.97,53975776.0,21.704500000000003,21.9535,0.5036443502898644,0.6660466989094392,23.285593397818875,20.62140660218112,23.951640096728315,19.95535990327168,24.617686795637756,19.28931320436224
20171116,WEGE3,WEG,20.9,22.0,20.9,21.75,48868063.0,21.665,21.9065,0.46409504471203866,0.6085609338894219,23.123621867778844,20.689378132221158,23.732182801668266,20.080817198331737,24.340743735557687,19.472256264442315
20171117,WEGE3,WEG,21.75,22.64,21.65,22.32,40605091.0,21.652,21.87825,0.44013873410904397,0.5593076649774421,22.996865329954886,20.759634670045116,23.55617299493233,20.200327005067674,24.11548065990977,19.64101934009023
20171121,WEGE3,WEG,22.51,23.39,22.5,23.17,64659447.0,21.704,21.891,0.547841698226543,0.5829007920163501,23.056801584032698,20.7251984159673,23.639702376049048,20.14229762395095,24.222603168065397,19.5593968319346
20171122,WEGE3,WEG,23.17,23.57,22.78,23.5,58811353.0,21.759000000000004,21.91725,0.6642439310975693,0.6304251211153382,23.178100242230677,20.65639975776932,23.808525363346014,20.025974636653984,24.43895048446135,19.395549515538647
20171123,WEGE3,WEG,23.49,23.49,22.96,23.3,12704075.0,21.842000000000006,21.950749999999996,0.7471320604748698,0.6672806947911664,23.28531138958233,20.616188610417662,23.952592084373496,19.948907915626496,24.619872779164663,19.28162722083533
20171124,WEGE3,WEG,23.4,23.43,22.95,23.0,18555094.0,21.877500000000005,21.980249999999995,0.7854256305039846,0.6871400689516884,23.35453013790337,20.605969862096618,24.04167020685506,19.91882979314493,24.728810275806747,19.23168972419324
20171127,WEGE3,WEG,22.87,23.06,22.62,22.9,37057913.0,21.910000000000004,22.018999999999995,0.8145583239755422,0.6943537855352537,23.407707571070503,20.630292428929486,24.102061356605756,19.935938643394234,24.796415142141008,19.24158485785898
20171128,WEGE3,WEG,22.95,23.44,22.79,22.79,30623001.0,21.972,22.060999999999993,0.8327039026410489,0.688747655773355,23.438495311546703,20.683504688453283,24.127242967320058,19.994757032679928,24.815990623093413,19.306009376906573
20171129,WEGE3,WEG,22.85,23.23,22.52,22.8,50532157.0,22.032500000000006,22.103999999999992,0.8473169729396002,0.679561698864836,23.463123397729664,20.74487660227032,24.1426850965945,20.065314903405483,24.822246795459336,19.38575320454065
20171130,WEGE3,WEG,22.97,23.14,22.71,22.88,86408063.0,22.124000000000002,22.14099999999999,0.8343443691400672,0.6805382485152968,23.502076497030586,20.779923502969396,24.18261474554588,20.099385254454102,24.863152994061178,19.418847005938805
20171201,WEGE3,WEG,22.77,23.07,22.45,22.66,45538588.0,22.193000000000005,22.17574999999999,0.8177703962926135,0.6703343501757925,23.516418700351576,20.835081299648404,24.18675305052737,20.16474694947261,24.85708740070316,19.49441259929682
20171204,WEGE3,WEG,22.7,23.48,22.64,23.15,42204953.0,22.292000000000005,22.20199999999999,0.8071887537685792,0.6876276571457522,23.577255314291495,20.826744685708487,24.26488297143725,20.139117028562733,24.952510628583,19.451489371416983
20171205,WEGE3,WEG,23.2,24.07,22.94,23.8,54944941.0,22.409500000000005,22.241999999999987,0.8481712525688164,0.7325760658850757,23.707152131770137,20.776847868229837,24.439728197655214,20.04427180234476,25.17230426354029,19.311695736459683
20171206,WEGE3,WEG,23.75,24.27,23.53,23.85,46289129.0,22.516500000000008,22.280999999999988,0.8892709906079168,0.7754661129331546,23.831932225866296,20.73006777413368,24.607398338799452,19.954601661200524,25.38286445173261,19.179135548267368
20171207,WEGE3,WEG,23.53,23.75,22.89,23.06,37443290.0,22.61350000000001,22.302749999999985,0.8329483145650667,0.7849905682921652,23.872731136584317,20.732768863415654,24.65772170487648,19.94777829512349,25.442712273168645,19.162787726831326
20171208,WEGE3,WEG,23.34,23.6,23.03,23.15,32053896.0,22.684000000000005,22.326749999999983,0.8145932145943151,0.7960523997055016,23.918854799410987,20.73464520058898,24.71490719911649,19.938592800883477,25.51095959882199,19.142540401177975
20171211,WEGE3,WEG,23.16,23.47,22.94,23.13,22803223.0,22.756500000000006,22.343749999999982,0.7845030274001124,0.8059512217217843,23.95565244344355,20.731847556556414,24.761603665165335,19.92589633483463,25.56755488688712,19.119945113112845
20171212,WEGE3,WEG,22.98,23.45,22.29,23.45,41087302.0,22.846500000000006,22.361249999999984,0.7535199854157772,0.8224297569568907,24.006109513913767,20.7163904860862,24.828539270870657,19.89396072912931,25.650969027827546,19.07153097217242
20171213,WEGE3,WEG,23.59,24.53,23.33,23.7,81137688.0,22.966500000000003,22.379999999999985,0.6819806680389751,0.8444509671362818,24.06890193427255,20.69109806572742,24.913352901408828,19.84664709859114,25.75780386854511,19.00219613145486
20171214,WEGE3,WEG,23.75,23.79,23.03,23.13,45639013.0,23.074500000000008,22.389499999999984,0.4944052780334222,0.850833527963995,24.091167055927976,20.687832944071992,24.942000583891968,19.836999416108,25.792834111855964,18.986165888144004
20171215,WEGE3,WEG,23.02,23.64,23.02,23.6,107071263.0,23.16700000000001,22.415999999999986,0.397029761578252,0.8718880191565225,24.15977603831303,20.672223961686942,25.031664057469555,19.800335942530417,25.903552076626077,18.928447923373895
20171218,WEGE3,WEG,23.61,23.74,23.32,23.48,39056158.0,23.22500000000001,22.438499999999983,0.3485534014812451,0.8876981180096734,24.21389623601933,20.663103763980637,25.101594354029004,19.775405645970963,25.989292472038677,18.88770752796129
20171219,WEGE3,WEG,23.48,23.66,22.9,23.07,19738572.0,23.220000000000006,22.461999999999986,0.3500977307161061,0.8917548243024169,24.24550964860482,20.67849035139515,25.137264472907237,19.786735527092734,26.029019297209654,18.894980702790317
20171220,WEGE3,WEG,23.22,23.42,23.15,23.3,47566524.0,23.210000000000008,22.484499999999986,0.3444904704203907,0.9014516782418771,24.28740335648374,20.681596643516233,25.188855034725616,19.780144965274356,26.090306712967497,18.878693287032476
20171221,WEGE3,WEG,23.28,24.56,23.08,24.2,55185793.0,23.255000000000006,22.548499999999986,0.409511904588786,0.930369515782523,24.409239031565033,20.68776096843494,25.339608547347556,19.757391452652417,26.26997806313008,18.827021936869894
20171222,WEGE3,WEG,24.11,24.46,23.99,24.27,18897741.0,23.318500000000007,22.59799999999999,0.4628774420035212,0.9681682413659908,24.53433648273197,20.661663517268007,25.50250472409796,19.693495275902016,26.47067296546395,18.725327034536026
20171226,WEGE3,WEG,24.12,24.87,24.12,24.7,22616657.0,23.408500000000007,22.65924999999999,0.5449410880761478,1.0216110642835856,24.70247212856716,20.61602787143282,25.724083192850745,19.594416807149234,26.745694257134332,18.572805742865647
20171227,WEGE3,WEG,24.82,25.02,24.57,24.69,14891219.0,23.503500000000006,22.73774999999999,0.5947779329074123,1.0543061577923893,24.84636231558477,20.629137684415213,25.90066847337716,19.574831526622823,26.95497463116955,18.520525368830434
20171228,WEGE3,WEG,24.77,24.95,24.11,24.11,52674095.0,23.569000000000006,22.80074999999999,0.5852835570090724,1.0592435314762783,24.919237062952547,20.682262937047433,25.978480594428824,19.623019405571156,27.037724125905104,18.563775874094876
