DATA DO PREGAO,Empresa1,Empresa2,Par,Ratio,MA_40,STD_40,BANDA_1_40 SUPERIOR,BANDA_1_40 INFERIOR,BANDA_2_40 SUPERIOR,BANDA_2_40 INFERIOR,BANDA_3_40 SUPERIOR,BANDA_3_40 INFERIOR,PRECO FECHAMENTO
2019-01-02,31.96,37.0,ITUB3_ITUB4,0.8637837837837838,,,,,,,,,0.8637837837837838
2019-01-03,32.25,37.61,ITUB3_ITUB4,0.8574847115128955,,,,,,,,,0.8574847115128955
2019-01-04,31.71,36.98,ITUB3_ITUB4,0.8574905354245539,,,,,,,,,0.8574905354245539
2019-01-07,32.12,37.05,ITUB3_ITUB4,0.8669365721997301,,,,,,,,,0.8669365721997301
2019-01-08,32.2,37.52,ITUB3_ITUB4,0.8582089552238806,,,,,,,,,0.8582089552238806
2019-01-09,32.5,38.09,ITUB3_ITUB4,0.8532423208191126,,,,,,,,,0.8532423208191126
2019-01-10,32.5,37.83,ITUB3_ITUB4,0.859106529209622,,,,,,,,,0.859106529209622
2019-01-11,32.13,37.6,ITUB3_ITUB4,0.8545212765957447,,,,,,,,,0.8545212765957447
2019-01-14,32.5,37.88,ITUB3_ITUB4,0.8579725448785638,,,,,,,,,0.8579725448785638
2019-01-15,32.06,37.29,ITUB3_ITUB4,0.8597479216948244,,,,,,,,,0.8597479216948244
2019-01-16,31.99,37.18,ITUB3_ITUB4,0.8604088219472834,,,,,,,,,0.8604088219472834
2019-01-17,31.91,37.18,ITUB3_ITUB4,0.8582571274878967,,,,,,,,,0.8582571274878967
2019-01-18,32.3,37.66,ITUB3_ITUB4,0.8576739245884227,,,,,,,,,0.8576739245884227
2019-01-21,32.09,37.35,ITUB3_ITUB4,0.8591700133868809,,,,,,,,,0.8591700133868809
2019-01-22,31.99,37.29,ITUB3_ITUB4,0.857870742826495,,,,,,,,,0.857870742826495
2019-01-23,32.26,37.54,ITUB3_ITUB4,0.8593500266382526,,,,,,,,,0.8593500266382526
2019-01-24,32.2,37.49,ITUB3_ITUB4,0.8588957055214724,,,,,,,,,0.8588957055214724
2019-01-28,32.41,38.16,ITUB3_ITUB4,0.8493186582809225,,,,,,,,,0.8493186582809225
2019-01-29,32.3,37.88,ITUB3_ITUB4,0.8526927138331573,,,,,,,,,0.8526927138331573
2019-01-30,32.25,38.12,ITUB3_ITUB4,0.8460125918153201,,,,,,,,,0.8460125918153201
2019-01-31,32.87,38.78,ITUB3_ITUB4,0.8476018566271273,,,,,,,,,0.8476018566271273
2019-02-01,32.7,38.81,ITUB3_ITUB4,0.8425663488791549,,,,,,,,,0.8425663488791549
2019-02-04,33.43,39.69,ITUB3_ITUB4,0.8422776518014614,,,,,,,,,0.8422776518014614
2019-02-05,32.41,38.0,ITUB3_ITUB4,0.8528947368421052,,,,,,,,,0.8528947368421052
2019-02-06,31.2,36.4,ITUB3_ITUB4,0.8571428571428572,,,,,,,,,0.8571428571428572
2019-02-07,31.51,36.53,ITUB3_ITUB4,0.8625787024363537,,,,,,,,,0.8625787024363537
2019-02-08,32.44,37.31,ITUB3_ITUB4,0.8694719914232109,,,,,,,,,0.8694719914232109
2019-02-11,31.98,36.89,ITUB3_ITUB4,0.8669015993494171,,,,,,,,,0.8669015993494171
2019-02-12,32.5,37.77,ITUB3_ITUB4,0.8604712734974848,,,,,,,,,0.8604712734974848
2019-02-13,31.8,36.91,ITUB3_ITUB4,0.8615551341099974,,,,,,,,,0.8615551341099974
2019-02-14,32.69,37.89,ITUB3_ITUB4,0.8627606228556347,,,,,,,,,0.8627606228556347
2019-02-15,32.61,37.5,ITUB3_ITUB4,0.8696,,,,,,,,,0.8696
2019-02-18,32.14,36.9,ITUB3_ITUB4,0.8710027100271003,,,,,,,,,0.8710027100271003
2019-02-19,32.8,37.75,ITUB3_ITUB4,0.8688741721854304,,,,,,,,,0.8688741721854304
2019-02-20,32.51,37.27,ITUB3_ITUB4,0.8722833378052052,,,,,,,,,0.8722833378052052
2019-02-21,33.37,37.95,ITUB3_ITUB4,0.87931488801054,,,,,,,,,0.87931488801054
2019-02-22,31.95,36.66,ITUB3_ITUB4,0.8715220949263504,,,,,,,,,0.8715220949263504
2019-02-25,31.6,36.1,ITUB3_ITUB4,0.8753462603878116,,,,,,,,,0.8753462603878116
2019-02-26,31.55,36.23,ITUB3_ITUB4,0.8708252829147116,,,,,,,,,0.8708252829147116
2019-02-27,31.45,35.91,ITUB3_ITUB4,0.875800612642718,0.8607234402883372,0.008846651561480396,0.878416743411298,0.8430301371653764,0.8872633949727784,0.8341834856038961,0.8961100465342589,0.8253368340424156,0.875800612642718
2019-02-28,31.11,35.23,ITUB3_ITUB4,0.8830542151575362,0.8612052010726812,0.00951689533513271,0.8802389917429466,0.8421714104024157,0.8897558870780793,0.832654515067283,0.8992727824132121,0.8231376197321503,0.8830542151575362
2019-03-01,30.75,34.84,ITUB3_ITUB4,0.8826061997703788,0.8618332382791183,0.010077474308833254,0.8819881868967848,0.8416782896614518,0.892065661205618,0.8316008153526185,0.9021431355144514,0.8215233410437852,0.8826061997703788
2019-03-06,30.49,34.85,ITUB3_ITUB4,0.8748923959827832,0.862268284793074,0.010259174708693706,0.8827866342104614,0.8417499353756867,0.8930458089191552,0.8314907606669929,0.9033049836278488,0.8212315859582993,0.8748923959827832
2019-03-07,31.17,35.33,ITUB3_ITUB4,0.8822530427398813,0.862651196556578,0.010713649033099206,0.8840784946227763,0.8412238984903796,0.8947921436558756,0.8305102494572804,0.9055057926889748,0.8197966004241811,0.8822530427398813
2019-03-08,31.58,35.75,ITUB3_ITUB4,0.8833566433566433,0.8632798887598969,0.011174238472583593,0.8856283657050641,0.8409314118147297,0.8968026041776477,0.8297571733421462,0.9079768426502313,0.8185829348695626,0.8833566433566433
2019-03-11,32.1,36.92,ITUB3_ITUB4,0.8694474539544962,0.8636850170882815,0.011094467949260896,0.8858739529868033,0.8414960811897597,0.8969684209360642,0.8304016132404988,0.908062888885325,0.8193071452912379,0.8694474539544962
2019-03-12,32.16,37.0,ITUB3_ITUB4,0.8691891891891891,0.8639370835877707,0.011102313691027052,0.8861417109698247,0.8417324562057166,0.8972440246608518,0.8306301425146895,0.9083463383518788,0.8195278288236625,0.8691891891891891
2019-03-13,32.5,37.4,ITUB3_ITUB4,0.8689839572192514,0.8642986506033582,0.011023026814919935,0.8863447042331981,0.8422525969735183,0.897367731048118,0.8312295701585984,0.9083907578630379,0.8202065433436785,0.8689839572192514
2019-03-14,31.8,36.81,ITUB3_ITUB4,0.8638956805215974,0.864446728994434,0.010975547844728073,0.8863978246838902,0.8424956333049778,0.8973733725286182,0.8315200854602498,0.9083489203733462,0.8205445376155217,0.8638956805215974
2019-03-15,31.37,36.8,ITUB3_ITUB4,0.8524456521739131,0.8642641722564111,0.011115543916117077,0.8864952600886452,0.8420330844241769,0.8976108040047623,0.8309175405080598,0.9087263479208794,0.8198019965919427,0.8524456521739131
2019-03-18,32.04,36.86,ITUB3_ITUB4,0.8692349430276722,0.8644848252834209,0.011124648852095959,0.8867341229876128,0.8422355275792289,0.8978587718397087,0.831110878727133,0.9089834206918047,0.819986229875037,0.8692349430276722
2019-03-19,31.7,36.0,ITUB3_ITUB4,0.8805555555555555,0.8650422859851122,0.01136076054413439,0.887763807073381,0.8423207648968435,0.8991245676175154,0.8309600043527091,0.9104853281616498,0.8195992438085746,0.8805555555555555
2019-03-20,31.24,35.19,ITUB3_ITUB4,0.8877522023302075,0.8657942429286567,0.01184562919115182,0.8894855013109604,0.842102984546353,0.9013311305021121,0.8302573553552013,0.913176759693264,0.8184117261640494,0.8877522023302075
2019-03-21,30.59,34.57,ITUB3_ITUB4,0.8848712756725484,0.8664367744857986,0.012169715665356065,0.8907762058165107,0.8420973431550864,0.9029459214818668,0.8299276274897304,0.9151156371472229,0.8177579118243743,0.8848712756725484
2019-03-22,29.85,33.55,ITUB3_ITUB4,0.8897168405365128,0.8672329269285491,0.012628018729328326,0.8924889643872058,0.8419768894698925,0.9051169831165341,0.8293488707405642,0.9177450018458625,0.8167208520112358,0.8897168405365128
2019-03-25,29.65,33.6,ITUB3_ITUB4,0.8824404761904762,0.8678101881673547,0.012785215460170668,0.8933806190876961,0.8422397572470133,0.9061658345478667,0.8294545417868426,0.9189510500080373,0.816669326326672,0.8824404761904762
2019-03-26,29.58,33.95,ITUB3_ITUB4,0.871281296023564,0.8681198279299069,0.012713563479718103,0.8935469548893431,0.8426927009704708,0.9062605183690613,0.8299791374907526,0.9189740818487794,0.8172655740110345,0.871281296023564
2019-03-27,28.8,32.8,ITUB3_ITUB4,0.878048780487805,0.868838080985079,0.012432605785859176,0.8937032925567974,0.8439728694133606,0.9061358983426565,0.8315402636275014,0.9185685041285157,0.8191076578416423,0.878048780487805
2019-03-28,29.61,34.1,ITUB3_ITUB4,0.8683284457478005,0.869228974282945,0.012154657989923707,0.8935382902627924,0.8449196583030976,0.9056929482527161,0.8327650003131739,0.9178476062426398,0.8206103423232501,0.8683284457478005
2019-03-29,29.85,34.43,ITUB3_ITUB4,0.866976474005228,0.8697530713376928,0.0115656198709075,0.8928843110795077,0.8466218315958778,0.9044499309504153,0.8350562117249702,0.9160155508213228,0.8234905918540627,0.866976474005228
2019-04-01,29.65,34.16,ITUB3_ITUB4,0.8679742388758782,0.8702623808939116,0.010999873005964235,0.8922621269058401,0.8482626348819832,0.9032619999118043,0.8372627618760189,0.9142618729177685,0.8262628888700547,0.8679742388758782
2019-04-02,29.4,33.62,ITUB3_ITUB4,0.8744794765020821,0.8710602090844848,0.010056435052811705,0.8911730791901082,0.8509473389788613,0.9012295142429199,0.8408909039260497,0.9112859492957316,0.830834468873238,0.8744794765020821
2019-04-03,29.01,33.32,ITUB3_ITUB4,0.8706482593037216,0.8717694742720413,0.008909452438649209,0.8895883791493397,0.8539505693947429,0.8984978315879889,0.8450411169560937,0.9074072840266382,0.8361316645174445,0.8706482593037216
2019-04-04,29.45,33.82,ITUB3_ITUB4,0.8707865168539326,0.872216768772337,0.008370373524953612,0.8889575158222442,0.8554760217224298,0.8973278893471979,0.8471056481974761,0.9056982628721515,0.8387352746725225,0.8707865168539326
2019-04-05,29.85,34.55,ITUB3_ITUB4,0.8639652677279307,0.8723873290369639,0.008121140172667145,0.8886296093822982,0.8561450486916297,0.8967507495549654,0.8480239085189625,0.9048718897276326,0.8399027683462953,0.8639652677279307
2019-04-08,29.7,34.34,ITUB3_ITUB4,0.8648806057076295,0.8724448766187459,0.008057761127054948,0.8885603988728559,0.856329354364636,0.8966181599999108,0.8482715932375811,0.9046759211269657,0.8402138321105261,0.8648806057076295
2019-04-09,29.56,34.15,ITUB3_ITUB4,0.865592972181552,0.8723479011377044,0.008117577381309115,0.8885830559003227,0.8561127463750862,0.8967006332816317,0.8479951689937771,0.9048182106629409,0.839877591612468,0.865592972181552
2019-04-10,29.32,34.09,ITUB3_ITUB4,0.8600762687004986,0.8721772678714814,0.008304576387663848,0.8887864206468091,0.8555681150961537,0.8970909970344729,0.8472635387084899,0.9053955734221368,0.838958962320826,0.8600762687004986
2019-04-11,28.94,33.3,ITUB3_ITUB4,0.8690690690690692,0.872392212760771,0.008102636660857842,0.8885974860824867,0.8561869394390552,0.8967001227433444,0.8480843027781975,0.9048027594042023,0.8399816661173396,0.8690690690690692
2019-04-12,28.64,32.95,ITUB3_ITUB4,0.869195751138088,0.8725832281864732,0.007928804564347693,0.8884408373151685,0.8567256190577778,0.8963696418795163,0.84879681449343,0.9042984464438639,0.8408680099290824,0.869195751138088
2019-04-15,28.78,32.93,ITUB3_ITUB4,0.8739750986941999,0.8728635900824374,0.0077692380698953425,0.8884020662222281,0.8573251139426468,0.8961713042921234,0.8495558758727514,0.9039405423620188,0.841786637802856,0.8739750986941999
2019-04-16,28.58,32.9,ITUB3_ITUB4,0.868693009118541,0.8728409153104009,0.00778032282439536,0.8884015609591915,0.8572802696616102,0.896181883783587,0.8494999468372147,0.9039622066079823,0.8417196240128194,0.868693009118541
2019-04-17,28.43,32.39,ITUB3_ITUB4,0.877740043223217,0.8730093486403039,0.00781236884361404,0.8886340863275319,0.8573846109530758,0.896446455171146,0.8495722421094618,0.90425882401476,0.8417598732658478,0.877740043223217
2019-04-18,28.82,32.83,ITUB3_ITUB4,0.8778556198598844,0.8732338848321654,0.007819536958159313,0.8888729587484839,0.8575948109158468,0.8966924957066433,0.8497752739576874,0.9045120326648026,0.8419557369995281,0.8778556198598844
2019-04-22,28.62,32.74,ITUB3_ITUB4,0.874160048869884,0.8732808026087822,0.00781931756551511,0.8889194377398124,0.8576421674777519,0.8967387553053275,0.8498228499122368,0.9045580728708426,0.8420035323467218,0.874160048869884
2019-04-23,29.15,33.16,ITUB3_ITUB4,0.8790711700844391,0.8732747096606296,0.007814588665342211,0.8889038869913141,0.8576455323299451,0.8967184756566562,0.849830943664603,0.9045330643219984,0.8420163549992608,0.8790711700844391
2019-04-24,29.15,33.21,ITUB3_ITUB4,0.8777476663655525,0.8734303489466096,0.007840739735043633,0.8891118284166969,0.8577488694765224,0.8969525681517405,0.8499081297414788,0.9047933078867841,0.8420673900064352,0.8777476663655525
2019-04-25,29.33,33.72,ITUB3_ITUB4,0.8698102016607354,0.8732919474784326,0.007854901026290795,0.8890017495310142,0.8575821454258511,0.896856650557305,0.8497272443995603,0.9047115515835958,0.8418723433732694,0.8698102016607354
2019-04-26,29.31,33.8,ITUB3_ITUB4,0.8671597633136096,0.8732003094884051,0.007905633633751283,0.8890115767559077,0.8573890422209025,0.896917210389659,0.8494834085871512,0.9048228440234103,0.8415777749533999,0.8671597633136096
2019-04-29,29.35,33.53,ITUB3_ITUB4,0.8753355204294662,0.8731886821830738,0.007902052353323911,0.8889927868897216,0.8573845774764259,0.8968948392430455,0.8494825251231021,0.9047968915963694,0.8415804727697781,0.8753355204294662
2019-04-30,29.35,33.83,ITUB3_ITUB4,0.8675731599172333,0.8728016558020663,0.007784713154566436,0.8883710821111991,0.8572322294929334,0.8961557952657656,0.8494475163383669,0.903940508420332,0.8416628031838005,0.8675731599172333
2019-05-02,29.46,34.04,ITUB3_ITUB4,0.8654524089306699,0.8723728110310736,0.007702804402231016,0.8877784198355356,0.8569672022266115,0.8954812242377665,0.8492643978243806,0.9031840286399976,0.8415615934221495,0.8654524089306699
2019-05-03,29.29,33.71,ITUB3_ITUB4,0.8688816374962919,0.8722225420689114,0.007711016735287803,0.887644575539487,0.8568005085983358,0.8953555922747748,0.8490894918630479,0.9030666090100625,0.8413784751277602,0.8688816374962919
2019-05-06,28.68,32.97,ITUB3_ITUB4,0.8698817106460419,0.8719132587665653,0.007544693645849596,0.8870026460582645,0.8568238714748662,0.8945473397041142,0.8492791778290165,0.9020920333499637,0.841734484183167,0.8698817106460419
2019-05-07,28.51,32.6,ITUB3_ITUB4,0.8745398773006136,0.8716928396151646,0.007327465676085096,0.8863477709673349,0.8570379082629944,0.89367523664342,0.8497104425869093,0.9010027023195051,0.8423829769108242,0.8745398773006136
2019-05-08,28.73,32.97,ITUB3_ITUB4,0.8713982408249925,0.8717416092869271,0.007318624412889398,0.8863788581127059,0.8571043604611484,0.8936974825255953,0.8497857360482589,0.9010161069384847,0.8424671116353696,0.8713982408249925
2019-05-09,28.5,32.56,ITUB3_ITUB4,0.8753071253071253,0.8718945576898756,0.007327836977803078,0.8865502316454817,0.8572388837342694,0.8938780686232848,0.8499110467564663,0.9012059056010878,0.8425832097786633,0.8753071253071253
2019-05-10,28.2,32.41,ITUB3_ITUB4,0.8701018204257945,0.8719225042700393,0.007318577813892151,0.8865596598978236,0.8572853486422549,0.8938782377117157,0.8499667708283628,0.9011968155256078,0.8426481930144707,0.8701018204257945
2019-05-13,27.75,31.9,ITUB3_ITUB4,0.8699059561128527,0.8720727611598207,0.00721045385883725,0.8864936688774951,0.8576518534421462,0.8937041227363325,0.8504413995833089,0.9009145765951697,0.8432309457244717,0.8699059561128527
2019-05-14,27.64,31.75,ITUB3_ITUB4,0.8705511811023622,0.872525399383032,0.0064778353725658076,0.8854810701281636,0.8595697286379004,0.8919589055007294,0.8530918932653345,0.8984367408732952,0.8466140578927688,0.8705511811023622
2019-05-15,27.67,31.85,ITUB3_ITUB4,0.8687598116169545,0.872513521097764,0.006484455966148024,0.8854824330300601,0.8595446091654679,0.8919668889962081,0.8530601531993199,0.8984513449623561,0.8465756972331719,0.8687598116169545
2019-05-16,27.44,31.44,ITUB3_ITUB4,0.8727735368956743,0.8723189706312671,0.0063523827399824965,0.8850237361112321,0.859614205151302,0.8913761188512146,0.8532618224113195,0.8977285015911971,0.846909439671337,0.8727735368956743
2019-05-17,27.4,31.5,ITUB3_ITUB4,0.8698412698412697,0.8718711973190436,0.005847840310308387,0.8835668779396604,0.8601755166984268,0.8894147182499688,0.8543276763881185,0.8952625585602771,0.8484798360778101,0.8698412698412697
2019-05-20,28.04,32.32,ITUB3_ITUB4,0.8675742574257426,0.8714387718628733,0.005490491080141524,0.8824197540231564,0.8604577897025902,0.8879102451032979,0.8549672986224488,0.8934007361834394,0.8494768075423073,0.8675742574257426
2019-05-21,29.02,33.56,ITUB3_ITUB4,0.8647199046483909,0.8708138484656702,0.00472610972412989,0.88026606791393,0.8613616290174104,0.8849921776380599,0.8566355192932805,0.8897182873621898,0.8519094095691506,0.8647199046483909
2019-05-22,29.17,33.6,ITUB3_ITUB4,0.8681547619047619,0.8704567056085274,0.0043497675744770875,0.8791562407574816,0.8617571704595732,0.8835060083319587,0.8574074028850961,0.8878557759064357,0.8530576353106191,0.8681547619047619
2019-05-23,28.92,33.53,ITUB3_ITUB4,0.8625111840143156,0.8702374528082963,0.00452465364182876,0.8792867600919538,0.8611881455246388,0.8838114137337826,0.8566634918828101,0.8883360673756113,0.8521388382409814,0.8625111840143156
2019-05-24,28.7,33.03,ITUB3_ITUB4,0.8689070541931577,0.8700089096509303,0.004347386405910119,0.8787036824627504,0.8613141368391101,0.8830510688686606,0.8569667504331999,0.8873984552745707,0.8526193640272898,0.8689070541931577
2019-05-27,28.51,33.15,ITUB3_ITUB4,0.8600301659125189,0.8698014526550482,0.004619137463581212,0.8790397275822106,0.8605631777278857,0.8836588650457918,0.8559440402643045,0.888278002509373,0.8513249028007233,0.8600301659125189
2019-05-28,29.26,34.08,ITUB3_ITUB4,0.858568075117371,0.8695912426828517,0.0049317431843697536,0.8794547290515912,0.8597277563141122,0.884386472235961,0.8547960131297424,0.8893182154203307,0.8498642699453727,0.858568075117371
2019-05-29,29.79,34.72,ITUB3_ITUB4,0.8580069124423964,0.8693420595220147,0.005256643802355556,0.8798553471267259,0.8588287719173036,0.8851119909290813,0.8535721281149481,0.8903686347314369,0.8483154843125925,0.8580069124423964
2019-05-30,30.15,35.08,ITUB3_ITUB4,0.8594640820980616,0.8689666746619142,0.005414142666137161,0.8797949599941886,0.8581383893296399,0.8852091026603257,0.8527242466635028,0.8906232453264629,0.8473101039973656,0.8594640820980616
2019-05-31,30.11,35.0,ITUB3_ITUB4,0.8602857142857143,0.8687076110364641,0.005577085626268518,0.8798617822890011,0.8575534397839271,0.8854388679152696,0.8519763541576586,0.8910159535415382,0.84639926853139,0.8602857142857143
2019-06-03,30.24,35.08,ITUB3_ITUB4,0.8620296465222349,0.8684886892781718,0.005664572245899853,0.8798178337699715,0.8571595447863721,0.8854824060158714,0.8514949725404722,0.8911469782617712,0.8458304002945723,0.8620296465222349
2019-06-04,30.17,35.02,ITUB3_ITUB4,0.8615077098800685,0.8684272503319752,0.005727866008636627,0.8798829823492484,0.856971518314702,0.8856108483578851,0.8512436523060654,0.8913387143665217,0.8455157862974287,0.8615077098800685
2019-06-05,29.71,34.34,ITUB3_ITUB4,0.8651718112987768,0.8684345304717539,0.005723425965887833,0.8798813824035295,0.8569876785399783,0.8856048083694174,0.8512642525740904,0.8913282343353053,0.8455408266082025,0.8651718112987768
2019-06-06,30.0,34.7,ITUB3_ITUB4,0.8645533141210374,0.8684085390202411,0.005739000518975733,0.8798865400581926,0.8569305379822896,0.8856255405771682,0.8511915374633139,0.891364541096144,0.8454525369443381,0.8645533141210374
2019-06-07,30.19,35.07,ITUB3_ITUB4,0.8608497291132022,0.8684278755305588,0.005711443469753898,0.8798507624700665,0.857004988591051,0.8855622059398205,0.8512935451212971,0.8912736494095743,0.8455821016515432,0.8608497291132022
2019-06-10,29.65,34.63,ITUB3_ITUB4,0.8561940514005196,0.8681060000888451,0.006028381688508239,0.8801627634658615,0.8560492367118286,0.8861911451543698,0.8500208550233204,0.8922195268428781,0.8439924733348121,0.8561940514005196
2019-06-11,29.97,34.8,ITUB3_ITUB4,0.8612068965517242,0.8679062787241859,0.006122946694738667,0.8801521721136633,0.8556603853347086,0.8862751188084019,0.8495374386399699,0.8923980655031406,0.8434144919452312,0.8612068965517242
2019-06-12,29.86,34.6,ITUB3_ITUB4,0.8630057803468207,0.8676320457655013,0.006089723863746752,0.8798114934929948,0.8554525980380079,0.8859012173567417,0.849362874174261,0.8919909412204884,0.8432731503105143,0.8630057803468207
2019-06-13,29.48,33.98,ITUB3_ITUB4,0.8675691583284286,0.8676039494957486,0.006087295446590268,0.8797785403889291,0.8554293586025681,0.8858658358355194,0.8493420631559778,0.8919531312821096,0.8432547677093876,0.8675691583284286
2019-06-14,29.27,33.99,ITUB3_ITUB4,0.8611356281259194,0.8671888391183161,0.005942799108644047,0.8790744373356042,0.855303240901028,0.8850172364442482,0.849360441792384,0.8909600355528923,0.84341764268374,0.8611356281259194
2019-06-17,29.42,33.95,ITUB3_ITUB4,0.8665684830633285,0.8669066606984022,0.005685738416744137,0.8782781375318904,0.8555351838649139,0.8839638759486346,0.8498494454481698,0.8896496143653787,0.8441637070314256,0.8665684830633285
2019-06-18,29.85,34.83,ITUB3_ITUB4,0.8570198105081827,0.8664781547393596,0.00577032795771119,0.878018810654782,0.8549374988239372,0.8837891386124932,0.8491671708662261,0.8895594665702043,0.8433968429085149,0.8570198105081827
2019-06-19,30.31,35.38,ITUB3_ITUB4,0.8566986998304126,0.865918842983009,0.005600163051759025,0.8771191690865271,0.854718516879491,0.8827193321382861,0.8491183538277319,0.8883194951900452,0.8435181907759729,0.8566986998304126
2019-06-21,30.98,36.18,ITUB3_ITUB4,0.8562741846323936,0.86538200593968,0.0054647631935140165,0.876311532326708,0.8544524795526519,0.881776295520222,0.848987716359138,0.887241058713736,0.8435229531656239,0.8562741846323936
2019-06-24,30.94,36.1,ITUB3_ITUB4,0.8570637119113573,0.8650633436959456,0.005570538589392648,0.8762044208747309,0.8539222665171603,0.8817749594641235,0.8483517279277677,0.8873454980535163,0.842781189338375,0.8570637119113573
2019-06-25,30.6,35.65,ITUB3_ITUB4,0.8583450210378682,0.8648429751390522,0.0056591280902912044,0.8761612313196345,0.8535247189584698,0.8818203594099258,0.8478655908681786,0.887479487500217,0.8422064627778874,0.8583450210378682
2019-06-26,31.2,36.5,ITUB3_ITUB4,0.8547945205479451,0.8643294501420142,0.005614388829092693,0.8755582278001997,0.8531006724838288,0.8811726166292924,0.8474862836547361,0.886787005458385,0.8418718948256435,0.8547945205479451
2019-06-27,31.0,36.25,ITUB3_ITUB4,0.8551724137931035,0.8640194314889109,0.005770878069490012,0.8755611876278909,0.8524776753499309,0.881332065697381,0.8467067972804408,0.8871029437668709,0.8409359192109509,0.8551724137931035
2019-06-28,31.13,36.26,ITUB3_ITUB4,0.8585217870932157,0.8638461659429746,0.005830486072010616,0.8755071380869959,0.8521851937989533,0.8813376241590064,0.8463547077269428,0.887168110231017,0.8405242216549321,0.8585217870932157
2019-07-01,31.11,36.08,ITUB3_ITUB4,0.8622505543237251,0.8636803888636603,0.005777673355418598,0.8752357355744975,0.852125042152823,0.8810134089299161,0.8463473687974045,0.8867910822853347,0.8405696954419859,0.8622505543237251
2019-07-02,30.8,35.95,ITUB3_ITUB4,0.8567454798331015,0.8633519830933368,0.005789471930413605,0.8749309269541641,0.8517730392325096,0.8807203988845776,0.845983567302096,0.8865098708149912,0.8401940953716824,0.8567454798331015
2019-07-03,31.22,36.57,ITUB3_ITUB4,0.853705222860268,0.8628311167323283,0.005693541909758044,0.8742182005518444,0.8514440329128121,0.8799117424616024,0.8457504910030541,0.8856052843713604,0.8400569490932961,0.853705222860268
2019-07-04,31.53,36.99,ITUB3_ITUB4,0.8523925385239254,0.8623559741748015,0.00575298861338455,0.8738619514015705,0.8508499969480324,0.8796149400149551,0.8450970083346478,0.8853679286283397,0.8393440197212633,0.8523925385239254
2019-07-05,31.8,37.4,ITUB3_ITUB4,0.8502673796791445,0.861729980534102,0.005669317602728757,0.8730686157395595,0.8503913453286445,0.8787379333422882,0.8447220277259158,0.884407250945017,0.8390527101231869,0.8502673796791445
2019-07-08,31.86,37.3,ITUB3_ITUB4,0.8541554959785523,0.8613313224229209,0.005626023103923742,0.8725833686307684,0.8500792762150734,0.8782093917346921,0.8444532531111496,0.8838354148386158,0.8388272300072259,0.8541554959785523
2019-07-10,31.57,37.2,ITUB3_ITUB4,0.8486559139784946,0.860800071369562,0.005796298181439402,0.8723926677324408,0.8492074750066833,0.8781889659138803,0.8434111768252438,0.8839852640953196,0.8376148786438045,0.8486559139784946
2019-07-11,31.55,37.15,ITUB3_ITUB4,0.8492597577388964,0.8602677857854755,0.005855191454248024,0.8719781686939715,0.8485574028769794,0.8778333601482196,0.8427022114227314,0.8836885516024675,0.8368470199684834,0.8492597577388964
2019-07-12,31.38,36.46,ITUB3_ITUB4,0.8606692265496434,0.8600655211587928,0.005691779101940984,0.8714490793626747,0.8486819629549108,0.8771408584646158,0.8429901838529698,0.8828326375665567,0.8372984047510288,0.8606692265496434
2019-07-15,31.05,36.36,ITUB3_ITUB4,0.8539603960396039,0.859595192637391,0.005383707988463322,0.8703626086143177,0.8488277766604644,0.875746316602781,0.8434440686720011,0.8811300245912443,0.8380603606835377,0.8539603960396039
2019-07-16,31.16,36.5,ITUB3_ITUB4,0.8536986301369863,0.8591916266447841,0.005197782780098486,0.869587192204981,0.8487960610845872,0.8747849749850796,0.8435982783044886,0.8799827577651781,0.8384004955243901,0.8536986301369863
2019-07-17,31.0,36.4,ITUB3_ITUB4,0.8516483516483517,0.8587934790003493,0.005148941948384671,0.8690913628971186,0.84849559510358,0.8742403048455033,0.8433466531551953,0.879389246793888,0.8381977112068106,0.8516483516483517
2019-07-18,31.73,37.37,ITUB3_ITUB4,0.8490767995718491,0.8584024013734357,0.005279680920013718,0.8689617632134632,0.8478430395334082,0.8742414441334768,0.8425633586133946,0.8795211250534906,0.8372836776933809,0.8490767995718491
2019-07-19,31.11,36.4,ITUB3_ITUB4,0.8546703296703297,0.8580652905675749,0.005067240865361798,0.8681997722982985,0.8479308088368512,0.8732670131636603,0.8428635679714894,0.8783342540290221,0.8377963271061276,0.8546703296703297
2019-07-22,31.55,37.02,ITUB3_ITUB4,0.8522420313344138,0.8578085617505773,0.005096273806328756,0.8680011093632348,0.8476160141379198,0.8730973831695635,0.842519740331591,0.8781936569758924,0.8374234665252622,0.8522420313344138
2019-07-23,31.57,37.38,ITUB3_ITUB4,0.8445692883895131,0.8572001176054862,0.005189244090935142,0.8675786057873565,0.8468216294236159,0.8727678498782916,0.8416323853326808,0.8779570939692267,0.8364431412417457,0.8445692883895131
2019-07-24,31.68,37.35,ITUB3_ITUB4,0.8481927710843373,0.8569041827347815,0.00535848700230462,0.8676211567393908,0.8461872087301723,0.8729796437416953,0.8408287217278677,0.878338130744,0.835470234725563,0.8481927710843373
2019-07-25,30.74,36.2,ITUB3_ITUB4,0.849171270718232,0.8566692626248031,0.00548808459247612,0.8676454318097554,0.8456930934398509,0.8731335164022315,0.8402050088473748,0.8786216009947077,0.8347169242548986,0.849171270718232
2019-07-26,31.1,36.85,ITUB3_ITUB4,0.8439620081411127,0.8563181400172709,0.005838416876505491,0.8679949737702819,0.8446413062642599,0.8738333906467873,0.8388028893877545,0.8796718075232929,0.8329644725112489,0.8439620081411127
2019-07-29,31.12,37.0,ITUB3_ITUB4,0.8410810810810811,0.8558585649918463,0.006290448597227579,0.8684394621863015,0.8432776677973911,0.874729910783529,0.8369872192001636,0.8810203593807566,0.830696770602936,0.8410810810810811
2019-07-30,30.37,35.77,ITUB3_ITUB4,0.849035504612804,0.8555773097500236,0.0063387500188226845,0.8682548097876689,0.8428998097123782,0.8745935598064916,0.8365610596935555,0.8809323098253143,0.8302223096747328,0.849035504612804
2019-07-31,29.9,34.82,ITUB3_ITUB4,0.8587018954623779,0.855494115973527,0.006273394897619713,0.8680409057687664,0.8429473261782876,0.8743143006663862,0.8366739312806678,0.8805876955640058,0.8304005363830481,0.8587018954623779
2019-08-01,29.99,34.88,ITUB3_ITUB4,0.8598050458715595,0.8554515493733144,0.006237217053677161,0.8679259834806686,0.8429771152659601,0.8741632005343458,0.8367398982122829,0.880400417588023,0.8305026811586057,0.8598050458715595
2019-08-02,29.96,34.93,ITUB3_ITUB4,0.8577154308617235,0.855265139862388,0.006047809337815076,0.8673607585380181,0.8431695211867578,0.8734085678758332,0.8371217118489427,0.8794563772136482,0.8310739025111277,0.8577154308617235
2019-08-05,29.67,34.45,ITUB3_ITUB4,0.8612481857764877,0.8551825116537742,0.005939259804940726,0.8670610312636556,0.8433039920438928,0.8730002910685964,0.837364732238952,0.8789395508735371,0.8314254724340113,0.8612481857764877
2019-08-06,30.6,35.49,ITUB3_ITUB4,0.8622147083685545,0.855216636135158,0.005976460945491739,0.8671695580261415,0.8432637142441745,0.8731460189716331,0.8372872532986828,0.8791224799171249,0.831310792353191,0.8622147083685545
2019-08-07,31.8,36.8,ITUB3_ITUB4,0.8641304347826088,0.8554150457197102,0.006139262344153269,0.8676935704080168,0.8431365210314036,0.8738328327521699,0.8369972586872504,0.8799720950963232,0.8308579963430971,0.8641304347826088
2019-08-08,31.81,37.0,ITUB3_ITUB4,0.8597297297297297,0.8553781165491603,0.006107892234922649,0.8675939010190056,0.843162332079315,0.8737017932539283,0.8370544398443923,0.8798096854888509,0.8309465476094697,0.8597297297297297
2019-08-09,31.81,36.72,ITUB3_ITUB4,0.8662854030501089,0.8554601071167426,0.006233627376021804,0.8679273618687862,0.842992852364699,0.874160989244808,0.8367592249886772,0.8803946166208299,0.8305255976126553,0.8662854030501089
2019-08-12,30.66,35.2,ITUB3_ITUB4,0.8710227272727272,0.8555464463403499,0.0064265757255069994,0.8683995977913639,0.842693294889336,0.874826173516871,0.8362667191638289,0.881252749242378,0.8298401434383219,0.8710227272727272
2019-08-13,30.95,35.89,ITUB3_ITUB4,0.8623572025633881,0.8555769857012866,0.006456648904307301,0.8684902835099012,0.842663687892672,0.8749469324142085,0.8362070389883647,0.8814035813185158,0.8297503900840574,0.8623572025633881
2019-08-14,30.4,35.1,ITUB3_ITUB4,0.866096866096866,0.8555651952771252,0.00643646183379813,0.8684381189447214,0.8426922716095289,0.8748745807785195,0.8362558097757308,0.8813110426123176,0.8298193479419327,0.866096866096866
2019-08-15,30.19,35.0,ITUB3_ITUB4,0.8625714285714287,0.8557039857287062,0.006527838776339629,0.8687596632813854,0.842648308176027,0.8752875020577251,0.8361204693996873,0.8818153408340648,0.8295926306233476,0.8625714285714287
2019-08-16,29.52,34.35,ITUB3_ITUB4,0.8593886462882095,0.8557712343901512,0.006552159277089075,0.8688755529443294,0.8426669158359731,0.8754277122214185,0.836114756558884,0.8819798714985075,0.8295625972817949,0.8593886462882095
2019-08-19,29.4,34.2,ITUB3_ITUB4,0.8596491228070174,0.855855607844517,0.006580470641996369,0.8690165491285097,0.8426946665605243,0.8755970197705061,0.8361141959185279,0.8821774904125025,0.8295337252765315,0.8596491228070174
2019-08-20,29.16,33.82,ITUB3_ITUB4,0.8622117090479007,0.8559843077729304,0.006654628466666338,0.8692935647062631,0.8426750508395978,0.8759481931729295,0.8360204223729314,0.8826028216395958,0.8293657939062651,0.8622117090479007
2019-08-21,29.55,34.08,ITUB3_ITUB4,0.8670774647887325,0.8562026188667021,0.0068736917585238075,0.8699500023837498,0.8424552353496545,0.8768236941422736,0.8355815435911307,0.8836973859007974,0.8287078518326069,0.8670774647887325
2019-08-22,29.14,33.54,ITUB3_ITUB4,0.8688133571854503,0.8565530897826397,0.007151820071032821,0.8708567299247053,0.842249449640574,0.8780085499957381,0.8350976295695413,0.885160370066771,0.8279458094985084,0.8688133571854503
2019-08-23,28.88,33.15,ITUB3_ITUB4,0.8711915535444947,0.8569535682764243,0.007511966038822395,0.8719775003540691,0.8419296361987796,0.8794894663928915,0.8344176701599572,0.8870014324317139,0.8269057041211347,0.8711915535444947
2019-08-26,28.76,33.14,ITUB3_ITUB4,0.867833433916717,0.8571863594470118,0.007703645846656778,0.8725936511403254,0.8417790677536983,0.8802972969869821,0.8340754219070415,0.888000942833639,0.8263717760603847,0.867833433916717
2019-08-27,29.01,33.53,ITUB3_ITUB4,0.8651953474500448,0.85725997927517,0.00776709238045978,0.8727941640360896,0.8417257945142503,0.8805612564165493,0.8339587021337906,0.8883283487970091,0.8261916097533308,0.8651953474500448
2019-08-28,29.24,33.91,ITUB3_ITUB4,0.8622825125331761,0.8573984050926718,0.007806926412161218,0.8730122579169943,0.8417845522683494,0.8808191843291555,0.8339776258561882,0.8886261107413167,0.826170699444027,0.8622825125331761
2019-08-29,29.47,34.09,ITUB3_ITUB4,0.8644763860369609,0.8576676841720892,0.007861841746987988,0.8733913676660652,0.8419440006781131,0.8812532094130532,0.8340821589311251,0.8891150511600411,0.8262203171841372,0.8644763860369609
2019-08-30,29.9,33.94,ITUB3_ITUB4,0.8809664113140837,0.8583820309918432,0.00863078203100906,0.8756435950538612,0.8411204669298251,0.8842743770848703,0.832489684898816,0.8929051591158794,0.8238589028678069,0.8809664113140837
2019-09-02,29.32,33.5,ITUB3_ITUB4,0.875223880597015,0.8590059435147899,0.008926128742744281,0.8768582010002784,0.8411536860293013,0.8857843297430227,0.8322275572865571,0.894710458485767,0.8233014285438127,0.875223880597015
2019-09-03,28.89,32.86,ITUB3_ITUB4,0.879184418746196,0.8596316665839809,0.009439874572639947,0.8785114157292608,0.840751917438701,0.8879512903019008,0.8313120428660611,0.8973911648745407,0.8218721682934211,0.879184418746196
2019-09-04,28.88,33.09,ITUB3_ITUB4,0.8727712299788455,0.8602345494839897,0.009490859726054046,0.8792162689360978,0.8412528300318816,0.8887071286621518,0.8317619703058275,0.8981979883882059,0.8222711105797735,0.8727712299788455
2019-09-05,29.8,34.03,ITUB3_ITUB4,0.8756979136056421,0.8608955033806582,0.009626586434980117,0.8801486762506184,0.841642330510698,0.8897752626855986,0.8320157440757179,0.8994018491205787,0.8223891576407377,0.8756979136056421
2019-09-06,30.68,35.17,ITUB3_ITUB4,0.8723343758885413,0.8611871321141307,0.009794779090106459,0.8807766902943436,0.8415975739339178,0.8905714693844501,0.8318027948438113,0.9003662484745565,0.8220080157537049,0.8723343758885413
2019-09-09,31.19,36.03,ITUB3_ITUB4,0.8656674993061337,0.8614798096957939,0.00974809878734742,0.8809760072704886,0.8419836121210991,0.8907241060578361,0.8322355133337516,0.9004722048451835,0.8224874145464042,0.8656674993061337
2019-09-10,30.89,35.33,ITUB3_ITUB4,0.8743277667704501,0.8619955381116304,0.009870801259214185,0.8817371406300588,0.842253935593202,0.891607941889273,0.8323831343339879,0.9014787431484872,0.8225123330747737,0.8743277667704501
2019-09-11,30.8,35.17,ITUB3_ITUB4,0.8757463747512084,0.8625979886892019,0.009958090841510411,0.8825141703722227,0.8426818070061811,0.8924722612137331,0.8327237161646707,0.9024303520552436,0.8227656253231602,0.8757463747512084
2019-09-12,30.73,35.39,ITUB3_ITUB4,0.8683243854196101,0.8630791783353959,0.00975085358583839,0.8825808855070727,0.8435774711637192,0.8923317390929111,0.8338266175778808,0.9020825926787495,0.8240757639920424,0.8683243854196101
2019-09-13,31.0,35.87,ITUB3_ITUB4,0.8642319487036522,0.8633182188112292,0.009656167432815813,0.8826305536768608,0.8440058839455975,0.8922867211096766,0.8343497165127818,0.9019428885424924,0.824693549079966,0.8642319487036522
2019-09-16,30.31,35.23,ITUB3_ITUB4,0.86034629577065,0.863520825422135,0.009501591810118877,0.8825240090423728,0.8445176418018973,0.8920256008524917,0.8350160499917784,0.9015271926626105,0.8255144581816596,0.86034629577065
2019-09-17,30.63,35.36,ITUB3_ITUB4,0.8662330316742082,0.8640624190042523,0.008997709099665544,0.8820578372035833,0.8460670008049213,0.8910555463032489,0.8370692917052557,0.9000532554029145,0.8280715826055901,0.8662330316742082
2019-09-18,30.74,35.25,ITUB3_ITUB4,0.8720567375886524,0.8646590181668602,0.008704873634541145,0.8820687654359425,0.8472492708977779,0.8907736390704837,0.8385443972632367,0.8994785127050248,0.8298395236286956,0.8720567375886524
2019-09-19,29.8,34.66,ITUB3_ITUB4,0.8597807270628968,0.8649242545754768,0.00837629678242635,0.8816768481403295,0.8481716610106241,0.8900531449227559,0.8397953642281978,0.8984294417051822,0.8314190674457714,0.8597807270628968
2019-09-20,30.14,34.75,ITUB3_ITUB4,0.8673381294964029,0.8655086576093591,0.007661226895154691,0.8808311113996685,0.8501862038190497,0.8884923382948232,0.842524976923895,0.8961535651899779,0.8348637500287404,0.8673381294964029
2019-09-23,30.05,34.64,ITUB3_ITUB4,0.8674942263279446,0.8661689862405307,0.006561105551127124,0.8792911973427849,0.8530467751382765,0.8858523028939121,0.8464856695871493,0.8924134084450392,0.8399245640360222,0.8674942263279446
2019-09-24,29.74,34.28,ITUB3_ITUB4,0.8675612602100349,0.8666321301304614,0.005945647577840936,0.8785234252861432,0.8547408349747795,0.8844690728639841,0.8487951873969386,0.8904147204418251,0.8428495398190976,0.8675612602100349
2019-09-25,29.89,34.68,ITUB3_ITUB4,0.8618800461361015,0.8667115838973045,0.005857538303346109,0.8784266605039968,0.8549965072906123,0.8842841988073429,0.8491389689872662,0.890141737110689,0.84328143068392,0.8618800461361015
2019-09-26,30.55,35.68,ITUB3_ITUB4,0.8562219730941705,0.8666220070778697,0.005991725386257247,0.8786054578503842,0.8546385563053552,0.8845971832366415,0.848646830919098,0.8905889086228987,0.8426551055328407,0.8562219730941705
2019-09-27,30.53,35.53,ITUB3_ITUB4,0.8592738530819026,0.8666609676333742,0.005937144486150109,0.8785352566056744,0.8547866786610739,0.8844724010918246,0.8488495341749238,0.8904095455779746,0.8429123896887738,0.8592738530819026
2019-09-30,30.12,35.03,ITUB3_ITUB4,0.8598344276334571,0.8666256236797985,0.0059742850113258025,0.87857419370245,0.8546770536571469,0.8845484787137758,0.8487027686458211,0.8905227637251016,0.8427284836344953,0.8598344276334571
2019-10-01,29.63,34.22,ITUB3_ITUB4,0.8658679135008767,0.8667169538081065,0.005932905799068803,0.8785827654062441,0.8548511422099689,0.8845156712053129,0.8489182364109001,0.8904485770043817,0.8429853306118313,0.8658679135008767
2019-10-02,28.96,33.28,ITUB3_ITUB4,0.8701923076923077,0.866868500630849,0.005942555834448964,0.8787536122997469,0.854983388961951,0.8846961681341958,0.8490408331275021,0.8906387239686449,0.8430982772930531,0.8701923076923077
2019-10-03,28.79,33.29,ITUB3_ITUB4,0.8648242715530189,0.8669958641764313,0.005839329052629538,0.8786745222816903,0.8553172060711722,0.8845138513343199,0.8494778770185426,0.8903531803869494,0.8436385479659131,0.8648242715530189
2019-10-04,29.04,33.45,ITUB3_ITUB4,0.8681614349775784,0.8670427649746181,0.005841010187691904,0.8787247853500019,0.8553607445992343,0.8845657955376938,0.8495197344115424,0.8904068057253857,0.8436787242238505,0.8681614349775784
2019-10-07,28.28,32.83,ITUB3_ITUB4,0.861407249466951,0.8668023780294737,0.005870801501003111,0.8785439810314799,0.8550607750274675,0.8844147825324831,0.8491899735264643,0.8902855840334861,0.8433191720254613,0.861407249466951
2019-10-08,28.08,32.69,ITUB3_ITUB4,0.8589782808198226,0.8667179049858845,0.005960032663653995,0.8786379703131925,0.8547978396585766,0.8845980029768465,0.8488378069949225,0.8905580356405005,0.8428777743312685,0.8589782808198226
