DATA DO PREGAO,Empresa1,Empresa2,Par,Ratio,MA_40,STD_40,BANDA_1_40 SUPERIOR,BANDA_1_40 INFERIOR,BANDA_2_40 SUPERIOR,BANDA_2_40 INFERIOR,BANDA_3_40 SUPERIOR,BANDA_3_40 INFERIOR,PRECO FECHAMENTO
2018-01-02,32.28,34.6,BBDC3_BBDC4,0.9329479768786128,,,,,,,,,0.9329479768786128
2018-01-03,32.4,34.74,BBDC3_BBDC4,0.932642487046632,,,,,,,,,0.932642487046632
2018-01-04,32.99,35.31,BBDC3_BBDC4,0.9342962333616539,,,,,,,,,0.9342962333616539
2018-01-05,33.0,35.51,BBDC3_BBDC4,0.9293156857223318,,,,,,,,,0.9293156857223318
2018-01-08,33.0,35.5,BBDC3_BBDC4,0.9295774647887324,,,,,,,,,0.9295774647887324
2018-01-09,32.75,35.17,BBDC3_BBDC4,0.9311913562695479,,,,,,,,,0.9311913562695479
2018-01-10,32.54,34.8,BBDC3_BBDC4,0.9350574712643679,,,,,,,,,0.9350574712643679
2018-01-11,33.0,35.5,BBDC3_BBDC4,0.9295774647887324,,,,,,,,,0.9295774647887324
2018-01-12,33.0,35.5,BBDC3_BBDC4,0.9295774647887324,,,,,,,,,0.9295774647887324
2018-01-15,33.08,35.75,BBDC3_BBDC4,0.9253146853146853,,,,,,,,,0.9253146853146853
2018-01-16,33.63,35.99,BBDC3_BBDC4,0.9344262295081968,,,,,,,,,0.9344262295081968
2018-01-17,34.66,36.89,BBDC3_BBDC4,0.9395500135538085,,,,,,,,,0.9395500135538085
2018-01-18,34.8,36.85,BBDC3_BBDC4,0.9443690637720488,,,,,,,,,0.9443690637720488
2018-01-19,35.0,37.11,BBDC3_BBDC4,0.9431420102398276,,,,,,,,,0.9431420102398276
2018-01-22,35.7,37.62,BBDC3_BBDC4,0.9489633173843701,,,,,,,,,0.9489633173843701
2018-01-23,35.9,37.75,BBDC3_BBDC4,0.9509933774834437,,,,,,,,,0.9509933774834437
2018-01-24,38.19,39.8,BBDC3_BBDC4,0.9595477386934673,,,,,,,,,0.9595477386934673
2018-01-26,39.95,41.2,BBDC3_BBDC4,0.9696601941747572,,,,,,,,,0.9696601941747572
2018-01-29,38.8,40.0,BBDC3_BBDC4,0.97,,,,,,,,,0.97
2018-01-30,39.0,40.4,BBDC3_BBDC4,0.9653465346534654,,,,,,,,,0.9653465346534654
2018-01-31,39.33,40.75,BBDC3_BBDC4,0.9651533742331287,,,,,,,,,0.9651533742331287
2018-02-01,38.2,39.67,BBDC3_BBDC4,0.9629442903957651,,,,,,,,,0.9629442903957651
2018-02-02,37.25,38.42,BBDC3_BBDC4,0.9695471108797501,,,,,,,,,0.9695471108797501
2018-02-05,36.42,37.8,BBDC3_BBDC4,0.9634920634920636,,,,,,,,,0.9634920634920636
2018-02-06,37.48,38.7,BBDC3_BBDC4,0.9684754521963823,,,,,,,,,0.9684754521963823
2018-02-07,36.55,38.12,BBDC3_BBDC4,0.9588142707240294,,,,,,,,,0.9588142707240294
2018-02-08,35.47,37.65,BBDC3_BBDC4,0.9420982735723772,,,,,,,,,0.9420982735723772
2018-02-09,35.34,37.22,BBDC3_BBDC4,0.9494895217624933,,,,,,,,,0.9494895217624933
2018-02-14,36.4,38.58,BBDC3_BBDC4,0.9434940383618455,,,,,,,,,0.9434940383618455
2018-02-15,36.64,38.74,BBDC3_BBDC4,0.945792462570986,,,,,,,,,0.945792462570986
2018-02-16,36.46,38.67,BBDC3_BBDC4,0.9428497543315231,,,,,,,,,0.9428497543315231
2018-02-19,36.4,38.48,BBDC3_BBDC4,0.9459459459459459,,,,,,,,,0.9459459459459459
2018-02-20,37.28,39.65,BBDC3_BBDC4,0.9402269861286255,,,,,,,,,0.9402269861286255
2018-02-21,37.99,39.86,BBDC3_BBDC4,0.9530858003010537,,,,,,,,,0.9530858003010537
2018-02-22,38.39,40.1,BBDC3_BBDC4,0.957356608478803,,,,,,,,,0.957356608478803
2018-02-23,38.34,40.47,BBDC3_BBDC4,0.9473684210526316,,,,,,,,,0.9473684210526316
2018-02-26,38.26,40.47,BBDC3_BBDC4,0.9453916481344206,,,,,,,,,0.9453916481344206
2018-02-27,38.0,40.03,BBDC3_BBDC4,0.9492880339745191,,,,,,,,,0.9492880339745191
2018-02-28,36.83,38.77,BBDC3_BBDC4,0.9499613102914624,,,,,,,,,0.9499613102914624
2018-03-01,37.11,38.99,BBDC3_BBDC4,0.9517825083354706,0.947201366121267,0.01310532572228015,0.9734120175658273,0.9209907146767068,0.9865173432881075,0.9078853889544266,0.9996226690103877,0.8947800632321464,0.9517825083354706
2018-03-02,37.54,39.22,BBDC3_BBDC4,0.957164711881693,0.947806784496344,0.012988832310359773,0.9737844491170636,0.9218291198756244,0.9867732814274234,0.9088402875652647,0.9997621137377831,0.895851455254905,0.957164711881693
2018-03-05,38.05,39.48,BBDC3_BBDC4,0.9637791286727457,0.9485852005369969,0.012989742922715682,0.9745646863824283,0.9226057146915655,0.9875544293051439,0.9096159717688499,1.0005441722278596,0.8966262288461342,0.9637791286727457
2018-03-06,38.45,39.55,BBDC3_BBDC4,0.9721871049304679,0.9495324723262172,0.013298916266899184,0.9761303048600155,0.9229346397924189,0.9894292211269148,0.9096357235255196,1.002728137393814,0.8963368072586204,0.9721871049304679
2018-03-07,37.25,38.85,BBDC3_BBDC4,0.9588159588159588,0.950269979153558,0.0129627610515355,0.976195501256629,0.9243444570504871,0.9891582623081645,0.9113816959989516,1.0021210233597,0.8984189349474161,0.9588159588159588
2018-03-08,36.65,38.34,BBDC3_BBDC4,0.955920709441836,0.9509285602698855,0.012547034819461126,0.9760226299088077,0.9258344906309632,0.9885696647282689,0.9132874558115021,1.00111669954773,0.900740420992041,0.955920709441836
2018-03-09,37.5,39.16,BBDC3_BBDC4,0.9576098059244128,0.951589021511257,0.012171139347212227,0.9759313002056814,0.9272467428168326,0.9881024395528937,0.9150756034696204,1.0002735789001058,0.9029044641224081,0.9576098059244128
2018-03-12,37.95,39.47,BBDC3_BBDC4,0.9614897390423107,0.9522498282057057,0.011966399670539259,0.9761826275467842,0.9283170288646272,0.9881490272173235,0.9163506291940879,1.0001154268878627,0.9043842295235487,0.9614897390423107
2018-03-13,37.41,38.9,BBDC3_BBDC4,0.9616966580976863,0.9530528080384295,0.011473503019001526,0.9759998140764325,0.9301058020004265,0.9874733170954341,0.918632298981425,0.9989468201144356,0.9071587959624234,0.9616966580976863
2018-03-14,37.2,38.69,BBDC3_BBDC4,0.961488756784699,0.9538505903383285,0.0108941584160806,0.9756389071704897,0.9320622735061673,0.9865330655865703,0.9211681150900868,0.9974272240026509,0.9102739566740061,0.961488756784699
2018-03-15,36.36,38.13,BBDC3_BBDC4,0.9535798583792289,0.954557219664942,0.009863721714337442,0.9742846630936168,0.9348297762362672,0.9841483848079543,0.9249660545219297,0.9940121065222918,0.9151023328075922,0.9535798583792289
2018-03-16,36.53,38.23,BBDC3_BBDC4,0.9555323044729271,0.9550848715390602,0.009308094908140562,0.9737010613553413,0.9364686817227791,0.9830091562634818,0.9271605868146385,0.9923172511716224,0.917852491906498,0.9555323044729271
2018-03-19,36.33,37.84,BBDC3_BBDC4,0.9600951374207187,0.955598499635733,0.008990312450938403,0.9735791245376098,0.9376178747338562,0.9825694369885482,0.9286275622829178,0.9915597494394865,0.9196372498319794,0.9600951374207187
2018-03-20,36.27,37.8,BBDC3_BBDC4,0.9595238095238097,0.955977368279527,0.008822711326072678,0.9736227909316723,0.9383319456273816,0.982445502257745,0.9295092343013089,0.9912682135838177,0.9206865229752362,0.9595238095238097
2018-03-21,36.6,37.99,BBDC3_BBDC4,0.9634114240589629,0.9564841036250054,0.008646945083040206,0.9737779937910858,0.939190213458925,0.982424938874126,0.9305432683758847,0.9910718839571662,0.9218963232928445,0.9634114240589629
2018-03-22,37.15,38.22,BBDC3_BBDC4,0.9720041862899006,0.9570601253476436,0.008896924577750707,0.974853974503145,0.9392662761921422,0.9837508990808957,0.9303693516143915,0.9926478236586465,0.9214724270366408,0.9720041862899006
2018-03-23,37.6,38.48,BBDC3_BBDC4,0.9771309771309773,0.957713565338832,0.009386309888400854,0.9764861851156337,0.9389409455620303,0.9858724950040345,0.9295546356736295,0.9952588048924355,0.9201683257852286,0.9771309771309773
2018-03-26,37.96,38.7,BBDC3_BBDC4,0.9808785529715762,0.9582468356957847,0.01007394085380019,0.9783947174033851,0.9380989539881843,0.9884686582571853,0.9280250131343841,0.9985425991109855,0.9179510722805839,0.9808785529715762
2018-03-27,37.17,38.23,BBDC3_BBDC4,0.9722730839654723,0.9583121579405527,0.010157966808518569,0.9786280915575898,0.9379962243235156,0.9887860583661084,0.9278382575149969,0.998944025174627,0.9176802907064784,0.9722730839654723
2018-03-28,37.53,38.48,BBDC3_BBDC4,0.9753118503118504,0.9584449541983489,0.010347631702910937,0.9791402176041707,0.937749690792527,0.9894878493070817,0.927402059089616,0.9998354810099926,0.9170544273867051,0.9753118503118504
2018-03-29,38.47,39.5,BBDC3_BBDC4,0.9739240506329113,0.958659392097835,0.010580578557259208,0.9798205492123534,0.9374982349833166,0.9904011277696126,0.9269176564260574,1.0009817063268718,0.9163370778687981,0.9739240506329113
2018-04-02,34.1,35.58,BBDC3_BBDC4,0.9584035975267005,0.9584906476801743,0.010528047644995419,0.9795467429701652,0.9374345523901835,0.9900747906151606,0.9269065047451881,1.000602838260156,0.9163784571001926,0.9584035975267005
2018-04-03,34.56,35.96,BBDC3_BBDC4,0.9610678531701892,0.9584437367495349,0.01051186232332804,0.9794674613961909,0.9374200121028788,0.989979323719519,0.9269081497795507,1.000491186042847,0.9163962874562227,0.9610678531701892
2018-04-04,34.7,35.65,BBDC3_BBDC4,0.9733520336605892,0.9585388598190558,0.010631449709932286,0.9798017592389204,0.9372759603991913,0.9904332089488527,0.926644510689259,1.001064658658785,0.9160130609793267,0.9733520336605892
2018-04-05,34.05,35.76,BBDC3_BBDC4,0.9521812080536912,0.9582560884330966,0.010646738175746023,0.9795495647845887,0.9369626120816046,0.9901963029603347,0.9263158739058586,1.0008430411360807,0.9156691357301125,0.9521812080536912
2018-04-06,33.79,35.65,BBDC3_BBDC4,0.9478260869565217,0.9577398543021003,0.010639136683560004,0.9790181276692203,0.9364615809349803,0.9896572643527803,0.9258224442514202,1.0002964010363402,0.9151833075678603,0.9478260869565217
2018-04-09,32.15,34.3,BBDC3_BBDC4,0.9373177842565598,0.9572024421404135,0.011115722344687867,0.9794338868297893,0.9349709974510377,0.9905496091744771,0.9238552751063499,1.001665331519165,0.9127395527616621,0.9373177842565598
2018-04-10,32.45,34.59,BBDC3_BBDC4,0.9381324082104654,0.9571032955063657,0.011270507383158672,0.9796443102726831,0.9345622807400484,0.9909148176558418,0.9232917733568897,1.0021853250390005,0.912021265973731,0.9381324082104654
2018-04-11,33.25,35.4,BBDC3_BBDC4,0.9392655367231639,0.9568476958803824,0.011559824294770005,0.9799673444699224,0.9337280472908425,0.9915271687646925,0.9221682229960724,1.0030869930594624,0.9106083987013024,0.9392655367231639
2018-04-12,32.57,34.76,BBDC3_BBDC4,0.9369965477560415,0.9566852586152372,0.011795527672069872,0.980276313959377,0.9330942032710975,0.9920718416314469,0.9212986755990276,1.0038673693035167,0.9095031479269577,0.9369965477560415
2018-04-13,31.85,34.0,BBDC3_BBDC4,0.9367647058823529,0.9564595646980214,0.012091936659790812,0.980643438017603,0.9322756913784398,0.9927353746773938,0.920183754718649,1.0048273113371846,0.9080918180588582,0.9367647058823529
2018-04-16,30.71,33.26,BBDC3_BBDC4,0.9233313289236321,0.955971604062824,0.013013908929357424,0.9819994219215389,0.9299437862041091,0.9950133308508963,0.9169298772747517,1.0080272397802537,0.9039159683453943,0.9233313289236321
2018-04-17,31.36,33.68,BBDC3_BBDC4,0.9311163895486936,0.9556008651528927,0.01350866879654596,0.9826182027459845,0.9285835275598008,0.9961268715425305,0.9150748587632548,1.0096355403390764,0.9015661899667088,0.9311163895486936
2018-04-18,32.24,34.81,BBDC3_BBDC4,0.9261706406205114,0.9552494565151898,0.014089206281518211,0.9834278690782262,0.9270710439521533,0.9975170753597444,0.9129818376706351,1.0116062816412625,0.8988926313891169,0.9261706406205114
2018-04-19,32.43,34.75,BBDC3_BBDC4,0.9332374100719424,0.9547532467594619,0.014510582723126577,0.983774412205715,0.9257320813132088,0.9982849949288417,0.9112214985900822,1.0127955776519681,0.8967109158669556,0.9332374100719424
2018-04-20,32.05,34.26,BBDC3_BBDC4,0.9354932866316403,0.9542066637132829,0.014818510495108546,0.9838436847035,0.9245696427230657,0.9986621951986085,0.9097511322279572,1.0134807056937172,0.8949326217328487,0.9354932866316403
2018-04-23,32.13,34.25,BBDC3_BBDC4,0.938102189781022,0.9539750079314926,0.014999476760405207,0.983973961452303,0.9239760544106822,0.9989734382127082,0.908976577650277,1.0139729149731134,0.8939771008898718,0.938102189781022
2018-04-24,31.9,34.31,BBDC3_BBDC4,0.929758088020985,0.9535841689286567,0.01542646972580999,0.9844371083802766,0.9227312294770368,0.9998635781060867,0.9073047597512267,1.0152900478318967,0.8918782900254167,0.929758088020985
2018-04-25,32.39,34.73,BBDC3_BBDC4,0.9326230924272964,0.9531675453899762,0.015766753161917342,0.9847010517138108,0.9216340390661415,1.0004678048757283,0.9058672859042242,1.0162345580376455,0.8901005327423068,0.9326230924272964
2018-04-26,32.45,34.73,BBDC3_BBDC4,0.9343507054419812,0.9527772802687391,0.016038999707453278,0.9848552796836456,0.9206992808538326,1.0008942793910989,0.9046602811463793,1.0169332790985521,0.8886212814389259,0.9343507054419812
2018-04-27,32.53,35.11,BBDC3_BBDC4,0.9265166619196811,0.9521456341083443,0.01656796598862551,0.9852815660855954,0.9190097021310932,1.001849532074221,0.9024417361424678,1.0184174980628464,0.8858737701538423,0.9265166619196811
2018-04-30,31.9,34.57,BBDC3_BBDC4,0.9227654035290714,0.9512856513995287,0.017182151129339993,0.9856499536582087,0.9169213491408487,1.0028321047875486,0.8997391980115087,1.0200142559168888,0.8825570468821687,0.9227654035290714
2018-05-02,31.39,33.68,BBDC3_BBDC4,0.9320071258907364,0.9504913513299783,0.017323590294684228,0.9851385319193467,0.9158441707406099,1.002462122214031,0.8985205804459256,1.0197857125087153,0.8811969901512414,0.9320071258907364
2018-05-03,31.0,32.97,BBDC3_BBDC4,0.9402487109493479,0.9496928914804503,0.01703154605479425,0.9837559835900388,0.9156297993708619,1.0007875296448332,0.8985982533160676,1.0178190756996273,0.8815667072612733,0.9402487109493479
2018-05-04,30.89,33.0,BBDC3_BBDC4,0.936060606060606,0.9491240076615665,0.01709890727939978,0.983321822220366,0.9149261931027669,1.0004207294997658,0.8978272858233671,1.0175196367791657,0.8807283785439673,0.936060606060606
2018-05-07,30.5,32.7,BBDC3_BBDC4,0.9327217125382262,0.9485440327389763,0.017255187157386387,0.983054407053749,0.9140336584242035,1.0003095942111355,0.8967784712668171,1.0175647813685218,0.8795232841094307,0.9327217125382262
2018-05-08,30.58,32.53,BBDC3_BBDC4,0.9400553335382723,0.9481051709293228,0.017241931336858096,0.982589033603039,0.9136213082556066,0.9998309649398971,0.8963793769187485,1.0170728962767552,0.8791374455818904,0.9400553335382723
2018-05-09,30.62,32.79,BBDC3_BBDC4,0.9338212869777371,0.9474134596277084,0.017246201922230992,0.9819058634721703,0.9129210557832464,0.9991520653944014,0.8956748538610154,1.0163982673166323,0.8784286519387844,0.9338212869777371
2018-05-10,31.38,33.45,BBDC3_BBDC4,0.938116591928251,0.9468239579734725,0.017148184662408777,0.98112032729829,0.912527588648655,0.9982685119606989,0.8953794039862462,1.0154166966231077,0.8782312193238374,0.938116591928251
2018-05-11,30.7,32.85,BBDC3_BBDC4,0.9345509893455098,0.9461505137874928,0.01708634002558833,0.9803231938386695,0.9119778337363161,0.9974095338642578,0.8948914937107278,1.0144958738898462,0.8778051536851394,0.9345509893455098
2018-05-14,30.17,32.38,BBDC3_BBDC4,0.9317479925880173,0.9456047171427124,0.017191306166028715,0.9799873294747699,0.911222104810655,0.9971786356407986,0.8940307986446263,1.0143699418068273,0.8768394924785976,0.9317479925880173
2018-05-15,30.0,32.19,BBDC3_BBDC4,0.9319664492078286,0.945015570761085,0.01724607790698395,0.9795077265750529,0.9105234149471171,0.9967538044820369,0.8932773370401331,1.0139998823890208,0.8760312591331492,0.9319664492078286
2018-05-16,30.62,32.71,BBDC3_BBDC4,0.9361051666157139,0.9444158214909599,0.01712493677898685,0.9786656950489336,0.9101659479329862,0.9957906318279205,0.8930410111539994,1.0129155686069073,0.8759160743750125,0.9361051666157139
2018-05-17,28.96,31.35,BBDC3_BBDC4,0.9237639553429027,0.9435218251364373,0.017248971742975107,0.9780197686223876,0.9090238816504871,0.9952687403653626,0.8917749099075121,1.0125177121083377,0.8745259381645369,0.9237639553429027
2018-05-18,29.14,31.49,BBDC3_BBDC4,0.9253731343283583,0.9425708678931723,0.017172697521935617,0.9769162629370436,0.9082254728493011,0.9940889604589792,0.8910527753273655,1.0112616579809148,0.8738800778054299,0.9253731343283583
2018-05-21,28.2,31.04,BBDC3_BBDC4,0.9085051546391752,0.9409833921019042,0.017316443555603606,0.9756162792131113,0.906350504990697,0.992932722768715,0.8890340614350933,1.0102491663243187,0.8717176178794898,0.9085051546391752
2018-05-22,28.93,31.93,BBDC3_BBDC4,0.9060444722831194,0.9392062294807078,0.017158579684320753,0.9735233888493493,0.9048890701120662,0.99068196853367,0.8877304904277455,1.0078405482179909,0.8705719107434248,0.9060444722831194
2018-05-23,28.1,31.09,BBDC3_BBDC4,0.9038275972981666,0.9372799555888726,0.01667863768053938,0.9706372309499514,0.9039226802277938,0.9873158686304907,0.8872440425472544,1.00399450631103,0.8705654048667151,0.9038275972981666
2018-05-24,28.19,31.14,BBDC3_BBDC4,0.9052665382145151,0.9356047919450987,0.016437132890966537,0.9684790577270318,0.9027305261631656,0.9849161906179983,0.8862933932721991,1.0013533235089649,0.8698562603812325,0.9052665382145151
2018-05-25,27.6,30.52,BBDC3_BBDC4,0.9043250327653998,0.9338301215064375,0.01586221830519233,0.9655545581168222,0.9021056848960528,0.9814167764220145,0.8862434665908605,0.9972789947272068,0.8703812482856682,0.9043250327653998
2018-05-28,26.65,29.23,BBDC3_BBDC4,0.9117345193294559,0.9322753832238512,0.014846904927025102,0.9619691930779014,0.9025815733698009,0.9768160980049265,0.8877346684427758,0.9916630029319515,0.8728877635157508,0.9117345193294559
2018-05-29,26.42,29.35,BBDC3_BBDC4,0.9001703577512777,0.9308195522294657,0.01507252907261084,0.9609646103746874,0.9006744940842439,0.9760371394472982,0.8856019650116331,0.991109668519909,0.8705294359390223,0.9001703577512777
2018-05-30,26.08,29.17,BBDC3_BBDC4,0.8940692492286595,0.9291445871309273,0.015345147826393544,0.9598348827837144,0.8984542914781402,0.9751800306101079,0.8831091436517466,0.9905251784365015,0.8677639958253531,0.8940692492286595
2018-06-01,27.1,29.88,BBDC3_BBDC4,0.9069611780455155,0.9274848157405504,0.013969821482612386,0.9554244587057752,0.8995451727753256,0.9693942801883876,0.8855753512927133,0.983364101671,0.8716055298101009,0.9069611780455155
2018-06-04,27.4,30.17,BBDC3_BBDC4,0.9081869406695392,0.9263849590559465,0.013704939571697593,0.9537948381993417,0.8989750799125513,0.9674997777710393,0.8852701403408537,0.981204717342737,0.8715652007691561,0.9081869406695392
2018-06-05,26.14,28.72,BBDC3_BBDC4,0.9101671309192201,0.9254434851550138,0.013486014063455972,0.9524155132819258,0.8984714570281019,0.9659015273453817,0.884985442964646,0.9793875414088378,0.8714994289011899,0.9101671309192201
2018-06-06,25.46,28.24,BBDC3_BBDC4,0.901558073654391,0.9245494923899598,0.013858789137834988,0.9522670706656298,0.8968319141142898,0.9661258598034648,0.8829731249764547,0.9799846489412997,0.8691143358386199,0.901558073654391
2018-06-07,24.95,27.74,BBDC3_BBDC4,0.8994232155731795,0.9235817625740277,0.014232456193713302,0.9520466749614543,0.895116850186601,0.9662791311551676,0.8808843939928878,0.9805115873488809,0.8666519377991745,0.8994232155731795
2018-06-08,25.05,27.5,BBDC3_BBDC4,0.9109090909090909,0.9228728514286759,0.014137115360582963,0.9511470821498419,0.89459862070751,0.9652841975104248,0.880461505346927,0.9794213128710078,0.8663243899863441,0.9109090909090909
2018-06-11,24.54,26.98,BBDC3_BBDC4,0.9095626389918458,0.9221870037095711,0.014099764201913301,0.9503865321133976,0.8939874753057445,0.964486296315311,0.8798877111038311,0.9785860605172243,0.8657879469019178,0.9095626389918458
2018-06-12,24.41,26.91,BBDC3_BBDC4,0.9070977331846897,0.9214453293921295,0.014093555650468572,0.9496324406930666,0.8932582180911924,0.9637259963435353,0.8791646624407238,0.9778195519940038,0.8650711067902552,0.9070977331846897
2018-06-13,23.98,26.36,BBDC3_BBDC4,0.909711684370258,0.9211048382782951,0.014210855535843376,0.9495265493499819,0.8926831272066084,0.9637374048858253,0.878472271670765,0.9779482604216686,0.8642614161349217,0.909711684370258
2018-06-14,22.75,25.29,BBDC3_BBDC4,0.8995650454725188,0.9203160546763909,0.014513329434602313,0.9493427135455955,0.8912893958071862,0.9638560429801978,0.876776066372584,0.9783693724148002,0.8622627369379816,0.8995650454725188
2018-06-15,23.33,25.74,BBDC3_BBDC4,0.9063714063714063,0.9198210738201633,0.014645564059018547,0.9491122019382005,0.8905299457021262,0.963757765997219,0.8758843816431077,0.9784033300562375,0.8612388175840892,0.9063714063714063
2018-06-18,22.7,24.91,BBDC3_BBDC4,0.9112806101967081,0.9192721538232824,0.014540922123291548,0.9483539980698655,0.8901903095766993,0.962894920193157,0.8756493874534078,0.9774358423164486,0.8611084653301162,0.9112806101967081
2018-06-19,23.7,26.2,BBDC3_BBDC4,0.9045801526717557,0.9184993254742853,0.014478044769536208,0.9474554150133576,0.8895432359352129,0.9619334597828939,0.8750651911656766,0.9764115045524301,0.8605871463961404,0.9045801526717557
2018-06-20,23.85,26.76,BBDC3_BBDC4,0.8912556053811659,0.917328160864289,0.014743986490225984,0.946816133844741,0.8878401878838371,0.961560120334967,0.8730962013936111,0.976304106825193,0.8583522149033851,0.8912556053811659
2018-06-21,23.11,25.65,BBDC3_BBDC4,0.9009746588693958,0.9166085751354993,0.014823960300695958,0.9462564957368912,0.8869606545341074,0.9610804560375872,0.8721366942334114,0.9759044163382832,0.8573127339327155,0.9009746588693958
2018-06-22,23.6,26.14,BBDC3_BBDC4,0.9028309104820199,0.9158637705868673,0.01474693543779715,0.9453576414624616,0.886369899711273,0.9601045769002587,0.8716229642734759,0.9748515123380559,0.8568760288356787,0.9028309104820199
2018-06-25,23.45,26.1,BBDC3_BBDC4,0.8984674329501915,0.9149666887745725,0.014684797353455199,0.9443362834814829,0.8855970940676622,0.9590210808349382,0.8709122967142069,0.9737058781883934,0.8562274993607517,0.8984674329501915
2018-06-26,23.47,25.96,BBDC3_BBDC4,0.9040832049306625,0.9144058523498473,0.014660739915813287,0.9437273321814739,0.8850843725182207,0.9583880720972872,0.8704236326024074,0.9730488120131005,0.8557628926865941,0.9040832049306625
2018-06-27,23.12,25.54,BBDC3_BBDC4,0.9052466718872357,0.9139678840588014,0.014666279431504463,0.9433004429218103,0.8846353251957925,0.9579667223533147,0.869969045764288,0.9726330017848193,0.8553027663327835,0.9052466718872357
2018-06-28,23.85,26.41,BBDC3_BBDC4,0.9030670200681561,0.9132443814132369,0.014466022692362397,0.9421764267979618,0.8843123360285121,0.9566424494903242,0.8698463133361497,0.9711084721826865,0.8553802906437874,0.9030670200681561
2018-06-29,24.38,26.9,BBDC3_BBDC4,0.9063197026022305,0.912396156204559,0.013822412691226913,0.9400409815870129,0.8847513308221052,0.9538633942782397,0.8709289181308784,0.9676858069694667,0.8571065054396514,0.9063197026022305
2018-07-02,24.06,26.55,BBDC3_BBDC4,0.9062146892655366,0.9116500082846823,0.013308219447309805,0.938266447179302,0.8850335693900627,0.9515746666266117,0.871725349942753,0.9648828860739216,0.8584171304954431,0.9062146892655366
2018-07-03,24.65,27.76,BBDC3_BBDC4,0.8879682997118155,0.9105311729640221,0.013372354175152975,0.937275881314328,0.8837864646137161,0.950648235489481,0.8704141104385632,0.964020589664634,0.8570417562634102,0.8879682997118155
2018-07-04,25.16,28.15,BBDC3_BBDC4,0.8937833037300178,0.9093743722188157,0.012739260875939311,0.9348528939706943,0.8838958504669371,0.9475921548466336,0.8711565895909977,0.960331415722573,0.8584173287150584,0.8937833037300178
2018-07-05,25.0,28.09,BBDC3_BBDC4,0.8899964400142399,0.9082787510447281,0.012464409973955782,0.9332075709926396,0.8833499310968166,0.9456719809665954,0.8708855211228608,0.9581363909405513,0.858421111148905,0.8899964400142399
2018-07-06,25.19,28.17,BBDC3_BBDC4,0.8942137025204118,0.9071811788095321,0.011677769119688331,0.9305367170489087,0.8838256405701554,0.942214486168597,0.8721478714504671,0.9538922552882854,0.8604701023307788,0.8942137025204118
2018-07-10,24.79,27.8,BBDC3_BBDC4,0.8917266187050359,0.9061105695435202,0.011050385889684326,0.9282113413228888,0.8840097977641516,0.9392617272125732,0.8729594118744672,0.9503121131022575,0.8619090259847829,0.8917266187050359
2018-07-11,24.71,27.69,BBDC3_BBDC4,0.8923799205489347,0.9051263677425432,0.010445017507042529,0.9260164027566282,0.8842363327284581,0.9364614202636707,0.8737913152214156,0.9469064377707133,0.8633462977143731,0.8923799205489347
2018-07-12,25.3,28.5,BBDC3_BBDC4,0.887719298245614,0.9040201889684878,0.009856025196614254,0.9237322393617163,0.8843081385752593,0.9335882645583305,0.874452113378645,0.9434442897549448,0.8645960881820308,0.887719298245614
2018-07-13,25.75,29.07,BBDC3_BBDC4,0.8857929136566908,0.9027623826445124,0.008811433101955441,0.9203852488484232,0.8851395164406015,0.9291966819503786,0.8763280833386461,0.9380081150523342,0.8675166502366906,0.8857929136566908
2018-07-16,25.95,29.2,BBDC3_BBDC4,0.8886986301369862,0.9018857495143646,0.00840329061323896,0.9186923307408426,0.8850791682878867,0.9270956213540815,0.8766758776746477,0.9354989119673205,0.8682725870614088,0.8886986301369862
2018-07-17,26.85,30.04,BBDC3_BBDC4,0.8938082556591213,0.9010966275476336,0.007583173942315677,0.916262975432265,0.8859302796630023,0.9238461493745806,0.8783471057206866,0.9314293233168963,0.870763931778371,0.8938082556591213
2018-07-18,26.33,29.3,BBDC3_BBDC4,0.8986348122866893,0.9008498689888216,0.007496007867091184,0.915841884723004,0.8858578532546392,0.9233378925900951,0.878361845387548,0.9308339004571863,0.8708658375204569,0.8986348122866893
2018-07-19,26.24,29.67,BBDC3_BBDC4,0.8843950117964272,0.9003086324766543,0.00788291916375419,0.9160744708041626,0.8845427941491459,0.9239573899679169,0.8766598749853917,0.931840309131671,0.8687769558216375,0.8843950117964272
2018-07-20,27.5,30.7,BBDC3_BBDC4,0.8957654723127036,0.9001070793520176,0.007893698251798247,0.9158944758556141,0.8843196828484211,0.9237881741074123,0.8764259845966229,0.9316818723592106,0.8685322863448246,0.8957654723127036
2018-07-23,27.35,30.35,BBDC3_BBDC4,0.9011532125205931,0.9000042462096696,0.007851440834899625,0.9157071278794688,0.8843013645398703,0.9235585687143685,0.8764499237049707,0.9314100095492681,0.868598482870071,0.9011532125205931
2018-07-24,28.01,30.8,BBDC3_BBDC4,0.9094155844155845,0.9001315100009242,0.007963725535259146,0.9160589610714425,0.8842040589304059,0.9240226866067016,0.8762403333951467,0.9319864121419608,0.8682766078598876,0.9094155844155845
2018-07-25,28.7,31.36,BBDC3_BBDC4,0.9151785714285714,0.9002176113034019,0.008109670938334257,0.9164369531800705,0.8839982694267334,0.9245466241184047,0.8758885984883992,0.932656295056739,0.8677789275500649,0.9151785714285714
2018-07-26,27.71,30.56,BBDC3_BBDC4,0.9067408376963352,0.9003818733020283,0.008174969169395377,0.9167318116408191,0.8840319349632376,0.9249067808102145,0.8758569657938422,0.9330817499796098,0.8676819966244469,0.9067408376963352
2018-07-27,27.91,30.9,BBDC3_BBDC4,0.9032362459546927,0.9006110482201792,0.008121784714069878,0.916854617648319,0.8843674787920395,0.9249764023623889,0.8762456940779696,0.9330981870764588,0.8681239093638997,0.9032362459546927
2018-07-30,28.4,31.13,BBDC3_BBDC4,0.9123032444587215,0.9007445998805095,0.008271424323086217,0.9172874485266819,0.8842017512343371,0.9255588728497681,0.8759303269112508,0.9338302971728544,0.8676589025881646,0.9123032444587215
2018-07-31,27.88,30.53,BBDC3_BBDC4,0.9132001310186701,0.9008699296392377,0.008423662445062466,0.9177172545293627,0.8840226047491128,0.9261409169744251,0.8755989423040503,0.9345645794194876,0.8671752798589879,0.9132001310186701
2018-08-01,28.3,30.93,BBDC3_BBDC4,0.9149692854833495,0.900989983503341,0.008592099586565377,0.9181741826764718,0.8838057843302103,0.9267662822630371,0.8752136847436449,0.9353583818496025,0.8666215851570795,0.9149692854833495
2018-08-02,28.18,30.92,BBDC3_BBDC4,0.9113842173350581,0.9012356370953576,0.00874781493589011,0.9187312669671378,0.8837400072235774,0.927479081903028,0.8749921922876872,0.936226896838918,0.8662443773517972,0.9113842173350581
2018-08-03,28.72,32.1,BBDC3_BBDC4,0.8947040498442367,0.901117657952134,0.008804524444511783,0.9187267068411576,0.8835086090631105,0.9275312312856694,0.8747040846185987,0.9363357557301812,0.8658995601740869,0.8947040498442367
2018-08-06,28.4,31.88,BBDC3_BBDC4,0.890840652446675,0.9006159469905736,0.008804052831766442,0.9182240526541064,0.8830078413270407,0.9270281054858729,0.8742037884952742,0.9358321583176393,0.8653997356635078,0.890840652446675
2018-08-07,27.78,31.4,BBDC3_BBDC4,0.8847133757961784,0.899994715410682,0.009030367329482227,0.9180554500696464,0.8819339807517176,0.9270858173991287,0.8729036134222353,0.9361161847286109,0.8638732460927531,0.8847133757961784
2018-08-08,27.27,30.65,BBDC3_BBDC4,0.8897226753670473,0.8995603389652409,0.009097574288442966,0.9177554875421269,0.8813651903883549,0.9268530618305698,0.872267616099912,0.9359506361190127,0.8631700418114691,0.8897226753670473
2018-08-09,26.83,30.33,BBDC3_BBDC4,0.8846027035938016,0.8989326144458294,0.009244246968954485,0.9174211083837384,0.8804441205079204,0.9266653553526929,0.8711998735389659,0.9359096023216473,0.8619556265700115,0.8846027035938016
2018-08-10,25.43,28.82,BBDC3_BBDC4,0.8823733518390007,0.8985028221049914,0.0096066327643932,0.9177160876337779,0.879289556576205,0.9273227203981711,0.8696829238118118,0.9369293531625642,0.8600762910474187,0.8823733518390007
2018-08-13,26.05,29.38,BBDC3_BBDC4,0.8866575901974133,0.8980099767006416,0.009697855124491835,0.9174056869496253,0.878614266451658,0.9271035420741172,0.8689164113271661,0.936801397198609,0.8592185562026743,0.8866575901974133
2018-08-14,26.41,29.88,BBDC3_BBDC4,0.8838688085676037,0.8973246816599142,0.009704565562708933,0.9167338127853321,0.8779155505344963,0.926438378348041,0.8682109849717874,0.9361429439107499,0.8585064194090785,0.8838688085676037
2018-08-15,26.24,29.52,BBDC3_BBDC4,0.8888888888888888,0.8969324000653425,0.009720887455226658,0.9163741749757958,0.8774906251548892,0.9260950624310225,0.8677697376996625,0.935815949886249,0.8580488502444359,0.8888888888888888
2018-08-16,25.8,29.52,BBDC3_BBDC4,0.8739837398373984,0.8965006034267482,0.010343197366406875,0.917186998159562,0.8758142086939344,0.9275301955259688,0.8654710113275276,0.9378733928923757,0.8551278139611207,0.8739837398373984
2018-08-17,25.11,28.62,BBDC3_BBDC4,0.8773584905660377,0.8959101992191643,0.010747388193384076,0.9174049756059324,0.8744154228323961,0.9281523637993165,0.863668034639012,0.9388997519927006,0.8529206464456279,0.8773584905660377
2018-08-20,25.14,28.8,BBDC3_BBDC4,0.8729166666666667,0.8951623431237806,0.011281005719253267,0.9177243545622872,0.8726003316852741,0.9290053602815405,0.8613193259660208,0.9402863660007937,0.8500383202467675,0.8729166666666667
2018-08-21,24.3,28.1,BBDC3_BBDC4,0.8647686832740213,0.8943198743818763,0.012244981503199186,0.9188098373882747,0.8698299113754779,0.9310548188914739,0.8575849298722787,0.9432998003946731,0.8453399483690796,0.8647686832740213
2018-08-22,25.1,28.79,BBDC3_BBDC4,0.8718304967002433,0.8935135566761158,0.01264108773306949,0.9187957321422547,0.8682313812099768,0.9314368198753242,0.8555902934769073,0.9440779076083937,0.8429492057438378,0.8718304967002433
2018-08-23,24.45,28.07,BBDC3_BBDC4,0.8710366939793374,0.8926583072284183,0.012979641023988039,0.9186175892763944,0.8666990251804423,0.9315972303003824,0.8537193841564542,0.9445768713243705,0.8407397431324661,0.8710366939793374
2018-08-24,24.65,28.32,BBDC3_BBDC4,0.870409604519774,0.8918418718397086,0.013330486519322891,0.9185028448783544,0.8651808988010629,0.9318333313976773,0.85185041228174,0.9451638179170002,0.8385199257624171,0.870409604519774
2018-08-27,25.5,29.08,BBDC3_BBDC4,0.8768913342503439,0.8911061626309115,0.013323040801615083,0.9177522442341416,0.8644600810276813,0.9310752850357568,0.8511370402260662,0.9443983258373718,0.8378139994244511,0.8768913342503439
2018-08-28,25.73,28.9,BBDC3_BBDC4,0.8903114186851212,0.890708580866401,0.013095971608397167,0.9169005240831953,0.8645166376496067,0.9299964956915925,0.8514206660412096,0.9430924672999897,0.8383246944328123,0.8903114186851212
2018-08-29,25.87,29.25,BBDC3_BBDC4,0.8844444444444445,0.8906204844847169,0.013126694516018476,0.9168738735167539,0.8643670954526799,0.9300005680327723,0.8512404009366614,0.9431272625487908,0.838113706420643,0.8844444444444445
2018-08-30,24.88,28.0,BBDC3_BBDC4,0.8885714285714286,0.8904901876057523,0.013120360338673203,0.9167309082830987,0.8642494669284059,0.9298512686217719,0.8511291065897326,0.9429716289604451,0.8380087462510595,0.8885714285714286
2018-08-31,25.11,28.38,BBDC3_BBDC4,0.8847780126849895,0.8903597269225211,0.013151303647279578,0.9166623342170802,0.864057119627962,0.9298136378643598,0.8509058159806824,0.9429649415116393,0.8377545123334028,0.8847780126849895
2018-09-03,24.82,28.13,BBDC3_BBDC4,0.8823320298613581,0.8900626851060448,0.013196130120240323,0.9164549453465255,0.8636704248655641,0.9296510754667657,0.8504742947453239,0.9428472055870061,0.8372781646250835,0.8823320298613581
2018-09-04,24.04,27.48,BBDC3_BBDC4,0.8748180494905385,0.8896399708756823,0.013410538243340557,0.9164610473623633,0.8628188943890012,0.9298715856057039,0.8494083561456606,0.9432821238490445,0.83599781790232,0.8748180494905385
2018-09-05,24.18,27.65,BBDC3_BBDC4,0.8745027124773961,0.8891930406738938,0.013613246100634857,0.9164195328751635,0.8619665484726241,0.9300327789757984,0.8483533023719892,0.9436460250764332,0.8347400562713544,0.8745027124773961
2018-09-06,24.88,28.44,BBDC3_BBDC4,0.8748241912798874,0.8888706629997506,0.013800439539667609,0.9164715420790858,0.8612697839204154,0.9302719816187535,0.8474693443807477,0.944072421158421,0.8336689048410801,0.8748241912798874
2018-09-10,24.9,28.55,BBDC3_BBDC4,0.87215411558669,0.8885296930480004,0.014044757324726003,0.9166192076974524,0.8604401783985485,0.9306639650221784,0.8463954210738225,0.9447087223469045,0.8323506637490964,0.87215411558669
2018-09-11,24.0,27.69,BBDC3_BBDC4,0.866738894907909,0.8879806996672736,0.014461006560230558,0.9169027127877347,0.8590586865468124,0.9313637193479652,0.8445976799865819,0.9458247259081958,0.8301366734263513,0.866738894907909
2018-09-12,24.08,27.7,BBDC3_BBDC4,0.8693140794223826,0.887368345261355,0.014724121935821918,0.9168165891329988,0.8579201013897112,0.9315407110688207,0.8431959794538892,0.9462648330046427,0.8284718575180673,0.8693140794223826
2018-09-13,24.04,27.59,BBDC3_BBDC4,0.8713301920985864,0.8866857297566526,0.01482101887999553,0.9163277675166437,0.8570436919966615,0.9311487863966392,0.842222673116666,0.9459698052766348,0.8274016542366704,0.8713301920985864
2018-09-14,24.29,27.71,BBDC3_BBDC4,0.8765788523998556,0.8864903257717381,0.014903291408487316,0.9162969085887128,0.8566837429547635,0.9312001999972,0.8417804515462762,0.9461034914056874,0.8268771601377889,0.8765788523998556
2018-09-17,24.97,28.5,BBDC3_BBDC4,0.876140350877193,0.8859996977358504,0.014913150881725016,0.9158259994993004,0.8561733959724004,0.9307391503810255,0.8412602450906753,0.9456523012627505,0.8263470942089504,0.876140350877193
2018-09-18,25.41,28.73,BBDC3_BBDC4,0.884441350504699,0.8855819011854532,0.014710451523586,0.9150028042326253,0.8561609981382812,0.9297132557562112,0.8414505466146952,0.9444237072797972,0.8267400950911092,0.884441350504699
2018-09-19,25.41,28.86,BBDC3_BBDC4,0.8804573804573805,0.884857946086498,0.01421154261286084,0.9132810313122197,0.8564348608607764,0.9274925739250806,0.8422233182479155,0.9417041165379414,0.8280117756350547,0.8804573804573805
2018-09-20,25.34,28.8,BBDC3_BBDC4,0.8798611111111111,0.8839750095785617,0.01335049673291191,0.9106760030443855,0.8572740161127379,0.9240264997772974,0.8439235193798259,0.9373769965102093,0.830573022646914,0.8798611111111111
2018-09-21,25.86,29.26,BBDC3_BBDC4,0.8838004101161995,0.8834014988890584,0.012830038603624609,0.9090615760963076,0.8577414216818092,0.9218916146999322,0.8449113830781846,0.9347216533035568,0.83208134447456,0.8838004101161995
2018-09-24,25.0,28.48,BBDC3_BBDC4,0.8778089887640449,0.8827658174592921,0.01244627539321279,0.9076583682457177,0.8578732666728665,0.9201046436389304,0.8454269912796537,0.9325509190321433,0.8329807158864408,0.8778089887640449
2018-09-25,25.28,28.5,BBDC3_BBDC4,0.8870175438596491,0.8821336749443154,0.011514889460987044,0.9051634538662895,0.8591038960223413,0.9166783433272765,0.8475890065613543,0.9281932327882636,0.8360741171003672,0.8870175438596491
2018-09-26,25.66,28.57,BBDC3_BBDC4,0.8981449072453622,0.8817572943499826,0.010689898017500534,0.9031370903849837,0.8603774983149816,0.9138269884024842,0.849687600297481,0.9245168864199848,0.8389977022799805,0.8981449072453622
2018-09-27,26.24,29.22,BBDC3_BBDC4,0.8980150581793293,0.8813334386673821,0.009622056991899278,0.9005775526511807,0.8620893246835836,0.91019960964308,0.8524672676916842,0.9198216666349792,0.842845210699785,0.8980150581793293
2018-09-28,25.75,28.67,BBDC3_BBDC4,0.8981513777467736,0.8810026176776751,0.008750371896439863,0.8985033614705548,0.8635018738847954,0.9072537333669947,0.8547515019883555,0.9160041052634346,0.8460011300919156,0.8981513777467736
2018-10-01,25.54,28.35,BBDC3_BBDC4,0.9008818342151674,0.8811570622869483,0.009047865885149544,0.8992527940572475,0.8630613305166492,0.908300659942397,0.8540134646314997,0.9173485258275466,0.8449655987463501,0.9008818342151674
2018-10-02,27.3,30.0,BBDC3_BBDC4,0.91,0.8816360459757814,0.010027727365456634,0.9016915007066947,0.8615805912448681,0.9117192280721513,0.8515528638794114,0.9217469554376079,0.8415251365139549,0.91
2018-10-03,28.62,31.3,BBDC3_BBDC4,0.9143769968051119,0.8823776365010045,0.01127984243686818,0.9049373213747409,0.8598179516272682,0.9162171638116091,0.8485381091904,0.9274970062484773,0.8372582667535318,0.9143769968051119
2018-10-04,28.38,31.45,BBDC3_BBDC4,0.9023847376788553,0.8826941880587998,0.011662437266349211,0.9060190625914982,0.8593693135261015,0.9176814998578475,0.8477068762597522,0.9293439371241967,0.836044438993403,0.9023847376788553
2018-10-05,27.55,30.98,BBDC3_BBDC4,0.8892834086507424,0.8828112056852234,0.011705480798388129,0.9062221672819997,0.8594002440884472,0.9179276480803878,0.847694763290059,0.9296331288787759,0.8359892824916709,0.8892834086507424
2018-10-08,29.0,33.08,BBDC3_BBDC4,0.8766626360338574,0.8826684377900949,0.011745714804009249,0.9061598673981134,0.8591770081820763,0.9179055822021226,0.8474312933780671,0.9296512970061318,0.8356855785740579,0.8766626360338574
2018-10-09,29.04,33.2,BBDC3_BBDC4,0.8746987951807228,0.8823694679146774,0.011793672120081769,0.9059568121548409,0.8587821236745139,0.9177504842749227,0.8469884515544321,0.9295441563950044,0.8351947794343504,0.8746987951807228
2018-10-10,27.8,32.12,BBDC3_BBDC4,0.8655043586550437,0.8819103566668633,0.012087596888901693,0.9060855504446668,0.8577351628890599,0.9181731473335685,0.8456475660001582,0.9302607442224701,0.8335599691112566,0.8655043586550437
2018-10-11,27.96,31.93,BBDC3_BBDC4,0.8756655183213279,0.8815797724026744,0.012072660997810025,0.9057250943982944,0.8574344504070543,0.9177977553961044,0.8453617894092443,0.9298704163939144,0.8332891284114343,0.8756655183213279
2018-10-15,28.25,32.1,BBDC3_BBDC4,0.8800623052959501,0.8817317365391382,0.012012702540665672,0.9057571416204695,0.8577063314578068,0.9177698441611352,0.8456936289171412,0.9297825467018008,0.8336809263764755,0.8800623052959501
2018-10-16,29.44,33.63,BBDC3_BBDC4,0.8754088611358906,0.8816829958033845,0.012034836525410663,0.9057526688542058,0.8576133227525632,0.9177875053796165,0.8455784862271525,0.9298223419050271,0.8335436497017419,0.8754088611358906
2018-10-17,29.45,33.67,BBDC3_BBDC4,0.8746658746658746,0.8817267260033645,0.012005307893242624,0.9057373417898498,0.8577161102168793,0.9177426496830924,0.8457108023236367,0.929747957576335,0.8337054944303941,0.8746658746658746
2018-10-18,28.54,32.74,BBDC3_BBDC4,0.8717165546731825,0.8819004227883436,0.01180220620485574,0.905504835198055,0.8582960103786321,0.9173070414029107,0.8464938041737764,0.9291092476077666,0.8346915979689206,0.8717165546731825
2018-10-19,28.59,32.85,BBDC3_BBDC4,0.8703196347031963,0.8818626512384174,0.01183762466907455,0.9055379005765666,0.8581874019002683,0.9173755252456411,0.8463497772311938,0.9292131499147156,0.8345121525621193,0.8703196347031963
2018-10-22,28.93,33.25,BBDC3_BBDC4,0.8700751879699248,0.8818386135881822,0.011861124586513378,0.905560862761209,0.8581163644151554,0.9174219873477223,0.846255239828642,0.9292831119342356,0.8343941152421287,0.8700751879699248
2018-10-23,29.01,33.37,BBDC3_BBDC4,0.8693437219059036,0.8818119665228356,0.01188862465254761,0.9055892158279307,0.8580347172177404,0.9174778404804784,0.8461460925651927,0.929366465133026,0.8342574679126451,0.8693437219059036
2018-10-24,28.19,32.57,BBDC3_BBDC4,0.8655204175621738,0.8815276936056312,0.012142535906046666,0.9058127654177246,0.8572426217935378,0.9179553013237712,0.8451000858874912,0.9300978372298179,0.8329575499814446,0.8655204175621738
2018-10-25,29.4,33.51,BBDC3_BBDC4,0.8773500447627574,0.881203659257572,0.012074878503597591,0.9053534162647672,0.8570539022503769,0.9174282947683648,0.8449790237467792,0.9295031732719624,0.8329041452431817,0.8773500447627574
2018-10-26,29.73,34.09,BBDC3_BBDC4,0.8721032560868289,0.8808951295486317,0.012147398128268472,0.9051899258051687,0.8566003332920947,0.9173373239334371,0.8444529351638262,0.9294847220617056,0.8323055370355578,0.8721032560868289
2018-10-29,29.12,33.45,BBDC3_BBDC4,0.8705530642750373,0.8804446704412218,0.012189453387250035,0.9048235772157218,0.8560657636667217,0.9170130306029719,0.8438763102794716,0.9292024839902219,0.8316868568922217,0.8705530642750373
2018-10-30,30.41,34.75,BBDC3_BBDC4,0.8751079136690647,0.8802029179658236,0.012197197585644479,0.9045973131371126,0.8558085227945347,0.9167945107227571,0.8436113252088902,0.9289917083084015,0.8314141276232457,0.8751079136690647
2018-10-31,30.25,34.3,BBDC3_BBDC4,0.881924198250729,0.8801927221755579,0.012195542543178657,0.9045838072619152,0.8558016370892005,0.9167793498050939,0.8436060945460219,0.9289748923482725,0.8314105520028433,0.881924198250729
2018-11-01,31.84,36.26,BBDC3_BBDC4,0.8781025923883067,0.8802748357480021,0.012169456184763242,0.9046137481175286,0.8559359233784757,0.9167832043022919,0.8437664671937124,0.928952660487055,0.8315970110089492,0.8781025923883067
2018-11-05,33.0,37.02,BBDC3_BBDC4,0.8914100486223662,0.8806975191516265,0.01225713815868269,0.9052117954689919,0.8561832428342612,0.9174689336276746,0.8439261046755785,0.9297260717863572,0.8316689665168958,0.8914100486223662
2018-11-06,32.43,36.62,BBDC3_BBDC4,0.885581649371928,0.8809664556039276,0.012242973571374114,0.9054524027466758,0.8564805084611794,0.91769537631805,0.8442375348898052,0.929938349889424,0.8319945613184312,0.885581649371928
2018-11-07,32.3,35.91,BBDC3_BBDC4,0.8994708994708995,0.8816493752010329,0.012498028164584696,0.9066454315302023,0.8566533188718636,0.9191434596947871,0.8441552907072788,0.9316414878593717,0.8316572625426941,0.8994708994708995
2018-11-08,31.11,35.16,BBDC3_BBDC4,0.8848122866894199,0.8821012099955705,0.012269770034579236,0.906640750064729,0.857561669926412,0.9189105200993082,0.8452918998918328,0.9311802901338875,0.8330221298572535,0.8848122866894199
2018-11-09,31.8,35.68,BBDC3_BBDC4,0.891255605381166,0.8826497481445402,0.012173531074343154,0.9069968102932265,0.8583026859958539,0.9191703413675697,0.8461291549215108,0.9313438724419129,0.8339556238471676,0.891255605381166
2018-11-12,31.85,35.65,BBDC3_BBDC4,0.8934081346423564,0.8832016967081344,0.012147622048807935,0.9074969408057503,0.8589064526105186,0.9196445628545582,0.8467588305617106,0.9317921849033661,0.8346112085129027,0.8934081346423564
2018-11-13,31.18,35.01,BBDC3_BBDC4,0.890602684947158,0.883552292521817,0.012153948392301397,0.9078601893064198,0.8592443957372142,0.9200141376987212,0.8470904473449128,0.9321680860910226,0.8349364989526114,0.890602684947158
2018-11-14,31.5,35.5,BBDC3_BBDC4,0.8873239436619719,0.8838318823414364,0.012107617494229835,0.9080471173298961,0.8596166473529767,0.9201547348241259,0.8475090298587469,0.9322623523183557,0.835401412364517,0.8873239436619719
2018-11-16,33.25,37.22,BBDC3_BBDC4,0.8933369156367544,0.8840542714697376,0.012200438814727264,0.9084551490991921,0.859653393840283,0.9206555879139193,0.8474529550255558,0.9328560267286466,0.8352525162108285,0.8933369156367544
2018-11-19,32.87,37.06,BBDC3_BBDC4,0.8869400971397732,0.8842163393867974,0.01219448941126603,0.9086053182093295,0.8598273605642653,0.9207998076205955,0.8476328711529993,0.9329942970318615,0.8354383817417333,0.8869400971397732
2018-11-21,32.56,36.65,BBDC3_BBDC4,0.8884038199181447,0.8844299071069732,0.012191064236037715,0.9088120355790487,0.8600477786348978,0.9210030998150863,0.8478567143988601,0.9331941640511241,0.8356656501628223,0.8884038199181447
2018-11-22,32.63,36.8,BBDC3_BBDC4,0.8866847826086958,0.8845020164192856,0.012195774854779812,0.9088935661288452,0.860110466709726,0.921089340983625,0.8479146918549462,0.9332851158384049,0.8357189170001663,0.8866847826086958
2018-11-23,32.7,36.72,BBDC3_BBDC4,0.8905228758169935,0.8848198635956093,0.012182535948816412,0.9091849354932421,0.8604547916979765,0.9213674714420585,0.84827225574916,0.9335500073908749,0.8360897198003436,0.8905228758169935
2018-11-26,32.0,36.19,BBDC3_BBDC4,0.8842221608179055,0.8847499790195658,0.012177622604421243,0.9091052242284082,0.8603947338107233,0.9212828468328295,0.848217111206302,0.9334604694372507,0.8360394886018808,0.8842221608179055
2018-11-27,33.3,37.67,BBDC3_BBDC4,0.8839925670294663,0.8843961705141684,0.011982495301043438,0.9083611611162553,0.8604311799120815,0.9203436564172988,0.8484486846110381,0.9323261517183422,0.8364661893099946,0.8839925670294663
2018-11-28,34.38,38.44,BBDC3_BBDC4,0.8943808532778357,0.884305315391631,0.011890005665678438,0.9080853267229879,0.8605253040602742,0.9199753323886664,0.8486352983945957,0.9318653380543448,0.8367452927289173,0.8943808532778357
2018-11-29,34.62,38.92,BBDC3_BBDC4,0.8895169578622815,0.8840894548945188,0.011709191106962703,0.9075078371084443,0.8606710726805934,0.919217028215407,0.8489618815736307,0.9309262193223696,0.8372526904666681,0.8895169578622815
2018-11-30,33.59,38.46,BBDC3_BBDC4,0.8733749349973999,0.8834017824140746,0.011503625175055224,0.906409032764185,0.8603945320639642,0.9179126579392403,0.848890906888909,0.9294162831142956,0.8373872817138537,0.8733749349973999
2018-12-03,33.48,37.8,BBDC3_BBDC4,0.8857142857142857,0.8827946395569318,0.010674844488586221,0.9041443285341043,0.8614449505797593,0.9148191730226904,0.8507701060911732,0.9254940175112767,0.840095261602587,0.8857142857142857
2018-12-04,33.5,37.68,BBDC3_BBDC4,0.8890658174097664,0.8821618600720482,0.009432630049821632,0.9010271201716915,0.8632965999724049,0.9104597502215132,0.8538639699225833,0.9198923802713348,0.8444313398727616,0.8890658174097664
2018-12-05,33.62,37.66,BBDC3_BBDC4,0.8927243759957515,0.8819203510299707,0.009016046629030878,0.8999524442880324,0.8638882577719089,0.9089684909170633,0.854872211142878,0.9179845375460942,0.8458561645138472,0.8927243759957515
2018-12-06,34.09,38.07,BBDC3_BBDC4,0.8954557394273707,0.8820746592993863,0.009196312605128772,0.9004672845096439,0.8636820340891288,0.9096635971147726,0.854485721484,0.9188599097199014,0.8452894088788713,0.8954557394273707
2018-12-07,33.65,37.89,BBDC3_BBDC4,0.8880971232515175,0.8823605214798279,0.009201485170673129,0.9007634918211742,0.8639575511384816,0.9099649769918473,0.8547560659678085,0.9191664621625204,0.8455545807971354,0.8880971232515175
2018-12-10,32.89,37.16,BBDC3_BBDC4,0.8850914962325082,0.8826203390061226,0.009126014958428776,0.9008723689229802,0.864368309089265,0.9099983838814089,0.8552422941308363,0.9191243988398377,0.8461162791724075,0.8850914962325082
2018-12-11,33.01,37.59,BBDC3_BBDC4,0.8781590848629953,0.8829367071613212,0.008728121753779652,0.9003929506688805,0.865480463653762,0.9091210724226602,0.8567523418999823,0.9178491941764398,0.8480242201462026,0.8781590848629953
2018-12-12,33.3,37.84,BBDC3_BBDC4,0.8800211416490484,0.8830455977445142,0.008662001180144917,0.900369600104804,0.8657215953842243,0.909031601284949,0.8570595942040794,0.9176936024650939,0.8483975930239345,0.8800211416490484
2018-12-13,34.26,38.84,BBDC3_BBDC4,0.8820803295571574,0.8830960483510444,0.008650048483101622,0.9003961453172477,0.8657959513848411,0.9090461938003492,0.8571459029017395,0.9176962422834509,0.8484958544186378,0.8820803295571574
2018-12-14,33.84,38.4,BBDC3_BBDC4,0.8812500000000001,0.8832420768226472,0.00856584195315856,0.9003737607289644,0.8661103929163301,0.9089396026821229,0.8575445509631715,0.9175054446352815,0.8489787090100129,0.8812500000000001
2018-12-17,33.15,37.65,BBDC3_BBDC4,0.8804780876494024,0.8833873821472353,0.00846533827684459,0.9003180587009245,0.8664567055935462,0.9087833969777691,0.8579913673167016,0.9172487352546137,0.849526029039857,0.8804780876494024
2018-12-18,33.69,38.35,BBDC3_BBDC4,0.8784876140808343,0.8835566586324266,0.008291901309221441,0.9001404612508694,0.8669728560139838,0.908432362560091,0.8586809547047622,0.9167242638693124,0.8503890533955408,0.8784876140808343
2018-12-19,33.15,37.8,BBDC3_BBDC4,0.876984126984127,0.8837232709394499,0.008083440573780317,0.8998901520870105,0.8675563897918893,0.9079735926607908,0.859472949218109,0.9160570332345712,0.8513895086443286,0.876984126984127
2018-12-20,33.5,38.0,BBDC3_BBDC4,0.881578947368421,0.8840108649244123,0.007784530998356303,0.8995799269211249,0.8684418029276997,0.9073644579194812,0.8606572719293434,0.9151489889178375,0.8528727409309871,0.881578947368421
2018-12-21,33.26,37.71,BBDC3_BBDC4,0.8819941660037125,0.8843271260268575,0.007421899574604386,0.8991709251760662,0.8694833268776487,0.9065928247506706,0.8620614273030444,0.914014724325275,0.85463952772844,0.8819941660037125
2018-12-26,32.48,36.6,BBDC3_BBDC4,0.887431693989071,0.8848749079375299,0.006779007182083767,0.8984329223016974,0.8713168935733624,0.9052119294837812,0.8645378863912786,0.911990936665865,0.8577588792091948,0.887431693989071
2018-12-27,33.3,37.5,BBDC3_BBDC4,0.8879999999999999,0.885141156818461,0.006684366936925352,0.8985098906923117,0.8717724229446102,0.905194257629237,0.8650880560076849,0.9118786245661623,0.8584036890707596,0.8879999999999999
2018-12-28,33.85,38.65,BBDC3_BBDC4,0.8758085381630014,0.8852337888703652,0.006522775443859632,0.8982793397580845,0.8721882379826459,0.9048021152019441,0.8656654625387863,0.9113248906458037,0.8591426870949267,0.8758085381630014
