DATA DO PREGAO,Empresa1,Empresa2,Par,Ratio,MA_40,STD_40,BANDA_1_40 SUPERIOR,BANDA_1_40 INFERIOR,BANDA_2_40 SUPERIOR,BANDA_2_40 INFERIOR,BANDA_3_40 SUPERIOR,BANDA_3_40 INFERIOR,PRECO FECHAMENTO
2018-01-02,10.89,30.76,BEEF3_QUAL3,0.35403120936280885,,,,,,,,,0.35403120936280885
2018-01-03,10.81,31.0,BEEF3_QUAL3,0.3487096774193549,,,,,,,,,0.3487096774193549
2018-01-04,10.77,31.41,BEEF3_QUAL3,0.3428844317096466,,,,,,,,,0.3428844317096466
2018-01-05,10.89,31.65,BEEF3_QUAL3,0.3440758293838863,,,,,,,,,0.3440758293838863
2018-01-08,10.52,31.3,BEEF3_QUAL3,0.3361022364217252,,,,,,,,,0.3361022364217252
2018-01-09,10.5,30.46,BEEF3_QUAL3,0.3447143795141169,,,,,,,,,0.3447143795141169
2018-01-10,10.5,30.52,BEEF3_QUAL3,0.3440366972477064,,,,,,,,,0.3440366972477064
2018-01-11,10.5,30.71,BEEF3_QUAL3,0.34190817323347444,,,,,,,,,0.34190817323347444
2018-01-12,10.3,30.62,BEEF3_QUAL3,0.3363814500326584,,,,,,,,,0.3363814500326584
2018-01-15,10.3,30.81,BEEF3_QUAL3,0.3343070431678027,,,,,,,,,0.3343070431678027
2018-01-16,10.28,31.48,BEEF3_QUAL3,0.32655654383735705,,,,,,,,,0.32655654383735705
2018-01-17,10.09,32.1,BEEF3_QUAL3,0.3143302180685358,,,,,,,,,0.3143302180685358
2018-01-18,10.0,32.45,BEEF3_QUAL3,0.3081664098613251,,,,,,,,,0.3081664098613251
2018-01-19,10.09,32.76,BEEF3_QUAL3,0.307997557997558,,,,,,,,,0.307997557997558
2018-01-22,10.1,33.26,BEEF3_QUAL3,0.3036680697534576,,,,,,,,,0.3036680697534576
2018-01-23,9.95,32.5,BEEF3_QUAL3,0.3061538461538461,,,,,,,,,0.3061538461538461
2018-01-24,9.8,33.5,BEEF3_QUAL3,0.29253731343283584,,,,,,,,,0.29253731343283584
2018-01-26,9.71,33.9,BEEF3_QUAL3,0.2864306784660767,,,,,,,,,0.2864306784660767
2018-01-29,9.72,32.67,BEEF3_QUAL3,0.2975206611570248,,,,,,,,,0.2975206611570248
2018-01-30,9.71,31.38,BEEF3_QUAL3,0.30943275971956663,,,,,,,,,0.30943275971956663
2018-01-31,9.63,30.59,BEEF3_QUAL3,0.31480876103301736,,,,,,,,,0.31480876103301736
2018-02-01,9.77,31.19,BEEF3_QUAL3,0.3132414235331837,,,,,,,,,0.3132414235331837
2018-02-02,9.78,30.35,BEEF3_QUAL3,0.3222405271828665,,,,,,,,,0.3222405271828665
2018-02-05,9.7,29.6,BEEF3_QUAL3,0.3277027027027027,,,,,,,,,0.3277027027027027
2018-02-06,9.5,30.9,BEEF3_QUAL3,0.3074433656957929,,,,,,,,,0.3074433656957929
2018-02-07,9.32,30.96,BEEF3_QUAL3,0.30103359173126615,,,,,,,,,0.30103359173126615
2018-02-08,9.14,29.78,BEEF3_QUAL3,0.30691739422431163,,,,,,,,,0.30691739422431163
2018-02-09,9.11,29.35,BEEF3_QUAL3,0.31039182282793865,,,,,,,,,0.31039182282793865
2018-02-14,9.35,29.64,BEEF3_QUAL3,0.31545209176788125,,,,,,,,,0.31545209176788125
2018-02-15,9.49,29.71,BEEF3_QUAL3,0.3194210703466846,,,,,,,,,0.3194210703466846
2018-02-16,9.41,29.5,BEEF3_QUAL3,0.31898305084745765,,,,,,,,,0.31898305084745765
2018-02-19,9.46,29.61,BEEF3_QUAL3,0.3194866599121919,,,,,,,,,0.3194866599121919
2018-02-20,9.27,29.05,BEEF3_QUAL3,0.319104991394148,,,,,,,,,0.319104991394148
2018-02-21,9.3,29.6,BEEF3_QUAL3,0.3141891891891892,,,,,,,,,0.3141891891891892
2018-02-22,9.19,28.85,BEEF3_QUAL3,0.3185441941074523,,,,,,,,,0.3185441941074523
2018-02-23,9.36,29.38,BEEF3_QUAL3,0.3185840707964602,,,,,,,,,0.3185840707964602
2018-02-26,9.21,29.17,BEEF3_QUAL3,0.3157353445320535,,,,,,,,,0.3157353445320535
2018-02-27,9.21,28.55,BEEF3_QUAL3,0.3225919439579685,,,,,,,,,0.3225919439579685
2018-02-28,9.08,28.75,BEEF3_QUAL3,0.31582608695652176,,,,,,,,,0.31582608695652176
2018-03-01,9.1,28.7,BEEF3_QUAL3,0.3170731707317073,0.31996791598528895,0.015877764462101047,0.35172344490949103,0.28821238706108687,0.3676012093715921,0.27233462259898583,0.3834789738336931,0.2564568581368848,0.3170731707317073
2018-03-02,9.34,28.61,BEEF3_QUAL3,0.3264592799720378,0.3192786177505197,0.014931344879636838,0.3491413075097934,0.289415927991246,0.3640726523894302,0.27448458311160917,0.37900399726906703,0.25955323823197235,0.3264592799720378
2018-03-05,9.3,28.6,BEEF3_QUAL3,0.3251748251748252,0.3186902464444064,0.014187018347118172,0.34706428313864274,0.2903162097501701,0.3612513014857609,0.2761291914030519,0.3754383198328791,0.2619421730559337,0.3251748251748252
2018-03-06,8.7,28.68,BEEF3_QUAL3,0.303347280334728,0.3177018176600334,0.013830991253943816,0.34536380016792106,0.29003983515214576,0.35919479142186483,0.276208843898202,0.37302578267580866,0.26237785264425817,0.303347280334728
2018-03-07,8.58,28.7,BEEF3_QUAL3,0.29895470383275263,0.3165737895212551,0.013459839911007656,0.3434934693432704,0.28965410969923977,0.35695330925427804,0.27619426978823214,0.3704131491652857,0.26273442987722445,0.29895470383275263
2018-03-08,8.66,27.32,BEEF3_QUAL3,0.3169838945827233,0.31609583097528005,0.013082768565029048,0.34226136810533814,0.28993029384522195,0.3553441366703672,0.2768475252801929,0.36842690523539623,0.26376475671516386,0.3169838945827233
2018-03-09,8.82,26.81,BEEF3_QUAL3,0.32898172323759794,0.31570251456836707,0.012420032915030098,0.3405425803984273,0.29086244873830686,0.35296261331345735,0.2784424158232768,0.3653826462284875,0.26602238290824665,0.32898172323759794
2018-03-12,8.52,26.67,BEEF3_QUAL3,0.3194600674915635,0.3150880988244635,0.011560570159855824,0.3382092391441751,0.29196695850475185,0.34976980930403095,0.280406388344896,0.3613303794638868,0.26884581818504016,0.3194600674915635
2018-03-13,8.74,26.82,BEEF3_QUAL3,0.32587621178225207,0.31468729978818294,0.010863802410313258,0.33641490460880946,0.2929596949675564,0.3472787070191227,0.28209589255724316,0.358142509429436,0.2712320901469299,0.32587621178225207
2018-03-14,8.55,25.96,BEEF3_QUAL3,0.32935285053929125,0.31451158480084873,0.010556409042870234,0.3356244028865892,0.2933987667151083,0.34618081192945943,0.28284235767223803,0.3567372209723297,0.2722859486293678,0.32935285053929125
2018-03-15,8.4,24.91,BEEF3_QUAL3,0.337213970293055,0.31458425797898004,0.010705138932237106,0.33599453584345423,0.29317398011450585,0.34669967477569136,0.2824688411822687,0.3574048137079285,0.2717637022500316,0.337213970293055
2018-03-16,8.4,22.0,BEEF3_QUAL3,0.38181818181818183,0.31596579892850063,0.014995827328271647,0.34595745358504393,0.28597414427195733,0.3609532809133156,0.2709783169436857,0.3759491082415872,0.25598248961541403,0.38181818181818183
2018-03-19,8.32,22.8,BEEF3_QUAL3,0.3649122807017544,0.3172303504943311,0.016869968750323216,0.35097028799497754,0.2834904129936847,0.36784025674530074,0.2666204442433615,0.384710225495624,0.24975047549303825,0.3649122807017544
2018-03-20,8.2,23.9,BEEF3_QUAL3,0.34309623430962344,0.31810359610553857,0.01728763051914034,0.35267885714381925,0.2835283350672579,0.3699664876629596,0.26624070454811755,0.3872541181820999,0.2489530740289772,0.34309623430962344
2018-03-21,8.05,23.67,BEEF3_QUAL3,0.3400929446556823,0.31890598077199167,0.017549396356765678,0.354004773485523,0.28380718805846034,0.37155416984228873,0.2662577917016946,0.3891035661990544,0.24870839534492895,0.3400929446556823
2018-03-22,8.22,22.95,BEEF3_QUAL3,0.35816993464052294,0.3202685273941683,0.01842968202089778,0.35712789143596385,0.2834091633523727,0.37555757345686164,0.2649794813314749,0.39398725547775937,0.24654979931057716,0.35816993464052294
2018-03-23,8.05,22.78,BEEF3_QUAL3,0.3533801580333626,0.3214491851911562,0.01900598538651988,0.3594611559641959,0.2834372144181164,0.3784671413507158,0.26443122903159655,0.39747312673723567,0.24542524364507665,0.3533801580333626
2018-03-26,8.06,22.64,BEEF3_QUAL3,0.3560070671378092,0.32303592903378053,0.019178989823386294,0.3613939086805531,0.28467794938700797,0.3805728985039394,0.2654989595636217,0.3997518883273257,0.24631996974023534,0.3560070671378092
2018-03-27,8.0,22.13,BEEF3_QUAL3,0.36150022593764125,0.32491266772056965,0.01917810197449494,0.3632688716695595,0.2865564637715798,0.38244697364405444,0.26737836179708485,0.40162507561854943,0.2482002598225899,0.36150022593764125
2018-03-28,7.7,22.49,BEEF3_QUAL3,0.34237438861716324,0.32603401090707307,0.018843809749975408,0.3637216304070239,0.28834639140712226,0.3825654401569993,0.26950258165714686,0.4014092499069747,0.25065877190717145,0.34237438861716324
2018-03-29,7.57,22.28,BEEF3_QUAL3,0.3397666068222621,0.3267923570846405,0.01876880702082607,0.3643299711262926,0.28925474304298837,0.3830987781471187,0.2704859360221623,0.40186758516794474,0.25171712900133625,0.3397666068222621
2018-04-02,7.45,22.12,BEEF3_QUAL3,0.3367992766726944,0.32734211997563245,0.01873081846766501,0.36480375691096245,0.28988048304030245,0.38353457537862745,0.27114966457263745,0.4022653938462925,0.2524188461049724,0.3367992766726944
2018-04-03,8.06,22.41,BEEF3_QUAL3,0.3596608656849621,0.3285026060294269,0.019265154825185492,0.36703291567979784,0.2899722963790559,0.3862980705049833,0.27070714155387043,0.40556322533016886,0.2514419867286849,0.3596608656849621
2018-04-04,7.97,22.0,BEEF3_QUAL3,0.36227272727272725,0.32950341103167335,0.01995883228323518,0.36942107559814374,0.28958574646520296,0.3893799078813789,0.2696269141819678,0.4093387401646141,0.24966808189873263,0.36227272727272725
2018-04-05,8.43,21.89,BEEF3_QUAL3,0.38510735495660114,0.3309385273380208,0.02180450326065508,0.374547533859331,0.28732952081671065,0.39635203711998607,0.26552501755605556,0.41815654038064115,0.24372051429540048,0.38510735495660114
2018-04-06,8.01,21.59,BEEF3_QUAL3,0.37100509495136635,0.3325275705694101,0.022357424636895586,0.3772424198432013,0.28781272129561897,0.3995998444800969,0.26545529665872336,0.4219572691169925,0.24309787202182778,0.37100509495136635
2018-04-09,8.36,21.4,BEEF3_QUAL3,0.39065420560747666,0.3347680859163154,0.023577673955208454,0.38192343382673233,0.2876127380058985,0.40550110778194076,0.26403506405069005,0.4290787817371492,0.2404573900954816,0.39065420560747666
2018-04-10,8.47,21.44,BEEF3_QUAL3,0.39505597014925375,0.33697155031443893,0.024984671916276794,0.3869408941469925,0.28700220648188535,0.4119255660632693,0.26201753456560856,0.4369102379795461,0.23703286264933177,0.39505597014925375
2018-04-11,8.27,22.01,BEEF3_QUAL3,0.37573830077237613,0.3386052122630499,0.0253360715658036,0.38927735539465713,0.2879330691314427,0.4146134269604607,0.2625969975656391,0.4399494985262643,0.2372609259998355,0.37573830077237613
2018-04-12,8.25,22.87,BEEF3_QUAL3,0.3607345867949278,0.33973727463872605,0.025286625629191643,0.39031052589710935,0.28916402338034275,0.41559715152630095,0.26387739775115115,0.44088377715549265,0.23859077212195948,0.3607345867949278
2018-04-13,8.22,22.65,BEEF3_QUAL3,0.36291390728476824,0.34082459556217815,0.025325694596531848,0.3914759847552418,0.2901732063691145,0.4168016793517737,0.2648475117725826,0.44212737394830554,0.23952181717605076,0.36291390728476824
2018-04-16,8.12,22.46,BEEF3_QUAL3,0.3615316117542297,0.34188830958484745,0.025278301939200987,0.39244491346324945,0.29133170570644545,0.4177232154024504,0.2660534037672445,0.4430015173416514,0.24077510182804351,0.3615316117542297
2018-04-17,8.0,22.39,BEEF3_QUAL3,0.3573023671281822,0.34283370226524723,0.025125693243317208,0.39308508875188164,0.2925823157786128,0.41821078199519884,0.2674566225352956,0.44333647523851605,0.24233092929197841,0.3573023671281822
2018-04-18,7.95,22.19,BEEF3_QUAL3,0.3582694907616043,0.3438128147494336,0.024939713656760062,0.3936922420629537,0.29393338743591346,0.4186319557197138,0.2689936737791534,0.44357166937647385,0.24405396012239333,0.3582694907616043
2018-04-19,7.97,22.31,BEEF3_QUAL3,0.35723890632003585,0.3448890576777048,0.024554467014284917,0.3939979917062746,0.295780123649135,0.4185524587205595,0.27122565663485004,0.44310692573484445,0.2466711896205651,0.35723890632003585
2018-04-20,8.13,22.2,BEEF3_QUAL3,0.36621621621621625,0.3460808582304239,0.024399418065970194,0.39487969436236425,0.29728202209848353,0.4192791124283345,0.2728826040325133,0.44367853049430467,0.24848318596654312,0.36621621621621625
2018-04-23,8.09,22.09,BEEF3_QUAL3,0.36622906292440016,0.3472719830336224,0.024184683740605745,0.3956413505148339,0.2989026155524109,0.41982603425543963,0.27471793181180515,0.44401071799604536,0.2505332480711994,0.36622906292440016
2018-04-24,8.3,23.23,BEEF3_QUAL3,0.35729659922513995,0.3483110144009496,0.023682628109211106,0.3956762706193718,0.3009457581825274,0.4193588987285829,0.27726313007331627,0.443041526837794,0.25358050196410514,0.35729659922513995
2018-04-25,8.27,24.49,BEEF3_QUAL3,0.33768885259289505,0.34868843711682274,0.023380613223174616,0.39544966356317196,0.3019272106704735,0.4188302767863466,0.27854659744729887,0.4422108900095212,0.2551659842241243,0.33768885259289505
2018-04-26,8.15,24.23,BEEF3_QUAL3,0.3363598844407759,0.34920178205392916,0.02286021521368596,0.3949222124813011,0.3034813516265572,0.417782427694987,0.2806211364128713,0.440642642908673,0.2577609211991853,0.3363598844407759
2018-04-27,8.2,24.31,BEEF3_QUAL3,0.33730974907445493,0.34970769651249783,0.022349165618762674,0.3944060277500232,0.30500936527497247,0.41675519336878586,0.2826601996562098,0.4391043589875485,0.26031103403744715,0.33730974907445493
2018-04-30,8.2,24.35,BEEF3_QUAL3,0.3367556468172484,0.3499651056836281,0.022132780706775677,0.39423066709717947,0.30569954427007673,0.4163634478039551,0.28356676356330107,0.4384962285107308,0.2614339828565254,0.3367556468172484
2018-05-02,8.0,23.81,BEEF3_QUAL3,0.33599328013439733,0.35023556705761744,0.021886810931931677,0.3940091889214808,0.3064619451937541,0.41589599985341247,0.2845751342618224,0.43778281078534415,0.2626883233298907,0.33599328013439733
2018-05-03,7.73,23.47,BEEF3_QUAL3,0.32935662547933536,0.3508858006862326,0.020818368268273588,0.39252253722277974,0.30924906414968545,0.41334090549105335,0.28843069588141185,0.43415927375932695,0.26761232761313825,0.32935662547933536
2018-05-04,7.74,23.67,BEEF3_QUAL3,0.32699619771863114,0.3515868380333796,0.019452104237796072,0.3904910465089717,0.3126826295577875,0.4099431507467678,0.2932305253199914,0.4293952549845639,0.2737784210821953,0.32699619771863114
2018-05-07,7.95,23.45,BEEF3_QUAL3,0.3390191897654584,0.352137720412948,0.01874623602803792,0.38963019246902386,0.31464524835687213,0.40837642849706174,0.29589901232883425,0.42712266452509967,0.2771527763007963,0.3390191897654584
2018-05-08,7.8,22.98,BEEF3_QUAL3,0.3394255874673629,0.3523988170186921,0.018486380645108283,0.3893715783089087,0.3154260557284755,0.40785795895401694,0.2969396750833672,0.4263443395991252,0.27845329443825895,0.3394255874673629
2018-05-09,7.86,23.3,BEEF3_QUAL3,0.3373390557939914,0.35284579172625274,0.017875601648145174,0.3885969950225431,0.3170945884299624,0.40647259667068825,0.29921898678181724,0.4243481983188334,0.2813433851336721,0.3373390557939914
2018-05-10,7.45,24.01,BEEF3_QUAL3,0.3102873802582257,0.3524560709381521,0.018632569423584124,0.3897212097853204,0.31519093209098387,0.4083537792089045,0.29655836266739977,0.42698634863248863,0.2779257932438156,0.3102873802582257
2018-05-11,7.2,23.89,BEEF3_QUAL3,0.301381331100879,0.3517567829521918,0.019996822310901573,0.391750427573995,0.31176313833038866,0.4117472498848965,0.2917663160194871,0.43174407219579813,0.2717694937085855,0.301381331100879
2018-05-14,7.1,22.38,BEEF3_QUAL3,0.3172475424486148,0.3512576222560808,0.020608979262155564,0.39247558078039196,0.31003966373176967,0.4130845600425475,0.2894306844696141,0.43369353930470306,0.26882170520745857,0.3172475424486148
2018-05-15,7.04,21.02,BEEF3_QUAL3,0.33491912464319695,0.35008514582670613,0.020154837611880926,0.39039482105046797,0.3097754706029443,0.41054965866234894,0.28962063299106333,0.43070449627422985,0.2694657953791824,0.33491912464319695
2018-05-16,7.1,22.04,BEEF3_QUAL3,0.3221415607985481,0.349015877829126,0.02047997667572252,0.38997583118057105,0.308055924477681,0.4104558078562936,0.28757594780195844,0.4309357845320161,0.26709597112623595,0.3221415607985481
2018-05-17,7.06,21.02,BEEF3_QUAL3,0.3358705994291151,0.34883523695711327,0.02056521787320146,0.3899656727035162,0.30770480121071037,0.41053089057671766,0.2871395833375089,0.4310961084499191,0.26657436546430746,0.3358705994291151
2018-05-18,6.96,20.82,BEEF3_QUAL3,0.33429394812680113,0.34869026204389125,0.02064869770392927,0.3899876574517498,0.3073928666360327,0.4106363551556791,0.2867441689321034,0.43128505285960833,0.2660954712281742,0.33429394812680113
2018-05-21,6.95,20.35,BEEF3_QUAL3,0.3415233415233415,0.3482740972159617,0.020620473264552113,0.3895150437450659,0.3070331506868575,0.41013551700961803,0.28641267742230536,0.43075599027417016,0.26579220415775323,0.3415233415233415
2018-05-22,7.3,21.43,BEEF3_QUAL3,0.3406439570695287,0.3479556921918659,0.02063793165677485,0.3892315555054156,0.3066798288783162,0.40986948716219046,0.28604189722154133,0.4305074188189653,0.2654039655647665,0.3406439570695287
2018-05-23,7.11,19.72,BEEF3_QUAL3,0.36054766734279925,0.34806920719699064,0.020695758560350604,0.38946072431769185,0.3066776900762894,0.41015648287804246,0.2859819315159388,0.43085224143839307,0.2652861729555882,0.36054766734279925
2018-05-24,7.25,19.5,BEEF3_QUAL3,0.3717948717948718,0.34832657334342143,0.02092975300674517,0.39018607935691174,0.3064670673299311,0.41111583236365695,0.2855373143231859,0.4320455853704021,0.26460756131644075,0.3717948717948718
2018-05-25,7.72,19.11,BEEF3_QUAL3,0.40397697540554683,0.349866638013131,0.022674279258155586,0.39521519652944215,0.30451807949681986,0.4178894757875978,0.28184380023866423,0.44056375504575335,0.25916952098050866,0.40397697540554683
2018-05-28,7.51,18.18,BEEF3_QUAL3,0.4130913091309131,0.35169975557084726,0.024709455401793163,0.4011186663744336,0.3022808447672609,0.42582812177622675,0.27757138936546777,0.4505375771780199,0.2528619339636746,0.4130913091309131
2018-05-29,7.29,18.62,BEEF3_QUAL3,0.3915145005370569,0.3530676361674563,0.025369109024985192,0.40380585421742665,0.3023294181174859,0.4291749632424119,0.2769603090925007,0.45454407226739707,0.2515912000675155,0.3915145005370569
2018-05-30,7.08,19.05,BEEF3_QUAL3,0.3716535433070866,0.35336745310800943,0.025519447424369176,0.4044063479567478,0.3023285582592711,0.42992579538111697,0.2768091108349019,0.45544524280548615,0.2512896634105327,0.3716535433070866
2018-06-01,7.25,19.47,BEEF3_QUAL3,0.3723677452491012,0.35361982855741875,0.025659308870001826,0.40493844629742237,0.3023012108174151,0.4305977551674242,0.2766419019474133,0.45625706403742605,0.25098259307741144,0.3723677452491012
2018-06-04,7.65,19.18,BEEF3_QUAL3,0.3988529718456726,0.35396346897964553,0.026178604749780992,0.4063206784792075,0.30160625948008357,0.4324992832289885,0.27542765473030256,0.4586778879787695,0.24924904998052155,0.3988529718456726
2018-06-05,8.0,18.1,BEEF3_QUAL3,0.4419889502762431,0.3557380653627675,0.029552020698831727,0.41484210676043093,0.296634023965104,0.44439412745926266,0.2670820032662723,0.4739461481580944,0.23752998256744057,0.4419889502762431
2018-06-06,7.99,17.6,BEEF3_QUAL3,0.45397727272727273,0.3573211420407624,0.03296895000438138,0.42325904204952514,0.2913832420319996,0.4562279920539065,0.25841429202761823,0.4891969420582879,0.22544534202323685,0.45397727272727273
2018-06-07,7.6,17.53,BEEF3_QUAL3,0.43354249857387334,0.3582833052513778,0.03461875233975126,0.4275208099308803,0.2890458005718753,0.4621395622706316,0.25442704823212403,0.49675831461038283,0.21980829589237277,0.43354249857387334
2018-06-08,7.8,17.6,BEEF3_QUAL3,0.4431818181818181,0.35996939318661386,0.03704786490163716,0.4340651229898882,0.2858736633833395,0.47111298789152534,0.2488257984817024,0.5081608527931625,0.21177793358006522,0.4431818181818181
2018-06-11,7.58,17.33,BEEF3_QUAL3,0.4373918061165609,0.36188582366965466,0.039018721255385115,0.4399232661804249,0.28384838115888444,0.47894198743581,0.2448296599034993,0.5179607086911951,0.2058109386481142,0.4373918061165609
2018-06-12,7.4,17.48,BEEF3_QUAL3,0.4233409610983982,0.3633965000149954,0.04021109521827163,0.44381869045153866,0.28297430957845215,0.4840297856698103,0.2427632143601805,0.524240880888082,0.20255211914190888,0.4233409610983982
2018-06-13,6.99,17.73,BEEF3_QUAL3,0.3942470389170897,0.36421438569406694,0.04050383819433016,0.4452220620827273,0.2832067093054066,0.4857259002770574,0.24270287111107647,0.5262297384713877,0.2021990329167463,0.3942470389170897
2018-06-14,6.99,17.55,BEEF3_QUAL3,0.39829059829059826,0.36523909147312733,0.04084155965822883,0.446922210789585,0.28355597215666967,0.4877637704478138,0.24271441249844083,0.5286053301060427,0.201872852840212,0.39829059829059826
2018-06-15,6.67,17.17,BEEF3_QUAL3,0.3884682585905649,0.3659940606688514,0.04098827429224056,0.4479706092533325,0.28401751208437026,0.48895888354557304,0.24302923779212968,0.5299471578378137,0.20204096349988912,0.3884682585905649
2018-06-18,6.48,16.91,BEEF3_QUAL3,0.3832052040212892,0.3666432181113827,0.04105163136181907,0.44874648083502083,0.2845399553877445,0.4897981121968399,0.24348832402592546,0.530849743558659,0.20243669266410638,0.3832052040212892
2018-06-19,6.41,17.71,BEEF3_QUAL3,0.3619424054206663,0.366536372841494,0.04105833240461536,0.44865303765072473,0.28441970803226324,0.48971137005534005,0.24336137562764792,0.5307697024599554,0.20230304322303255,0.3619424054206663
2018-06-20,6.61,18.11,BEEF3_QUAL3,0.36499171728326896,0.3665054392004657,0.04105903597725214,0.44862351115496996,0.2843873672459614,0.48968254713222215,0.24332833126870926,0.5307415831094743,0.20226929529145712,0.36499171728326896
2018-06-21,6.47,17.7,BEEF3_QUAL3,0.3655367231638418,0.3667114422989332,0.04103231095995881,0.44877606421885086,0.28464682037901556,0.48980837517880965,0.24361450941905677,0.5308406861387684,0.20258219845909797,0.3655367231638418
2018-06-22,6.87,17.5,BEEF3_QUAL3,0.39257142857142857,0.36808350669839657,0.040954476576326164,0.4499924598510489,0.2861745535457442,0.4909469364273751,0.24522007696941808,0.5319014130037012,0.2042656003930919,0.39257142857142857
2018-06-25,6.7,17.5,BEEF3_QUAL3,0.38285714285714284,0.3692459381588057,0.04068998464127918,0.45062590744136405,0.2878659688762473,0.49131589208264326,0.24717598423496814,0.5320058767239224,0.20648599959368896,0.38285714285714284
2018-06-26,6.6,18.03,BEEF3_QUAL3,0.3660565723793677,0.3699646087414285,0.04036402038969995,0.45069264952082844,0.28923656796202857,0.4910566699105284,0.24887254757232863,0.5314206903002283,0.2085085271826287,0.3660565723793677
2018-06-27,6.5,17.97,BEEF3_QUAL3,0.36171396772398445,0.3705885667640969,0.04002902040838442,0.4506466075808657,0.2905305259473281,0.4906756279892502,0.2505015055389436,0.5307046483976345,0.21047248513055922,0.36171396772398445
2018-06-28,6.33,18.5,BEEF3_QUAL3,0.34216216216216216,0.37074278881479106,0.03990400396441967,0.4505507967436304,0.2909347808859517,0.49045480070805003,0.2510307769215321,0.5303588046724698,0.21112677295711238,0.34216216216216216
2018-06-29,6.27,18.46,BEEF3_QUAL3,0.3396533044420368,0.37100020578885856,0.039662661749869405,0.45032552928859737,0.29167488228911975,0.4899881910384668,0.2520122205392503,0.5296508527883361,0.21234955878938094,0.3396533044420368
2018-07-02,6.44,18.13,BEEF3_QUAL3,0.3552123552123553,0.37170560972620165,0.03910700063805422,0.4499196110023101,0.2934916084500932,0.4890266116403643,0.254384607812039,0.5281336122784186,0.21527760717398475,0.3552123552123553
2018-07-03,6.94,18.66,BEEF3_QUAL3,0.3719185423365488,0.3725280935404789,0.03874622448529918,0.45002054251107726,0.2950356445698805,0.48876676699637644,0.25628942008458133,0.5275129914816756,0.21754319559928217,0.3719185423365488
2018-07-04,6.95,19.0,BEEF3_QUAL3,0.36578947368421055,0.3731871906959001,0.0383912995250219,0.4499697897459439,0.2964045916458563,0.4883610892709658,0.25801329212083446,0.5267523887959877,0.21962199259581253,0.36578947368421055
2018-07-05,7.2,18.94,BEEF3_QUAL3,0.3801478352692714,0.37425741018278214,0.03796061734404695,0.45017864487087605,0.2983361754946882,0.488139262214923,0.2603755581506413,0.52609987955897,0.22241494080659432,0.3801478352692714
2018-07-06,7.12,19.79,BEEF3_QUAL3,0.35977766548762,0.375494667313517,0.036604468119480114,0.44870360355247724,0.30228573107455675,0.48530807167195733,0.26568126295507666,0.5219125397914375,0.22907679483559654,0.35977766548762
2018-07-10,7.18,19.9,BEEF3_QUAL3,0.3608040201005025,0.37698023453850754,0.03467443766865584,0.4463291098758192,0.3076313592011959,0.48100354754447505,0.27295692153254003,0.5156779852131309,0.23828248386388418,0.3608040201005025
2018-07-11,7.15,19.95,BEEF3_QUAL3,0.3583959899749374,0.37800894572666566,0.03344547734984831,0.4448999004263623,0.311117991026969,0.47834537777621056,0.27767251367712076,0.5117908551260589,0.2442270363272724,0.3583959899749374
2018-07-12,7.0,19.67,BEEF3_QUAL3,0.3558718861209964,0.37853276476361064,0.032913148928365686,0.444359062620342,0.31270646690687925,0.4772722115487077,0.2797933179785136,0.5101853604770734,0.2468801690501479,0.3558718861209964
2018-07-13,6.77,19.49,BEEF3_QUAL3,0.3473576192919446,0.37916316622594554,0.032035142999625635,0.44323345222519683,0.31509288022669424,0.47526859522482245,0.2830577372270686,0.5073037382244481,0.251022594227443,0.3473576192919446
2018-07-16,6.8,19.27,BEEF3_QUAL3,0.3528801245459263,0.3795884043538658,0.031555032893193405,0.44269847014025265,0.316478338567479,0.47425350303344604,0.2849233056742856,0.5058085359266394,0.2533682727810922,0.3528801245459263
2018-07-17,6.85,19.25,BEEF3_QUAL3,0.35584415584415585,0.3801271595467997,0.03093984039406525,0.4420068403349302,0.3182474787586692,0.4729466807289955,0.28730763836460393,0.5038865211230608,0.2563677979705387,0.35584415584415585
2018-07-18,6.7,19.12,BEEF3_QUAL3,0.350418410041841,0.3803495362597622,0.030686191748022774,0.44172191975580777,0.31897715276371663,0.47240811150383055,0.28829096101569385,0.5030943032518533,0.2576047692676711,0.350418410041841
2018-07-19,6.85,19.87,BEEF3_QUAL3,0.3447408152994464,0.3804519577155101,0.030556832539600468,0.441565622794711,0.3193382926363092,0.4721224553343115,0.2887814600967087,0.5026792878739119,0.25822462755710823,0.3447408152994464
2018-07-20,7.02,20.17,BEEF3_QUAL3,0.3480416460089241,0.3801393071821632,0.03082848254069314,0.4417962722635495,0.3184823421007769,0.4726247548042426,0.2876538595600838,0.5034532373449357,0.2568253770193907,0.3480416460089241
2018-07-23,7.03,19.61,BEEF3_QUAL3,0.3584905660377359,0.3798066995382348,0.030992154247910506,0.4417910080340558,0.31782239104241383,0.4727831622819663,0.2868302367945033,0.5037753165298768,0.2558380825465928,0.3584905660377359
2018-07-24,7.06,19.39,BEEF3_QUAL3,0.3641052088705518,0.3788099053748599,0.030835636227920335,0.4404811778307006,0.3171386329190192,0.4713168140586209,0.28630299669109893,0.5021524502865413,0.2554673604631786,0.3641052088705518
2018-07-25,7.2,19.5,BEEF3_QUAL3,0.36923076923076925,0.37771339187735636,0.030361528260164486,0.43843644839768536,0.31699033535702736,0.46879797665784984,0.2866288070968629,0.4991595049180143,0.2562672788366984,0.36923076923076925
2018-07-26,7.28,19.96,BEEF3_QUAL3,0.36472945891783565,0.3770437658368758,0.030344707428071396,0.4377331806930186,0.31635435098073306,0.46807788812109,0.2860096435526616,0.4984225955491614,0.25566493612459024,0.36472945891783565
2018-07-27,7.4,20.3,BEEF3_QUAL3,0.3645320197044335,0.37686572774680954,0.030397988663563923,0.43766170507393737,0.3160697504196817,0.46805969373750134,0.28567176175611775,0.49845768240106525,0.25527377309255384,0.3645320197044335
2018-07-30,7.25,20.08,BEEF3_QUAL3,0.3610557768924303,0.37658292853789277,0.030493376565639548,0.4375696816691719,0.31559617540661367,0.4680630582348114,0.2851027988409741,0.498556434800451,0.25460942227533456,0.3610557768924303
2018-07-31,7.54,20.05,BEEF3_QUAL3,0.3760598503740648,0.3760131005011026,0.03027875839287783,0.43657061728685825,0.31545558371534693,0.46684937567973606,0.28517682532246913,0.4971281340726139,0.25489806692959127,0.3760598503740648
2018-08-01,7.51,20.7,BEEF3_QUAL3,0.36280193236714975,0.3740334250533752,0.02838394399761717,0.4308013130486096,0.31726553705814087,0.4591852570462267,0.28888159306052374,0.48756920104384394,0.2604976490629065,0.36280193236714975
2018-08-02,7.39,20.67,BEEF3_QUAL3,0.3575229801644896,0.3716220677393057,0.025353537680230492,0.42232914309976666,0.3209149923788447,0.4476826807799972,0.29556145469861417,0.47303621846022764,0.2702079170183837,0.3575229801644896
2018-08-03,7.35,20.85,BEEF3_QUAL3,0.35251798561151076,0.3695964549152466,0.023444410492284712,0.41648527589981604,0.3227076339306772,0.4399296863921007,0.2992632234383925,0.46337409688438547,0.27581881294610777,0.35251798561151076
2018-08-06,7.45,20.42,BEEF3_QUAL3,0.3648383937316356,0.36763786930399206,0.020185273957725257,0.4080084172194426,0.32726732138854153,0.4281936911771678,0.3070820474308163,0.44837896513489306,0.28689677347309106,0.3648383937316356
2018-08-07,7.21,19.65,BEEF3_QUAL3,0.3669211195928753,0.36587610214089994,0.01671872525582221,0.39931355265254437,0.3324386516292555,0.41603227790836655,0.3157199263734333,0.4327510031641888,0.2990012011176111,0.3669211195928753
2018-08-08,6.67,19.18,BEEF3_QUAL3,0.3477580813347237,0.36398653014680804,0.014127939733207591,0.3922424096132232,0.3357306506803929,0.4063703493464308,0.3216027109471853,0.4204982890796384,0.3074747712139777,0.3477580813347237
2018-08-09,6.45,18.65,BEEF3_QUAL3,0.34584450402144773,0.362776466774417,0.013529846540897863,0.3898361598562127,0.33571677369262126,0.40336600639711057,0.3221869271517234,0.41689585293800846,0.30865708061082553,0.34584450402144773
2018-08-10,6.45,17.74,BEEF3_QUAL3,0.3635851183765502,0.3619088297765658,0.012245880281676535,0.38640059033991886,0.33741706921321274,0.3986464706215954,0.3251711889315362,0.4108923509032719,0.3129253086498597,0.3635851183765502
2018-08-13,6.62,18.35,BEEF3_QUAL3,0.36076294277929155,0.361216196881284,0.011463679496155664,0.38414355587359533,0.3382888378889726,0.39560723536975095,0.326825158392817,0.40707091486590663,0.31536147889666133,0.36076294277929155
2018-08-14,6.5,18.95,BEEF3_QUAL3,0.34300791556728233,0.3602112646699338,0.011246482617613353,0.3827042299051605,0.3377182994347071,0.39395071252277386,0.32647181681709375,0.4051971951403872,0.3152253341994804,0.34300791556728233
2018-08-15,6.26,17.99,BEEF3_QUAL3,0.34797109505280716,0.3598619819107373,0.01140714625943913,0.3826762744296156,0.33704768939185903,0.3940834206890547,0.3256405431324199,0.40549056694849384,0.3142333968729808,0.34797109505280716
2018-08-16,6.09,17.86,BEEF3_QUAL3,0.34098544232922734,0.3592618250368863,0.011756502266597647,0.3827748295700816,0.33574882050369104,0.39453133183667927,0.32399231823709335,0.4062878341032769,0.3122358159704957,0.34098544232922734
2018-08-17,6.09,17.7,BEEF3_QUAL3,0.3440677966101695,0.35872510187304446,0.011951139586667207,0.3826273810463789,0.33482282269971003,0.3945785206330461,0.3228716831130428,0.40652966021971326,0.31092054352637566,0.3440677966101695
2018-08-20,6.02,17.3,BEEF3_QUAL3,0.3479768786127167,0.3576102381240766,0.010730490208542925,0.37907121854116244,0.3361492577069908,0.3898017087497054,0.32541876749844784,0.4005321989582483,0.3146882772899049,0.3479768786127167
2018-08-21,6.56,16.51,BEEF3_QUAL3,0.39733494851605083,0.3579721832655493,0.011795261576015036,0.3815627064175794,0.3343816601135192,0.3933579679935944,0.3225863985375042,0.4051532295696094,0.3107911369614892,0.39733494851605083
2018-08-22,6.37,17.01,BEEF3_QUAL3,0.3744855967078189,0.3581829088737606,0.012016611253947604,0.3822161313816558,0.3341496863658654,0.3942327426356034,0.3221330751119178,0.406249353889551,0.31011646385797015,0.3744855967078189
2018-08-23,6.09,15.95,BEEF3_QUAL3,0.38181818181818183,0.3586855142261155,0.012575527883150986,0.38383656999241744,0.33353445845981355,0.39641209787556847,0.3209589305766625,0.40898762575871944,0.30838340269351155,0.38181818181818183
2018-08-24,6.05,15.9,BEEF3_QUAL3,0.380503144654088,0.35964403878841367,0.012743876579489789,0.3851317919473932,0.3341562856294341,0.39787566852688305,0.3214124090499443,0.41061954510637283,0.3086685324704545,0.380503144654088
2018-08-27,6.02,16.35,BEEF3_QUAL3,0.3681957186544342,0.3603575991437236,0.012390012783518301,0.38513762471076024,0.335577573576687,0.39752763749427855,0.3231875607931687,0.4099176502777968,0.3107975480096504,0.3681957186544342
2018-08-28,6.12,16.23,BEEF3_QUAL3,0.37707948243992606,0.3609042773244129,0.012637122581833311,0.3861785224880795,0.33563003216074627,0.3988156450699128,0.32299290957891297,0.4114527676517461,0.31035578699707966,0.37707948243992606
2018-08-29,6.17,16.71,BEEF3_QUAL3,0.3692399760622382,0.36083731316755513,0.012584247673224356,0.38600580851400385,0.3356688178211064,0.3985900561872282,0.32308457014788206,0.41117430386045256,0.3105003224746577,0.3692399760622382
2018-08-30,5.98,15.96,BEEF3_QUAL3,0.37468671679197996,0.36105974424524934,0.012751542243715913,0.38656282873268116,0.3355566597578175,0.3993143709763971,0.32280511751410157,0.412065913220113,0.3100535752703857,0.37468671679197996
2018-08-31,5.82,15.76,BEEF3_QUAL3,0.36928934010152287,0.3607882818660556,0.012446701458023225,0.3856816847821021,0.33589487895000913,0.39812838624012525,0.32344817749198596,0.4105750876981485,0.3110014760339627,0.36928934010152287
2018-09-03,5.61,15.68,BEEF3_QUAL3,0.357780612244898,0.36073835553498756,0.012454861820523948,0.38564807917603544,0.3358286318939397,0.3981029409965594,0.3233737700734157,0.4105578028170834,0.31091890825289176,0.357780612244898
2018-09-04,5.64,15.33,BEEF3_QUAL3,0.3679060665362035,0.3609159066958801,0.012506337396919467,0.38592858148971904,0.33590323190204113,0.3984349188866385,0.32339689450512166,0.41094125628355793,0.31089055710820224,0.3679060665362035
2018-09-05,5.58,15.29,BEEF3_QUAL3,0.3649444081098758,0.3610796171492535,0.012515362177778926,0.3861103415048114,0.33604889279369565,0.3986257036825903,0.3235335306159167,0.41114106586036925,0.3110181684381378,0.3649444081098758
2018-09-06,5.63,15.36,BEEF3_QUAL3,0.3665364583333333,0.361346231454562,0.012515170950543691,0.3863765733556494,0.33631588955347463,0.3988917443061931,0.3238007186029309,0.4114069152567368,0.31128554765238725,0.3665364583333333
2018-09-10,5.89,15.99,BEEF3_QUAL3,0.3683552220137586,0.36187117152260734,0.012352693932647677,0.3865765593879027,0.337165783657312,0.39892925332055035,0.32481308972466433,0.41128194725319805,0.3124603957920166,0.3683552220137586
2018-09-11,5.77,15.98,BEEF3_QUAL3,0.3610763454317897,0.3620760770447539,0.01226741171811772,0.38661090048098934,0.3375412536085185,0.3988783121991071,0.32527384189040076,0.4111457239172248,0.313006430172283,0.3610763454317897
2018-09-12,5.32,15.92,BEEF3_QUAL3,0.3341708542713568,0.3615342445054339,0.01300612038999875,0.3875464852854314,0.33552200372543645,0.40055260567543016,0.3225158833354377,0.4135587260654289,0.3095097629454389,0.3341708542713568
2018-09-13,5.01,15.31,BEEF3_QUAL3,0.3272370999346832,0.36095471175275495,0.01399313527467097,0.3889409823020969,0.332968441203413,0.4029341175767679,0.318975305928742,0.41692725285143883,0.30498217065407107,0.3272370999346832
2018-09-14,4.9,15.47,BEEF3_QUAL3,0.3167420814479638,0.3602547434064679,0.015449482250582758,0.39115370790763343,0.3293557789053024,0.40660319015821617,0.31390629665471964,0.42205267240879896,0.29845681440413685,0.3167420814479638
2018-09-17,4.89,16.17,BEEF3_QUAL3,0.3024118738404452,0.35911399910225594,0.01786944066643484,0.3948528804351256,0.32337511776938627,0.4127223211015605,0.3055056771029514,0.4305917617679953,0.2876362364365166,0.3024118738404452
2018-09-18,4.94,16.2,BEEF3_QUAL3,0.3049382716049383,0.35777519174143596,0.019817296288085207,0.3974097843176064,0.31814059916526555,0.4172270806056916,0.29832330287718034,0.4370443768937768,0.27850600658909513,0.3049382716049383
2018-09-19,4.84,16.15,BEEF3_QUAL3,0.2996904024767802,0.3561648215815917,0.021807036032046753,0.3997788936456852,0.31255074951749817,0.42158592967773195,0.2907437134854514,0.4433929657097787,0.26893667745340466,0.2996904024767802
2018-09-20,4.71,16.45,BEEF3_QUAL3,0.286322188449848,0.3540921070620687,0.024327759070997285,0.40274762520406326,0.3054365889200741,0.42707538427506053,0.2811088298490768,0.4514031433460578,0.25678107077807955,0.286322188449848
2018-09-21,4.89,16.8,BEEF3_QUAL3,0.29107142857142854,0.35225065630340846,0.02621634331828127,0.404683342939971,0.29981796966684593,0.43089968625825226,0.27360162634856466,0.4571160295765335,0.2473852830302834,0.29107142857142854
2018-09-24,4.9,16.5,BEEF3_QUAL3,0.296969696969697,0.35056159823504,0.027547444161697732,0.4056564865584355,0.29546670991164453,0.4332039307201332,0.26791926574994684,0.46075137488183093,0.2403718215882491,0.296969696969697
2018-09-25,4.89,16.53,BEEF3_QUAL3,0.2958257713248638,0.3489308480958509,0.02881199653768767,0.40655484117122626,0.29130685502047554,0.43536683770891393,0.26249485848278786,0.46417883424660156,0.2336828619451002,0.2958257713248638
2018-09-26,4.9,16.3,BEEF3_QUAL3,0.3006134969325153,0.34704468925981213,0.02945287173655153,0.4059504327329152,0.28813894578670907,0.43540330446946673,0.25868607405015753,0.46485617620601827,0.229233202313606,0.3006134969325153
2018-09-27,4.98,16.48,BEEF3_QUAL3,0.3021844660194175,0.34552925260111883,0.03017202026833266,0.40587329313778414,0.2851852120644535,0.4360453134061168,0.25501319179612086,0.46621733367444945,0.2248411715277882,0.3021844660194175
2018-09-28,5.01,16.48,BEEF3_QUAL3,0.30400485436893204,0.3441912994562299,0.030806469050409045,0.405804237557048,0.2825783613554118,0.43661070660745704,0.25177189230500274,0.46741717565786606,0.22096542325459373,0.30400485436893204
2018-10-01,4.85,11.64,BEEF3_QUAL3,0.41666666666666663,0.3457950164826088,0.032852807590566954,0.41150063166374273,0.28008940130147486,0.44435343925430965,0.24723659371090795,0.4772062468448766,0.21438378612034098,0.41666666666666663
2018-10-02,4.96,12.91,BEEF3_QUAL3,0.3841982958946553,0.34627901403668426,0.03328037968378807,0.41283977340426037,0.27971825466910816,0.4461201530880485,0.24643787498532005,0.47940053277183653,0.213157495301532,0.3841982958946553
2018-10-03,5.03,12.6,BEEF3_QUAL3,0.39920634920634923,0.3470861447770211,0.03417335560130475,0.4154328559796306,0.2787394335744116,0.4496062115809354,0.24456607797310684,0.48377956718224013,0.2103927223718021,0.39920634920634923
2018-10-04,5.01,12.4,BEEF3_QUAL3,0.4040322580645161,0.3484929991952659,0.03534016014167315,0.4191733194786122,0.2778126789119196,0.4545134796202853,0.24247251877024645,0.4898536397619585,0.2071323586285733,0.4040322580645161
2018-10-05,4.96,13.0,BEEF3_QUAL3,0.38153846153846155,0.3493853481331912,0.03572016826863134,0.4208256846704539,0.27794501159592855,0.45654585293908523,0.24222484332729718,0.49226602120771656,0.20650467505866585,0.38153846153846155
2018-10-08,5.27,13.75,BEEF3_QUAL3,0.38327272727272726,0.34987753835559565,0.03605491444357798,0.4219873672427516,0.2777677094684397,0.4580422816863296,0.2417127950248617,0.49409719612990755,0.20565788058128373,0.38327272727272726
2018-10-09,5.5,13.55,BEEF3_QUAL3,0.4059040590405904,0.3510060662621281,0.03709580574362482,0.4251976777493777,0.2768144547748785,0.4622934834930026,0.23971864903125364,0.4993892892366274,0.20262284328762883,0.4059040590405904
2018-10-10,5.22,13.25,BEEF3_QUAL3,0.3939622641509434,0.3522799249767196,0.03768431940391567,0.42764856378455096,0.27691128616888827,0.46533288318846666,0.2392269667649726,0.5030172025923823,0.20154264736105693,0.3939622641509434
2018-10-11,5.22,13.36,BEEF3_QUAL3,0.3907185628742515,0.35334861167225573,0.038162099753582465,0.4296728111794207,0.27702441216509077,0.4678349109330031,0.23886231241150835,0.5059970106865856,0.20070021265792587,0.3907185628742515
2018-10-15,5.1,13.5,BEEF3_QUAL3,0.37777777777777777,0.3542684200584695,0.038299622662734345,0.43086766538393817,0.2776691747330008,0.4691672880466725,0.23936955207026644,0.5074669107094069,0.2010699294075321,0.37777777777777777
2018-10-16,5.27,13.71,BEEF3_QUAL3,0.3843909555069292,0.3552764990308885,0.038554073994954904,0.43238464702079826,0.2781683510409787,0.4709387210157532,0.23961427704602378,0.5094927950107081,0.20106020305106886,0.3843909555069292
2018-10-17,5.31,14.19,BEEF3_QUAL3,0.3742071881606765,0.3559322567695875,0.03864968704783725,0.433231630865262,0.278632882673913,0.4718813179130993,0.23998319562607576,0.5105310049609365,0.2013335085782385,0.3742071881606765
2018-10-18,5.16,14.1,BEEF3_QUAL3,0.36595744680851067,0.355147819226899,0.03810237286778173,0.43135256496246244,0.2789430734913355,0.46945493783024417,0.24084070062355378,0.5075573106980259,0.20273832775577205,0.36595744680851067
2018-10-19,5.14,14.13,BEEF3_QUAL3,0.36376503892427453,0.3548798052823104,0.03800043032364132,0.430880665929593,0.27887894463502777,0.4688810962532344,0.24087851431138643,0.5068815265768757,0.20287808398774512,0.36376503892427453
2018-10-22,5.11,14.21,BEEF3_QUAL3,0.35960591133004927,0.35432449852010706,0.03775820536073532,0.4298409092415777,0.2788080877986364,0.467599114602313,0.2410498824379011,0.5053573199630483,0.20329167707716578,0.35960591133004927
2018-10-23,5.14,14.8,BEEF3_QUAL3,0.34729729729729725,0.35349435233618726,0.03753224089131548,0.42855883411881823,0.2784298705535563,0.4660910750101337,0.24089762966224082,0.5036233159014492,0.20336538877092533,0.34729729729729725
2018-10-24,5.11,14.79,BEEF3_QUAL3,0.3455037187288709,0.3529270523380482,0.037475784327993554,0.42787862099403534,0.2779754836820611,0.4653544053220289,0.24049969935406756,0.5028301896500225,0.203023915026074,0.3455037187288709
2018-10-25,5.13,14.77,BEEF3_QUAL3,0.34732566012186866,0.35218320678009674,0.03727886783499544,0.42674094245008765,0.2776254711101058,0.46401981028508305,0.24034660327511043,0.5012986781200786,0.20306773544011497,0.34732566012186866
2018-10-26,5.14,14.25,BEEF3_QUAL3,0.3607017543859649,0.3519697512381899,0.037203065506286825,0.42637588225076356,0.27756362022561626,0.4635789477570504,0.24036055471932943,0.5007820132633372,0.2031574892130426,0.3607017543859649
2018-10-29,4.95,14.21,BEEF3_QUAL3,0.3483462350457424,0.351311239194534,0.03702333950662742,0.42535791820778884,0.27726456018127915,0.4623812577144163,0.24024122067465173,0.4994045972210437,0.2032178811680243,0.3483462350457424
2018-10-30,5.07,14.65,BEEF3_QUAL3,0.3460750853242321,0.35073088282510173,0.036916090479455675,0.4245630637840131,0.27689870186619037,0.46147915426346875,0.2399826113867347,0.4983952447429244,0.20306652090727903,0.3460750853242321
2018-10-31,5.49,14.4,BEEF3_QUAL3,0.38125,0.3513176175189793,0.037216297518835845,0.42575021255665096,0.2768850224813076,0.46296651007548684,0.23966872496247174,0.5001828075943227,0.2024524274436359,0.38125
2018-11-01,5.53,14.55,BEEF3_QUAL3,0.38006872852233675,0.3516216840686326,0.0374045145787056,0.42643071322604376,0.2768126549112214,0.4638352278047494,0.23940814033251578,0.5012397423834549,0.2020036257538102,0.38006872852233675
2018-11-05,5.6,14.6,BEEF3_QUAL3,0.3835616438356164,0.3520871149617761,0.037689286970438,0.4274656889026521,0.2767085410209001,0.46515497587309007,0.23901925405046207,0.5028442628435281,0.20132996708002407,0.3835616438356164
2018-11-06,5.5,14.59,BEEF3_QUAL3,0.37697052775873885,0.3523479666974112,0.037827710201580864,0.42800338710057295,0.27669254629424944,0.4658310973021538,0.23886483609266862,0.5036588075037347,0.20103712589108774,0.37697052775873885
2018-11-07,5.48,14.2,BEEF3_QUAL3,0.3859154929577465,0.3527869734710109,0.03811902016097553,0.429025013792962,0.2765489331490598,0.4671440339539375,0.2384299129880843,0.505263054114913,0.2003108928271088,0.3859154929577465
2018-11-08,5.48,13.92,BEEF3_QUAL3,0.3936781609195403,0.35360201885820464,0.038645705565447996,0.43089342998910063,0.27631060772730864,0.4695391355545486,0.23766490216186065,0.5081848411199966,0.19901919659641265,0.3936781609195403
2018-11-09,5.52,13.79,BEEF3_QUAL3,0.4002900652646845,0.3552549991330379,0.03920329707350093,0.4336615932800397,0.276848404986036,0.4728648903535407,0.23764510791253507,0.5120681874270416,0.19844181083903414,0.4002900652646845
2018-11-12,5.55,14.18,BEEF3_QUAL3,0.3913963328631876,0.3568589799562505,0.03933984888612699,0.43553867772850446,0.2781792821839965,0.4748785266146315,0.23883943329786952,0.5142183755007584,0.19949958441174254,0.3913963328631876
2018-11-13,5.6,13.92,BEEF3_QUAL3,0.4022988505747126,0.3589978991844192,0.03942852734728943,0.4378549538789981,0.28014084448984033,0.4772834812262875,0.24071231714255092,0.5167120085735769,0.2012837897952615,0.4022988505747126
2018-11-14,5.77,13.77,BEEF3_QUAL3,0.41902687000726213,0.36191327408858964,0.0394485268721114,0.44081032783281243,0.28301622034436685,0.48025885470492385,0.24356769347225543,0.5197073815770352,0.20411916660014404,0.41902687000726213
2018-11-16,5.9,14.3,BEEF3_QUAL3,0.4125874125874126,0.3646045026131515,0.0391326716370052,0.44286984588716194,0.2863391593391411,0.4820025175241671,0.24720648770213594,0.5211351891611723,0.20807381606513073,0.4125874125874126
2018-11-19,5.82,14.3,BEEF3_QUAL3,0.406993006993007,0.3672870677260572,0.03823623341074037,0.4437595345475379,0.29081460090457645,0.48199576795827825,0.2525783674938361,0.5202320013690187,0.21434213408309571,0.406993006993007
2018-11-21,5.66,14.03,BEEF3_QUAL3,0.4034212401995724,0.37021454401980025,0.03631272091800983,0.4428399858558199,0.2975891021837806,0.4791527067738297,0.2612763812657708,0.5154654276918396,0.22496366034776094,0.4034212401995724
2018-11-22,5.71,13.9,BEEF3_QUAL3,0.41079136690647483,0.37320754247817645,0.03451140969270437,0.4422303618635852,0.3041847230927677,0.47674177155628955,0.26967331340006334,0.511253181248994,0.23516190370735895,0.41079136690647483
2018-11-23,5.5,13.54,BEEF3_QUAL3,0.4062038404726736,0.37593839606575086,0.03259255172936653,0.44112349952448393,0.3107532926070178,0.4737160512538504,0.2781607408776513,0.506308602983217,0.24556818914828474,0.4062038404726736
2018-11-26,5.33,13.18,BEEF3_QUAL3,0.40440060698027314,0.3786527669571361,0.0301815256512538,0.43901581825964375,0.3182897156546285,0.4691973439108975,0.28810819000337473,0.49937886956215133,0.2579266643521209,0.40440060698027314
2018-11-27,5.41,13.32,BEEF3_QUAL3,0.40615615615615613,0.38129133343772714,0.027695173403159284,0.4366816802440457,0.3259009866314086,0.464376853647205,0.2982058132282493,0.4920720270503643,0.27051063982509,0.40615615615615613
2018-11-28,5.43,13.97,BEEF3_QUAL3,0.3886900501073729,0.383453973039926,0.024559528255445506,0.432573029550817,0.334334916529035,0.4571325578062625,0.3097753882735895,0.48169208606170805,0.285215860018144,0.3886900501073729
2018-11-29,5.53,14.2,BEEF3_QUAL3,0.3894366197183099,0.38558976717366045,0.02091791750523928,0.427425602184139,0.3437539321631819,0.4483435196893783,0.3228360146579426,0.46926143719461755,0.30191809715270335,0.3894366197183099
2018-11-30,5.51,13.86,BEEF3_QUAL3,0.39754689754689754,0.38511177294566623,0.02040165389403529,0.4259150807337368,0.34430846515759567,0.4463167346277721,0.32390681126356036,0.46671838852180736,0.3035051573695251,0.39754689754689754
2018-12-03,5.56,14.02,BEEF3_QUAL3,0.39657631954350925,0.38542122353688757,0.020481162567478173,0.4263835486718439,0.3444588984019312,0.4468647112393221,0.32397773583445305,0.46734587380680026,0.3034965732669749,0.39657631954350925
2018-12-04,5.42,13.83,BEEF3_QUAL3,0.39190166305133767,0.3852386063830123,0.020387449149481658,0.42601350468197563,0.344463708084049,0.4464009538314573,0.3240762589345674,0.46678840298093893,0.3036888097850857,0.39190166305133767
2018-12-05,5.41,14.58,BEEF3_QUAL3,0.3710562414266118,0.38441420596706466,0.02027441732729003,0.4249630406216447,0.3438653713124846,0.44523745794893477,0.32359095398519455,0.4655118752762248,0.30331653665790453,0.3710562414266118
2018-12-06,5.45,14.76,BEEF3_QUAL3,0.36924119241192416,0.3841067742389012,0.02041191066579674,0.4249305955704947,0.34328295290730776,0.44534250623629146,0.322871042241511,0.4657544169020882,0.30245913157571425,0.36924119241192416
2018-12-07,5.48,14.3,BEEF3_QUAL3,0.3832167832167832,0.38410537563750263,0.020411971195621527,0.4249293180287457,0.3432814332462596,0.4453412892243672,0.32286946205063805,0.46575326041998877,0.3024574908550165,0.3832167832167832
2018-12-10,5.37,14.0,BEEF3_QUAL3,0.38357142857142856,0.3835470598757736,0.020103532026266614,0.4237541239283068,0.3433399958232404,0.44385765595457344,0.32323646379697374,0.4639611879808401,0.3031329317707071,0.38357142857142856
2018-12-11,5.24,14.02,BEEF3_QUAL3,0.37375178316690444,0.3830417978511726,0.020089024541725314,0.4232198469346232,0.34286374876772197,0.44330887147634856,0.3227747242259966,0.46339789601807385,0.30268569968427134,0.37375178316690444
2018-12-12,5.23,13.94,BEEF3_QUAL3,0.37517934002869446,0.38265331728003366,0.020087013415425733,0.42282734411088513,0.3424792904491822,0.44291435752631086,0.32239227703375645,0.4630013709417366,0.3023052636183307,0.37517934002869446
2018-12-13,5.14,13.95,BEEF3_QUAL3,0.36845878136200716,0.3824203423696394,0.02019874271426344,0.4228178277981663,0.3420228569411125,0.4430165705124297,0.3218241142268491,0.4632153132266932,0.3016253715125856,0.36845878136200716
2018-12-14,5.14,14.05,BEEF3_QUAL3,0.3658362989323843,0.38195647595527576,0.020364700090220438,0.4226858761357166,0.3412270757748349,0.4430505762259371,0.32086237568461445,0.46341527631615753,0.300497675594394,0.3658362989323843
2018-12-17,5.05,13.64,BEEF3_QUAL3,0.3702346041055718,0.3818571613538982,0.020413090108640657,0.4226833415711795,0.3410309811366169,0.44309643167982016,0.3206178910279762,0.46350952178846083,0.30020480091933555,0.3702346041055718
2018-12-18,5.02,13.6,BEEF3_QUAL3,0.3691176470588235,0.38193616636015604,0.02035601107829362,0.4226481885167433,0.3412241442035688,0.4430041995950369,0.3208681331252752,0.4633602106733305,0.3005121220469816,0.3691176470588235
2018-12-19,4.97,13.26,BEEF3_QUAL3,0.37481146304675717,0.3822123269632181,0.020177317317829208,0.4225669615988765,0.3418576923275597,0.44274427891670576,0.32168037500973046,0.46292159623453494,0.3015030576919013,0.37481146304675717
2018-12-20,4.93,13.15,BEEF3_QUAL3,0.3749049429657794,0.38259480275411134,0.019880629378878082,0.4223560615118675,0.3428335439963552,0.4422366908907456,0.3229529146174771,0.46211732026962365,0.303072285238599,0.3749049429657794
2018-12-21,4.97,12.9,BEEF3_QUAL3,0.38527131782945734,0.38354415326741537,0.019040804188133184,0.4216257616436817,0.345462544891149,0.4406665658318149,0.32642174070301583,0.4597073700199481,0.30738093651488263,0.38527131782945734
2018-12-26,4.91,12.69,BEEF3_QUAL3,0.38691883372734437,0.3845795311423772,0.018017776304690838,0.4206150837517589,0.3485439785329955,0.4386328600564497,0.3305262022283047,0.45665063636114056,0.31250842592361383,0.38691883372734437
2018-12-27,4.89,12.6,BEEF3_QUAL3,0.3880952380952381,0.38559877059171144,0.016979569611011158,0.41955790981373375,0.3516396313696891,0.4365374794247449,0.33466006175867796,0.45351704903575607,0.3176804921476668,0.3880952380952381
2018-12-28,4.99,12.89,BEEF3_QUAL3,0.38712179984484096,0.38625927172818336,0.01649314800613382,0.419245567740451,0.3532729757159157,0.43573871574658485,0.3367798277097819,0.4522318637527186,0.3202866797036481,0.38712179984484096
