DATA DO PREGAO,Empresa1,Empresa2,Par,Ratio,MA_40,STD_40,BANDA_1_40 SUPERIOR,BANDA_1_40 INFERIOR,BANDA_2_40 SUPERIOR,BANDA_2_40 INFERIOR,BANDA_3_40 SUPERIOR,BANDA_3_40 INFERIOR,PRECO FECHAMENTO
2018-01-02,49.88,155.0,CVCB3_GUAR3,0.3218064516129032,,,,,,,,,0.3218064516129032
2018-01-03,49.59,158.3,CVCB3_GUAR3,0.31326595072646873,,,,,,,,,0.31326595072646873
2018-01-04,49.99,159.0,CVCB3_GUAR3,0.31440251572327044,,,,,,,,,0.31440251572327044
2018-01-05,49.74,158.01,CVCB3_GUAR3,0.3147902031516993,,,,,,,,,0.3147902031516993
2018-01-08,49.53,157.99,CVCB3_GUAR3,0.313500854484461,,,,,,,,,0.313500854484461
2018-01-09,50.08,158.49,CVCB3_GUAR3,0.3159820808883841,,,,,,,,,0.3159820808883841
2018-01-10,50.1,156.89,CVCB3_GUAR3,0.31933201606220923,,,,,,,,,0.31933201606220923
2018-01-11,50.6,154.36,CVCB3_GUAR3,0.32780513086291785,,,,,,,,,0.32780513086291785
2018-01-12,50.12,152.3,CVCB3_GUAR3,0.3290873276428102,,,,,,,,,0.3290873276428102
2018-01-15,50.1,153.23,CVCB3_GUAR3,0.3269594726881159,,,,,,,,,0.3269594726881159
2018-01-16,50.49,157.3,CVCB3_GUAR3,0.320979020979021,,,,,,,,,0.320979020979021
2018-01-17,50.8,157.69,CVCB3_GUAR3,0.32215105586911025,,,,,,,,,0.32215105586911025
2018-01-18,51.0,156.0,CVCB3_GUAR3,0.3269230769230769,,,,,,,,,0.3269230769230769
2018-01-19,51.01,156.25,CVCB3_GUAR3,0.326464,,,,,,,,,0.326464
2018-01-22,50.5,153.11,CVCB3_GUAR3,0.32982822807132123,,,,,,,,,0.32982822807132123
2018-01-23,50.39,150.9,CVCB3_GUAR3,0.33392975480450626,,,,,,,,,0.33392975480450626
2018-01-24,52.36,157.0,CVCB3_GUAR3,0.3335031847133758,,,,,,,,,0.3335031847133758
2018-01-26,54.34,156.5,CVCB3_GUAR3,0.3472204472843451,,,,,,,,,0.3472204472843451
2018-01-29,54.0,156.77,CVCB3_GUAR3,0.3444536582254258,,,,,,,,,0.3444536582254258
2018-01-30,53.45,152.1,CVCB3_GUAR3,0.35141354372123607,,,,,,,,,0.35141354372123607
2018-01-31,55.13,157.89,CVCB3_GUAR3,0.3491671416809171,,,,,,,,,0.3491671416809171
2018-02-01,56.43,159.75,CVCB3_GUAR3,0.3532394366197183,,,,,,,,,0.3532394366197183
2018-02-02,55.1,158.4,CVCB3_GUAR3,0.34785353535353536,,,,,,,,,0.34785353535353536
2018-02-05,54.6,155.02,CVCB3_GUAR3,0.35221261772674495,,,,,,,,,0.35221261772674495
2018-02-06,55.65,155.61,CVCB3_GUAR3,0.35762483130904177,,,,,,,,,0.35762483130904177
2018-02-07,55.0,155.0,CVCB3_GUAR3,0.3548387096774194,,,,,,,,,0.3548387096774194
2018-02-08,54.67,153.0,CVCB3_GUAR3,0.3573202614379085,,,,,,,,,0.3573202614379085
2018-02-09,53.7,149.0,CVCB3_GUAR3,0.3604026845637584,,,,,,,,,0.3604026845637584
2018-02-14,55.35,151.98,CVCB3_GUAR3,0.36419265692854325,,,,,,,,,0.36419265692854325
2018-02-15,55.0,152.91,CVCB3_GUAR3,0.3596887057746387,,,,,,,,,0.3596887057746387
2018-02-16,55.24,151.5,CVCB3_GUAR3,0.36462046204620463,,,,,,,,,0.36462046204620463
2018-02-19,55.83,149.44,CVCB3_GUAR3,0.3735947537473233,,,,,,,,,0.3735947537473233
2018-02-20,56.1,148.01,CVCB3_GUAR3,0.37902844402405245,,,,,,,,,0.37902844402405245
2018-02-21,55.49,152.99,CVCB3_GUAR3,0.36270344466958626,,,,,,,,,0.36270344466958626
2018-02-22,55.7,153.11,CVCB3_GUAR3,0.3637907386846058,,,,,,,,,0.3637907386846058
2018-02-23,56.8,151.5,CVCB3_GUAR3,0.3749174917491749,,,,,,,,,0.3749174917491749
2018-02-26,56.48,153.77,CVCB3_GUAR3,0.36730181439812704,,,,,,,,,0.36730181439812704
2018-02-27,56.15,159.96,CVCB3_GUAR3,0.3510252563140785,,,,,,,,,0.3510252563140785
2018-02-28,56.14,157.5,CVCB3_GUAR3,0.35644444444444445,,,,,,,,,0.35644444444444445
2018-03-01,56.43,158.0,CVCB3_GUAR3,0.3571518987341772,0.3435229326079665,0.019666370139353302,0.3828556728866731,0.3041901923292599,0.4025220430260264,0.28452382218990663,0.4221884131653797,0.26485745205055333,0.3571518987341772
2018-03-02,55.45,159.82,CVCB3_GUAR3,0.34695282192466526,0.34415159186576055,0.01935381003984864,0.38285921194545786,0.30544397178606325,0.4022130219853065,0.2860901617462146,0.4215668320251551,0.266736351706366,0.34695282192466526
2018-03-05,54.69,160.3,CVCB3_GUAR3,0.34117280099812847,0.34484926312255204,0.018703975388786664,0.38225721390012535,0.30744131234497873,0.400961189288912,0.2887373369561921,0.4196651646776987,0.27003336156740537,0.34117280099812847
2018-03-06,54.21,158.17,CVCB3_GUAR3,0.342732503003098,0.3455575128045477,0.018046322631405903,0.3816501580673595,0.3094648675417359,0.3996964806987654,0.29141854491033004,0.41774280333017133,0.2733722222789241,0.342732503003098
2018-03-07,54.4,159.7,CVCB3_GUAR3,0.34063869755792114,0.3462037251647033,0.017366327899447784,0.3809363809635989,0.31147106936580776,0.3983027088630467,0.29410474146635995,0.41566903676249445,0.2767384135669122,0.34063869755792114
2018-03-08,55.58,160.23,CVCB3_GUAR3,0.3468763652249891,0.3470381129332165,0.01653675860382551,0.3801116301408675,0.3139645957255655,0.39664838874469305,0.29742783712174,0.4131851473485185,0.2808910785179145,0.3468763652249891
2018-03-09,56.99,160.0,CVCB3_GUAR3,0.3561875,0.3480432484110069,0.015806468396738264,0.37965618520448347,0.3164303116175304,0.39546265360122174,0.3006238432207921,0.41126912199795995,0.2848173748240539,0.3561875
2018-03-12,57.1,158.0,CVCB3_GUAR3,0.3613924050632911,0.349094758136034,0.0152362350623851,0.37956722826080425,0.3186222880112638,0.39480346332318933,0.3033860529488787,0.4100396983855744,0.28814981788649363,0.3613924050632911
2018-03-13,57.2,157.7,CVCB3_GUAR3,0.36271401395053904,0.34996748021322455,0.014983188564423664,0.37993385734207186,0.32000110308437724,0.39491704590649557,0.3050179145199535,0.4099002344709192,0.29003472595552987,0.36271401395053904
2018-03-14,57.02,160.0,CVCB3_GUAR3,0.356375,0.35064967202215425,0.014625059065945401,0.37989979015404507,0.3213995538902634,0.3945248492199904,0.30677449482431807,0.40914990828593584,0.29214943575837266,0.356375
2018-03-15,56.9,159.89,CVCB3_GUAR3,0.3558696603915192,0.35137242671473934,0.01413028164460354,0.3796329900039464,0.3231118634255323,0.39376327164854996,0.3089815817809287,0.4078935532931535,0.29485130013632516,0.3558696603915192
2018-03-16,58.04,157.46,CVCB3_GUAR3,0.3686015495998984,0.35256298993026125,0.013495787991782736,0.37955456591382675,0.32557141394669575,0.39305035390560944,0.31207562595491306,0.4065461418973922,0.2985798379631303,0.3686015495998984
2018-03-19,56.4,155.0,CVCB3_GUAR3,0.36387096774193545,0.3536059877270819,0.012672184661720837,0.3789503570505236,0.3282616184036402,0.3916225417122444,0.3155894337419194,0.40429472637396524,0.30291724908019857,0.36387096774193545
2018-03-20,57.8,152.04,CVCB3_GUAR3,0.3801631149697448,0.35493698867824863,0.012593473113194755,0.38012393490463814,0.3297500424518591,0.3927174080178329,0.3171565693386644,0.40531088113102764,0.3045630962254696,0.3801631149697448
2018-03-21,57.96,151.0,CVCB3_GUAR3,0.383841059602649,0.35637141516831483,0.01253472928795726,0.38144087374422936,0.3313019565924003,0.3939756030321866,0.31876722730444307,0.4065103323201439,0.3062324980164858,0.383841059602649
2018-03-22,58.35,155.55,CVCB3_GUAR3,0.3751205400192864,0.357503722967014,0.012114160137818901,0.3817320432426518,0.3332754026913762,0.3938462033804707,0.32116124255355727,0.40596036351828957,0.3090470824157384,0.3751205400192864
2018-03-23,58.2,153.0,CVCB3_GUAR3,0.38039215686274513,0.35866528301846995,0.01202299262960606,0.3827112682776821,0.3346192977592578,0.39473426090728814,0.32259630512965176,0.4067572535368942,0.3105733125000457,0.38039215686274513
2018-03-26,58.76,152.1,CVCB3_GUAR3,0.38632478632478634,0.35998582305875526,0.012089098300670774,0.38416401966009683,0.3358076264574137,0.39625311796076756,0.32371852815674296,0.40834221626143835,0.31162942985607217,0.38632478632478634
2018-03-27,58.6,153.29,CVCB3_GUAR3,0.3822819492465262,0.36086236060780974,0.012406713766149094,0.38567578814010794,0.33604893307551154,0.39808250190625705,0.32364221930936243,0.4104892156724061,0.3112355055432134,0.3822819492465262
2018-03-28,59.0,150.0,CVCB3_GUAR3,0.3933333333333333,0.3620843524855074,0.013134924382116357,0.3883542012497401,0.3358145037212747,0.40148912563185646,0.32267957933915836,0.41462405001397284,0.309544654957042,0.3933333333333333
2018-03-29,60.65,150.52,CVCB3_GUAR3,0.40293648684560185,0.3633724260636166,0.014515410628477454,0.39240324732057147,0.3343416048066617,0.4069186579490489,0.31982619417818425,0.4214340685775264,0.30531078354970675,0.40293648684560185
2018-04-02,58.99,145.0,CVCB3_GUAR3,0.4068275862068966,0.3648139371767661,0.01586855570789714,0.39655104859256035,0.3330768257609718,0.4124196043004575,0.31720827005307467,0.4282881600083546,0.30133971434517753,0.4068275862068966
2018-04-03,57.21,144.56,CVCB3_GUAR3,0.39575262866629773,0.36587676697793053,0.016485176426282198,0.3988471198304949,0.33290641412536615,0.41533229625677714,0.3164212376990839,0.4318174726830593,0.29993606127280176,0.39575262866629773
2018-04-04,57.35,143.98,CVCB3_GUAR3,0.398319211001528,0.3671384088691304,0.01699372909679334,0.4011258670627171,0.33315095067554373,0.41811959615951044,0.31615722157875037,0.43511332525630375,0.29916349248195706,0.398319211001528
2018-04-05,58.0,143.0,CVCB3_GUAR3,0.40559440559440557,0.3684729535658219,0.017865258060385362,0.4042034696865926,0.33274243744505116,0.42206872774697796,0.3148771793846658,0.4399339858073633,0.29701192132428045,0.40559440559440557
2018-04-06,58.7,145.3,CVCB3_GUAR3,0.4039917412250516,0.36963212631372216,0.0186311605807946,0.40689444747531134,0.332369805152133,0.42552560805610595,0.3137386445713384,0.44415676863690057,0.29510748399054376,0.4039917412250516
2018-04-09,57.69,142.02,CVCB3_GUAR3,0.40621039290240807,0.37091641839434686,0.01934228382813049,0.40960098605060785,0.33223185073808587,0.4289432698787383,0.3128895669099554,0.44828555370686884,0.2935472830818249,0.40621039290240807
2018-04-10,58.04,139.65,CVCB3_GUAR3,0.4156104547081991,0.3723736732261041,0.02045544973844694,0.41328457270299795,0.33146277374921024,0.43374002244144494,0.31100732401076325,0.45419547217989187,0.2905518742723163,0.4156104547081991
2018-04-11,58.24,138.9,CVCB3_GUAR3,0.4192944564434845,0.37384596752309723,0.021655899204807857,0.4171577659327129,0.33053416911348155,0.4388136651375208,0.3088782699086737,0.46046956434232866,0.2872223707038658,0.4192944564434845
2018-04-12,58.68,140.85,CVCB3_GUAR3,0.41661341853035144,0.37515648656314243,0.022621359828105987,0.4203992062193544,0.3299137669069305,0.44302056604746043,0.30729240707882444,0.4656419258755664,0.28467104725071846,0.41661341853035144
2018-04-13,58.3,141.31,CVCB3_GUAR3,0.41256811266010895,0.3764784717352792,0.02323115869121343,0.42294078911770605,0.33001615435285236,0.4461719478089195,0.3067849956616389,0.46940310650013295,0.28355383697042547,0.41256811266010895
2018-04-16,57.45,140.38,CVCB3_GUAR3,0.4092463313862374,0.37759411846878,0.02371363134888238,0.42502138116654475,0.33016685577101523,0.44873501251542713,0.30645322442213285,0.4724486438643095,0.2827395930732505,0.4092463313862374
2018-04-17,58.05,138.24,CVCB3_GUAR3,0.41992187499999994,0.37875229650009695,0.024627015163662475,0.4280063268274219,0.329498266172772,0.4526333419910844,0.3048712510091095,0.47726035715474685,0.28024423584544705,0.41992187499999994
2018-04-18,59.0,141.73,CVCB3_GUAR3,0.41628448458336276,0.3796836975140797,0.02533214929582258,0.4303479961057249,0.32901939892243454,0.45568014540154744,0.303687249626612,0.48101229469737006,0.27835510033078936,0.41628448458336276
2018-04-19,58.44,140.3,CVCB3_GUAR3,0.416535994297933,0.38102951125478834,0.025831955928448547,0.43269342311168546,0.32936559939789123,0.458525379040134,0.30353364346944267,0.4843573349685825,0.27770168754099417,0.416535994297933
2018-04-20,57.77,140.9,CVCB3_GUAR3,0.4100070972320795,0.38218492021847517,0.026073581457538603,0.43433208313355237,0.33003775730339796,0.460405664591091,0.30396417584585933,0.4864792460486296,0.27789059438832076,0.4100070972320795
2018-04-23,57.79,138.4,CVCB3_GUAR3,0.4175578034682081,0.383250928011451,0.026634470050105434,0.4365198681116619,0.3299819879112401,0.4631543381617673,0.3033475178611347,0.48978880821187276,0.27671304781102923,0.4175578034682081
2018-04-24,58.09,136.88,CVCB3_GUAR3,0.42438632378725893,0.3846780407461793,0.027279505470283225,0.43923705168674576,0.3301190298056128,0.46651655715702894,0.3028395243353296,0.4937960626273122,0.2755600188650464,0.42438632378725893
2018-04-25,57.13,136.86,CVCB3_GUAR3,0.41743387403185733,0.38633825618912376,0.02719957929112391,0.44073741477137157,0.33193909760687595,0.4679369940624955,0.304739518315752,0.4951365733536194,0.27753993902462815,0.41743387403185733
2018-04-26,57.5,135.0,CVCB3_GUAR3,0.42592592592592593,0.3880752932261608,0.02745892930233452,0.4429931518308298,0.3331574346214918,0.4704520811331644,0.3056985053191572,0.4979110104354989,0.2782395760168227,0.42592592592592593
2018-04-27,57.71,135.22,CVCB3_GUAR3,0.4267859784055613,0.38981614521794544,0.027654812412222503,0.44512577004239046,0.33450652039350043,0.47278058245461296,0.3068517079812779,0.5004353948668354,0.2791968955690554,0.4267859784055613
2018-04-30,57.99,137.0,CVCB3_GUAR3,0.4232846715328467,0.39172444145814994,0.027251897756070398,0.44622823697029074,0.33722064594600915,0.47348013472636113,0.30996874818993875,0.5007320324824316,0.28271685043386835,0.4232846715328467
2018-05-02,56.52,133.0,CVCB3_GUAR3,0.4249624060150376,0.3938191815835727,0.026475798241252426,0.44677077806607757,0.34086758510106785,0.47324657630732997,0.31439178685981545,0.4997223745485824,0.287915988618563,0.4249624060150376
2018-05-03,53.7,135.03,CVCB3_GUAR3,0.39768940235503225,0.39519310406737107,0.02514948700538358,0.44549207807813823,0.3448941300566039,0.47064156508352184,0.3197446430512203,0.4957910520889054,0.29459515604583675,0.39768940235503225
2018-05-04,54.65,129.95,CVCB3_GUAR3,0.42054636398614853,0.39719079572807675,0.02384476764019731,0.44488033100847135,0.34950126044768215,0.4687250986486687,0.3256564928074848,0.492569866288866,0.3018117251672875,0.42054636398614853
2018-05-07,53.63,130.03,CVCB3_GUAR3,0.41244328231946475,0.3988299686554386,0.022513793904913364,0.44385755646526537,0.3538023808456119,0.46637135037017874,0.3312885869406985,0.4888851442750921,0.30877479303578514,0.41244328231946475
2018-05-08,53.5,130.01,CVCB3_GUAR3,0.4115068071686794,0.40021295133465556,0.021503596706755,0.44322014474816557,0.35720575792114556,0.46472374145492057,0.33570216121439056,0.48622733816167557,0.31419856450763556,0.4115068071686794
2018-05-09,53.36,130.42,CVCB3_GUAR3,0.4091397024996167,0.4014066337705636,0.02059962605148888,0.4426058858735414,0.36020738166758587,0.46320551192503023,0.339607755616097,0.48380513797651914,0.3190081295646081,0.4091397024996167
2018-05-10,53.77,127.0,CVCB3_GUAR3,0.4233858267716536,0.40292342909109147,0.019899348346277376,0.4427221257836462,0.3631247323985367,0.4626214741299236,0.34322538405225933,0.482520822476201,0.32332603570598195,0.4233858267716536
2018-05-11,51.84,126.01,CVCB3_GUAR3,0.41139592095865407,0.40429895211505784,0.018447932858746744,0.4411948178325513,0.36740308639756436,0.45964275069129806,0.3489551535388176,0.4780906835500448,0.3305072206800709,0.41139592095865407
2018-05-14,50.65,123.22,CVCB3_GUAR3,0.4110534004220094,0.40567854561582006,0.016715429682739806,0.4391094049812997,0.37224768625034044,0.4558248346640395,0.3555322565676006,0.4725402643467793,0.3388168268848608,0.4110534004220094
2018-05-15,50.0,117.0,CVCB3_GUAR3,0.42735042735042733,0.40714726755958325,0.015936974464414513,0.4390212164884123,0.3752733186307542,0.4549581909528268,0.3593363441663397,0.4708951654172413,0.3433993697019252,0.42735042735042733
2018-05-16,51.93,114.0,CVCB3_GUAR3,0.45552631578947367,0.4094386512607717,0.01614293181770898,0.4417245148961897,0.37715278762535376,0.4578674467138987,0.3610098558076448,0.47401037853160766,0.3448669239899358,0.45552631578947367
2018-05-17,49.9,109.12,CVCB3_GUAR3,0.4572947214076246,0.41136694142171876,0.017132657349348997,0.44563225612041674,0.3771016267230208,0.4627649134697657,0.3599689693736718,0.47989757081911477,0.34283631202432274,0.4572947214076246
2018-05-18,49.55,113.94,CVCB3_GUAR3,0.43487800596805337,0.41264286508085385,0.01692939084807215,0.44650164677699816,0.37878408338470954,0.4634310376250703,0.3618546925366374,0.4803604284731424,0.3449253016885653,0.43487800596805337
2018-05-21,50.5,113.0,CVCB3_GUAR3,0.4469026548672566,0.4144374179520531,0.016652218011090184,0.44774185397423344,0.3811329819298727,0.4643940719853236,0.36448076391878254,0.4810462899964138,0.34782854590769235,0.4469026548672566
2018-05-22,53.34,117.5,CVCB3_GUAR3,0.4539574468085107,0.4162765502006972,0.016856874732333806,0.4499902996653648,0.3825628007360296,0.4668471743976986,0.3657059260036958,0.4837040491300324,0.348849051271362,0.4539574468085107
2018-05-23,50.99,115.21,CVCB3_GUAR3,0.44258310910511245,0.4176830082702054,0.01663932376120968,0.45096165579262476,0.384404360747786,0.4676009795538344,0.36776503698657637,0.4842403033150441,0.3511257132253667,0.44258310910511245
2018-05-24,51.77,117.3,CVCB3_GUAR3,0.44134697357203756,0.4191596338783432,0.01602669892616524,0.4512130317306737,0.38710623602601274,0.46723973065683894,0.3710795370998475,0.48326642958300414,0.3550528381736823,0.44134697357203756
2018-05-25,51.25,115.36,CVCB3_GUAR3,0.4442614424410541,0.4204328366060362,0.015945105547707297,0.4523230477014508,0.3885426255106216,0.4682681532491581,0.3725975199629143,0.4842132587968654,0.356652414415207,0.4442614424410541
2018-05-28,47.5,109.24,CVCB3_GUAR3,0.43482240937385574,0.42122998466924255,0.015844702256499338,0.4529193891822412,0.3895405801562439,0.46876409143874054,0.37369587789974457,0.4846087936952399,0.3578511756432452,0.43482240937385574
2018-05-29,49.93,107.4,CVCB3_GUAR3,0.4648975791433892,0.42268173449265484,0.017101698534616096,0.45688513156188704,0.38847833742342264,0.4739868300965031,0.37137663888880657,0.49108852863111924,0.35427494035419044,0.4648975791433892
2018-05-30,51.0,108.71,CVCB3_GUAR3,0.4691380737742618,0.4245163706203539,0.01804881894565262,0.4606140085116591,0.3884187327290487,0.47866282745731176,0.37036991378339607,0.4967116464029644,0.35232109483774343,0.4691380737742618
2018-06-01,51.29,110.0,CVCB3_GUAR3,0.4662727272727273,0.4262152085271339,0.018705884777757236,0.46362697808264836,0.38880343897161945,0.4823328628604056,0.3700975541938622,0.5010387476381628,0.35139166941610495,0.4662727272727273
2018-06-04,54.08,110.71,CVCB3_GUAR3,0.4884834251648451,0.4282874340163948,0.020833185704880387,0.46995380542615556,0.38662106260663404,0.49078699113103597,0.36578787690175363,0.5116201768359163,0.3449546911968733,0.4884834251648451
2018-06-05,51.21,108.2,CVCB3_GUAR3,0.4732902033271719,0.43001989556894776,0.021627235366387616,0.473274366301723,0.38676542483617254,0.4949016016681106,0.36513818946978494,0.5165288370344983,0.34351095410339727,0.4732902033271719
2018-06-06,48.6,104.0,CVCB3_GUAR3,0.4673076923076923,0.43154732805407986,0.022055826861171177,0.4756589817764222,0.38743567433173753,0.4977148086375934,0.36537984747056634,0.5197706354987646,0.34332402060939515,0.4673076923076923
2018-06-07,46.84,101.72,CVCB3_GUAR3,0.4604797483287456,0.4326690603945935,0.02236336869481297,0.4773957977842195,0.38794232300496756,0.4997591664790324,0.36557895431015464,0.5221225351738454,0.34321558561534166,0.4604797483287456
2018-06-08,49.0,99.99,CVCB3_GUAR3,0.4900490049004901,0.43443792410601867,0.024015546761176704,0.4824690176283721,0.38640683058366526,0.5064845643895488,0.36239128382248853,0.5305001111507255,0.33837573706131185,0.4900490049004901
2018-06-11,46.0,99.07,CVCB3_GUAR3,0.46431815887756134,0.43563054261469897,0.024290620136486345,0.48421178288767164,0.3870493023417263,0.5085024030241581,0.36275868220523994,0.5327930231606444,0.3384680620687536,0.46431815887756134
2018-06-12,43.9,99.0,CVCB3_GUAR3,0.4434343434343434,0.43640219838405486,0.024028050042395725,0.4844582984688463,0.3883460982992634,0.5084863485112421,0.3643180482568677,0.5325143985536378,0.340289998214472,0.4434343434343434
2018-06-13,42.75,97.95,CVCB3_GUAR3,0.4364471669218989,0.43708221927244634,0.023621266026002133,0.48432475132445063,0.38983968722044204,0.5079460173504527,0.3662184211944399,0.5315672833764549,0.3425971551684378,0.4364471669218989
2018-06-14,42.52,95.5,CVCB3_GUAR3,0.44523560209424085,0.43771506244980235,0.023488450383102984,0.4846919632160083,0.3907381616835964,0.5081804135991113,0.3672497113004934,0.5316688639822142,0.3437612609173904,0.44523560209424085
2018-06-15,42.15,95.24,CVCB3_GUAR3,0.4425661486770265,0.438372104052144,0.02323987509222482,0.48485185423659366,0.39189235386769433,0.5080917293288185,0.3686524787754695,0.5313316044210433,0.3454126036832447,0.4425661486770265
2018-06-18,42.98,93.0,CVCB3_GUAR3,0.46215053763440855,0.43951246763555585,0.02326004664552039,0.48603256092659664,0.39299237434451506,0.509292607572117,0.36973232769899467,0.5325526542176374,0.3464722810534743,0.46215053763440855
2018-06-19,44.41,95.52,CVCB3_GUAR3,0.464928810720268,0.44088551047276053,0.023094107793292906,0.48707372605934635,0.3946972948861747,0.5101678338526392,0.3716031870928818,0.5332619416459321,0.3485090792995889,0.464928810720268
2018-06-20,45.22,93.5,CVCB3_GUAR3,0.48363636363636364,0.4425374744769644,0.02373705796106927,0.4900115903991029,0.3950633585548259,0.5137486483601722,0.3713263005937566,0.5374857063212415,0.3475892426326873,0.48363636363636364
2018-06-21,43.5,91.0,CVCB3_GUAR3,0.47802197802197804,0.44387836583283236,0.024195907176991167,0.4922701801868147,0.39548655147885003,0.5164660873638058,0.3712906443018589,0.540661994540797,0.3470947371248677,0.47802197802197804
2018-06-22,43.35,95.54,CVCB3_GUAR3,0.45373665480427045,0.44478593535214267,0.023857032752350696,0.4925000008568441,0.39707186984744125,0.5163570336091947,0.37321483709509057,0.5402140663615455,0.3493578043427399,0.45373665480427045
2018-06-25,44.0,93.5,CVCB3_GUAR3,0.47058823529411764,0.4459024930863474,0.023996449063115276,0.4938953912125779,0.39790959496011685,0.5178918402756932,0.37391314589700153,0.5418882893388085,0.34991669683388626,0.47058823529411764
2018-06-26,45.2,93.84,CVCB3_GUAR3,0.48167092924126176,0.44727461685723985,0.024440395357303225,0.4961554075718463,0.3983938261426334,0.5205958029291495,0.37395343078533017,0.5450361982864528,0.3495130354280269,0.48167092924126176
2018-06-27,43.59,92.7,CVCB3_GUAR3,0.4702265372168285,0.44844816349933936,0.024385876947953494,0.49721991739524635,0.39967640960343237,0.5216057943431999,0.37529053265547885,0.5459916712911533,0.3509046557075254,0.4702265372168285
2018-06-28,43.64,92.0,CVCB3_GUAR3,0.4743478260869565,0.4496827990011373,0.024416475895443098,0.4985157507920235,0.4008498472102511,0.5229322266874665,0.376433371314808,0.5473487025829097,0.3520168954193649,0.4743478260869565
2018-06-29,45.2,94.41,CVCB3_GUAR3,0.47876284291918236,0.4517096350152411,0.02333063387387253,0.4983709027629861,0.40504836726749605,0.5217015366368587,0.38171773339362347,0.5450321705107312,0.35838709951975095,0.47876284291918236
2018-07-02,44.65,91.2,CVCB3_GUAR3,0.4895833333333333,0.45343555924892065,0.023518969749998193,0.500473498748917,0.40639761974892424,0.5239924684989152,0.38287864999892607,0.5475114382489135,0.3593596802489279,0.4895833333333333
2018-07-03,44.42,90.95,CVCB3_GUAR3,0.48840021990104454,0.45533448268846016,0.02318844755666476,0.5017113778017896,0.4089575875751306,0.5248998253584545,0.38576914001846585,0.5480882729151192,0.36258069246180114,0.48840021990104454
2018-07-04,44.05,92.0,CVCB3_GUAR3,0.47880434782608694,0.45701692120489545,0.02235334275299796,0.5017236067108913,0.4123102356988995,0.5240769494638893,0.3899568929459016,0.5464302922168873,0.3676035501929036,0.47880434782608694
2018-07-05,43.37,91.7,CVCB3_GUAR3,0.4729552889858233,0.4586123108670506,0.021090280983581147,0.5007928728342129,0.4164317488998883,0.521883153817794,0.3953414679163072,0.5429734348013752,0.374251186932726,0.4729552889858233
2018-07-06,41.49,91.75,CVCB3_GUAR3,0.45220708446866487,0.4593328423094759,0.02033473297902406,0.500002308267524,0.4186633763514278,0.5203370412465481,0.3983286433724037,0.5406717742255721,0.37799391039337965,0.45220708446866487
2018-07-10,40.15,93.42,CVCB3_GUAR3,0.4297794904731321,0.4597924315473378,0.019410251410719132,0.4986129343687761,0.4209719287258995,0.5180231857794952,0.4015616773151804,0.5374334371902143,0.3821514259044613,0.4297794904731321
2018-07-11,40.2,91.25,CVCB3_GUAR3,0.44054794520547946,0.4605297951669246,0.018021828237952526,0.4965734516428297,0.42448613869101953,0.5145952798807822,0.406464310453067,0.5326171081187348,0.3884424822151145,0.44054794520547946
2018-07-12,41.44,91.9,CVCB3_GUAR3,0.4509249183895538,0.46111915744290277,0.017279122367614225,0.4956774021781312,0.4265609127076743,0.5129565245457455,0.40928179034006007,0.5302356469133597,0.3920026679724459,0.4509249183895538
2018-07-13,43.25,96.18,CVCB3_GUAR3,0.449677687668954,0.46097294173988973,0.01735225317044684,0.4956774480807834,0.42626843539899606,0.5130297012512303,0.4089161822285492,0.5303819544216771,0.3915639290581024,0.449677687668954
2018-07-16,44.89,98.15,CVCB3_GUAR3,0.4573611818644931,0.46097460325131145,0.01735189512129767,0.4956783934939068,0.4262708130087161,0.5130302886152045,0.40891891788741846,0.5303821837365021,0.39156702276612076,0.4573611818644931
2018-07-17,45.3,99.01,CVCB3_GUAR3,0.45752954247045746,0.4615408916638716,0.016840466418940662,0.4952218245017529,0.42785995882599026,0.5120622909206936,0.4110194924070496,0.5289027573396342,0.39417902598810894,0.45752954247045746
2018-07-18,45.0,97.07,CVCB3_GUAR3,0.4635829813536623,0.46195789982603175,0.01667439875561296,0.4953066973372577,0.4286091023148058,0.5119810960928707,0.41193470355919287,0.5286554948484836,0.3952603048035799,0.4635829813536623
2018-07-19,44.43,96.8,CVCB3_GUAR3,0.45898760330578514,0.4620836537384637,0.016631427025794857,0.4953465077900534,0.42882079968687403,0.5119779348158483,0.41218937266107913,0.5286093618416432,0.3955579456352843,0.45898760330578514
2018-07-20,45.0,100.53,CVCB3_GUAR3,0.4476275738585497,0.4622097653572997,0.016498361278795084,0.49520648791488986,0.4292130427997095,0.511704849193685,0.41271468152091445,0.52820321047248,0.39621632024211934,0.4476275738585497
2018-07-23,44.26,99.0,CVCB3_GUAR3,0.44707070707070706,0.4623528586947664,0.016336805267154933,0.4950264692290762,0.42967924816045655,0.5113632744962312,0.4133424428933016,0.5277000797633862,0.39700563762614666,0.44707070707070706
2018-07-24,45.85,100.65,CVCB3_GUAR3,0.45553899652260305,0.46263479754680514,0.01611235140340486,0.49485950035361487,0.4304100947399954,0.5109718517570198,0.4142977433365906,0.5270842031604246,0.3981853919331857,0.45553899652260305
2018-07-25,47.33,100.16,CVCB3_GUAR3,0.47254392971246006,0.4635778355552703,0.015536389029615315,0.49465061361450097,0.4325050574960397,0.5101870026441163,0.4169686684664244,0.5257233916737316,0.40143227943680904,0.47254392971246006
2018-07-26,45.38,102.85,CVCB3_GUAR3,0.4412250850753525,0.46298602320356935,0.01593069125900239,0.49484740572157415,0.43112464068556455,0.5107780969805765,0.4151939494265622,0.5267087882395789,0.3992632581675598,0.4412250850753525
2018-07-27,45.43,99.8,CVCB3_GUAR3,0.4552104208416834,0.462637831880255,0.015944979769030677,0.4945277914183163,0.43074787234219364,0.510472771187347,0.41480289257316294,0.5264177509563777,0.3988579128041323,0.4552104208416834
2018-07-30,45.48,98.62,CVCB3_GUAR3,0.46116406408436417,0.46251011530054587,0.015935575327380245,0.49438126595530635,0.4306389646457854,0.5103168412826866,0.4147033893184051,0.5262524166100668,0.3987678139910249,0.46116406408436417
2018-07-31,44.1,95.75,CVCB3_GUAR3,0.4605744125326371,0.4618123899847407,0.015370151872542598,0.4925526937298259,0.43107208623965554,0.5079228456023686,0.41570193436711295,0.5232929974749111,0.40033178249457035,0.4605744125326371
2018-08-01,44.2,98.0,CVCB3_GUAR3,0.45102040816326533,0.4612556451056431,0.015347052880795391,0.49194975086723386,0.43056153934405234,0.5072968037480292,0.4152144864632569,0.5226438566288246,0.3998674335824615,0.45102040816326533
2018-08-02,43.83,101.0,CVCB3_GUAR3,0.43396039603960396,0.4604219626989409,0.015905451045074143,0.49223286478908923,0.4286110606087926,0.5081383158341634,0.4127056095637185,0.5240437668792375,0.39680015851864436,0.43396039603960396
2018-08-03,45.41,103.69,CVCB3_GUAR3,0.43794001350178413,0.4598584693282669,0.016297778088545548,0.492454025505358,0.4272629131511758,0.5087518035939036,0.41096513506263027,0.5250495816824491,0.3946673569740847,0.43794001350178413
2018-08-06,44.72,103.0,CVCB3_GUAR3,0.4341747572815534,0.4584616131377935,0.01603619431162039,0.4905340017610343,0.4263892245145527,0.5065701960726546,0.41035303020293235,0.522606390384275,0.39431683589131195,0.4341747572815534
2018-08-07,45.2,103.0,CVCB3_GUAR3,0.4388349514563107,0.4578245329522622,0.016301559990041008,0.49042765293234425,0.4252214129721802,0.5067292129223853,0.4089198529821392,0.5230307729124263,0.39261829299209816,0.4388349514563107
2018-08-08,44.0,102.8,CVCB3_GUAR3,0.42801556420233466,0.45743906347146196,0.016824468644022934,0.4910880007595078,0.4237901261834161,0.5079124694035307,0.4069656575393932,0.5247369380475537,0.3901411888953702,0.42801556420233466
2018-08-09,42.8,101.0,CVCB3_GUAR3,0.42376237623762375,0.4571219437043551,0.01734187462541828,0.49180569295519166,0.42243819445351855,0.50914756758061,0.40509631982810024,0.5264894422060282,0.387754445202682,0.42376237623762375
2018-08-10,43.79,99.69,CVCB3_GUAR3,0.43926171130504565,0.4569725964346253,0.017472098347285397,0.49191679312919606,0.4220283997400545,0.5093888914764815,0.4045563013927691,0.5268609898237668,0.3870842030454837,0.43926171130504565
2018-08-13,44.0,99.5,CVCB3_GUAR3,0.44221105527638194,0.4569637190996091,0.017479694310037777,0.4919231077196846,0.42200433047953356,0.5094028020297224,0.40452463616949574,0.5268824963397603,0.387044941859458,0.44221105527638194
2018-08-14,45.4,102.19,CVCB3_GUAR3,0.4442704765632645,0.4565167175728305,0.017572028850287528,0.49166077527340557,0.4213726598722555,0.5092328041236931,0.40380063102196795,0.5268048329739806,0.3862286021716804,0.4442704765632645
2018-08-15,45.64,100.14,CVCB3_GUAR3,0.45576193329338927,0.45628754563715856,0.017519203614262464,0.4913259528656835,0.42124913840863365,0.508845156479946,0.4037299347943712,0.5263643600942084,0.38621073118010874,0.45576193329338927
2018-08-16,44.51,109.77,CVCB3_GUAR3,0.40548419422428716,0.4543337414018566,0.018708496592335824,0.4917507345865283,0.41691674821718494,0.510459231178864,0.39820825162484913,0.5291677277711999,0.3794997550325133,0.40548419422428716
2018-08-17,44.21,110.0,CVCB3_GUAR3,0.40190909090909094,0.45243091922403444,0.020059327442628845,0.4925495741092921,0.41231226433877677,0.512608901551921,0.39225293689614793,0.5326682289945498,0.3721936094535191,0.40190909090909094
2018-08-20,44.17,105.94,CVCB3_GUAR3,0.41693411364923544,0.4515108556951586,0.020827216947466375,0.4931652895900913,0.40985642180022586,0.5139925065375577,0.3890292048527595,0.534819723485024,0.36820198790529307,0.41693411364923544
2018-08-21,41.79,106.98,CVCB3_GUAR3,0.39063376332024674,0.4495119938958118,0.022701746058026454,0.49491548601186475,0.4041085017797589,0.5176172320698912,0.38140675572173244,0.5403189781279176,0.358705009663706,0.39063376332024674
2018-08-22,42.29,106.9,CVCB3_GUAR3,0.3956033676333021,0.44736030485561284,0.02363512918017091,0.49463056321595467,0.400090046495271,0.5182656923961255,0.3764549173151001,0.5419008215762965,0.3528197881349292,0.3956033676333021
2018-08-23,40.42,105.0,CVCB3_GUAR3,0.384952380952381,0.4452284509490017,0.02530645314656912,0.49584135724213996,0.39461554465586346,0.521147810388709,0.36930909150929436,0.5464542635352782,0.3440026383627252,0.384952380952381
2018-08-24,42.18,105.29,CVCB3_GUAR3,0.4006078449995251,0.4433849514218159,0.025811628819407864,0.4950082090606316,0.3917616937830002,0.5208198378800395,0.3659500649635923,0.5466314666994474,0.34013843614418443,0.4006078449995251
2018-08-27,43.55,106.19,CVCB3_GUAR3,0.41011394669931256,0.44166872901631915,0.02568093919760126,0.49303060741152166,0.39030685062111664,0.518711546609123,0.36462591142351536,0.5443924858067242,0.33894497222591413,0.41011394669931256
2018-08-28,42.22,105.78,CVCB3_GUAR3,0.3991302703724712,0.43940740244229765,0.025333712274524894,0.4900748269913474,0.3887399778932479,0.5154085392658723,0.36340626561872297,0.5407422515403972,0.33807255334419806,0.3991302703724712
2018-08-29,43.45,106.0,CVCB3_GUAR3,0.40990566037735854,0.43744503845420546,0.024466672178531716,0.4863783828112689,0.38851169409714204,0.5108450549898006,0.3640450219186103,0.5353117271683323,0.3395783497400786,0.40990566037735854
2018-08-30,41.58,105.0,CVCB3_GUAR3,0.39599999999999996,0.4353749297585533,0.02438041910435544,0.4841357679672642,0.3866140915498424,0.5085161870716196,0.362233672445487,0.532896606175975,0.33785325334113153,0.39599999999999996
2018-08-31,42.55,105.05,CVCB3_GUAR3,0.40504521656354114,0.4336771779479962,0.024058743411400046,0.4817946647707963,0.3855596911251961,0.5058534081821964,0.36150094771379604,0.5299121515935964,0.337442204302396,0.40504521656354114
2018-09-03,41.3,107.0,CVCB3_GUAR3,0.3859813084112149,0.4320215335465599,0.025010764065637556,0.48204306167783506,0.3820000054152848,0.5070538257434726,0.35698924134964727,0.5320645898091101,0.3319784772840097,0.3859813084112149
2018-09-04,39.31,105.0,CVCB3_GUAR3,0.3743809523809524,0.4306365700942555,0.026620157841201898,0.48387688577665927,0.3773962544118517,0.5104970436178612,0.3507760965706498,0.537117201459063,0.3241559387294479,0.3743809523809524
2018-09-05,40.0,104.5,CVCB3_GUAR3,0.3827751196172249,0.42919224945454915,0.02761721867988372,0.4844266868143166,0.3739578120947817,0.5120439054942003,0.346340593414898,0.5396611241740841,0.3187233747350143,0.3827751196172249
2018-09-06,41.06,105.0,CVCB3_GUAR3,0.3910476190476191,0.42769531697100077,0.028028735983427616,0.483752788937856,0.37163784500414554,0.5117815249212836,0.34360910902071795,0.5398102609047113,0.3155803730372903,0.3910476190476191
2018-09-10,40.14,104.0,CVCB3_GUAR3,0.38596153846153847,0.42610241324081544,0.028553046246280918,0.48320850573337726,0.3689963207482536,0.5117615519796582,0.34044327450197265,0.5403145982259391,0.3118902282556918,0.38596153846153847
2018-09-11,38.66,100.48,CVCB3_GUAR3,0.3847531847133758,0.42428721331203756,0.02882156938040765,0.48193035207285284,0.3666440745512223,0.5107519214532605,0.3378225051708146,0.5395734908336681,0.30900093579040694,0.3847531847133758
2018-09-12,39.81,97.62,CVCB3_GUAR3,0.4078057775046097,0.42304411918789137,0.028420562057441555,0.4798852433027745,0.36620299507300824,0.5083058053602161,0.3377824330155667,0.5367263674176576,0.3093618709581252,0.4078057775046097
2018-09-13,39.8,95.9,CVCB3_GUAR3,0.4150156412930135,0.4218299356863751,0.02767183748746468,0.4771736106613045,0.36648626071144574,0.5048454481487692,0.3388144232239811,0.5325172856362338,0.3111425857365164,0.4150156412930135
2018-09-14,39.79,97.7,CVCB3_GUAR3,0.4072671443193449,0.42053692421171407,0.02709338101111029,0.4747236862339346,0.3663501621894935,0.5018170672450449,0.3392567811783832,0.5289104482561552,0.3121634001672729,0.4072671443193449
2018-09-17,41.89,98.96,CVCB3_GUAR3,0.42330234438156833,0.4199287934747895,0.026740419717768762,0.473409632910327,0.366447954039252,0.5001500526280958,0.3397075343214832,0.5268904723458645,0.31296711460371446,0.42330234438156833
2018-09-18,42.4,103.3,CVCB3_GUAR3,0.41045498547918685,0.4190134004350015,0.026412168722405902,0.4718377378798133,0.3661890629901897,0.49824990660221924,0.3397768942677838,0.5246620753246252,0.3133647255453779,0.41045498547918685
2018-09-19,41.41,101.18,CVCB3_GUAR3,0.4092706068392962,0.41785669069291886,0.025777045726277467,0.4694107821454738,0.3663025992403639,0.49518782787175125,0.3405255535140865,0.5209648735980288,0.314748507787809,0.4092706068392962
2018-09-20,41.2,103.45,CVCB3_GUAR3,0.3982600289995167,0.4159995931750952,0.024373782656742303,0.46474715848857984,0.3672520278616106,0.4891209411453221,0.3428782452048683,0.5134947238020644,0.31850446254812603,0.3982600289995167
2018-09-21,43.13,104.77,CVCB3_GUAR3,0.4116636441729503,0.4152605571525352,0.024035122804762183,0.46333080276205957,0.3671903115430108,0.48736592556682173,0.34315518873824863,0.511401048371584,0.31912006593348646,0.4116636441729503
2018-09-24,42.28,101.72,CVCB3_GUAR3,0.41565080613448685,0.4142715667848552,0.023146597805576607,0.4605647623960084,0.367978371173702,0.483711360201585,0.3448317733681254,0.5068579580071616,0.3216851755625488,0.41565080613448685
2018-09-25,41.18,103.0,CVCB3_GUAR3,0.39980582524271846,0.4127376108138141,0.021962126576944522,0.45666186396770314,0.36881335765992507,0.47862399054464766,0.34685123108298055,0.5005861171215922,0.32488910450603603,0.39980582524271846
2018-09-26,40.96,102.02,CVCB3_GUAR3,0.40148990394040385,0.41126049809900833,0.02060740592529293,0.4524753099495942,0.3700456862484225,0.47308271587488715,0.3494382803231295,0.49369012180018007,0.3288308743978366,0.40148990394040385
2018-09-27,43.13,104.67,CVCB3_GUAR3,0.41205694086175604,0.41028641141647054,0.019574821647008016,0.4494360547104866,0.3711367681224545,0.4690108763574946,0.3515619464754465,0.4885856980045026,0.3319871248284385,0.41205694086175604
2018-09-28,43.31,104.0,CVCB3_GUAR3,0.4164423076923077,0.4098484592077881,0.01922440855247981,0.44829727631274774,0.3713996421028285,0.46752168486522755,0.3521752335503487,0.48674609341770736,0.3329508249978689,0.4164423076923077
2018-10-01,42.84,102.0,CVCB3_GUAR3,0.42000000000000004,0.40939995887024355,0.018755792089451148,0.4469115430491458,0.3718883746913413,0.465667335138597,0.3531325826018901,0.48442312722804814,0.33437679051243896,0.42000000000000004
2018-10-02,45.9,108.0,CVCB3_GUAR3,0.425,0.4091705899382047,0.018499394294904648,0.446169378528014,0.3721718013483954,0.46466877282291863,0.3536724070534908,0.4831681671178233,0.33517301275858613,0.425
2018-10-03,47.0,113.8,CVCB3_GUAR3,0.4130052724077329,0.4085248479619903,0.017877737996671104,0.4442803239553325,0.37276937196864807,0.4621580619520036,0.354891633971977,0.48003579994867474,0.33701389597530584,0.4130052724077329
2018-10-04,45.8,114.54,CVCB3_GUAR3,0.39986031080845114,0.4078209666271432,0.017643401720385143,0.44310777006791346,0.3725341631863729,0.4607511717882986,0.35489076146598775,0.47839457350868375,0.3372473597456026,0.39986031080845114
2018-10-05,48.0,114.5,CVCB3_GUAR3,0.4192139737991266,0.40770725656618084,0.017552449036035173,0.4428121546382512,0.3726023584941105,0.46036460367428633,0.35504990945807535,0.47791705271032153,0.33749746042204015,0.4192139737991266
2018-10-08,51.02,120.0,CVCB3_GUAR3,0.4251666666666667,0.4073548804502213,0.01703663537373609,0.44142815119769346,0.3732816097027491,0.45846478657142953,0.35624497432901303,0.47550142194516565,0.3392083389552769,0.4251666666666667
2018-10-09,52.35,120.2,CVCB3_GUAR3,0.4355241264559068,0.40718770722970943,0.01671562026356961,0.4406189477568486,0.37375646670257023,0.4573345680204183,0.3570408464390006,0.47405018828398787,0.340325226175431,0.4355241264559068
2018-10-10,50.84,119.96,CVCB3_GUAR3,0.4238079359786596,0.40667614371509425,0.015841926524323785,0.4383599967637418,0.3749922906664467,0.45420192328806563,0.35915036414212287,0.4700438498123894,0.3433084376177991,0.4238079359786596
2018-10-11,50.0,120.19,CVCB3_GUAR3,0.4160079873533572,0.4056822950665935,0.013798790327695242,0.43327987572198395,0.378084714411203,0.4470786660496792,0.36428592408350774,0.46087745637737443,0.35048713375581253,0.4160079873533572
2018-10-15,49.77,118.22,CVCB3_GUAR3,0.4209947555405177,0.40607005909949934,0.014009406848672173,0.43408887279684366,0.378051245402155,0.44809827964551585,0.3640418385534828,0.46210768649418804,0.35003243170481063,0.4209947555405177
2018-10-16,53.31,125.9,CVCB3_GUAR3,0.42343129467831614,0.40660811419373,0.01425661739556521,0.43512134898486043,0.37809487940259956,0.4493779663804256,0.3638382620070344,0.4636345837759908,0.3495816446114692,0.42343129467831614
2018-10-17,53.6,129.9,CVCB3_GUAR3,0.4126250962278676,0.4065003887581957,0.014192728420083296,0.4348858455983623,0.37811493191802914,0.4490785740184456,0.36392220349794585,0.4632713024385289,0.34972947507786256,0.4126250962278676
2018-10-18,52.55,126.0,CVCB3_GUAR3,0.417063492063492,0.40716113197677684,0.014049613686501717,0.43526035934978025,0.3790619046037734,0.449309973036282,0.36501229091727166,0.4633595867227837,0.35096267723076996,0.417063492063492
2018-10-19,53.25,128.5,CVCB3_GUAR3,0.4143968871595331,0.40763096996493264,0.013967194597358224,0.4355653591596491,0.3796965807702162,0.4495325537570073,0.365729386172858,0.4634997483543655,0.35176219157549976,0.4143968871595331
2018-10-22,55.0,127.5,CVCB3_GUAR3,0.43137254901960786,0.40879147416661327,0.013963038983213504,0.43671755213304025,0.3808653962001863,0.4506805911162538,0.36690235721697273,0.4646436300994673,0.35293931823375924,0.43137254901960786
2018-10-23,54.0,128.15,CVCB3_GUAR3,0.42138119391338275,0.4093108078894597,0.014036977544268131,0.437384762977996,0.38123685280092345,0.45142174052226414,0.3671998752566553,0.4654587180665323,0.3531628977123872,0.42138119391338275
2018-10-24,52.81,126.92,CVCB3_GUAR3,0.41608887488181534,0.4094601810940223,0.014077475617406713,0.43761513232883575,0.3813052298592089,0.45169260794624244,0.3672277542418022,0.4657700835636492,0.35315027862439546,0.41608887488181534
2018-10-25,55.74,129.18,CVCB3_GUAR3,0.4314909428704134,0.41026919790647093,0.01439489274762411,0.43905898340171917,0.3814794124112227,0.45345387614934324,0.3670845196635986,0.46784876889696736,0.3526896269159745,0.4314909428704134
2018-10-26,57.5,129.02,CVCB3_GUAR3,0.44566733839714767,0.4111632398569657,0.01544404980575358,0.44205133946847286,0.3802751402454585,0.4574953892742264,0.36483109043970496,0.47293943907998,0.3493870406339514,0.44566733839714767
2018-10-29,55.89,126.57,CVCB3_GUAR3,0.4415738326617682,0.4123025856735098,0.015968867353741187,0.44424032038099215,0.38036485096602746,0.46020918773473335,0.36439598361228626,0.47617805508847455,0.34842711625854506,0.4415738326617682
2018-10-30,57.75,129.9,CVCB3_GUAR3,0.4445727482678984,0.4132907739661188,0.01671389534097828,0.44671856464807536,0.37986298328416224,0.46343245998905364,0.36314908794318396,0.4801463553300319,0.3464351926022057,0.4445727482678984
2018-10-31,56.6,133.0,CVCB3_GUAR3,0.4255639097744361,0.41428033900019934,0.016220018493069997,0.44672037598633935,0.38184030201405933,0.4629403944794093,0.36562028352098935,0.47916041297247935,0.3494002650279193,0.4255639097744361
2018-11-01,56.91,137.0,CVCB3_GUAR3,0.41540145985401455,0.41530585168702583,0.014873569575910711,0.44505299083884725,0.3855587125352044,0.459926560414758,0.37068514295929367,0.4748001299906687,0.355811573383383,0.41540145985401455
2018-11-05,57.8,139.0,CVCB3_GUAR3,0.4158273381294964,0.4161321571498326,0.013906659533315602,0.4439454762164638,0.3883188380832014,0.4578521357497794,0.3744121785498858,0.471758795283095,0.3605055190165702,0.4158273381294964
2018-11-06,56.85,138.8,CVCB3_GUAR3,0.4095821325648415,0.41659551998776323,0.01334694103158755,0.4432894020509383,0.38990163792458815,0.4566363430825259,0.3765546968930006,0.46998328411411344,0.363207755861413,0.4095821325648415
2018-11-07,56.5,137.51,CVCB3_GUAR3,0.41087920878481565,0.4172184617458452,0.012430530749016682,0.44207952324387856,0.39235740024781185,0.45451005399289524,0.37992686949879517,0.4669405847419119,0.3674963387497785,0.41087920878481565
2018-11-08,56.8,141.0,CVCB3_GUAR3,0.4028368794326241,0.4176705541138264,0.011514612667096625,0.4406997794480197,0.39464132877963315,0.45221439211511627,0.38312671611253657,0.4637290047822129,0.37161210344543993,0.4028368794326241
2018-11-09,55.46,143.86,CVCB3_GUAR3,0.38551369386903933,0.41711325202293714,0.012501479203237131,0.4421162104294114,0.3921102936164629,0.45461768963264854,0.37960881441322575,0.46711916883588567,0.3671073352099886,0.38551369386903933
2018-11-12,56.2,142.83,CVCB3_GUAR3,0.39347476020443883,0.41657472999572276,0.013046239652960779,0.4426672093016443,0.3904822506898012,0.4557134489546051,0.37743601103684044,0.4687596886075659,0.3643897713838796,0.39347476020443883
2018-11-13,56.4,148.2,CVCB3_GUAR3,0.38056680161943324,0.415907221428225,0.0141693850558153,0.4442459915398556,0.3875684513165944,0.4584153765956709,0.3733990662607791,0.4725847616514862,0.3592296812049638,0.38056680161943324
2018-11-14,56.05,156.17,CVCB3_GUAR3,0.35890375872446695,0.4142972567867974,0.016734054723746443,0.4477653662342903,0.3808291473393045,0.46449942095803676,0.36409509261555806,0.4812334756817832,0.3473610378918116,0.35890375872446695
2018-11-16,58.01,160.0,CVCB3_GUAR3,0.3625625,0.4130999446498177,0.01862276981605549,0.45034548428192867,0.3758544050177067,0.46896825409798415,0.35723163520165124,0.48759102391403963,0.33860886538559576,0.3625625
2018-11-19,57.23,157.0,CVCB3_GUAR3,0.36452229299363054,0.41198123680367604,0.020140887607953083,0.4522630120195822,0.3716994615877699,0.47240389962753526,0.3515585739798168,0.4925447872354884,0.3314176863718637,0.36452229299363054
2018-11-21,56.91,160.0,CVCB3_GUAR3,0.3556875,0.41091692357868814,0.021929935953402438,0.454776795485493,0.3670570516718833,0.47670673143889547,0.3451271157184808,0.4986366673922979,0.3231971797650784,0.3556875
2018-11-22,57.76,159.46,CVCB3_GUAR3,0.36222250094067476,0.40968089499788124,0.02324090121613832,0.45616269743015786,0.3631990925656046,0.4794035986462962,0.33995819134946625,0.5026444998624345,0.31671729013332794,0.36222250094067476
2018-11-23,58.15,160.72,CVCB3_GUAR3,0.36180935788949725,0.4083348587917565,0.024415743014789864,0.4571663448213362,0.3595033727621768,0.4815820878361261,0.33508762974738693,0.505997830850916,0.31067188673259705,0.36180935788949725
2018-11-26,57.24,161.0,CVCB3_GUAR3,0.355527950310559,0.40722791191845253,0.025778058492692515,0.45878402890383757,0.3556717949330675,0.48456208739653006,0.329893736440375,0.5103401458892226,0.30411567794768246,0.355527950310559
2018-11-27,59.45,162.08,CVCB3_GUAR3,0.36679417571569595,0.40636051871283485,0.026548306786167524,0.4594571322851699,0.3532639051404998,0.4860054390713374,0.3267155983543323,0.5125537458575049,0.30016729156816474,0.36679417571569595
2018-11-28,61.51,163.0,CVCB3_GUAR3,0.37736196319018406,0.4054931442710455,0.026921569179080677,0.45933628262920684,0.35165000591288414,0.4862578518082875,0.32472843673380347,0.5131794209873682,0.2978068675547228,0.37736196319018406
2018-11-29,60.62,165.59,CVCB3_GUAR3,0.3660849085089679,0.404234209291462,0.02756614086735628,0.45936649102617455,0.3491019275567494,0.4869326318935308,0.32153578668939314,0.5144987727608871,0.2939696458220369,0.3660849085089679
2018-11-30,61.85,165.87,CVCB3_GUAR3,0.37288237776572014,0.4030562687356049,0.02788008580518104,0.45881644034596697,0.34729609712524284,0.486696526151148,0.3194160113200618,0.5145766119563291,0.2915359255148807,0.37288237776572014
2018-12-03,61.09,163.42,CVCB3_GUAR3,0.37382205360421006,0.4017768200757102,0.02802119190407661,0.45781920388386343,0.34573443626755695,0.48584039578794,0.31771324436348036,0.5138615876920166,0.28969205245940377,0.37382205360421006
2018-12-04,58.85,159.5,CVCB3_GUAR3,0.3689655172413793,0.4006758261965513,0.028430895340354884,0.4575376168772611,0.3438140355158415,0.48596851221761594,0.31538314017548663,0.5143994075579709,0.28695224483513176,0.3689655172413793
2018-12-05,59.4,163.99,CVCB3_GUAR3,0.3622172083663638,0.39973474863549907,0.029074304332942523,0.45788335730138413,0.341586139969614,0.48695766163432663,0.3125118356366715,0.5160319659672692,0.28343753130372895,0.3622172083663638
2018-12-06,59.56,165.0,CVCB3_GUAR3,0.360969696969697,0.3982786417147634,0.029528678302075142,0.4573359983189137,0.3392212851106131,0.4868646766209888,0.309692606808538,0.5163933549230639,0.2801639285064628,0.360969696969697
2018-12-07,58.5,164.0,CVCB3_GUAR3,0.3567073170731707,0.39656715797492603,0.029911756084978935,0.4563906701448839,0.3367436458049682,0.48630242622986286,0.3068318897199892,0.5162141823148417,0.2769201336350103,0.3567073170731707
2018-12-10,57.53,160.54,CVCB3_GUAR3,0.3583530584278062,0.39463788127422356,0.029823240205936206,0.454284361686096,0.33499140086235113,0.48410760189203217,0.30516816065641494,0.5139308420979684,0.27534492045047876,0.3583530584278062
2018-12-11,58.52,165.0,CVCB3_GUAR3,0.3546666666666667,0.3929093495414237,0.030091694751018094,0.45309273904345987,0.33272596003938754,0.48318443379447795,0.30263426528836945,0.5132761285454961,0.2725425705373513,0.3546666666666667
2018-12-12,60.27,165.82,CVCB3_GUAR3,0.36346640935954655,0.3915958100915785,0.03020409967456204,0.45200400944070257,0.33118761074245445,0.4822081091152646,0.3009835110678924,0.5124122087898266,0.27077941139333034,0.36346640935954655
2018-12-13,61.65,165.93,CVCB3_GUAR3,0.3715422165973603,0.3903594966179995,0.029981159736727568,0.45032181609145466,0.33039717714454436,0.4803029758281822,0.3004160174078168,0.5102841355649098,0.2704348576710892,0.3715422165973603
2018-12-14,60.65,165.75,CVCB3_GUAR3,0.3659125188536953,0.388921527222384,0.029732624006758992,0.448386775235902,0.329456279208866,0.47811939924266095,0.29972365520210703,0.5078520232494199,0.269991031195348,0.3659125188536953
2018-12-17,59.85,165.0,CVCB3_GUAR3,0.36272727272727273,0.38767408163486916,0.0297593610559896,0.44719280374684833,0.32815535952289,0.476952164802838,0.29839599846690035,0.5067115258588275,0.26863663741091076,0.36272727272727273
2018-12-18,61.0,167.52,CVCB3_GUAR3,0.3641356255969436,0.38635088497320547,0.029595326527740246,0.44554153802868596,0.327160231917725,0.47513686455642623,0.2975649053899847,0.5047321910841664,0.2679695788622445,0.3641356255969436
2018-12-19,59.5,164.0,CVCB3_GUAR3,0.3628048780487805,0.38506108474543665,0.02946564429602133,0.4439923733374793,0.326129796153394,0.47345801763350065,0.29666415185737266,0.502923661929522,0.26719850756135133,0.3628048780487805
2018-12-20,61.05,164.57,CVCB3_GUAR3,0.3709667618642523,0.38355094006655277,0.028565453536288893,0.44068184713913056,0.326420032993975,0.4692473006754194,0.2978545794576861,0.49781275421170834,0.2692891259213972,0.3709667618642523
2018-12-21,61.72,163.29,CVCB3_GUAR3,0.3779778308530835,0.38246585599004523,0.02790839200858416,0.43828264000721356,0.3266490719728769,0.4661910320157977,0.29874067996429277,0.4940994240243819,0.2708322879557086,0.3779778308530835
2018-12-26,61.74,160.78,CVCB3_GUAR3,0.384002985445951,0.3816637087541487,0.027373191637136682,0.43641009202842207,0.3269173254798753,0.4637832836655587,0.29954413384273865,0.4911564753026954,0.27217094220560195,0.384002985445951
2018-12-27,60.48,159.91,CVCB3_GUAR3,0.3782127446688762,0.3803317537991102,0.02615563131456942,0.43264301642824904,0.3280204911699714,0.4587986477428185,0.30186485985540196,0.4849542790573879,0.2757092285408325,0.3782127446688762
2018-12-28,61.18,162.58,CVCB3_GUAR3,0.3763070488374954,0.3785977465601189,0.02391638925246926,0.4264305250650574,0.3307649680551804,0.4503469143175267,0.3068485788027111,0.47426330356999596,0.28293218955024185,0.3763070488374954
