DATA DO PREGAO,Empresa1,Empresa2,Par,Ratio,MA_40,STD_40,BANDA_1_40 SUPERIOR,BANDA_1_40 INFERIOR,BANDA_2_40 SUPERIOR,BANDA_2_40 INFERIOR,BANDA_3_40 SUPERIOR,BANDA_3_40 INFERIOR,PRECO FECHAMENTO
2018-01-02,18.79,21.84,ELET3_ELET6,0.8603479853479853,,,,,,,,,0.8603479853479853
2018-01-03,18.55,21.49,ELET3_ELET6,0.8631921824104235,,,,,,,,,0.8631921824104235
2018-01-04,18.43,21.8,ELET3_ELET6,0.8454128440366973,,,,,,,,,0.8454128440366973
2018-01-05,18.26,21.25,ELET3_ELET6,0.8592941176470589,,,,,,,,,0.8592941176470589
2018-01-08,18.38,21.3,ELET3_ELET6,0.8629107981220656,,,,,,,,,0.8629107981220656
2018-01-09,17.65,20.4,ELET3_ELET6,0.8651960784313726,,,,,,,,,0.8651960784313726
2018-01-10,16.94,19.56,ELET3_ELET6,0.8660531697341515,,,,,,,,,0.8660531697341515
2018-01-11,17.2,20.05,ELET3_ELET6,0.85785536159601,,,,,,,,,0.85785536159601
2018-01-12,16.81,19.77,ELET3_ELET6,0.8502781992918563,,,,,,,,,0.8502781992918563
2018-01-15,17.03,20.11,ELET3_ELET6,0.8468423669816013,,,,,,,,,0.8468423669816013
2018-01-16,17.22,20.3,ELET3_ELET6,0.8482758620689654,,,,,,,,,0.8482758620689654
2018-01-17,17.27,20.58,ELET3_ELET6,0.8391642371234208,,,,,,,,,0.8391642371234208
2018-01-18,17.15,20.11,ELET3_ELET6,0.8528095474888114,,,,,,,,,0.8528095474888114
2018-01-19,17.5,20.7,ELET3_ELET6,0.8454106280193237,,,,,,,,,0.8454106280193237
2018-01-22,18.77,21.58,ELET3_ELET6,0.8697868396663578,,,,,,,,,0.8697868396663578
2018-01-23,18.13,20.65,ELET3_ELET6,0.8779661016949153,,,,,,,,,0.8779661016949153
2018-01-24,19.55,22.65,ELET3_ELET6,0.8631346578366447,,,,,,,,,0.8631346578366447
2018-01-26,20.25,23.83,ELET3_ELET6,0.8497691984892992,,,,,,,,,0.8497691984892992
2018-01-29,20.22,23.65,ELET3_ELET6,0.8549682875264271,,,,,,,,,0.8549682875264271
2018-01-30,20.0,23.3,ELET3_ELET6,0.8583690987124464,,,,,,,,,0.8583690987124464
2018-01-31,20.33,23.69,ELET3_ELET6,0.8581680033769522,,,,,,,,,0.8581680033769522
2018-02-01,20.4,23.48,ELET3_ELET6,0.8688245315161839,,,,,,,,,0.8688245315161839
2018-02-02,19.79,23.0,ELET3_ELET6,0.8604347826086957,,,,,,,,,0.8604347826086957
2018-02-05,19.79,22.95,ELET3_ELET6,0.8623093681917211,,,,,,,,,0.8623093681917211
2018-02-06,20.89,24.21,ELET3_ELET6,0.8628665840561751,,,,,,,,,0.8628665840561751
2018-02-07,21.06,24.87,ELET3_ELET6,0.8468033775633292,,,,,,,,,0.8468033775633292
2018-02-08,21.64,25.57,ELET3_ELET6,0.8463042628079781,,,,,,,,,0.8463042628079781
2018-02-09,21.12,24.9,ELET3_ELET6,0.8481927710843374,,,,,,,,,0.8481927710843374
2018-02-14,21.53,25.0,ELET3_ELET6,0.8612000000000001,,,,,,,,,0.8612000000000001
2018-02-15,21.44,24.98,ELET3_ELET6,0.8582866293034428,,,,,,,,,0.8582866293034428
2018-02-16,21.45,24.9,ELET3_ELET6,0.8614457831325302,,,,,,,,,0.8614457831325302
2018-02-19,21.42,24.85,ELET3_ELET6,0.8619718309859156,,,,,,,,,0.8619718309859156
2018-02-20,22.88,27.0,ELET3_ELET6,0.8474074074074074,,,,,,,,,0.8474074074074074
2018-02-21,23.35,27.35,ELET3_ELET6,0.8537477148080439,,,,,,,,,0.8537477148080439
2018-02-22,23.89,27.95,ELET3_ELET6,0.8547406082289803,,,,,,,,,0.8547406082289803
2018-02-23,24.9,29.23,ELET3_ELET6,0.8518645227505987,,,,,,,,,0.8518645227505987
2018-02-26,24.46,28.49,ELET3_ELET6,0.8585468585468586,,,,,,,,,0.8585468585468586
2018-02-27,24.9,28.83,ELET3_ELET6,0.8636836628511967,,,,,,,,,0.8636836628511967
2018-02-28,24.77,27.9,ELET3_ELET6,0.8878136200716846,,,,,,,,,0.8878136200716846
2018-03-01,24.17,27.9,ELET3_ELET6,0.8663082437275986,0.8579489531311365,0.009505579874183713,0.8769601128795039,0.8389377933827691,0.8864656927536877,0.8294322135085853,0.8959712726278714,0.8199266336344017,0.8663082437275986
2018-03-02,24.71,28.54,ELET3_ELET6,0.865802382620883,0.858085313062959,0.009579710314885264,0.8772447336927295,0.8389258924331885,0.8868244440076147,0.8293461821183032,0.8964041543225001,0.8197664718034179,0.865802382620883
2018-03-05,24.67,28.78,ELET3_ELET6,0.8571924947880473,0.8579353208723995,0.009544605460702543,0.8770245317938046,0.8388461099509945,0.8865691372545071,0.8293015044902919,0.8961137427152097,0.8197568990295894,0.8571924947880473
2018-03-06,24.4,28.37,ELET3_ELET6,0.8600634473034895,0.8583015859540695,0.009330444700730786,0.8769624753555311,0.8396406965526079,0.8862929200562618,0.8303102518518771,0.8956233647569927,0.8209798071511463,0.8600634473034895
2018-03-07,23.65,27.09,ELET3_ELET6,0.873015873015873,0.8586446298382897,0.009615757226523271,0.8778761442913362,0.8394131153852432,0.8874919015178595,0.8297973581587199,0.8971076587443828,0.8201816009321966,0.873015873015873
2018-03-08,23.23,26.31,ELET3_ELET6,0.8829342455340176,0.8591452160235885,0.010337646501243393,0.8798205090260753,0.8384699230211017,0.8901581555273187,0.8281322765198583,0.900495802028562,0.817794630018615,0.8829342455340176
2018-03-09,23.9,26.94,ELET3_ELET6,0.8871566443949517,0.8596942301726779,0.011213294529825744,0.8821208192323293,0.8372676411130264,0.8933341137621551,0.8260543465832006,0.9045474082919809,0.8148410520533749,0.8871566443949517
2018-03-12,24.88,28.15,ELET3_ELET6,0.8838365896980462,0.8601388156717753,0.01180861501546759,0.8837560457027105,0.8365215856408401,0.8955646607181781,0.8247129706253725,0.9073732757336457,0.8129043556099049,0.8838365896980462
2018-03-13,24.48,27.6,ELET3_ELET6,0.8869565217391304,0.8608663446753534,0.012538244481988585,0.8859428336393306,0.8357898557113762,0.8984810781213192,0.8232516112293876,0.9110193226033078,0.810713366747399,0.8869565217391304
2018-03-14,22.8,25.57,ELET3_ELET6,0.8916699256941729,0.8619011378354113,0.013325332841824996,0.8885518035190614,0.8352504721517613,0.9018771363608863,0.8219251393099364,0.9152024692027113,0.8085998064681114,0.8916699256941729
2018-03-15,22.7,25.45,ELET3_ELET6,0.8919449901768173,0.8630287034152916,0.013913676758700763,0.8908560569326931,0.8352013498978901,0.9047697336913939,0.8212876731391893,0.9186834104500946,0.8073739963804886,0.8919449901768173
2018-03-16,22.31,25.4,ELET3_ELET6,0.8783464566929133,0.8637804682808904,0.013908498470117383,0.8915974652211252,0.8359634713406556,0.9055059636912426,0.8220549728705382,0.9194144621613599,0.8081464744004209,0.8783464566929133
2018-03-19,22.24,25.12,ELET3_ELET6,0.8853503184713375,0.8649351203145883,0.013728482096348308,0.8923920845072849,0.8374781561218917,0.9061205666036333,0.8237496740255433,0.9198490486999815,0.8100211919291951,0.8853503184713375
2018-03-20,22.15,25.5,ELET3_ELET6,0.8686274509803921,0.8653305679018779,0.013597441542664708,0.8925254509872074,0.8381356848165484,0.906122892529872,0.8245382432738838,0.9197203340725367,0.8109408017312191,0.8686274509803921
2018-03-21,21.45,24.99,ELET3_ELET6,0.858343337334934,0.8656538856347682,0.01326124317910228,0.8921763719929727,0.8391313992765637,0.905437615172075,0.8258701560974614,0.9186988583511773,0.8126089129183591,0.858343337334934
2018-03-22,21.36,24.98,ELET3_ELET6,0.855084067253803,0.8652863163244543,0.013347234150459159,0.8919807846253727,0.8385918480235359,0.9053280187758318,0.8252446138730768,0.9186752529262909,0.8118973797226177,0.855084067253803
2018-03-23,21.18,24.78,ELET3_ELET6,0.8547215496368038,0.8647052025230015,0.013286900554376873,0.8912790036317553,0.8381314014142478,0.9045659041861321,0.8248445008598709,0.917852804740509,0.8115576003054941,0.8547215496368038
2018-03-26,22.75,26.5,ELET3_ELET6,0.8584905660377359,0.8645891002280288,0.013321221967559258,0.8912315441631473,0.8379466562929103,0.9045527661307066,0.8246254343253511,0.9178739880982658,0.8113042123577918,0.8584905660377359
2018-03-27,22.17,25.46,ELET3_ELET6,0.870777690494894,0.8651143125281688,0.013134783022801754,0.8913838785737723,0.8388447464825654,0.9045186615965741,0.8257099634597636,0.9176534446193758,0.8125751804369619,0.870777690494894
2018-03-28,21.11,24.3,ELET3_ELET6,0.8687242798353909,0.8654582123358929,0.013042079662208494,0.8915423716603099,0.8393740530114759,0.9045844513225184,0.8263319733492674,0.9176265309847269,0.813289893687059,0.8687242798353909
2018-03-29,21.0,24.1,ELET3_ELET6,0.871369294605809,0.865783217233227,0.013022857684938438,0.8918289326031039,0.8397375018633502,0.9048517902880424,0.8267146441784117,0.9178746479729808,0.8136917864934733,0.871369294605809
2018-04-02,20.93,23.61,ELET3_ELET6,0.8864887759423973,0.8664912365473632,0.013363627534563069,0.8932184916164893,0.839763981478237,0.9065821191510524,0.826400353943674,0.9199457466856155,0.8130367264091108,0.8864887759423973
2018-04-03,21.3,24.09,ELET3_ELET6,0.8841843088418431,0.8668752309805047,0.013650000063151672,0.894175231106808,0.8395752308542014,0.9078252311699597,0.8259252307910496,0.9214752312331114,0.812275230727898,0.8841843088418431
2018-04-04,21.62,24.9,ELET3_ELET6,0.868273092369478,0.8670711887245244,0.013611379318350514,0.8942939473612254,0.8398484300878234,0.9079053266795759,0.8262370507694728,0.9215167059979265,0.8126256714511223,0.868273092369478
2018-04-05,22.35,25.7,ELET3_ELET6,0.869649805447471,0.8672546996559181,0.013595006162626625,0.8944447119811713,0.8400646873306649,0.9080397181437979,0.8264696811680382,0.9216347243064246,0.8128746750054116,0.869649805447471
2018-04-06,20.3,23.6,ELET3_ELET6,0.8601694915254237,0.8671872723426493,0.013623985511933057,0.8944352433665154,0.8399393013187831,0.9080592288784484,0.8263153158068501,0.9216832143903815,0.812691330294917,0.8601694915254237
2018-04-09,18.36,22.01,ELET3_ELET6,0.8341662880508859,0.8668713451048383,0.014241323138240837,0.89535399138132,0.8383886988283566,0.9095953145195609,0.8241473756901158,0.9238366376578017,0.809906052551875,0.8341662880508859
2018-04-10,19.02,23.07,ELET3_ELET6,0.8244473342002601,0.8663249218896454,0.015421135012773883,0.8971671919151931,0.8354826518640976,0.912588326927967,0.8200615168513238,0.928009461940741,0.8046403818385498,0.8244473342002601
2018-04-11,18.69,23.15,ELET3_ELET6,0.8073434125269979,0.8653036879257119,0.0178188689961036,0.900941425917919,0.8296659499335047,0.9187602949140227,0.8118470809374011,0.9365791639101263,0.7940282119412975,0.8073434125269979
2018-04-12,19.28,23.4,ELET3_ELET6,0.823931623931624,0.8643719785240025,0.01897573060509045,0.9023234397341834,0.8264205173138216,0.9212991703392739,0.8074447867087311,0.9402749009443643,0.7884690561036407,0.823931623931624
2018-04-13,19.22,23.06,ELET3_ELET6,0.8334778837814397,0.8637517598859524,0.019575679898693608,0.9029031196833397,0.8246004000885652,0.9224787995820333,0.8050247201898716,0.9420544794807268,0.785449040291178,0.8334778837814397
2018-04-16,18.53,22.07,ELET3_ELET6,0.8396012686905302,0.8632056470249024,0.01994291958556825,0.903091486196039,0.8233198078537659,0.9230344057816072,0.8033768882681976,0.9429773253671754,0.7834339686826295,0.8396012686905302
2018-04-17,18.48,21.6,ELET3_ELET6,0.8555555555555555,0.8630452401391434,0.01997886961008387,0.9030029793593112,0.8230875009189756,0.9229818489693951,0.8031086313088918,0.9429607185794788,0.783129761698808,0.8555555555555555
2018-04-18,18.75,22.19,ELET3_ELET6,0.8449752140603876,0.8629844353054679,0.020031315320819486,0.9030470659471068,0.8229218046638289,0.9230783812679263,0.8028904893430094,0.9431096965887458,0.78285917402219,0.8449752140603876
2018-04-19,18.85,22.4,ELET3_ELET6,0.8415178571428572,0.8626786888638381,0.02026785245527493,0.903214393774388,0.8221429839532883,0.9234822462296629,0.8018751314980134,0.9437500986849379,0.7816072790427384,0.8415178571428572
2018-04-20,18.07,21.45,ELET3_ELET6,0.8424242424242425,0.8623707797187198,0.020483943078412448,0.9033386658755447,0.8214028935618949,0.9238226089539572,0.8009189504834824,0.9443065520323696,0.78043500740507,0.8424242424242425
2018-04-23,17.99,21.35,ELET3_ELET6,0.842622950819672,0.8621397404204467,0.02065687020625094,0.9034534808329486,0.8208260000079448,0.9241103510391996,0.8001691298016939,0.9447672212454505,0.7795122595954429,0.842622950819672
2018-04-24,17.75,21.34,ELET3_ELET6,0.8317713214620431,0.8614703519933263,0.021202898941381505,0.9038761498760893,0.8190645541105633,0.9250790488174708,0.7978616551691818,0.9462819477588523,0.7766587562278003,0.8317713214620431
2018-04-25,18.05,22.03,ELET3_ELET6,0.8193372673626872,0.8603616921061136,0.02221923803935856,0.9048001681848307,0.8159232160273965,0.9270194062241892,0.7937039779880379,0.9492386442635479,0.7714847399486793,0.8193372673626872
2018-04-26,18.47,22.09,ELET3_ELET6,0.8361249434133091,0.8590694751896543,0.0220843985299411,0.9032382722495365,0.8149006781297721,0.9253226707794776,0.7928162795998309,0.9474070693094186,0.7707318810698899,0.8361249434133091
2018-04-27,19.25,23.33,ELET3_ELET6,0.8251178739819975,0.858039715946014,0.0226902220945864,0.9034201601351868,0.8126592717568413,0.9261103822297733,0.7899690496622548,0.9488006043243596,0.7672788275676684,0.8251178739819975
2018-04-30,19.07,22.8,ELET3_ELET6,0.8364035087719298,0.8573047440997902,0.02290742802592236,0.903119600151635,0.8114898880479454,0.9260270281775572,0.7885824600220231,0.9489344562034796,0.7656750319961008,0.8364035087719298
2018-05-02,19.92,23.3,ELET3_ELET6,0.8549356223175966,0.857248322288029,0.02291049076298213,0.9030693038139933,0.8114273407620648,0.9259797945769754,0.7885168499990827,0.9488902853399576,0.7656063592361005,0.8549356223175966
2018-05-03,19.6,22.5,ELET3_ELET6,0.8711111111111112,0.8575245138832196,0.023011665718376265,0.9035478453199721,0.8115011824464671,0.9265595110383484,0.7884895167280908,0.9495711767567246,0.7654778510097145,0.8711111111111112
2018-05-04,20.11,23.16,ELET3_ELET6,0.868307426597582,0.8574068027227624,0.022942329240597095,0.9032914612039565,0.8115221442415682,0.9262337904445537,0.7885798150009711,0.9491761196851507,0.765637485760374,0.868307426597582
2018-05-07,18.27,21.29,ELET3_ELET6,0.8581493658994833,0.8567871807318991,0.022566830762290938,0.901920842256481,0.8116535192073172,0.9244876730187719,0.7890866884450263,0.9470545037810628,0.7665198576827353,0.8581493658994833
2018-05-08,18.31,21.27,ELET3_ELET6,0.8608368594264222,0.8561291861076858,0.022036094791552364,0.9002013756907906,0.8120569965245811,0.922237470482343,0.7900209017330287,0.9442735652738953,0.7679848069414764,0.8608368594264222
2018-05-09,18.65,21.74,ELET3_ELET6,0.8578656853725851,0.8554799134995493,0.021576603242579366,0.8986331199847081,0.8123267070143906,0.9202097232272874,0.7907501037718112,0.9417863264698668,0.7691735005292318,0.8578656853725851
2018-05-10,19.26,22.53,ELET3_ELET6,0.8548601864181092,0.8546775051165237,0.020964130121857747,0.8966057653602393,0.8127492448728082,0.917569895482097,0.7917851147509505,0.9385340256039547,0.7708209846290928,0.8548601864181092
2018-05-11,18.9,21.76,ELET3_ELET6,0.8685661764705881,0.8540999113859341,0.020224006266965407,0.8945479239198649,0.8136518988520033,0.9147719301868303,0.7934278925850379,0.9349959364537958,0.7732038863180725,0.8685661764705881
2018-05-14,18.38,21.0,ELET3_ELET6,0.8752380952380951,0.8536822390124661,0.01958479366254971,0.8928518263375655,0.8145126516873666,0.9124366200001153,0.7949278580248169,0.9320214136626649,0.7753430643622673,0.8752380952380951
2018-05-15,18.81,21.76,ELET3_ELET6,0.8644301470588234,0.8533343312716137,0.019256270288229,0.8918468718480718,0.8148217906951557,0.9111031421363007,0.7955655204069267,0.9303594124245297,0.7763092501186978,0.8644301470588234
2018-05-16,18.75,21.29,ELET3_ELET6,0.8806951620479099,0.8532179523610279,0.019070990006627785,0.8913599323742835,0.8150759723477724,0.9104309223809113,0.7960049823411446,0.9295019123875391,0.7769339923345168,0.8806951620479099
2018-05-17,18.99,21.05,ELET3_ELET6,0.9021377672209026,0.8540557102670407,0.020451334254852068,0.8949583787767449,0.8131530417573366,0.9154097130315969,0.7927017075024846,0.935861047286449,0.7722503732476325,0.9021377672209026
2018-05-18,18.45,20.23,ELET3_ELET6,0.9120118635689569,0.8553974234228912,0.0224068156019217,0.9002110546267346,0.8105837922190477,0.9226178702286563,0.788176976617126,0.945024685830578,0.7657701610152043,0.9120118635689569
2018-05-21,17.71,19.95,ELET3_ELET6,0.8877192982456141,0.8562133041976864,0.02298189308092641,0.9021770903595392,0.8102495180358336,0.9251589834404657,0.7872676249549071,0.948140876521392,0.7642857318739807,0.8877192982456141
2018-05-22,18.04,20.7,ELET3_ELET6,0.8714975845410627,0.8566327050702928,0.02310670730906742,0.9028461196884277,0.8104192904521579,0.925952826997495,0.7873125831430905,0.9490595343065624,0.7642058758340231,0.8714975845410627
2018-05-23,15.97,18.75,ELET3_ELET6,0.8517333333333333,0.8564637742526827,0.023117474617648074,0.9026987234879789,0.8102288250173866,0.925816198105627,0.7871113503997385,0.948933672723275,0.7639938757820904,0.8517333333333333
2018-05-24,15.25,17.53,ELET3_ELET6,0.869937250427838,0.8564427632510062,0.023104509704524552,0.9026517826600553,0.8102337438419571,0.9257562923645799,0.7871292341374325,0.9488608020691044,0.764024724432908,0.869937250427838
2018-05-25,15.06,18.07,ELET3_ELET6,0.8334255672385169,0.8555602954360844,0.023296704985272625,0.9021537054066296,0.8089668854655391,0.9254504103919022,0.7856701804802665,0.9487471153771748,0.7623734754949939,0.8334255672385169
2018-05-28,14.0,16.35,ELET3_ELET6,0.856269113149847,0.8551827908996854,0.023155881816043927,0.9014945545317733,0.8088710272675975,0.9246504363478172,0.7857151454515536,0.9478063181638611,0.7625592636355097,0.856269113149847
2018-05-29,14.3,16.6,ELET3_ELET6,0.8614457831325301,0.8545567160794387,0.022620096141998784,0.8997969083634363,0.8093165237954412,0.9224170045054351,0.7866964276534424,0.9450371006474338,0.7640763315114436,0.8614457831325301
2018-05-30,14.63,16.75,ELET3_ELET6,0.8734328358208956,0.854287929253915,0.022320914085428075,0.8989297574247711,0.8096461010830588,0.9212506715101991,0.7873251869976308,0.9435715855956273,0.7650042729122026,0.8734328358208956
2018-06-01,15.15,17.36,ELET3_ELET6,0.8726958525345623,0.854398498258042,0.022402771606635424,0.8992040414713129,0.8095929550447711,0.9216068130779483,0.7871901834381357,0.9440095846845837,0.7647874118315003,0.8726958525345623
2018-06-04,16.26,18.9,ELET3_ELET6,0.8603174603174605,0.8541651896297917,0.022288169378151486,0.8987415283860947,0.8095888508734888,0.9210296977642461,0.7873006814953373,0.9433178671423976,0.7650125121171858,0.8603174603174605
2018-06-05,14.99,17.36,ELET3_ELET6,0.863479262672811,0.8542479339084764,0.022317156632204842,0.8988822471728861,0.8096136206440667,0.9211994038050909,0.7872964640118619,0.9435165604372958,0.764979307379657,0.863479262672811
2018-06-06,14.32,16.26,ELET3_ELET6,0.8806888068880688,0.8554109968794059,0.022455598565412647,0.9003221940102312,0.8104997997485807,0.9227777925756439,0.788044201183168,0.9452333911410565,0.7655886026177553,0.8806888068880688
2018-06-07,13.41,15.38,ELET3_ELET6,0.8719115734720416,0.8565976028612005,0.02202743140713635,0.9006524656754732,0.8125427400469277,0.9226798970826096,0.7905153086397914,0.9447073284897458,0.7684878772326551,0.8719115734720416
2018-06-08,12.9,14.64,ELET3_ELET6,0.8811475409836066,0.8584427060726156,0.020855823513947953,0.9001543531005115,0.8167310590447198,0.9210101766144595,0.7958752355307718,0.9418660001284075,0.7750194120168238,0.8811475409836066
2018-06-11,13.48,14.95,ELET3_ELET6,0.9016722408026756,0.860386221494392,0.021177114763166496,0.902740451020725,0.8180319919680591,0.9239175657838915,0.7968548772048926,0.945094680547058,0.775677762441726,0.9016722408026756
2018-06-12,13.8,15.84,ELET3_ELET6,0.8712121212121212,0.861329577430159,0.02078453693430299,0.902898651298765,0.8197605035615531,0.923683188233068,0.79897596662725,0.944467725167371,0.7781914296929471,0.8712121212121212
2018-06-13,14.26,16.65,ELET3_ELET6,0.8564564564564565,0.8617509571243073,0.020501661921900866,0.9027542809681091,0.8207476332805055,0.9232559428900099,0.8002459713586046,0.9437576048119107,0.7797443094367038,0.8564564564564565
2018-06-14,14.19,16.35,ELET3_ELET6,0.8678899082568806,0.8620593159418404,0.020498847894350428,0.9030570117305412,0.8210616201531395,0.9235558596248916,0.8005627722587891,0.944054707519242,0.7800639243644387,0.8678899082568806
2018-06-15,13.0,15.01,ELET3_ELET6,0.866089273817455,0.862587167435767,0.020318702241411586,0.9032245719185902,0.8219497629529439,0.9235432741600018,0.8016310607115322,0.9438619764014133,0.7813123584701207,0.866089273817455
2018-06-18,12.99,15.0,ELET3_ELET6,0.866,0.8631992210071957,0.020034511235360236,0.9032682434779162,0.8231301985364752,0.9233027547132764,0.803095687301115,0.9433372659486366,0.7830611760657548,0.866
2018-06-19,13.4,15.63,ELET3_ELET6,0.8573256557901471,0.8635717563413433,0.019775166832827627,0.9031220900069986,0.824021422675688,0.9228972568398262,0.8042462558428605,0.9426724236726538,0.7844710890100328,0.8573256557901471
2018-06-20,13.5,15.84,ELET3_ELET6,0.8522727272727273,0.8638130007526696,0.01957085703470999,0.9029547148220897,0.8246712866832496,0.9225255718567996,0.8051004296485397,0.9420964288915096,0.7855295726138297,0.8522727272727273
2018-06-21,12.38,14.72,ELET3_ELET6,0.8410326086956522,0.8640445329335098,0.01923395243348349,0.9025124378004767,0.8255766280665429,0.9217463902339603,0.8063426756330593,0.9409803426674438,0.7871087231995758,0.8410326086956522
2018-06-22,12.87,15.22,ELET3_ELET6,0.8455978975032851,0.8647010486870247,0.018082538941892812,0.9008661265708103,0.828535970803239,0.9189486655127032,0.8104534318613462,0.937031204454596,0.7923708929194534,0.8455978975032851
2018-06-25,12.84,15.07,ELET3_ELET6,0.8520238885202389,0.8650985223146979,0.017606778673254463,0.9003120796612067,0.829884964968189,0.9179188583344613,0.8122781862949344,0.9355256370077157,0.79467140762168,0.8520238885202389
2018-06-26,12.5,14.45,ELET3_ELET6,0.8650519031141869,0.8660968730430026,0.01637041524768845,0.8988377035383796,0.8333560425476257,0.915208118786068,0.8169856272999373,0.9315785340337565,0.8006152120522488,0.8650519031141869
2018-06-27,11.99,13.72,ELET3_ELET6,0.8739067055393586,0.8670344529621884,0.01568582953315142,0.8984061120284912,0.8356627938958856,0.9140919415616426,0.8199769643627342,0.9297777710947941,0.8042911348295827,0.8739067055393586
2018-06-28,12.33,13.97,ELET3_ELET6,0.8826055833929849,0.8677262019890731,0.01574858757106681,0.8992233771312067,0.8362290268469396,0.9149719647022736,0.8204804392758727,0.9307205522733404,0.8047318517048059,0.8826055833929849
2018-06-29,12.19,13.55,ELET3_ELET6,0.899630996309963,0.8684391991190445,0.0165318853559423,0.9015029698309291,0.83537542840716,0.9180348551868714,0.8188435430512176,0.9345667405428137,0.8023116576952753,0.899630996309963
2018-07-02,13.06,14.68,ELET3_ELET6,0.8896457765667576,0.8689726578682739,0.01686837774108551,0.902709413350445,0.8352359023861029,0.9195777910915305,0.8183675246450174,0.936446168832616,0.8014991469039319,0.8896457765667576
2018-07-03,13.4,15.35,ELET3_ELET6,0.8729641693811075,0.8693430279553145,0.01678708759890754,0.9029172031531296,0.8357688527574993,0.9197042907520371,0.8189817651585919,0.9364913783509446,0.8021946775596843,0.8729641693811075
2018-07-04,15.81,17.9,ELET3_ELET6,0.8832402234636872,0.8699031120562462,0.016869541255016735,0.9036421945662796,0.8361640295462127,0.9205117358212964,0.8192944882911959,0.9373812770763131,0.8024249470361792,0.8832402234636872
2018-07-05,14.45,16.8,ELET3_ELET6,0.8601190476190476,0.8699594461124077,0.016832033561455913,0.9036235132353195,0.8362953789894959,0.9204555467967754,0.81946334542804,0.9372875803582313,0.8026313118665841,0.8601190476190476
2018-07-06,14.53,16.84,ELET3_ELET6,0.8628266033254156,0.8701586065350904,0.016695370160228356,0.9035493468555471,0.8367678662146336,0.9202447170157755,0.8200724960544052,0.9369400871760037,0.803377125894177,0.8628266033254156
2018-07-10,14.13,16.56,ELET3_ELET6,0.8532608695652175,0.8697759738624562,0.016906849907049656,0.9035896736765555,0.8359622740483569,0.9204965235836051,0.8190554241413073,0.9374033734906548,0.8021485742342576,0.8532608695652175
2018-07-11,14.44,16.92,ELET3_ELET6,0.8534278959810874,0.8692307188810309,0.017077015695945386,0.9033847502729216,0.8350766874891401,0.920461765968867,0.8179996717931948,0.9375387816648124,0.8009226560972493,0.8534278959810874
2018-07-12,14.6,16.75,ELET3_ELET6,0.8716417910447761,0.8694110099806795,0.017063096873780836,0.9035372037282412,0.8352848162331179,0.920600300602022,0.8182217193593371,0.9376633974758029,0.8011586224855562,0.8716417910447761
2018-07-13,14.64,16.64,ELET3_ELET6,0.8798076923076923,0.8693888232371743,0.01704861897370026,0.9034860611845748,0.8352915852897738,0.920534680158275,0.8182429663160735,0.9375832991319752,0.8011943473423733,0.8798076923076923
2018-07-16,14.86,17.05,ELET3_ELET6,0.8715542521994134,0.8686242353616371,0.01620728936452354,0.9010388140906842,0.8362096566325901,0.9172461034552077,0.8200023672680665,0.9334533928197313,0.803795077903543,0.8715542521994134
2018-07-17,15.2,17.14,ELET3_ELET6,0.8868144690781796,0.8679943004993678,0.014915916913329203,0.8978261343260262,0.8381624666727093,0.9127420512393554,0.8232465497593802,0.9276579681526845,0.808330632846051,0.8868144690781796
2018-07-18,16.02,17.84,ELET3_ELET6,0.897982062780269,0.8682508696127342,0.01534597229324555,0.8989428141992253,0.8375589250262432,0.9142887864924709,0.8222129527329975,0.9296347587857164,0.806866980439752,0.897982062780269
2018-07-19,16.35,18.3,ELET3_ELET6,0.8934426229508197,0.8687994955729783,0.015849047063506327,0.9004975896999909,0.8371014014459657,0.9163466367634973,0.8212523543824594,0.9321956838270036,0.805403307318953,0.8934426229508197
2018-07-20,17.27,19.2,ELET3_ELET6,0.8994791666666667,0.8699931414063116,0.016321683021750903,0.9026365074498134,0.8373497753628097,0.9189581904715642,0.8210280923410589,0.9352798734933152,0.8047064093193079,0.8994791666666667
2018-07-23,16.9,18.9,ELET3_ELET6,0.8941798941798942,0.8705992075001129,0.01676366596844669,0.9041265394370063,0.8370718755632195,0.920890205405453,0.8203082095947728,0.9376538713738997,0.8035445436263261,0.8941798941798942
2018-07-24,17.15,19.3,ELET3_ELET6,0.88860103626943,0.8719785942258858,0.015872793503460467,0.9037241812328067,0.8402330072189648,0.9195969747362671,0.8243602137155044,0.9354697682397276,0.8084874202120439,0.88860103626943
2018-07-25,17.92,20.19,ELET3_ELET6,0.8875681030212977,0.8727610689726719,0.015849962945977753,0.9044609948646274,0.8410611430807164,0.9203109578106052,0.8252111801347386,0.936160920756583,0.8093612171887609,0.8875681030212977
2018-07-26,16.85,19.03,ELET3_ELET6,0.8854440357330531,0.8733610252876849,0.01586485855284524,0.9050907423933754,0.8416313081819944,0.9209556009462206,0.8257664496291491,0.9368204594990659,0.8099015910763039,0.8854440357330531
2018-07-27,16.79,18.85,ELET3_ELET6,0.8907161803713527,0.8737931089014463,0.01610047311012455,0.9059940551216954,0.8415921626811973,0.92209452823182,0.8254916895710727,0.9381950013419446,0.8093912164609481,0.8907161803713527
2018-07-30,16.69,18.82,ELET3_ELET6,0.8868225292242295,0.8741462758186881,0.01623020047270189,0.9066066767640919,0.8416858748732843,0.9228368772367938,0.8254556744005824,0.9390670777094956,0.8092254739278806,0.8868225292242295
2018-07-31,17.27,19.28,ELET3_ELET6,0.8957468879668049,0.8750320115099217,0.016421785160460858,0.9078755818308434,0.842188441189,0.9242973669913043,0.8257666560285392,0.9407191521517652,0.8093448708680783,0.8957468879668049
2018-08-01,17.45,19.45,ELET3_ELET6,0.897172236503856,0.8758743358556978,0.01667615311920075,0.9092266420940993,0.8425220296172964,0.9259027952133001,0.8258458764980956,0.9425789483325009,0.8091697233788948,0.897172236503856
2018-08-02,17.25,19.25,ELET3_ELET6,0.8961038961038961,0.8762597130860936,0.01696586662523992,0.9101914463365735,0.8423279798356138,0.9271573129618134,0.8253621132103739,0.9441231795870533,0.808396246585134,0.8961038961038961
2018-08-03,17.85,19.89,ELET3_ELET6,0.8974358974358975,0.87689782118519,0.017275313475310868,0.9114484481358117,0.8423471942345683,0.9287237616111226,0.8250718807592574,0.9459990750864334,0.8077965672839466,0.8974358974358975
2018-08-06,17.1,19.15,ELET3_ELET6,0.8929503916449087,0.8771928924517226,0.017449681496649442,0.9120922554450215,0.8422935294584237,0.929541936941671,0.8248438479617742,0.9469916184383204,0.8073941664651249,0.8929503916449087
2018-08-07,16.32,18.64,ELET3_ELET6,0.8755364806866953,0.8765394984488232,0.016992903680558575,0.9105253058099403,0.8425536910877061,0.9275182094904989,0.8255607874071474,0.9445111131710575,0.8085678837265888,0.8755364806866953
2018-08-08,16.22,18.19,ELET3_ELET6,0.8916987355689938,0.8770516638077449,0.01713634706011304,0.911324357927971,0.8427789696875189,0.928460704988084,0.8256426226274058,0.9455970520481971,0.8085062755672927,0.8916987355689938
2018-08-09,16.0,17.91,ELET3_ELET6,0.8933556672250139,0.877974144076959,0.016991808282549162,0.9119577606420572,0.8439905275118607,0.9289495689246065,0.8269987192293115,0.9459413772071557,0.8100069109467622,0.8933556672250139
2018-08-10,15.22,17.25,ELET3_ELET6,0.8823188405797102,0.8783348673850296,0.016925265686019788,0.9121853987570692,0.8444843360129901,0.929110664443089,0.8275590703269703,0.9460359301291088,0.8106338046409505,0.8823188405797102
2018-08-13,15.12,17.35,ELET3_ELET6,0.8714697406340056,0.8784693790554433,0.01684664753308678,0.9121626741216169,0.8447760839892697,0.9290093216547036,0.827929436456183,0.9458559691877905,0.8110827889230962,0.8714697406340056
2018-08-14,15.08,17.42,ELET3_ELET6,0.8656716417910447,0.8784611701002195,0.01685295816736004,0.9121670864349396,0.8447552537654994,0.9290200446022996,0.8279022955981394,0.9458730027696597,0.8110493374307793,0.8656716417910447
2018-08-15,15.25,17.68,ELET3_ELET6,0.8625565610859729,0.8785919427326151,0.0167043893541681,0.9120007214409513,0.8451831640242788,0.9287051107951194,0.8284787746701108,0.9454095001492875,0.8117743853159427,0.8625565610859729
2018-08-16,16.46,18.94,ELET3_ELET6,0.8690601900739177,0.8790116293026449,0.016230342001365437,0.9114723133053757,0.846550945299914,0.9277026553067412,0.8303206032985485,0.9439329973081066,0.8140902612971831,0.8690601900739177
2018-08-17,16.18,18.8,ELET3_ELET6,0.8606382978723404,0.8795017715320622,0.01532477446452129,0.9101513204611048,0.8488522226030196,0.9254760949256261,0.8335274481384983,0.9408008693901474,0.818202673673977,0.8606382978723404
2018-08-20,15.82,18.49,ELET3_ELET6,0.8555976203353165,0.8797517646028631,0.014831131232689499,0.909414027068242,0.8500895021374841,0.9242451583009316,0.8352583709047946,0.9390762895336211,0.8204272396721051,0.8555976203353165
2018-08-21,14.78,17.5,ELET3_ELET6,0.8445714285714285,0.8795654531041428,0.015229835886667457,0.9100251248774777,0.8491057813308079,0.9252549607641452,0.8338759454441405,0.9404847966508126,0.818646109557473,0.8445714285714285
2018-08-22,15.46,17.84,ELET3_ELET6,0.8665919282511211,0.8796039537325662,0.015194109913201602,0.9099921735589693,0.849215733906163,0.925186283472171,0.8340216239929613,0.9403803933853726,0.8188275140797597,0.8665919282511211
2018-08-23,14.96,17.29,ELET3_ELET6,0.8652400231347601,0.8793872866724511,0.015338542158829675,0.9100643709901105,0.8487102023547918,0.9254029131489402,0.8333716601959621,0.9407414553077699,0.8180331180371324,0.8652400231347601
2018-08-24,14.65,17.07,ELET3_ELET6,0.8582308142940832,0.8787779174449785,0.015687615401368774,0.910153148247716,0.8474026866422409,0.9258407636490847,0.8317150712408722,0.9415283790504536,0.8160274558395033,0.8582308142940832
2018-08-27,15.61,18.21,ELET3_ELET6,0.85722130697419,0.8777176752115841,0.015675247362682724,0.9090681699369495,0.8463671804862186,0.9247434172996323,0.8306919331235358,0.9404186646623149,0.8150166857608532,0.85722130697419
2018-08-28,15.57,18.19,ELET3_ELET6,0.8559648158328752,0.876875651193237,0.01592077253527769,0.9087171962637923,0.8450341061226816,0.92463796879907,0.8291133335874039,0.9405587413343477,0.8131925610521262,0.8559648158328752
2018-08-29,16.95,19.66,ELET3_ELET6,0.8621566632756866,0.8766054635406014,0.016079767337364312,0.9087649982153301,0.8444459288658728,0.9248447655526943,0.8283661615285085,0.9409245328900586,0.8122863941911442,0.8621566632756866
2018-08-30,15.84,18.42,ELET3_ELET6,0.8599348534201954,0.876022829289514,0.016254473532597798,0.9085317763547096,0.8435138822243184,0.9247862498873074,0.8272594086917207,0.9410407234199052,0.8110049351591229,0.8599348534201954
2018-08-31,15.82,18.1,ELET3_ELET6,0.8740331491712706,0.8763706818283195,0.016053034686390567,0.9084767512011006,0.8442646124555383,0.9245297858874911,0.8282115777691478,0.9405828205738818,0.8121585430827571,0.8740331491712706
2018-09-03,15.35,17.5,ELET3_ELET6,0.8771428571428571,0.8767285881737555,0.015902206988577774,0.908533002150911,0.8449241741966,0.9244352091394888,0.8290219672080222,0.9403374161280666,0.8131197602194444,0.8771428571428571
2018-09-04,14.94,17.4,ELET3_ELET6,0.8586206896551725,0.8768625836760044,0.01572094085841717,0.9083044653928388,0.8454207019591701,0.924025406251256,0.8296997611007529,0.9397463471096731,0.8139788202423358,0.8586206896551725
2018-09-05,15.32,17.69,ELET3_ELET6,0.8660260033917467,0.8771775363612709,0.015361498954154212,0.9079005342695794,0.8464545384529625,0.9232620332237336,0.8310930394988083,0.9386235321778877,0.8157315405446541,0.8660260033917467
2018-09-06,16.05,18.83,ELET3_ELET6,0.8523632501327669,0.8766955728384709,0.01583477439537895,0.9083651216292288,0.845026024047713,0.9241998960246077,0.829191249652334,0.9400346704199867,0.8133564752569551,0.8523632501327669
2018-09-10,15.89,18.8,ELET3_ELET6,0.8452127659574468,0.8758306996797147,0.016587317323970122,0.909005334327655,0.8426560650317745,0.9255926516516251,0.8260687477078044,0.9421799689755952,0.8094814303838342,0.8452127659574468
2018-09-11,14.81,17.81,ELET3_ELET6,0.8315553060078609,0.874830726024926,0.01799747085762551,0.9108256677401769,0.838835784309675,0.9288231385978025,0.8208383134520494,0.946820609455428,0.8028408425944239,0.8315553060078609
2018-09-12,15.51,18.3,ELET3_ELET6,0.8475409836065574,0.8738488888881353,0.018393845898616073,0.9106365806853675,0.8370611970909031,0.9290304265839835,0.8186673511922871,0.9474242724825995,0.800273505293671,0.8475409836065574
2018-09-13,15.24,18.04,ELET3_ELET6,0.844789356984479,0.8725190712432405,0.018526708941794066,0.9095724891268286,0.8354656533596523,0.9280991980686226,0.8169389444178583,0.9466259070104167,0.7984122354760642,0.844789356984479
2018-09-14,14.71,17.51,ELET3_ELET6,0.8400913763563678,0.8711852900783791,0.018898460333522358,0.9089822107454238,0.8333883694113343,0.9278806710789461,0.814489909077812,0.9467791314124685,0.7955914487442897,0.8400913763563678
2018-09-17,15.31,18.2,ELET3_ELET6,0.8412087912087912,0.8697285306919322,0.018907386585207013,0.9075433038623463,0.8319137575215182,0.9264506904475532,0.8130063709363112,0.9453580770327603,0.7940989843511042,0.8412087912087912
2018-09-18,15.97,18.98,ELET3_ELET6,0.8414120126448894,0.8684093336535572,0.018998263224711775,0.9064058601029807,0.8304128072041337,0.9254041233276925,0.8114145439794219,0.9444023865524043,0.7924162807547102,0.8414120126448894
2018-09-19,15.22,18.12,ELET3_ELET6,0.8399558498896247,0.8671932039940622,0.019228159936026,0.9056495238661142,0.8287368841220102,0.9248776838021402,0.8095087241859842,0.9441058437381662,0.7902805642499582,0.8399558498896247
2018-09-20,15.38,18.15,ELET3_ELET6,0.8473829201101929,0.8661885744212846,0.019186067902316657,0.9045607102259179,0.8278164386166513,0.9237467781282346,0.8086303707143346,0.9429328460305513,0.7894443028120179,0.8473829201101929
2018-09-21,15.85,18.81,ELET3_ELET6,0.8426368952684743,0.8651183959096702,0.01927812655759743,0.903674649024865,0.8265621427944754,0.9229527755824625,0.807284016236878,0.9422309021400599,0.7880058896792805,0.8426368952684743
2018-09-24,15.39,18.31,ELET3_ELET6,0.8405243036592027,0.8638635989918665,0.019202592353931566,0.9022687836997296,0.8254584142840034,0.9214713760536611,0.8062558219300718,0.9406739684075928,0.7870532295761402,0.8405243036592027
2018-09-25,15.23,18.3,ELET3_ELET6,0.83224043715847,0.8624990466902224,0.019466785874399702,0.9014326184390218,0.823565474941423,0.9208994043134214,0.8040986890670233,0.9403661901878212,0.7846319031926235,0.83224043715847
2018-09-26,15.15,18.29,ELET3_ELET6,0.8283214871514489,0.8608134116698384,0.0194331901840872,0.8996797920380127,0.821947031301664,0.9191129822221,0.8025138411175767,0.9385461724061872,0.7830806509334896,0.8283214871514489
2018-09-27,15.76,18.86,ELET3_ELET6,0.8356309650053022,0.8592748798823745,0.018909917776852265,0.897094715436079,0.82145504432867,0.9160046332129312,0.8025451265518178,0.9349145509897836,0.7836352087749654,0.8356309650053022
2018-09-28,15.51,18.62,ELET3_ELET6,0.8329752953813103,0.8576966648643098,0.018384410777723525,0.8944654864197569,0.8209278433088628,0.9128498971974804,0.8025434325311392,0.9312343079752039,0.7841590217534158,0.8329752953813103
2018-10-01,14.85,17.78,ELET3_ELET6,0.8352080989876265,0.8561409699031032,0.01754934241111314,0.8912396547253294,0.821042285080877,0.9087889971364426,0.8034929426697638,0.9263383395475557,0.7859436002586506,0.8352080989876265
2018-10-02,16.55,19.55,ELET3_ELET6,0.8465473145780051,0.8549808929764305,0.016559504899337444,0.8880999027751054,0.8218618831777557,0.9046594076744429,0.8053023782784182,0.9212189125737803,0.7887428733790808,0.8465473145780051
2018-10-03,17.63,21.24,ELET3_ELET6,0.8300376647834276,0.8538434225788487,0.01667360095872032,0.8871906244962894,0.820496220661408,0.9038642254550097,0.8038226197026878,0.9205378264137299,0.7871490187439675,0.8300376647834276
2018-10-04,18.5,22.27,ELET3_ELET6,0.8307139649753031,0.8523188033140064,0.01589332896632261,0.8841054612466517,0.8205321453813612,0.8999987902129742,0.8046388164150386,0.9158921191792969,0.788745487448716,0.8307139649753031
2018-10-05,18.75,22.61,ELET3_ELET6,0.8292790800530739,0.850716888634708,0.01484576926899223,0.8804084271726924,0.8210253500967235,0.8952541964416847,0.8061795808277312,0.9100999657106769,0.791333811558739,0.8292790800530739
2018-10-08,22.0,26.75,ELET3_ELET6,0.822429906542056,0.8492196652837667,0.014594766027946623,0.8784091973396599,0.8200301332278734,0.8930039633676066,0.8054353671999268,0.9075987293955532,0.7908406011719802,0.822429906542056
2018-10-09,22.81,26.79,ELET3_ELET6,0.8514371033967898,0.8487188493528363,0.014148569861438778,0.8770159890757138,0.8204217096299588,0.8911645589371526,0.8062731397685199,0.9053131287985914,0.7921245699070811,0.8514371033967898
2018-10-10,20.71,24.55,ELET3_ELET6,0.8435845213849287,0.8481666713426833,0.013898779937111395,0.8759642312169061,0.8203691114684605,0.8898630111540174,0.8064703315313492,0.9037617910911289,0.7925715515942378,0.8435845213849287
2018-10-11,19.72,23.99,ELET3_ELET6,0.8220091704877032,0.8471529865777265,0.014295338058366087,0.8757436626944587,0.8185623104609944,0.8900390007528248,0.8042669724026282,0.9043343388111909,0.7899716343442622,0.8220091704877032
2018-10-15,20.95,25.3,ELET3_ELET6,0.8280632411067194,0.8461280628535466,0.014153358747357538,0.8744347803482616,0.8178213453588316,0.8885881390956192,0.803667986611474,0.9027414978429767,0.7895146278641164,0.8280632411067194
2018-10-16,22.02,26.0,ELET3_ELET6,0.8469230769230769,0.8457851823298149,0.013957598274731422,0.8737003788792778,0.8178699857803521,0.8876579771540092,0.8039123875056207,0.9016155754287406,0.7899547892308892,0.8469230769230769
2018-10-17,21.2,24.6,ELET3_ELET6,0.8617886178861788,0.8459399572685864,0.01410276862532686,0.8741454945192401,0.8177344200179327,0.888248263144567,0.8036316513926058,0.9023510317698938,0.789528882767279,0.8617886178861788
2018-10-18,20.65,23.77,ELET3_ELET6,0.8687421119057636,0.8465442243519448,0.01455325769334049,0.8756507397386257,0.8174377089652638,0.8902039974319662,0.8028844512719233,0.9047572551253067,0.7883311935785828,0.8687421119057636
2018-10-19,21.78,25.19,ELET3_ELET6,0.8646288209606987,0.8464951466696842,0.014487077290290038,0.8754693012502642,0.8175209920891041,0.8899563785405543,0.803033914798814,0.9044434558308443,0.7885468375085241,0.8646288209606987
2018-10-22,22.73,25.74,ELET3_ELET6,0.8830613830613832,0.8469406806678498,0.015327970207501786,0.8775966210828533,0.8162847402528463,0.8929245912903552,0.8009567700453444,0.9082525614978569,0.7856287998378426,0.8830613830613832
2018-10-23,22.22,25.57,ELET3_ELET6,0.8689870942510755,0.8472095876667746,0.015622637218047358,0.8784548621028693,0.8159643132306799,0.8940774993209166,0.8003416760126325,0.909700136538964,0.7847190387945852,0.8689870942510755
2018-10-24,21.22,24.58,ELET3_ELET6,0.8633034987794955,0.8473616424619073,0.01575164588649413,0.8788649342348955,0.815858350688919,0.8946165801213897,0.8001067048024249,0.9103682260078838,0.7843550589159307,0.8633034987794955
2018-10-25,22.04,25.24,ELET3_ELET6,0.873217115689382,0.8477929499583198,0.01622241993607646,0.8802377898304727,0.8153481100861668,0.8964602097665492,0.7991256901500904,0.9126826297026256,0.782903270214014,0.873217115689382
2018-10-26,23.32,26.0,ELET3_ELET6,0.8969230769230769,0.8486621102995044,0.01786038802954892,0.8843828863586023,0.8129413342404066,0.9022432743881512,0.7950809462108577,0.9201036624177001,0.7772205581813088,0.8969230769230769
2018-10-29,22.03,25.1,ELET3_ELET6,0.8776892430278884,0.8491059700396969,0.01836130560709171,0.8858285812538803,0.8123833588255135,0.904189886860972,0.7940220532184218,0.9225511924680637,0.7756607476113301,0.8776892430278884
2018-10-30,23.3,26.25,ELET3_ELET6,0.8876190476190476,0.8494456175008913,0.018950436480693635,0.8873464904622785,0.8115447445395041,0.9062969269429723,0.7925943080588104,0.9252473634236659,0.7736438715781168,0.8876190476190476
2018-10-31,23.5,26.6,ELET3_ELET6,0.8834586466165413,0.8496035122377334,0.019211638103026032,0.8880267884437855,0.8111802360316814,0.9072384265468115,0.7919685979286554,0.9264500646498376,0.7727569598256293,0.8834586466165413
2018-11-01,24.0,26.79,ELET3_ELET6,0.8958566629339306,0.8505344115697022,0.0205175197328709,0.891569451035444,0.8094993721039604,0.9120869707683149,0.7889818523710895,0.9326044905011859,0.7684643326382186,0.8958566629339306
2018-11-05,24.72,27.08,ELET3_ELET6,0.912850812407681,0.8517050317951007,0.022649110669864702,0.8970032531348301,0.8064068104553713,0.9196523638046948,0.7837576997855066,0.9423014744745595,0.7611085891156419,0.912850812407681
2018-11-06,24.05,26.83,ELET3_ELET6,0.8963846440551622,0.8528055666431605,0.023725834547237666,0.9002572357376358,0.8053538975486852,0.9239830702848735,0.7816280630014476,0.9477089048321112,0.7579022284542098,0.8963846440551622
2018-11-07,23.02,25.88,ELET3_ELET6,0.8894899536321484,0.8539124963350281,0.02438619600403865,0.9026848883431053,0.8051401043269508,0.927071084347144,0.7807539083229121,0.9514572803511827,0.7563677123188735,0.8894899536321484
2018-11-08,22.48,25.45,ELET3_ELET6,0.8833005893909627,0.8552061284196055,0.02454177618886919,0.904289680797344,0.8061225760418671,0.928831456986213,0.781580799852998,0.9533732331750823,0.7570390236641288,0.8833005893909627
2018-11-09,23.64,26.1,ELET3_ELET6,0.9057471264367816,0.8566612819903611,0.02577048178244065,0.9082022455552423,0.8051203184254798,0.933972727337683,0.7793498366430391,0.9597432091201237,0.7535793548605985,0.9057471264367816
2018-11-12,23.64,26.34,ELET3_ELET6,0.89749430523918,0.8579789056967286,0.026485380299954276,0.9109496662966372,0.8050081450968201,0.9374350465965915,0.7785227647968658,0.9639204268965458,0.7520373844969115,0.89749430523918
2018-11-13,23.15,25.97,ELET3_ELET6,0.8914131690412014,0.8592619505138493,0.026837391402845075,0.9129367333195395,0.8055871677081592,0.9397741247223845,0.7787497763053142,0.9666115161252297,0.751912384902469,0.8914131690412014
2018-11-14,23.01,26.15,ELET3_ELET6,0.879923518164436,0.8602298186877405,0.026867715150952057,0.9139652489896446,0.8064943883858364,0.9408329641405967,0.7796266732348843,0.9677006792915488,0.7527589580839322,0.879923518164436
2018-11-16,25.0,28.02,ELET3_ELET6,0.8922198429693077,0.8615000144458511,0.027154735394084542,0.9158094852340202,0.8071905436576821,0.9429642206281047,0.7800358082635975,0.9701189560221892,0.752881072869513,0.8922198429693077
2018-11-19,24.5,27.77,ELET3_ELET6,0.8822470291681671,0.8625572939278147,0.027117682997957148,0.9167926599237289,0.8083219279319004,0.9439103429216861,0.7812042449339432,0.9710280259196432,0.7540865619359861,0.8822470291681671
2018-11-21,24.66,27.85,ELET3_ELET6,0.8854578096947935,0.8635091661674297,0.02723935223030805,0.9179878706280458,0.8090304617068136,0.9452272228583538,0.7817911094765055,0.9724665750886619,0.7545517572461975,0.8854578096947935
2018-11-22,24.68,27.82,ELET3_ELET6,0.8871315600287563,0.8646215327864366,0.027273628432271,0.9191687896509786,0.8100742759218946,0.9464424180832496,0.7828006474896236,0.9737160465155206,0.7555270190573526,0.8871315600287563
2018-11-23,24.57,27.65,ELET3_ELET6,0.8886075949367089,0.8658236150683744,0.02724392953318929,0.9203114741347529,0.8113357560019958,0.9475554036679422,0.7840918264688065,0.9747993332011315,0.7568478969356172,0.8886075949367089
2018-11-26,24.72,27.63,ELET3_ELET6,0.8946796959826275,0.8673845965389783,0.027058537304406678,0.9215016711477916,0.8132675219301649,0.9485602084521982,0.7862089846257583,0.975618745756605,0.7591504473213515,0.8946796959826275
2018-11-27,25.8,28.93,ELET3_ELET6,0.8918078119599032,0.8689717546591895,0.02656593987760351,0.9221036344143966,0.8158398749039825,0.948669574292,0.789273935026379,0.9752355141696035,0.7627079951487755,0.8918078119599032
2018-11-28,25.73,29.03,ELET3_ELET6,0.8863244919049259,0.8702390928316802,0.026140390544565503,0.9225198739208113,0.8179583117425492,0.9486602644653768,0.7918179211979837,0.9748006550099422,0.7656775306534183,0.8863244919049259
2018-11-29,25.77,29.25,ELET3_ELET6,0.881025641025641,0.8714403514727886,0.025479765135816707,0.9223998817444221,0.8204808212011552,0.9478796468802387,0.7950010560653386,0.9733594120160555,0.7695212909295218,0.881025641025641
2018-11-30,24.43,28.32,ELET3_ELET6,0.862641242937853,0.8721261800715443,0.02484069891449596,0.9218075779005362,0.8224447822425524,0.9466482768150322,0.7976040833280564,0.9714889757295282,0.7727633844135604,0.862641242937853
2018-12-03,24.6,28.68,ELET3_ELET6,0.8577405857740587,0.8724060118514456,0.02460711139145033,0.9216202346343463,0.823191789068545,0.9462273460257966,0.7985846776770946,0.9708344574172469,0.7739775662856443,0.8577405857740587
2018-12-04,24.36,28.49,ELET3_ELET6,0.8550368550368551,0.8730309916077814,0.023807924826679,0.9206468412611394,0.8254151419544234,0.9444547660878184,0.8016072171277444,0.9682626909144975,0.7777992923010654,0.8550368550368551
2018-12-05,24.65,28.57,ELET3_ELET6,0.8627931396569828,0.8738329709748236,0.02286764040550574,0.9195682517858351,0.8280976901638121,0.9424358921913408,0.8052300497583064,0.9653035325968465,0.7823624093528007,0.8627931396569828
2018-12-06,24.73,28.7,ELET3_ELET6,0.8616724738675958,0.8746428058201865,0.02179792116967918,0.9182386481595448,0.8310469634808282,0.9400365693292241,0.8092490423111489,0.9618344904989032,0.7874511211414698,0.8616724738675958
2018-12-07,25.29,29.04,ELET3_ELET6,0.8708677685950413,0.8758537523715111,0.020102451514282284,0.9160586554000757,0.8356488493429465,0.9361611069143579,0.8155463978286642,0.9562635584286402,0.795443946314382,0.8708677685950413
2018-12-10,24.8,28.67,ELET3_ELET6,0.8650156958493198,0.8761932171828244,0.01979181065179088,0.9157768384864061,0.8366095958792427,0.935568649138197,0.8168177852274517,0.955360459789988,0.7970259745756608,0.8650156958493198
2018-12-11,25.77,29.61,ELET3_ELET6,0.8703140830800405,0.8768614562252022,0.019101812523494046,0.9150650812721902,0.8386578311782141,0.9341668937956843,0.81955601865472,0.9532687063191784,0.800454206131226,0.8703140830800405
2018-12-12,25.27,29.21,ELET3_ELET6,0.8651146867511126,0.8779390941317875,0.01703168361956892,0.9120024613709253,0.8438757268926497,0.9290341449904943,0.8268440432730807,0.9460658286100632,0.8098123596535118,0.8651146867511126
2018-12-13,24.99,29.23,ELET3_ELET6,0.8549435511460828,0.8786111018827716,0.015472210104588316,0.9095555220919482,0.8476666816735949,0.9250277321965366,0.8321944715690066,0.9404999423011249,0.8167222614644183,0.8549435511460828
2018-12-14,24.41,28.5,ELET3_ELET6,0.8564912280701754,0.8788503056614492,0.015037603540176872,0.9089255127418029,0.8487750985810955,0.9239631162819798,0.8337374950409185,0.9390007198221566,0.8186998915007417,0.8564912280701754
2018-12-17,23.97,27.88,ELET3_ELET6,0.8597560975609756,0.8787994926533191,0.015100038719428733,0.9089995700921766,0.8485994152144617,0.9240996088116054,0.8334993764950329,0.939199647531034,0.8183993377756043,0.8597560975609756
2018-12-18,24.82,28.69,ELET3_ELET6,0.8651097943534333,0.878708684714511,0.015172818723449902,0.9090543221614108,0.8483630472676112,0.9242271408848607,0.8331902285441614,0.9393999596083107,0.8180174098207114,0.8651097943534333
2018-12-19,23.8,27.57,ELET3_ELET6,0.8632571635836054,0.8786743932800837,0.015206967531286192,0.9090883283426561,0.8482604582175113,0.9242952958739422,0.8330534906862251,0.9395022634052285,0.8178465231549389,0.8632571635836054
2018-12-20,23.1,26.94,ELET3_ELET6,0.8574610244988864,0.8780343843160214,0.015552392408218069,0.9091391691324575,0.8469295994995854,0.9246915615406757,0.8313772070913672,0.9402439539488937,0.8158248146831492,0.8574610244988864
2018-12-21,22.7,26.41,ELET3_ELET6,0.8595229079893979,0.8777977796594796,0.015764111710546303,0.9093260030805722,0.846269556238387,0.9250901147911185,0.8305054445278407,0.9408542265016648,0.8147413328172943,0.8595229079893979
2018-12-26,22.42,26.15,ELET3_ELET6,0.8573613766730402,0.8776492266068182,0.01593131183236238,0.909511850271543,0.8457866029420934,0.9254431621039053,0.8298552911097311,0.9413744739362677,0.8139239792773687,0.8573613766730402
2018-12-27,23.93,27.72,ELET3_ELET6,0.8632756132756133,0.8774006890464741,0.016079089373017007,0.909558867792508,0.8452425103004401,0.9256379571655251,0.829163420927423,0.941717046538542,0.8130843315544061,0.8632756132756133
2018-12-28,24.23,28.17,ELET3_ELET6,0.8601348952786652,0.8764809845053637,0.01598564839991594,0.9084522813051956,0.8445096877055318,0.9244379297051115,0.8285240393056159,0.9404235781050274,0.8125383909057,0.8601348952786652
