DATA DO PREGAO,Empresa1,Empresa2,Par,Ratio,MA_40,STD_40,BANDA_1_40 SUPERIOR,BANDA_1_40 INFERIOR,BANDA_2_40 SUPERIOR,BANDA_2_40 INFERIOR,BANDA_3_40 SUPERIOR,BANDA_3_40 INFERIOR,PRECO FECHAMENTO
2018-01-02,10.94,11.03,ITSA3_ITSA4,0.9918404351767905,,,,,,,,,0.9918404351767905
2018-01-03,10.9,11.16,ITSA3_ITSA4,0.9767025089605735,,,,,,,,,0.9767025089605735
2018-01-04,11.15,11.37,ITSA3_ITSA4,0.9806508355321021,,,,,,,,,0.9806508355321021
2018-01-05,11.15,11.39,ITSA3_ITSA4,0.9789288849868305,,,,,,,,,0.9789288849868305
2018-01-08,11.27,11.38,ITSA3_ITSA4,0.9903339191564147,,,,,,,,,0.9903339191564147
2018-01-09,11.1,11.2,ITSA3_ITSA4,0.9910714285714286,,,,,,,,,0.9910714285714286
2018-01-10,11.11,11.2,ITSA3_ITSA4,0.9919642857142857,,,,,,,,,0.9919642857142857
2018-01-11,11.26,11.38,ITSA3_ITSA4,0.9894551845342706,,,,,,,,,0.9894551845342706
2018-01-12,11.3,11.41,ITSA3_ITSA4,0.9903593339176162,,,,,,,,,0.9903593339176162
2018-01-15,11.48,11.55,ITSA3_ITSA4,0.9939393939393939,,,,,,,,,0.9939393939393939
2018-01-16,11.53,11.7,ITSA3_ITSA4,0.9854700854700855,,,,,,,,,0.9854700854700855
2018-01-17,11.73,11.88,ITSA3_ITSA4,0.9873737373737373,,,,,,,,,0.9873737373737373
2018-01-18,11.91,11.94,ITSA3_ITSA4,0.9974874371859297,,,,,,,,,0.9974874371859297
2018-01-19,11.79,11.98,ITSA3_ITSA4,0.9841402337228713,,,,,,,,,0.9841402337228713
2018-01-22,12.16,12.28,ITSA3_ITSA4,0.9902280130293161,,,,,,,,,0.9902280130293161
2018-01-23,12.01,12.14,ITSA3_ITSA4,0.9892915980230642,,,,,,,,,0.9892915980230642
2018-01-24,12.61,12.91,ITSA3_ITSA4,0.9767621998450813,,,,,,,,,0.9767621998450813
2018-01-26,13.29,13.45,ITSA3_ITSA4,0.9881040892193308,,,,,,,,,0.9881040892193308
2018-01-29,13.11,13.1,ITSA3_ITSA4,1.000763358778626,,,,,,,,,1.000763358778626
2018-01-30,13.02,13.18,ITSA3_ITSA4,0.9878603945371776,,,,,,,,,0.9878603945371776
2018-01-31,13.15,13.25,ITSA3_ITSA4,0.9924528301886792,,,,,,,,,0.9924528301886792
2018-02-01,13.12,13.21,ITSA3_ITSA4,0.9931869795609386,,,,,,,,,0.9931869795609386
2018-02-02,13.05,13.0,ITSA3_ITSA4,1.0038461538461538,,,,,,,,,1.0038461538461538
2018-02-05,12.9,12.6,ITSA3_ITSA4,1.023809523809524,,,,,,,,,1.023809523809524
2018-02-06,13.02,13.09,ITSA3_ITSA4,0.9946524064171123,,,,,,,,,0.9946524064171123
2018-02-07,13.0,12.82,ITSA3_ITSA4,1.0140405616224648,,,,,,,,,1.0140405616224648
2018-02-08,12.77,12.7,ITSA3_ITSA4,1.005511811023622,,,,,,,,,1.005511811023622
2018-02-09,12.62,12.68,ITSA3_ITSA4,0.9952681388012617,,,,,,,,,0.9952681388012617
2018-02-14,13.27,13.09,ITSA3_ITSA4,1.0137509549274255,,,,,,,,,1.0137509549274255
2018-02-15,13.19,13.09,ITSA3_ITSA4,1.0076394194041252,,,,,,,,,1.0076394194041252
2018-02-16,13.5,13.4,ITSA3_ITSA4,1.007462686567164,,,,,,,,,1.007462686567164
2018-02-19,13.38,13.37,ITSA3_ITSA4,1.0007479431563202,,,,,,,,,1.0007479431563202
2018-02-20,14.39,13.91,ITSA3_ITSA4,1.03450754852624,,,,,,,,,1.03450754852624
2018-02-21,14.7,14.15,ITSA3_ITSA4,1.0388692579505299,,,,,,,,,1.0388692579505299
2018-02-22,14.85,14.38,ITSA3_ITSA4,1.032684283727399,,,,,,,,,1.032684283727399
2018-02-23,14.13,13.63,ITSA3_ITSA4,1.036683785766691,,,,,,,,,1.036683785766691
2018-02-26,14.18,13.65,ITSA3_ITSA4,1.0388278388278387,,,,,,,,,1.0388278388278387
2018-02-27,13.81,13.47,ITSA3_ITSA4,1.0252412769116555,,,,,,,,,1.0252412769116555
2018-02-28,13.32,13.12,ITSA3_ITSA4,1.0152439024390245,,,,,,,,,1.0152439024390245
2018-03-01,13.6,13.33,ITSA3_ITSA4,1.0202550637659416,1.0014352431228761,0.01801859831980375,1.0374724397624837,0.9653980464832687,1.0554910380822873,0.9473794481634649,1.073509636402091,0.9293608498436612,1.0202550637659416
2018-03-02,13.55,13.44,ITSA3_ITSA4,1.008184523809524,1.0018438453386946,0.01798071598816923,1.037805277315033,0.9658824133623561,1.0557859933032023,0.947901697374187,1.0737667092913716,0.9299209813860178,1.008184523809524
2018-03-05,13.62,13.8,ITSA3_ITSA4,0.9869565217391303,1.0021001956581586,0.017683729114256506,1.0374676538866716,0.9667327374296455,1.055151383000928,0.9490490083153891,1.0728351121151847,0.9313652792011325,0.9869565217391303
2018-03-06,13.83,13.74,ITSA3_ITSA4,1.0065502183406114,1.0027476802283712,0.01734921482105709,1.0374461098704855,0.968049250586257,1.0547953246915425,0.9507000357652,1.0721445395125997,0.9333508209441429,1.0065502183406114
2018-03-07,13.95,13.7,ITSA3_ITSA4,1.0182481751824817,1.0037306624832627,0.01707682123328326,1.0378843049498292,0.9695770200166962,1.0549611261831124,0.952500198783413,1.0720379474163957,0.9354233775501297,1.0182481751824817
2018-03-08,13.9,13.61,ITSA3_ITSA4,1.0213078618662748,1.0045050110510094,0.017155843507812057,1.0388166980666336,0.9701933240353853,1.0559725415744456,0.9530374805275732,1.0731283850822577,0.9358816370197612,1.0213078618662748
2018-03-09,13.81,13.73,ITSA3_ITSA4,1.0058266569555718,1.0048738917606128,0.017017666825120608,1.038909225410854,0.9708385581103716,1.0559268922359746,0.953820891285251,1.0729445590610953,0.9368032244601304,1.0058266569555718
2018-03-12,14.38,13.86,ITSA3_ITSA4,1.0375180375180377,1.0060127355557067,0.017644307645328833,1.0413013508463644,0.9707241202650491,1.0589456584916932,0.9530798126197202,1.076589966137022,0.9354355049743913,1.0375180375180377
2018-03-13,14.49,13.77,ITSA3_ITSA4,1.0522875816993464,1.0075835454848334,0.018885656771190792,1.045354859027215,0.9698122319424518,1.0642405157984058,0.950926575171261,1.0831261725695966,0.9320409184000702,1.0522875816993464
2018-03-14,14.19,13.63,ITSA3_ITSA4,1.041085840058694,1.0088517081383603,0.019395647180494836,1.04764300249935,0.9700604137773706,1.0670386496798447,0.9506647665968758,1.0864342968603398,0.931269119416381,1.041085840058694
2018-03-15,14.2,13.57,ITSA3_ITSA4,1.0464259395725866,1.01016387177919,0.020122718930290096,1.0504093096397702,0.9699184339186099,1.0705320285700604,0.9497957149883198,1.0906547475003505,0.9296729960580297,1.0464259395725866
2018-03-16,14.01,13.44,ITSA3_ITSA4,1.0424107142857144,1.0115873874995809,0.020343869963048523,1.0522751274256779,0.9708996475734838,1.0726189973887263,0.9505557776104353,1.092962867351775,0.9302119076473868,1.0424107142857144
2018-03-19,13.7,13.3,ITSA3_ITSA4,1.0300751879699248,1.0126549237644857,0.020160230796274246,1.0529753853570343,0.9723344621719372,1.0731356161533085,0.952174231375663,1.0932958469495828,0.9320140005793888,1.0300751879699248
2018-03-20,13.7,13.3,ITSA3_ITSA4,1.0300751879699248,1.0134696175340856,0.02019001101265267,1.053849639559391,0.9730895955087803,1.0740396505720435,0.9528995844961275,1.0942296615846963,0.9327095734834749,1.0300751879699248
2018-03-21,13.61,13.32,ITSA3_ITSA4,1.0217717717717718,1.0144104059853083,0.019658060874706583,1.0537265277347214,0.9750942842358952,1.073384588609428,0.9554362233611885,1.0930426494841345,0.9357781624864819,1.0217717717717718
2018-03-22,13.41,13.27,ITSA3_ITSA4,1.0105501130369254,1.0149184584854987,0.019275947531098268,1.0534703535476952,0.9763665634233021,1.0727463010787934,0.9570906158922039,1.0920222486098918,0.9378146683611056,1.0105501130369254
2018-03-23,13.76,13.31,ITSA3_ITSA4,1.033809166040571,1.016031397685936,0.019042127038496906,1.05411565176293,0.9779471436089423,1.0731577788014268,0.9589050165704454,1.0921999058399237,0.9398628895319485,1.033809166040571
2018-03-26,14.04,13.53,ITSA3_ITSA4,1.0376940133037693,1.0175546930224033,0.018240475809778674,1.0540356446419608,0.981073741402846,1.0722761204517393,0.9628332655930673,1.090516596261518,0.9445927897832886,1.0376940133037693
2018-03-27,13.76,13.39,ITSA3_ITSA4,1.027632561613144,1.0185429048322487,0.017665732597929036,1.0538743700281068,0.9832114396363907,1.0715401026260358,0.9655457070384617,1.0892058352239649,0.9478799744405326,1.027632561613144
2018-03-28,13.95,13.55,ITSA3_ITSA4,1.0295202952029519,1.0192618282428567,0.017508066292869422,1.0542779608285955,0.9842456956571178,1.071786027121465,0.9667376293642485,1.0892940934143345,0.9492295630713791,1.0295202952029519
2018-03-29,14.0,13.79,ITSA3_ITSA4,1.0152284263959392,1.0199460290393256,0.01676860320910813,1.0534832354575419,0.9864088226211094,1.07025183866665,0.9696402194120013,1.087020441875758,0.9528716162028931,1.0152284263959392
2018-04-02,13.73,13.71,ITSA3_ITSA4,1.0014587892049598,1.0201711780147327,0.016447375646793782,1.0530659293083202,0.9872764267211451,1.069513304955114,0.9708290510743514,1.0859606806019078,0.9543816754275576,1.0014587892049598
2018-04-03,13.69,13.64,ITSA3_ITSA4,1.0036656891495601,1.020433145754448,0.016086042344156302,1.0526052304427607,0.9882610610661354,1.068691272786917,0.9721750187219791,1.0847773151310731,0.9560889763778228,1.0036656891495601
2018-04-04,13.74,13.65,ITSA3_ITSA4,1.0065934065934066,1.0205018270731294,0.016019131965471157,1.0525400910040716,0.9884635631421871,1.0685592229695429,0.972444431176716,1.084578354935014,0.9564252992112448,1.0065934065934066
2018-04-05,13.67,13.61,ITSA3_ITSA4,1.0044085231447466,1.02001680205651,0.0162089992186372,1.0524348004937842,0.9875988036192355,1.0686437997124214,0.9713898044005983,1.0848527989310588,0.9551808051819611,1.0044085231447466
2018-04-06,13.63,13.5,ITSA3_ITSA4,1.0096296296296297,1.020391232636823,0.015775238163602136,1.0519417089640273,0.9888407563096187,1.0677169471276293,0.9730655181460166,1.0834921852912316,0.9572902799824144,1.0096296296296297
2018-04-09,13.84,13.23,ITSA3_ITSA4,1.0461073318216174,1.0211929018918018,0.016251822159605942,1.0536965462110137,0.9886892575725899,1.0699483683706197,0.972437435412984,1.0862001905302257,0.956185613253378,1.0461073318216174
2018-04-10,13.74,13.29,ITSA3_ITSA4,1.033860045146727,1.0219016077448793,0.01616835827636899,1.0542383242976172,0.9895648911921413,1.0704066825739862,0.9733965329157723,1.0865750408503552,0.9572281746394034,1.033860045146727
2018-04-11,13.58,13.28,ITSA3_ITSA4,1.0225903614457832,1.0225846633109923,0.015580795774912832,1.0537462548608179,0.9914230717611666,1.0693270506357309,0.9758422759862538,1.0849078464106436,0.960261480211341,1.0225903614457832
2018-04-12,13.87,13.49,ITSA3_ITSA4,1.028169014084507,1.0229451147899193,0.015537910826477796,1.054020936442875,0.9918692931369637,1.0695588472693527,0.976331382310486,1.0850967580958306,0.9607934714840082,1.028169014084507
2018-04-13,13.54,13.2,ITSA3_ITSA4,1.0257575757575756,1.0233980686987554,0.015343151129665228,1.0540843709580858,0.9927117664394249,1.0694275220877512,0.9773686153097597,1.0847706732174163,0.9620254641800945,1.0257575757575756
2018-04-16,13.48,12.96,ITSA3_ITSA4,1.0401234567901234,1.0242145879543294,0.015342427541900544,1.0548994430381304,0.9935297328705284,1.070241870580031,0.9781873053286277,1.0855842981219315,0.9628448777867272,1.0401234567901234
2018-04-17,13.56,13.2,ITSA3_ITSA4,1.0272727272727273,1.0248777075572397,0.01486804603750773,1.054613799632255,0.9951416154822242,1.069481845669763,0.9802735694447166,1.0843498917072707,0.9654055234072088,1.0272727272727273
2018-04-18,13.7,13.46,ITSA3_ITSA4,1.0178306092124814,1.0244607840743956,0.01482484719196129,1.0541104784583182,0.9948110896904729,1.0689353256502794,0.9799862424985117,1.0837601728422408,0.9651613953065504,1.0178306092124814
2018-04-19,13.35,13.25,ITSA3_ITSA4,1.0075471698113208,1.0236777318709154,0.014871420771020548,1.0534205734129565,0.9939348903288743,1.068291994183977,0.9790634695578537,1.0831634149549976,0.9641920487868332,1.0075471698113208
2018-04-20,13.49,13.14,ITSA3_ITSA4,1.0266362252663623,1.0235265304093895,0.014808112213476516,1.0531427548363426,0.9939103059824365,1.067950867049819,0.9791021937689599,1.0827589792632955,0.9642940815554834,1.0266362252663623
2018-04-23,13.37,13.19,ITSA3_ITSA4,1.0136467020470052,1.0229506033163973,0.01473105673183474,1.0524127167800668,0.9934884898527279,1.0671437735119016,0.9787574331208931,1.0818748302437362,0.9640263763890583,1.0136467020470052
2018-04-24,13.57,13.16,ITSA3_ITSA4,1.0311550151975684,1.0227587827256408,0.014568064146683393,1.0518949110190077,0.993622654432274,1.0664629751656909,0.9790545902855906,1.0810310393123743,0.9644865261389073,1.0311550151975684
2018-04-25,13.48,13.24,ITSA3_ITSA4,1.0181268882175227,1.0225809230082874,0.014580402664484583,1.0517417283372565,0.9934201176793183,1.0663221310017412,0.9788397150148337,1.0809025336662257,0.9642593123503491,1.0181268882175227
2018-04-26,13.77,13.67,ITSA3_ITSA4,1.0073152889539136,1.0223827076711596,0.014735769904046597,1.0518542474792527,0.9929111678630664,1.0665900173832994,0.9781753979590198,1.081325787287346,0.9634396280549732,1.0073152889539136
2018-04-27,13.87,13.69,ITSA3_ITSA4,1.0131482834185537,1.0222050381624748,0.014804762518945235,1.0518145632003653,0.9925955131245843,1.0666193257193104,0.977790750605639,1.0814240882382558,0.9629859880866938,1.0131482834185537
2018-04-30,13.95,13.61,ITSA3_ITSA4,1.0249816311535636,1.0226249658460758,0.014634118732492606,1.051893203311061,0.9933567283810906,1.0665273220435536,0.9787226096485979,1.0811614407760461,0.9640884909161054,1.0249816311535636
2018-05-02,13.33,12.8,ITSA3_ITSA4,1.0414062499999999,1.0239862090525975,0.013736083137786428,1.0514583753281703,0.9965140427770247,1.0651944584659567,0.9827779596392382,1.0789305416037431,0.9690418765014518,1.0414062499999999
2018-05-03,13.0,12.45,ITSA3_ITSA4,1.0441767068273093,1.0249268712647648,0.013799635661434672,1.0525261425876342,0.9973275999418955,1.0663257782490687,0.9835279642804607,1.0801254139105034,0.9697283286190261,1.0441767068273093
2018-05-04,12.67,12.25,ITSA3_ITSA4,1.0342857142857143,1.0253278097423457,0.013833553343289975,1.0529949164289256,0.9976607030557658,1.0668284697722157,0.9838271497124758,1.0806620231155055,0.9699935963691858,1.0342857142857143
2018-05-07,12.81,12.27,ITSA3_ITSA4,1.0440097799511003,1.0258953576944665,0.014126981212360022,1.0541493201191865,0.9976413952697465,1.0682763013315466,0.9835144140573864,1.0824032825439065,0.9693874328450264,1.0440097799511003
2018-05-08,12.84,12.3,ITSA3_ITSA4,1.0439024390243903,1.0268472522461871,0.01402246405426404,1.054892180354715,0.998802324137659,1.0689146444089792,0.984779860083395,1.0829371084632433,0.9707573960291309,1.0439024390243903
2018-05-09,12.83,12.33,ITSA3_ITSA4,1.040551500405515,1.0269230888183738,0.014089695397918782,1.0551024796142114,0.9987436980225363,1.06919217501213,0.9846540026246174,1.0832818704100489,0.9705643072266986,1.040551500405515
2018-05-10,13.1,12.74,ITSA3_ITSA4,1.0282574568288854,1.0263223356966122,0.013479564786196527,1.0532814652690052,0.9993632061242191,1.0667610300552017,0.9858836413380226,1.0802405948413984,0.9724040765518261,1.0282574568288854
2018-05-11,12.9,12.54,ITSA3_ITSA4,1.028708133971292,1.0260128930444272,0.013272439912826596,1.0525577728700803,0.999468013218774,1.065830212782907,0.9861955733059474,1.0791026526957337,0.9729231333931209,1.028708133971292
2018-05-14,12.79,12.36,ITSA3_ITSA4,1.034789644012945,1.0257219856554363,0.012936831333383282,1.0515956483222029,0.9998483229886697,1.0645324796555862,0.9869114916552865,1.0774693109889695,0.9739746603219032,1.034789644012945
2018-05-15,12.52,12.19,ITSA3_ITSA4,1.0270713699753897,1.0253385020476782,0.012653698537702351,1.050645899123083,1.0000311049722734,1.0632995976607853,0.9873774064345712,1.0759532961984877,0.9747237078968688,1.0270713699753897
2018-05-16,12.72,12.31,ITSA3_ITSA4,1.033306255077173,1.025419278725359,0.012694956883401705,1.0508091924921625,1.0000293649585557,1.0635041493755641,0.9873344080751539,1.076199106258966,0.9746394511917523,1.033306255077173
2018-05-17,12.22,11.77,ITSA3_ITSA4,1.038232795242141,1.0256232189071643,0.012836406889328618,1.0512960326858216,0.9999504051285071,1.0641324395751501,0.9871139982391784,1.0769688464644789,0.9742775913498499,1.038232795242141
2018-05-18,12.22,11.6,ITSA3_ITSA4,1.0534482758620691,1.0264151315094217,0.013549979144680832,1.0535150897987833,0.99931517322006,1.0670650689434642,0.9857651940753791,1.080615048088145,0.9722152149306983,1.0534482758620691
2018-05-21,12.19,11.53,ITSA3_ITSA4,1.05724197745013,1.0275824281197519,0.01414627596413955,1.055874980048031,0.9992898761914728,1.0700212560121705,0.9851436002273333,1.08416753197631,0.9709973242631936,1.05724197745013
2018-05-22,12.36,12.03,ITSA3_ITSA4,1.027431421446384,1.0274229845048972,0.014110190416238844,1.055643365337375,0.9992026036724195,1.0697535557536137,0.9850924132561807,1.0838637461698526,0.9709822228399418,1.027431421446384
2018-05-23,12.34,11.75,ITSA3_ITSA4,1.0502127659574467,1.0277359533212391,0.014477890833591066,1.0566917349884213,0.998780171654057,1.0711696258220123,0.9843022808204659,1.0856475166556034,0.9698243899868748,1.0502127659574467
2018-05-24,12.31,11.94,ITSA3_ITSA4,1.0309882747068677,1.0278198461485821,0.014486995920193795,1.0567938379889696,0.9988458543081945,1.0712808339091635,0.9843588583880007,1.0857678298293574,0.969871862467807,1.0309882747068677
2018-05-25,12.33,11.77,ITSA3_ITSA4,1.0475785896346645,1.0282713035093751,0.014818917957743072,1.0579091394248612,0.9986334675938889,1.0727280573826043,0.9838145496361459,1.0875469753403475,0.9689956316784029,1.0475785896346645
2018-05-28,11.61,11.28,ITSA3_ITSA4,1.0292553191489362,1.0286219758282003,0.014667551530827383,1.0579570788898551,0.9992868727665455,1.0726246304206823,0.9846193212357182,1.0872921819515098,0.9699517697048907,1.0292553191489362
2018-05-29,11.7,11.2,ITSA3_ITSA4,1.0446428571428572,1.0297015775266476,0.01419873051922684,1.0580990385651012,1.001304116488194,1.072297769084328,0.9871053859689671,1.0864964996035549,0.9729066554497402,1.0446428571428572
2018-05-30,11.79,11.23,ITSA3_ITSA4,1.0498664292074797,1.0308565960280955,0.0139025408451815,1.0586616777184585,1.0030515143377325,1.0725642185636401,0.989148973492551,1.0864667594088215,0.9752464326473695,1.0498664292074797
2018-06-01,10.98,10.35,ITSA3_ITSA4,1.0608695652173914,1.032213499993695,0.014120700806376897,1.0604549016064488,1.003972098380941,1.0745756024128257,0.9898513975745642,1.0886963032192025,0.9757306967681874,1.0608695652173914
2018-06-04,11.18,10.68,ITSA3_ITSA4,1.046816479400749,1.033273698900095,0.013560446687685,1.060394592275465,1.006152805524725,1.07395503896315,0.99259235883704,1.0875154856508351,0.979031912149355,1.046816479400749
2018-06-05,10.84,10.15,ITSA3_ITSA4,1.0679802955665023,1.0347324655485166,0.014080290548729078,1.0628930466459747,1.0065718844510585,1.076973337194704,0.9924915939023293,1.0910536277434328,0.9784113033536003,1.0679802955665023
2018-06-06,10.75,10.01,ITSA3_ITSA4,1.0739260739260739,1.035427934101128,0.015291469877985412,1.066010873857099,1.0048449943451572,1.0813023437350844,0.9895535244671718,1.0965938136130697,0.9742620545891865,1.0739260739260739
2018-06-07,10.2,9.4,ITSA3_ITSA4,1.0851063829787233,1.036709092546928,0.017186136570611556,1.071081365688151,1.002336819405705,1.0882675022587627,0.9851506828350933,1.1054536388293743,0.9679645462644818,1.0851063829787233
2018-06-08,10.21,9.42,ITSA3_ITSA4,1.0838641188959661,1.0382409364831826,0.018570423429023084,1.0753817833412287,1.0011000896251365,1.0939522067702518,0.9825296661961134,1.112522630199275,0.9639592427670902,1.0838641188959661
2018-06-11,9.98,9.2,ITSA3_ITSA4,1.0847826086956522,1.0396562763484614,0.01989338285883106,1.0794430420661234,0.9998695106307992,1.0993364249249544,0.9799761277719682,1.1192298077837857,0.9600827449131372,1.0847826086956522
2018-06-12,9.91,9.19,ITSA3_ITSA4,1.0783460282916213,1.0409709876618125,0.020673719831363846,1.08231842732454,0.9996235479990848,1.102992147155904,0.9789498281677209,1.123665866987268,0.9582761083363571,1.0783460282916213
2018-06-13,9.67,9.12,ITSA3_ITSA4,1.0603070175438598,1.041475576680656,0.020897604030781954,1.08327078474222,0.9996803686190922,1.1041683887730018,0.9787827645883102,1.1250659928037838,0.9578851605575283,1.0603070175438598
2018-06-14,9.6,8.82,ITSA3_ITSA4,1.0884353741496597,1.0430046428525794,0.02203823264562653,1.0870811081438325,0.9989281775613263,1.109119340789459,0.9768899449156998,1.1311575734350856,0.9548517122700733,1.0884353741496597
2018-06-15,9.45,8.91,ITSA3_ITSA4,1.0606060606060606,1.044074029137419,0.021822123967543884,1.087718277072507,1.0004297812023313,1.1095404010400507,0.9786076572347875,1.1313625250075947,0.9567855332672436,1.0606060606060606
2018-06-18,9.32,8.61,ITSA3_ITSA4,1.0824622531939607,1.045946906221985,0.021821617272299625,1.0895901407665842,1.0023036716773859,1.111411758038884,0.9804820544050862,1.1332333753111836,0.9586604371327866,1.0824622531939607
2018-06-19,9.8,8.99,ITSA3_ITSA4,1.0901001112347053,1.0475335033711937,0.02267216056806499,1.0928778245073236,1.0021891822350637,1.1155499850753887,0.9795170216669987,1.1382221456434536,0.9568448610989337,1.0901001112347053
2018-06-20,10.0,9.18,ITSA3_ITSA4,1.0893246187363834,1.049425451288428,0.02292800944694079,1.0952814701823095,1.0035694323945465,1.1182094796292503,0.9806414229476057,1.1411374890761912,0.9577134135006649,1.0893246187363834
2018-06-21,9.7,8.91,ITSA3_ITSA4,1.0886644219977553,1.0508631864584328,0.02354769070357378,1.0979585678655803,1.0037678050512853,1.1215062585691542,0.9802201143477115,1.1450539492727279,0.9566724236441377,1.0886644219977553
2018-06-22,9.52,8.98,ITSA3_ITSA4,1.0601336302895321,1.051913355010233,0.022980157275686384,1.0978736695616058,1.0059530404588604,1.1208538268372923,0.9829728831831739,1.1438339841129785,0.9599927259074875,1.0601336302895321
2018-06-25,9.67,8.94,ITSA3_ITSA4,1.0816554809843402,1.0537718598109937,0.022276158616685696,1.0983241770443652,1.0092195425776223,1.1206003356610508,0.9869433839609366,1.1428764942777365,0.964667225344251,1.0816554809843402
2018-06-26,9.63,9.09,ITSA3_ITSA4,1.0594059405940595,1.0549283012403814,0.021292129340401717,1.0975125599211848,1.012344042559578,1.1188046892615866,0.9910519132191762,1.1400968186019882,0.9697597838787745,1.0594059405940595
2018-06-27,9.58,8.82,ITSA3_ITSA4,1.0861678004535147,1.0564579554728801,0.021283402514422477,1.0990247605017252,1.013891150444035,1.1203081630161476,0.9926077479296127,1.14159156553057,0.9713243454151902,1.0861678004535147
2018-06-28,9.82,9.04,ITSA3_ITSA4,1.086283185840708,1.0575798788688977,0.02164929543807462,1.1008784697450469,1.0142812879927485,1.1225277651831216,0.9926319925546738,1.1441770606211963,0.9709826971165992,1.086283185840708
2018-06-29,9.9,9.18,ITSA3_ITSA4,1.0784313725490198,1.0584362455119405,0.02178260476316355,1.1020014550382675,1.0148710359856135,1.123784059801431,0.9930884312224498,1.1455666645645948,0.9713058264592863,1.0784313725490198
2018-07-02,10.0,9.28,ITSA3_ITSA4,1.0775862068965518,1.0595187578272116,0.021627020425238883,1.1027727986776894,1.0162647169767338,1.1243998191029283,0.9946376965514949,1.1460268395281672,0.973010676126256,1.0775862068965518
2018-07-03,10.35,9.59,ITSA3_ITSA4,1.0792492179353492,1.0603997437768178,0.0216966910498868,1.1037931258765914,1.0170063616770442,1.1254898169264782,0.9953096706271574,1.147186507976365,0.9736129795772706,1.0792492179353492
2018-07-04,10.47,9.68,ITSA3_ITSA4,1.081611570247934,1.0613424720574063,0.02178057282555373,1.1049036177085136,1.017781326406299,1.1266841905340674,0.9960007535807451,1.1484647633596212,0.9742201807551913,1.081611570247934
2018-07-05,10.51,9.7,ITSA3_ITSA4,1.0835051546391754,1.0624163134132478,0.021788102692401466,1.1059925187980508,1.0188401080284448,1.1277806214904522,0.9970520053360434,1.1495687241828536,0.9752639026436419,1.0835051546391754
2018-07-06,10.55,9.72,ITSA3_ITSA4,1.0853909465020577,1.0638446506550774,0.02135988075557878,1.106564412166235,1.0211248891439197,1.1279242929218136,0.999765008388341,1.1492841736773924,0.9784051276327622,1.0853909465020577
2018-07-10,10.35,9.74,ITSA3_ITSA4,1.0626283367556468,1.064692655724686,0.02058856780159744,1.105869791327881,1.0235155201214912,1.1264583591294783,1.0029269523198938,1.147046926931076,0.9823383845182964,1.0626283367556468
2018-07-11,10.47,9.77,ITSA3_ITSA4,1.0716479017400207,1.065614112167863,0.02003324026132597,1.1056805926905149,1.0255476316452112,1.125713832951841,1.005514391383885,1.145747073213167,0.9854811511225592,1.0716479017400207
2018-07-12,10.45,9.91,ITSA3_ITSA4,1.0544904137235116,1.066299588261566,0.019129314657738736,1.1045582175770434,1.0280409589460886,1.1236875322347821,1.00891164428835,1.142816846892521,0.9897823296306111,1.0544904137235116
2018-07-13,10.65,10.13,ITSA3_ITSA4,1.0513326752221126,1.0667502487651896,0.018535220214395652,1.103820689193981,1.0296798083363983,1.1223559094083766,1.0111445881220027,1.1408911296227722,0.992609367907607,1.0513326752221126
2018-07-16,10.58,10.19,ITSA3_ITSA4,1.0382728164867518,1.066751249296305,0.01853364238430349,1.1038185340649118,1.029683964527698,1.1223521764492155,1.0111503221433944,1.140885818833519,0.992616679759091,1.0382728164867518
2018-07-17,10.65,10.39,ITSA3_ITSA4,1.02502406159769,1.0660406439396957,0.01957256766384151,1.1051857792673787,1.0268955086120126,1.1247583469312201,1.0073229409481712,1.1443309145950618,0.9877503732843296,1.02502406159769
2018-07-18,10.88,10.38,ITSA3_ITSA4,1.048169556840077,1.0658138334244442,0.01972908324056002,1.1052719999055642,1.0263556669433243,1.1250010831461243,1.0066265837027641,1.1447301663866842,0.9868975004622041,1.048169556840077
2018-07-19,10.85,10.53,ITSA3_ITSA4,1.030389363722697,1.0658877819813521,0.019586558095978583,1.1050608981733092,1.026714665789395,1.1246474562692879,1.0071281076934164,1.1442340143652665,0.9875415495974378,1.030389363722697
2018-07-20,11.06,10.87,ITSA3_ITSA4,1.017479300827967,1.065069445353115,0.02089815658081975,1.1068657585147545,1.0232731321914756,1.1277639150955743,1.002374975610656,1.148662071676394,0.9814768190298361,1.017479300827967
2018-07-23,11.1,10.6,ITSA3_ITSA4,1.0471698113207548,1.0654739837684624,0.0203714919228054,1.1062169676140732,1.0247309999228515,1.1265884595368785,1.0043595080000463,1.146959951459684,0.9839880160772407,1.0471698113207548
2018-07-24,11.0,10.62,ITSA3_ITSA4,1.0357815442561207,1.0651790576339986,0.020719634079579115,1.1066183257931568,1.0237397894748403,1.127337959872736,1.0030201553952611,1.148057593952315,0.9823005213156821,1.0357815442561207
2018-07-25,11.45,10.96,ITSA3_ITSA4,1.04470802919708,1.0655653753852021,0.020169413617705193,1.1059042026206125,1.0252265481497917,1.1260736162383178,1.0050571345320864,1.1462430298560229,0.9848877209143814,1.04470802919708
2018-07-26,11.5,10.77,ITSA3_ITSA4,1.0677808727948004,1.0661438257765008,0.019883749998791868,1.1059113257740845,1.0263763257789171,1.1257950757728763,1.0064925757801253,1.1456788257716684,0.9866088257813334,1.0677808727948004
2018-07-27,11.12,10.74,ITSA3_ITSA4,1.0353817504655491,1.0657817088079526,0.0203150086849908,1.1064117261779343,1.025151691437971,1.126726734862925,1.0048366827529802,1.1470417435479159,0.9845216740679894,1.0353817504655491
2018-07-30,11.2,10.85,ITSA3_ITSA4,1.032258064516129,1.065066421290421,0.02098505185909035,1.1070365250086018,1.0230963175722403,1.1280215768676922,1.00211126571315,1.1490066287267824,0.9811262138540596,1.032258064516129
2018-07-31,10.8,10.42,ITSA3_ITSA4,1.0364683301343571,1.0648077175587614,0.021277553475123504,1.1073628245090084,1.0222526106085144,1.1286403779841319,1.0009750571333909,1.1499179314592554,0.9796975036582674,1.0364683301343571
2018-08-01,10.94,10.65,ITSA3_ITSA4,1.0272300469483566,1.0637889613433076,0.022082095370318983,1.1079531520839456,1.0196247706026695,1.1300352474542645,0.9975426752323506,1.1521173428245834,0.9754605798620316,1.0272300469483566
2018-08-02,11.0,10.71,ITSA3_ITSA4,1.0270774976657329,1.0626177469367992,0.02276256445840817,1.1081428758536156,1.0170926180199829,1.1309054403120238,0.9943300535615747,1.153668004770432,0.9715674891031665,1.0270774976657329
2018-08-03,11.33,11.03,ITSA3_ITSA4,1.027198549410698,1.0611700510975985,0.023134050362524774,1.1074381518226482,1.014901950372549,1.130572202185173,0.9917679000100242,1.1537062525476975,0.9686338496474994,1.027198549410698
2018-08-06,11.2,10.87,ITSA3_ITSA4,1.030358785648574,1.0598324177664138,0.023334210611187445,1.1065008389887887,1.0131639965440389,1.129835049599976,0.9898297859328514,1.1531692602111636,0.966495575321664,1.030358785648574
2018-08-07,11.1,10.85,ITSA3_ITSA4,1.023041474654378,1.058288889415382,0.023680941317641042,1.105650772050664,1.0109270067800997,1.129331713368305,0.9872460654624587,1.153012654685946,0.9635651241448178,1.023041474654378
2018-08-08,11.0,10.62,ITSA3_ITSA4,1.0357815442561207,1.0572247773144943,0.023712860661642205,1.1046504986377788,1.0097990559912098,1.1283633592994209,0.9860861953295676,1.152076219961063,0.9623733346679254,1.0357815442561207
2018-08-09,10.86,10.41,ITSA3_ITSA4,1.0432276657060517,1.0567977935185489,0.023809509515644752,1.1044168125498384,1.0091787744872593,1.1282263220654831,0.9853692649716146,1.1520358315811279,0.9615597554559698,1.0432276657060517
2018-08-10,10.4,10.01,ITSA3_ITSA4,1.038961038961039,1.0555609351388333,0.02340547686866967,1.1023718888761727,1.008749981401494,1.1257773657448422,0.9853445045328243,1.149182842613512,0.9619390276641546,1.038961038961039
2018-08-13,10.55,9.96,ITSA3_ITSA4,1.0592369477911647,1.0555267073184609,0.02339890993890798,1.102324527196277,1.0087288874406448,1.1257234371351847,0.9853299775017369,1.1491223470740928,0.961931067562829,1.0592369477911647
2018-08-14,10.68,10.2,ITSA3_ITSA4,1.0470588235294118,1.0546416215768473,0.023020446218741754,1.1006825140143308,1.0086007291393637,1.1237029602330726,0.9855802829206219,1.1467234064518144,0.9625598367018803,1.0470588235294118
2018-08-15,10.65,10.18,ITSA3_ITSA4,1.0461689587426326,1.0535433427645455,0.02232276617186867,1.098188875108283,1.0088978104208082,1.1205116412801515,0.9865750442489395,1.1428344074520203,0.9642522780770708,1.0461689587426326
2018-08-16,10.57,10.08,ITSA3_ITSA4,1.0486111111111112,1.0525255050739137,0.021564760635461044,1.095655026344836,1.0093959838029916,1.117219786980297,0.9878312231675306,1.1387845476157579,0.9662664625320696,1.0486111111111112
2018-08-17,10.52,9.95,ITSA3_ITSA4,1.057286432160804,1.0517410553279898,0.020772607581378378,1.0932862704907464,1.0101958401652331,1.114058878072125,0.9894232325838547,1.1348314856535033,0.9686506250024762,1.057286432160804
2018-08-20,10.31,9.72,ITSA3_ITSA4,1.0606995884773662,1.0517552042826857,0.0207786625007323,1.0933125292841503,1.010197879281221,1.1140911917848826,0.9894192167804887,1.1348698542856148,0.9686405542797565,1.0606995884773662
2018-08-21,10.06,9.5,ITSA3_ITSA4,1.0589473684210526,1.0511875014686036,0.020244131163609267,1.091675763795822,1.0106992391413852,1.1119198949594313,0.9904551079777758,1.1321640261230408,0.9702109768141666,1.0589473684210526
2018-08-22,10.21,9.71,ITSA3_ITSA4,1.051493305870237,1.0509896856005079,0.0202003773423588,1.0913904402852255,1.0105889309157903,1.1115908176275844,0.9903885535734315,1.131791194969943,0.9701881762310727,1.051493305870237
2018-08-23,9.99,9.45,ITSA3_ITSA4,1.0571428571428572,1.0502640620177415,0.01941018442575904,1.0890844308692595,1.0114436931662234,1.1084946152950186,0.9920335087404644,1.1279047997207776,0.9726233243147053,1.0571428571428572
2018-08-24,10.11,9.49,ITSA3_ITSA4,1.0653319283456268,1.0497402805803646,0.01868232714404819,1.087104934868461,1.0123756262922683,1.105787262012509,0.99369329914822,1.1244695891565573,0.9750109720041719,1.0653319283456268
2018-08-27,10.18,9.76,ITSA3_ITSA4,1.0430327868852458,1.0488553159387703,0.01811829346821466,1.0850919028751997,1.012618729002341,1.1032101963434142,0.9945004355341264,1.121328489811629,0.9763821420659117,1.0430327868852458
2018-08-28,10.12,9.6,ITSA3_ITSA4,1.0541666666666667,1.048269827433023,0.017535066880416082,1.0833399611938552,1.013199693672191,1.1008750280742714,0.9956646267917748,1.1184100949546874,0.9781295599113587,1.0541666666666667
2018-08-29,10.35,9.87,ITSA3_ITSA4,1.0486322188449848,1.047504402455764,0.01680097518944176,1.0811063528346476,1.0139024520768805,1.0979073280240894,0.9971014768874388,1.114708303213531,0.980300501697997,1.0486322188449848
2018-08-30,10.03,9.43,ITSA3_ITSA4,1.063626723223754,1.0470547812801594,0.016090435038511583,1.0792356513571826,1.0148739112031362,1.0953260863956942,0.9987834761646246,1.1114165214342058,0.982693041126113,1.063626723223754
2018-08-31,10.01,9.59,ITSA3_ITSA4,1.0437956204379562,1.0460620429251288,0.014969844151712276,1.0760017312285535,1.0161223546217042,1.0909715753802656,1.001152510469992,1.1059414195319779,0.9861826663182798,1.0437956204379562
2018-09-03,10.1,9.47,ITSA3_ITSA4,1.0665258711721224,1.0455904160418805,0.013962276517426951,1.0735149690767345,1.0176658630070265,1.0874772455941615,1.0037035864895996,1.1014395221115882,0.9897413099721727,1.0665258711721224
2018-09-04,10.01,9.36,ITSA3_ITSA4,1.0694444444444444,1.0457608187341005,0.014214856711757144,1.0741905321576148,1.0173311053105862,1.0884053888693719,1.0031162485988292,1.1026202455811291,0.9889013918870719,1.0694444444444444
2018-09-05,10.05,9.36,ITSA3_ITSA4,1.073717948717949,1.0458125699085488,0.014314934665937066,1.0744424392404228,1.0171827005766747,1.0887573739063598,1.0028677659107377,1.103072308572297,0.9885528312448005,1.073717948717949
2018-09-06,10.15,9.7,ITSA3_ITSA4,1.0463917525773196,1.045610103379894,0.014246157913527848,1.0741024192069497,1.017117787552838,1.0883485771204775,1.0028716296393103,1.1025947350340053,0.9886254717257825,1.0463917525773196
2018-09-10,10.39,9.69,ITSA3_ITSA4,1.0722394220846234,1.0461327720514566,0.014832926886827722,1.075798625825112,1.0164669182778012,1.0906315527119397,1.0016339913909735,1.1054644795987676,0.9868010645041457,1.0722394220846234
2018-09-11,9.98,9.29,ITSA3_ITSA4,1.0742734122712596,1.0470327869460694,0.015424197389457854,1.0778811817249851,1.0161843921671536,1.093305379114443,1.0007601947776958,1.1087295765039007,0.985335997388238,1.0742734122712596
2018-09-12,10.01,9.35,ITSA3_ITSA4,1.0705882352941176,1.0481718912884799,0.015439627292690562,1.079051145873861,1.0172926367030988,1.0944907731665516,1.0018530094104081,1.109930400459242,0.9864133821177177,1.0705882352941176
2018-09-13,9.96,9.41,ITSA3_ITSA4,1.0584484590860788,1.04842886384463,0.01552489150299843,1.0794786468506268,1.0173790808386332,1.0950035383536252,1.0018541893356347,1.1105284298566236,0.9863292978326362,1.0584484590860788
2018-09-14,10.21,9.63,ITSA3_ITSA4,1.0602284527518173,1.0491748410703579,0.015351785533746892,1.0798784121378517,1.018471270002864,1.0952301976715986,1.0031194844691171,1.1105819832053454,0.9877676989353703,1.0602284527518173
2018-09-17,10.35,9.78,ITSA3_ITSA4,1.0582822085889572,1.0501949137643827,0.014525071502282423,1.0792450567689476,1.0211447707598178,1.09377012827123,1.0066196992575354,1.1082951997735124,0.992094627755253,1.0582822085889572
2018-09-18,10.46,9.91,ITSA3_ITSA4,1.0554994954591324,1.050403155867842,0.014540291619589923,1.0794837391070218,1.021322572628662,1.0940240307266118,1.006782281009072,1.1085643223462016,0.9922419893894823,1.0554994954591324
2018-09-19,10.51,9.9,ITSA3_ITSA4,1.0616161616161615,1.0510490213018433,0.014447639697533663,1.0799443006969107,1.0221537419067759,1.0943919403944442,1.0077061022092424,1.108839580091978,0.9932584625117087,1.0616161616161615
2018-09-20,10.34,9.76,ITSA3_ITSA4,1.0594262295081966,1.051416976309621,0.01446941178726673,1.0803557998841544,1.0224781527350877,1.0948252116714212,1.008008740947821,1.109294623458688,0.9935393291605541,1.0594262295081966
2018-09-21,10.48,9.87,ITSA3_ITSA4,1.0618034447821683,1.0512675406093055,0.0143262352126177,1.0799200110345408,1.0226150701840702,1.0942462462471585,1.0082888349714525,1.1085724814597764,0.9939625997588347,1.0618034447821683
2018-09-24,10.28,9.59,ITSA3_ITSA4,1.0719499478623566,1.0521817455442257,0.01445272790690566,1.081087201358037,1.0232762897304144,1.0955399292649428,1.0088235618235086,1.1099926571718484,0.9943708339166031,1.0719499478623566
2018-09-25,10.29,9.67,ITSA3_ITSA4,1.0641158221302998,1.05297818948458,0.014202264729422017,1.081382718943424,1.024573660025736,1.095584983672846,1.010371395296314,1.1097872484022682,0.9961691305668919,1.0641158221302998
2018-09-26,10.42,9.76,ITSA3_ITSA4,1.0676229508196722,1.053757055001713,0.014127711387948223,1.0820124777776094,1.0255016322258166,1.0961401891655578,1.0113739208378683,1.1102679005535059,0.9972462094499202,1.0676229508196722
2018-09-27,10.61,10.05,ITSA3_ITSA4,1.0557213930348257,1.0544693386538746,0.01345836836320155,1.0813860753802778,1.0275526019274714,1.0948444437434792,1.01409423356427,1.1083028121066807,1.0006358652010685,1.0557213930348257
2018-09-28,10.5,10.1,ITSA3_ITSA4,1.0396039603960396,1.0547825002221323,0.012940418881482452,1.0806633379850972,1.0289016624591674,1.0936037568665795,1.015961243577685,1.106544175748062,1.0030208246962025,1.0396039603960396
2018-10-01,10.44,9.99,ITSA3_ITSA4,1.045045045045045,1.055228662612991,0.012254464856761354,1.0797375923265138,1.0307197328994682,1.091992057183275,1.0184652680427069,1.1042465220400364,1.0062108031859456,1.045045045045045
2018-10-02,10.76,10.4,ITSA3_ITSA4,1.0346153846153845,1.0553350775871613,0.012049734470753172,1.0794345465286677,1.0312356086456549,1.0914842809994207,1.0191858741749018,1.103534015470174,1.0071361397041485,1.0346153846153845
2018-10-03,11.13,10.74,ITSA3_ITSA4,1.0363128491620113,1.055666861949852,0.011296939772998992,1.0782607414958498,1.033072982403854,1.089557681268849,1.0217760426308549,1.100854621041848,1.010479102857856,1.0363128491620113
2018-10-04,11.04,10.66,ITSA3_ITSA4,1.0356472795497185,1.055663505332192,0.011303018033745341,1.0782695413996828,1.0330574692647014,1.0895725594334282,1.021754451230956,1.1008755774671735,1.0104514331972108,1.0356472795497185
2018-10-05,11.04,10.53,ITSA3_ITSA4,1.0484330484330484,1.0557936399003671,0.011185524585322891,1.0781646890710128,1.0334225907297214,1.0893502136563358,1.0222370661443985,1.1005357382416587,1.0110515415590755,1.0484330484330484
2018-10-08,11.3,11.17,ITSA3_ITSA4,1.0116383169203225,1.055110571849349,0.012936942991157784,1.0809844578316645,1.0292366858670334,1.0939214008228224,1.0162997428758755,1.10685834381398,1.0033627998847179,1.0116383169203225
2018-10-09,11.34,11.08,ITSA3_ITSA4,1.023465703971119,1.054216290753848,0.013848628925756617,1.0819135486053613,1.0265190329023346,1.0957621775311177,1.0126704039765781,1.1096108064568744,0.9988217750508215,1.023465703971119
2018-10-10,11.14,10.81,ITSA3_ITSA4,1.030527289546716,1.0538030024042806,0.014306806298936181,1.082416615002153,1.0251893898064082,1.0967234213010892,1.010882583507472,1.1110302276000252,0.9965757772085359,1.030527289546716
2018-10-11,11.08,10.75,ITSA3_ITSA4,1.0306976744186047,1.0534162202961799,0.014721602037323492,1.082859424370827,1.0239730162215328,1.0975810264081503,1.0092514141842095,1.1123026284454738,0.994529812146886,1.0306976744186047
2018-10-15,11.07,10.82,ITSA3_ITSA4,1.0231053604436229,1.0527785765294926,0.01546848961106788,1.0837155557516283,1.021841597307357,1.0991840453626962,1.006373107696289,1.1146525349737642,0.990904618085221,1.0231053604436229
2018-10-16,11.37,11.27,ITSA3_ITSA4,1.0088731144631766,1.051568243587052,0.0169315857668764,1.0854314151208047,1.0177050720532992,1.102363000887681,1.0007734862864228,1.1192945866545576,0.9838419005195463,1.0088731144631766
2018-10-17,11.32,11.17,ITSA3_ITSA4,1.0134288272157566,1.0503864745555116,0.01789988953306656,1.0861862536216447,1.0145866954893785,1.1040861431547113,0.9966868059563119,1.1219860326877777,0.9787869164232453,1.0134288272157566
2018-10-18,11.19,10.83,ITSA3_ITSA4,1.0332409972299168,1.0497438152757332,0.018045522079319764,1.0858348594343727,1.0136527711170937,1.1038803815136926,0.995607249037774,1.1219259035930123,0.9775617269584542,1.0332409972299168
2018-10-19,11.15,10.81,ITSA3_ITSA4,1.0314523589269196,1.0492427916021503,0.01827248841814196,1.0857877684384343,1.0126978147658663,1.104060256856576,0.9944253263477244,1.122332745274718,0.9761528379295824,1.0314523589269196
2018-10-22,11.32,10.98,ITSA3_ITSA4,1.0309653916211292,1.048588354964107,0.018450203465381045,1.0854887618948692,1.011687948033345,1.1039389653602503,0.993237744567964,1.1223891688256313,0.9747875411025829,1.0309653916211292
2018-10-23,11.33,10.96,ITSA3_ITSA4,1.0337591240875912,1.0477990348576562,0.01839079207886463,1.0845806190153855,1.011017450699927,1.1029714110942501,0.9926266586210624,1.1213622031731147,0.9742358665421977,1.0337591240875912
2018-10-24,11.3,10.7,ITSA3_ITSA4,1.0560747663551404,1.0481250843444034,0.018419712392033993,1.0849645091284714,1.0112856595603354,1.1033842215205054,0.9928659471683015,1.1218039339125394,0.9744462347762675,1.0560747663551404
2018-10-25,11.31,10.82,ITSA3_ITSA4,1.045286506469501,1.0479030803394742,0.018398530986419852,1.084700142312314,1.0111060183666345,1.1030986732987338,0.9927074873802146,1.1214972042851536,0.9743089563937948,1.045286506469501
2018-10-26,11.48,11.04,ITSA3_ITSA4,1.0398550724637683,1.0476836516799437,0.01844190086023734,1.0845674534004184,1.010799849959469,1.1030093542606558,0.9923579490992317,1.121451255120893,0.9739160482389944,1.0398550724637683
2018-10-29,11.28,10.89,ITSA3_ITSA4,1.0358126721763083,1.0469883004037575,0.018349486595519635,1.0836872735947967,1.0102893272127182,1.1020367601903163,0.9919398406171985,1.120386246785836,0.9735903540216789,1.0358126721763083
2018-10-30,11.7,11.31,ITSA3_ITSA4,1.0344827586206895,1.046755478858326,0.01844984178202634,1.0836551624223787,1.0098557952942733,1.102105004204405,0.9914059535122469,1.1205548459864314,0.9729561117302206,1.0344827586206895
2018-10-31,11.76,11.24,ITSA3_ITSA4,1.0462633451957295,1.046248915708916,0.018169133690746984,1.0825871830904101,1.009910648327422,1.1007563167811572,0.9917415146366751,1.118925450471904,0.9735723809459281,1.0462633451957295
2018-11-01,11.9,11.4,ITSA3_ITSA4,1.043859649122807,1.0456092958258751,0.017777752476508958,1.081164800778893,1.0100537908728573,1.098942553255402,0.9922760383963483,1.116720305731911,0.9744982859198393,1.043859649122807
2018-11-05,12.09,11.5,ITSA3_ITSA4,1.0513043478260868,1.0450489558035787,0.01721334370129632,1.0794756432061714,1.010622268400986,1.0966889869074676,0.9934089246996898,1.1139023306087639,0.9761955809983934,1.0513043478260868
2018-11-06,12.13,11.55,ITSA3_ITSA4,1.0502164502164502,1.045144573244557,0.017231607095988307,1.0796077874365335,1.0106813590525805,1.0968393945325219,0.9934497519565921,1.1140710016285102,0.9762181448606038,1.0502164502164502
2018-11-07,12.23,11.6,ITSA3_ITSA4,1.0543103448275863,1.0446963463131311,0.016734769026984352,1.0781658843670998,1.0112268082591624,1.0949006533940842,0.9944920392321781,1.1116354224210685,0.9777572702051938,1.0543103448275863
2018-11-08,11.9,11.3,ITSA3_ITSA4,1.0530973451327432,1.0441669446346682,0.016097945868374375,1.076362836371417,1.0119710528979193,1.0924607822397914,0.995873107029545,1.1085587281081657,0.9797751611611707,1.0530973451327432
2018-11-09,12.08,11.55,ITSA3_ITSA4,1.0458874458874459,1.0435494248995014,0.015521889329208973,1.0745932035579193,1.0125056462410835,1.0901150928871284,0.9969837569118745,1.1056369822163372,0.9814618675826655,1.0458874458874459
2018-11-12,12.05,11.44,ITSA3_ITSA4,1.0533216783216783,1.0434212553803914,0.015416517537027464,1.0742542904544463,1.0125882203063366,1.0896708079914739,0.997171702769309,1.1050873255285012,0.9817551852322816,1.0533216783216783
2018-11-13,12.01,11.36,ITSA3_ITSA4,1.057218309859155,1.0433460018080747,0.01533952646162729,1.0740250547313293,1.0126669488848201,1.0893645811929566,0.9973274224231928,1.1047041076545838,0.9819878959615655,1.057218309859155
2018-11-14,12.1,11.55,ITSA3_ITSA4,1.0476190476190474,1.0430794227838271,0.015164962893650644,1.0734093485711285,1.0127494969965258,1.088574311464779,0.9975845341028752,1.1037392743584298,0.9824195712092245,1.0476190476190474
2018-11-16,12.5,11.99,ITSA3_ITSA4,1.042535446205171,1.042755321552478,0.015030655788615704,1.0728166331297095,1.0126940099752466,1.0878472889183253,0.997663354186631,1.102877944706941,0.9826326983980153,1.042535446205171
2018-11-19,12.52,12.07,ITSA3_ITSA4,1.0372825186412593,1.0421469804781056,0.014737290094009373,1.0716215606661244,1.0126724002900869,1.0863588507601338,0.9979351101960775,1.101096140854143,0.9831978201020681,1.0372825186412593
2018-11-21,12.45,11.85,ITSA3_ITSA4,1.0506329113924051,1.0419271475252108,0.0145371553742565,1.0710014582737237,1.0128528367766978,1.0855386136479803,0.9983156814024412,1.1000757690222367,0.9837785260281847,1.0506329113924051
2018-11-22,12.48,11.84,ITSA3_ITSA4,1.0540540540540542,1.041733412757008,0.01431542104804686,1.0703642548531016,1.0131025706609142,1.0846796759011486,0.9987871496128673,1.0989950969491953,0.9844717285648205,1.0540540540540542
2018-11-23,12.36,11.86,ITSA3_ITSA4,1.042158516020236,1.040988626960955,0.013451978593637146,1.0678925841482292,1.0140846697736807,1.0813445627418663,1.0006326911800436,1.0947965413355036,0.9871807125864064,1.042158516020236
2018-11-26,12.27,11.64,ITSA3_ITSA4,1.054123711340206,1.0407388241912026,0.013099658073009984,1.0669381403372225,1.0145395080451827,1.0800377984102325,1.0014398499721726,1.0931374564832426,0.9883401918991627,1.054123711340206
2018-11-27,12.63,12.09,ITSA3_ITSA4,1.0446650124069479,1.0401648757308843,0.012374418027742131,1.0649137117863685,1.0154160396754002,1.0772881298141108,1.0030416216476579,1.089662547841853,0.9906672036199158,1.0446650124069479
2018-11-28,12.88,12.37,ITSA3_ITSA4,1.0412287793047696,1.0398025603876329,0.012116738161559136,1.064036036710751,1.0155690840645146,1.0761527748723103,1.0034523459029554,1.0882695130338693,0.9913356077413963,1.0412287793047696
2018-11-29,13.05,12.49,ITSA3_ITSA4,1.044835868694956,1.0399333580951058,0.012142750113359562,1.0642188583218248,1.0156478578683867,1.0763616084351844,1.0035051077550272,1.088504358548544,0.9913623576416676,1.044835868694956
2018-11-30,12.8,12.34,ITSA3_ITSA4,1.0372771474878444,1.0397391606561759,0.012120999406421905,1.0639811594690196,1.0154971618433322,1.0761021588754416,1.0033761624369102,1.0882231582818636,0.9912551630304882,1.0372771474878444
2018-12-03,12.75,12.23,ITSA3_ITSA4,1.0425183973834833,1.0399367359753782,0.01209973094997405,1.0641361978753263,1.01573727407543,1.0762359288253003,1.003637543125456,1.0883356597752745,0.991537812175482,1.0425183973834833
2018-12-04,12.76,12.05,ITSA3_ITSA4,1.0589211618257262,1.0405019437919711,0.012449110304532617,1.0654001644010365,1.0156037231829058,1.077849274705569,1.0031546128783733,1.0902983850101016,0.9907055025738407,1.0589211618257262
2018-12-05,12.36,12.05,ITSA3_ITSA4,1.025726141078838,1.040253915330199,0.012645592526800318,1.0655451003837997,1.0149627302765984,1.0781906929106,1.0023171377497981,1.0908362854374003,0.9896715452229978,1.025726141078838
2018-12-06,12.82,12.36,ITSA3_ITSA4,1.0372168284789645,1.039973509831347,0.012583780761898158,1.0651410713551432,1.0148059483075507,1.0777248521170415,1.0022221675456524,1.0903086328789395,0.9896383867837544,1.0372168284789645
2018-12-07,12.68,12.12,ITSA3_ITSA4,1.0462046204620463,1.0408376674198903,0.011747103124786934,1.064331873669464,1.0173434611703165,1.0760789767942511,1.0055963580455294,1.087826079919038,0.9938492549207425,1.0462046204620463
2018-12-10,12.4,11.75,ITSA3_ITSA4,1.0553191489361702,1.0416340035440164,0.011618227263479153,1.0648704580709747,1.018397549017058,1.0764886853344537,1.006779321753579,1.088106912597933,0.9951610944900997,1.0553191489361702
2018-12-11,12.45,11.79,ITSA3_ITSA4,1.0559796437659033,1.042270312399496,0.011691096463530743,1.0656525053265575,1.0188881194724346,1.0773436017900884,1.0071970230089038,1.089034698253619,0.9955059265453731,1.0559796437659033
2018-12-12,12.73,11.91,ITSA3_ITSA4,1.0688497061293032,1.0432241131922635,0.012264955817892793,1.067754024828049,1.018694201556478,1.080018980645942,1.006429245738585,1.0922839364638346,0.9941642899206923,1.0688497061293032
2018-12-13,12.9,12.1,ITSA3_ITSA4,1.0661157024793388,1.0442993717431563,0.012341040471923066,1.0689814526870025,1.0196172907993102,1.0813224931589256,1.007276250327387,1.0936635336308487,0.9949352098554641,1.0661157024793388
2018-12-14,12.92,12.18,ITSA3_ITSA4,1.0607553366174056,1.0455964272970122,0.011195506044310757,1.0679874393856337,1.0232054152083907,1.0791829454299444,1.01200990916408,1.0903784514742552,1.0008144031197692,1.0607553366174056
2018-12-17,12.53,11.85,ITSA3_ITSA4,1.0573839662447257,1.0466953057727364,0.010056411516807317,1.0668081288063511,1.0265824827391217,1.0768645403231583,1.0165260712223145,1.0869209518399656,1.0064696597055072,1.0573839662447257
2018-12-18,12.93,11.9,ITSA3_ITSA4,1.0865546218487394,1.048028146388207,0.011636385449287301,1.0713009172867816,1.0247553754896326,1.082937302736069,1.0131189900403452,1.0945736881853563,1.0014826045910579,1.0865546218487394
2018-12-19,12.82,11.89,ITSA3_ITSA4,1.0782169890664424,1.049197262141695,0.012260787414729456,1.073718836971154,1.024675687312236,1.0859796243858832,1.0124148998975067,1.0982404118006128,1.000154112482777,1.0782169890664424
2018-12-20,12.9,11.88,ITSA3_ITSA4,1.0858585858585859,1.0505695919976314,0.013203602264683808,1.076976796526999,1.024162387468264,1.090180398791683,1.01095878520358,1.1033840010563667,0.9977551829388962,1.0858585858585859
2018-12-21,12.75,11.75,ITSA3_ITSA4,1.0851063829787233,1.0518532734699098,0.013999408387518937,1.0798520902449475,1.023854456694872,1.0938514986324666,1.009855048307353,1.1078509070199856,0.9958556399198341,1.0851063829787233
2018-12-26,12.99,11.6,ITSA3_ITSA4,1.1198275862068967,1.0534470939662037,0.017646405613325547,1.0887399051928548,1.0181542827395527,1.1063863108061804,1.000507877126227,1.1240327164195059,0.9828614715129016,1.1198275862068967
2018-12-27,12.9,11.8,ITSA3_ITSA4,1.0932203389830508,1.0546454397790426,0.018675573059633875,1.0919965858983103,1.0172942936597749,1.1106721589579442,0.9986187206001409,1.129347732017578,0.979943147540507,1.0932203389830508
2018-12-28,13.3,12.08,ITSA3_ITSA4,1.1009933774834437,1.0561738974045345,0.01989603309948515,1.0959659636035048,1.0163818312055641,1.11586199670299,0.9964857981060791,1.1357580298024752,0.9765897650065939,1.1009933774834437
