DATA DO PREGAO,Empresa1,Empresa2,Par,Ratio,MA_40,STD_40,BANDA_1_40 SUPERIOR,BANDA_1_40 INFERIOR,BANDA_2_40 SUPERIOR,BANDA_2_40 INFERIOR,BANDA_3_40 SUPERIOR,BANDA_3_40 INFERIOR,PRECO FECHAMENTO
2018-01-02,11.03,38.48,ITSA4_ITUB3,0.28664241164241167,,,,,,,,,0.28664241164241167
2018-01-03,11.16,38.78,ITSA4_ITUB3,0.28777720474471374,,,,,,,,,0.28777720474471374
2018-01-04,11.37,39.21,ITSA4_ITUB3,0.2899770466717674,,,,,,,,,0.2899770466717674
2018-01-05,11.39,39.48,ITSA4_ITUB3,0.288500506585613,,,,,,,,,0.288500506585613
2018-01-08,11.38,39.26,ITSA4_ITUB3,0.28986245542536937,,,,,,,,,0.28986245542536937
2018-01-09,11.2,38.7,ITSA4_ITUB3,0.28940568475452194,,,,,,,,,0.28940568475452194
2018-01-10,11.2,38.85,ITSA4_ITUB3,0.2882882882882883,,,,,,,,,0.2882882882882883
2018-01-11,11.38,39.7,ITSA4_ITUB3,0.28664987405541564,,,,,,,,,0.28664987405541564
2018-01-12,11.41,39.2,ITSA4_ITUB3,0.29107142857142854,,,,,,,,,0.29107142857142854
2018-01-15,11.55,39.32,ITSA4_ITUB3,0.29374364191251273,,,,,,,,,0.29374364191251273
2018-01-16,11.7,39.59,ITSA4_ITUB3,0.2955291740338469,,,,,,,,,0.2955291740338469
2018-01-17,11.88,40.04,ITSA4_ITUB3,0.2967032967032967,,,,,,,,,0.2967032967032967
2018-01-18,11.94,40.15,ITSA4_ITUB3,0.29738480697384806,,,,,,,,,0.29738480697384806
2018-01-19,11.98,40.31,ITSA4_ITUB3,0.29719672537831804,,,,,,,,,0.29719672537831804
2018-01-22,12.28,40.9,ITSA4_ITUB3,0.3002444987775061,,,,,,,,,0.3002444987775061
2018-01-23,12.14,40.73,ITSA4_ITUB3,0.2980603977412227,,,,,,,,,0.2980603977412227
2018-01-24,12.91,42.8,ITSA4_ITUB3,0.3016355140186916,,,,,,,,,0.3016355140186916
2018-01-26,13.45,44.58,ITSA4_ITUB3,0.30170480035890535,,,,,,,,,0.30170480035890535
2018-01-29,13.1,44.3,ITSA4_ITUB3,0.29571106094808125,,,,,,,,,0.29571106094808125
2018-01-30,13.18,43.91,ITSA4_ITUB3,0.3001594169892963,,,,,,,,,0.3001594169892963
2018-01-31,13.25,44.34,ITSA4_ITUB3,0.2988272440234551,,,,,,,,,0.2988272440234551
2018-02-01,13.21,44.64,ITSA4_ITUB3,0.29592293906810035,,,,,,,,,0.29592293906810035
2018-02-02,13.0,44.4,ITSA4_ITUB3,0.2927927927927928,,,,,,,,,0.2927927927927928
2018-02-05,12.6,43.45,ITSA4_ITUB3,0.2899884925201381,,,,,,,,,0.2899884925201381
2018-02-06,13.09,44.25,ITSA4_ITUB3,0.295819209039548,,,,,,,,,0.295819209039548
2018-02-07,12.82,43.42,ITSA4_ITUB3,0.29525564256103176,,,,,,,,,0.29525564256103176
2018-02-08,12.7,43.35,ITSA4_ITUB3,0.2929642445213379,,,,,,,,,0.2929642445213379
2018-02-09,12.68,43.53,ITSA4_ITUB3,0.2912933609005284,,,,,,,,,0.2912933609005284
2018-02-14,13.09,45.1,ITSA4_ITUB3,0.29024390243902437,,,,,,,,,0.29024390243902437
2018-02-15,13.09,45.7,ITSA4_ITUB3,0.28643326039387307,,,,,,,,,0.28643326039387307
2018-02-16,13.4,43.4,ITSA4_ITUB3,0.3087557603686636,,,,,,,,,0.3087557603686636
2018-02-19,13.37,43.45,ITSA4_ITUB3,0.30771001150747984,,,,,,,,,0.30771001150747984
2018-02-20,13.91,44.17,ITSA4_ITUB3,0.31491962870726736,,,,,,,,,0.31491962870726736
2018-02-21,14.15,44.77,ITSA4_ITUB3,0.31605986151440696,,,,,,,,,0.31605986151440696
2018-02-22,14.38,45.09,ITSA4_ITUB3,0.3189177201153249,,,,,,,,,0.3189177201153249
2018-02-23,13.63,45.03,ITSA4_ITUB3,0.3026870974905619,,,,,,,,,0.3026870974905619
2018-02-26,13.65,44.9,ITSA4_ITUB3,0.30400890868596886,,,,,,,,,0.30400890868596886
2018-02-27,13.47,44.5,ITSA4_ITUB3,0.30269662921348317,,,,,,,,,0.30269662921348317
2018-02-28,13.12,43.6,ITSA4_ITUB3,0.3009174311926605,,,,,,,,,0.3009174311926605
2018-03-01,13.33,43.9,ITSA4_ITUB3,0.3036446469248292,0.2971526754638883,0.008153596162909057,0.3134598677897064,0.2808454831380702,0.3216134639526155,0.2726918869751611,0.32976706011552454,0.26453829081225205,0.3036446469248292
2018-03-02,13.44,44.6,ITSA4_ITUB3,0.3013452914798206,0.29752024745982353,0.007997551070198007,0.31351534960021954,0.2815251453194275,0.32151290067041755,0.2735275942492295,0.32951045174061555,0.2655300431790315,0.3013452914798206
2018-03-05,13.8,45.3,ITSA4_ITUB3,0.30463576158940403,0.2979417113809408,0.007914722549203997,0.3137711564793488,0.2821122662825328,0.3216858790285528,0.2741975437333288,0.3296006015777568,0.2662828211841248,0.30463576158940403
2018-03-06,13.74,45.37,ITSA4_ITUB3,0.302843288516641,0.2982633674270626,0.007843863448600994,0.3139510943242646,0.2825756405298606,0.3217949577728656,0.2747317770812596,0.3296388212214666,0.2668879136326586,0.302843288516641
2018-03-07,13.7,45.16,ITSA4_ITUB3,0.3033658104517272,0.29863500002371546,0.00772063269585232,0.3140762654154201,0.2831937346320108,0.32179689811127243,0.2754731019361585,0.32951753080712476,0.26775246924030616,0.3033658104517272
2018-03-08,13.61,44.73,ITSA4_ITUB3,0.3042700648334451,0.2989951902589173,0.007636493919978341,0.314268178098874,0.2837222024189606,0.3219046720188523,0.2760857084989823,0.32954116593883065,0.26844921457900395,0.3042700648334451
2018-03-09,13.73,45.35,ITSA4_ITUB3,0.30275633958103637,0.29932895662958015,0.007497105706498031,0.3143231680425762,0.2843347452165841,0.32182027374907424,0.27683763951008605,0.32931737945557227,0.269340533803588,0.30275633958103637
2018-03-12,13.86,45.59,ITSA4_ITUB3,0.3040140381662645,0.2997221003765296,0.0073133673123246465,0.3143488350011789,0.28509536575188027,0.3216622023135035,0.27778199843955564,0.3289755696258282,0.27046863112723096,0.3040140381662645
2018-03-13,13.77,45.42,ITSA4_ITUB3,0.30317040951122853,0.3001351137629249,0.007016670349518224,0.31416845446196134,0.28610177306388845,0.3211851248114796,0.2790851027143702,0.3282017951609978,0.272068432364852,0.30317040951122853
2018-03-14,13.63,44.76,ITSA4_ITUB3,0.3045129579982127,0.30047115199859453,0.006892231063032795,0.31425561412466013,0.28668668987252893,0.3211478451876929,0.27979445880949616,0.32804007625072573,0.27290222774646333,0.3045129579982127
2018-03-15,13.57,44.89,ITSA4_ITUB3,0.302294497660949,0.3006849233923054,0.006810339765458566,0.3143056029232225,0.2870642438613883,0.3211159426886811,0.2802539040959297,0.3279262824541397,0.2734435643304711,0.302294497660949
2018-03-16,13.44,44.6,ITSA4_ITUB3,0.3013452914798206,0.30083032632845474,0.006759337388115357,0.31434900110468544,0.28731165155222405,0.3211083384928008,0.2805523141641087,0.3278676758809162,0.2737929767759933,0.3013452914798206
2018-03-19,13.3,44.02,ITSA4_ITUB3,0.3021353930031804,0.30096612873595185,0.006728794171076591,0.314423717078105,0.2875085403937987,0.32115251124918165,0.28077974622272206,0.32788130542025823,0.2740509520516455,0.3021353930031804
2018-03-20,13.3,43.9,ITSA4_ITUB3,0.3029612756264237,0.30110554045226623,0.006710434831256103,0.31452641011477844,0.287684670789754,0.32123684494603455,0.2809742359584979,0.32794727977729066,0.2742638011272418,0.3029612756264237
2018-03-21,13.32,43.82,ITSA4_ITUB3,0.3039707895937928,0.30127489205765307,0.006694718752959122,0.3146643295635713,0.2878854545517348,0.32135904831653045,0.2811907357987757,0.3280537670694896,0.27449601704581655,0.3039707895937928
2018-03-22,13.27,43.75,ITSA4_ITUB3,0.3033142857142857,0.30135163673107257,0.006700196963133763,0.3147520306573401,0.28795124280480505,0.3214522276204739,0.28125104584167127,0.3281524245836076,0.27455084887853753,0.3033142857142857
2018-03-23,13.31,44.29,ITSA4_ITUB3,0.3005193045834274,0.30141310940212773,0.006680477300602832,0.3147740640033334,0.28805215480092206,0.32145454130393625,0.2813716775003192,0.3281350186045391,0.2746912001997164,0.3005193045834274
2018-03-26,13.53,44.51,ITSA4_ITUB3,0.30397663446416534,0.30147163741326455,0.006692719882114616,0.3148570771774938,0.2880861976490353,0.3215497970596084,0.2813934777669207,0.328242516941723,0.2747007578848061,0.30397663446416534
2018-03-27,13.39,43.73,ITSA4_ITUB3,0.30619711868282645,0.30158394537136257,0.006734295620313772,0.3150525366119901,0.288115354130735,0.32178683223230387,0.2813810585104213,0.32852112785261767,0.2746467628901075,0.30619711868282645
2018-03-28,13.55,44.23,ITSA4_ITUB3,0.30635315396789514,0.30184999769685794,0.00670648746031909,0.31526297261749614,0.28843702277621974,0.32196946007781524,0.28173053531590064,0.3286759475381343,0.2750240478555816,0.30635315396789514
2018-03-29,13.79,45.13,ITSA4_ITUB3,0.30556171061378234,0.3019850550374701,0.00672593739229922,0.3154369298220685,0.28853318025287167,0.32216286721436777,0.2818072428605724,0.328888804606667,0.2750813054682732,0.30556171061378234
2018-04-02,13.71,45.04,ITSA4_ITUB3,0.3043960923623446,0.3021242762459423,0.006716526015934337,0.31555732827781097,0.2886912242140736,0.3222738542937453,0.2819746981981393,0.32899038030967964,0.27525817218220494,0.3043960923623446
2018-04-03,13.64,45.2,ITSA4_ITUB3,0.3017699115044248,0.3022704505568504,0.006641307141952369,0.3155530648407552,0.28898783627294566,0.3221943719827075,0.28234652913099334,0.3288356791246599,0.27570522198904096,0.3017699115044248
2018-04-04,13.65,44.91,ITSA4_ITUB3,0.3039412157648631,0.30254916113115216,0.006464954315809696,0.31547906976277157,0.28961925249953274,0.32194402407858125,0.28315429818372306,0.3284089783943909,0.2766893438679134,0.3039412157648631
2018-04-05,13.61,44.94,ITSA4_ITUB3,0.30284824210057854,0.30287065487066317,0.006135676383008899,0.315142007636681,0.29059930210464535,0.32127768401968987,0.28446362572163647,0.32741336040269875,0.2783279493386276,0.30284824210057854
2018-04-06,13.5,45.13,ITSA4_ITUB3,0.29913582982495013,0.30295357039029824,0.006059883837594858,0.315073338065488,0.2908338027151085,0.3211332219030828,0.2847739188775137,0.32719310574067767,0.2787140350399188,0.29913582982495013
2018-04-09,13.23,44.3,ITSA4_ITUB3,0.29864559819413095,0.30303831928112573,0.005972541291093997,0.31498340186331375,0.2910932366989377,0.32095594315440773,0.28512069540784374,0.3269284844455017,0.27914815411674976,0.29864559819413095
2018-04-10,13.29,44.74,ITSA4_ITUB3,0.2970496200268216,0.30314045366876285,0.005829058525921867,0.3147985707206066,0.29148233661691914,0.32062762924652843,0.2856532780909973,0.3264566877724503,0.2798242195650754,0.2970496200268216
2018-04-11,13.28,45.3,ITSA4_ITUB3,0.29315673289183225,0.3031870379685454,0.005738697427160373,0.31466443282286616,0.29170964311422465,0.32040313025002654,0.28597094568706427,0.3261418276771869,0.2802322482599039,0.29315673289183225
2018-04-12,13.49,45.2,ITSA4_ITUB3,0.2984513274336283,0.3033922235934105,0.005400834288753172,0.31419389217091687,0.29259055501590414,0.31959472645967,0.287189720727151,0.3249955607484232,0.28178888643839783,0.2984513274336283
2018-04-13,13.2,44.05,ITSA4_ITUB3,0.2996594778660613,0.3037228790302152,0.00469463705681756,0.3131121531438503,0.2943336049165801,0.3178067902006679,0.28963896785976256,0.3225014272574855,0.28494433080294496,0.2996594778660613
2018-04-16,12.96,43.26,ITSA4_ITUB3,0.2995839112343967,0.30349358280185856,0.004666418920572822,0.3128264206430042,0.2941607449607129,0.31749283956357705,0.2894943260401401,0.32215925848414984,0.2848279071195673,0.2995839112343967
2018-04-17,13.2,44.35,ITSA4_ITUB3,0.29763246899661777,0.303241644239087,0.0047048219088910445,0.3126512880568691,0.2938320004213049,0.31735610996576014,0.2891271785124139,0.3220609318746512,0.28442235660352283,0.29763246899661777
2018-04-18,13.46,45.2,ITSA4_ITUB3,0.297787610619469,0.30281334378689206,0.004383278625879869,0.3115799010386518,0.29404678653513233,0.3159631796645317,0.28966350790925244,0.32034645829041153,0.2852802292833726,0.297787610619469
2018-04-19,13.25,44.55,ITSA4_ITUB3,0.2974186307519641,0.302347313017831,0.0039035074257322113,0.3101543278692954,0.2945402981663666,0.3140578352950277,0.29063679074063437,0.3179613427207599,0.28673328331490217,0.2974186307519641
2018-04-20,13.14,44.73,ITSA4_ITUB3,0.29376257545271633,0.3017184344012658,0.003111423261588546,0.3079412809244429,0.29549558787808866,0.3110527041860314,0.29238416461650013,0.31416412744761996,0.2892727413549116,0.29376257545271633
2018-04-23,13.19,43.86,ITSA4_ITUB3,0.3007295941632467,0.3016694968180829,0.0031111912762999366,0.3078918793706828,0.29544711426548304,0.31100307064698274,0.2923359229891831,0.3141142619232827,0.28922473171288315,0.3007295941632467
2018-04-24,13.16,43.71,ITSA4_ITUB3,0.3010752688172043,0.3015961558213638,0.0030891291533155668,0.30777441412799494,0.29541789751473263,0.3108635432813105,0.2923287683614171,0.31395267243462605,0.28923963920810153,0.3010752688172043
2018-04-25,13.24,44.39,ITSA4_ITUB3,0.2982653750844785,0.3014853744681386,0.003127865645723736,0.3077411057595861,0.29522964317669115,0.31086897140530984,0.2921017775309674,0.31399683705103354,0.2889739118852437,0.2982653750844785
2018-04-26,13.67,44.91,ITSA4_ITUB3,0.30438655087953687,0.3015721024603105,0.0031596477880275024,0.3078913980363655,0.29525280688425554,0.311051045824393,0.292093159096228,0.31421069361242054,0.2889335113082005,0.30438655087953687
2018-04-27,13.69,44.88,ITSA4_ITUB3,0.3050356506238859,0.301606877552787,0.0031905467125469644,0.3079879709778809,0.29522578412769307,0.31117851769042787,0.2920352374151461,0.31436906440297485,0.2888446907025991,0.3050356506238859
2018-04-30,13.61,44.1,ITSA4_ITUB3,0.3086167800453514,0.30178866476692523,0.0033769671824618467,0.30854259913184895,0.2950347304020015,0.3119195663143108,0.2916577632195397,0.3152965334967726,0.28828079603707785,0.3086167800453514
2018-05-02,12.8,42.54,ITSA4_ITUB3,0.30089327691584394,0.3016951026500862,0.0033477814736013493,0.3083906655972889,0.2949995397028835,0.31173844707089027,0.29165175822928213,0.3150862285444916,0.2883039767556808,0.30089327691584394
2018-05-03,12.45,41.98,ITSA4_ITUB3,0.2965697951405431,0.3015382653156838,0.003438337848696121,0.30841494101307604,0.29466158961829153,0.31185327886177217,0.2912232517695954,0.3152916167104683,0.2877849139208993,0.2965697951405431
2018-05-04,12.25,41.53,ITSA4_ITUB3,0.29496749337828077,0.30132830738884764,0.0035774806659575734,0.30848326872076276,0.2941733460569325,0.31206074938672035,0.29059586539097493,0.31563823005267794,0.28701838472501734,0.29496749337828077
2018-05-07,12.27,41.79,ITSA4_ITUB3,0.29361091170136394,0.3010618285605456,0.0037457674212633923,0.3085533634030724,0.2935702937180188,0.31229913082433575,0.2898245262967554,0.31604489824559917,0.286078758875492,0.29361091170136394
2018-05-08,12.3,41.85,ITSA4_ITUB3,0.2939068100358423,0.30084059032191574,0.0039012333275212315,0.3086430569769582,0.29303812366687326,0.31254429030447944,0.289136890339352,0.3164455236320007,0.2852356570118308,0.2939068100358423
2018-05-09,12.33,41.88,ITSA4_ITUB3,0.2944126074498567,0.30060055455400553,0.003995217472153963,0.30859098949831343,0.2926101196096976,0.3125862069704674,0.28861490213754365,0.3165814244426214,0.28461968466538967,0.2944126074498567
2018-05-10,12.74,42.75,ITSA4_ITUB3,0.2980116959064327,0.3004715867138857,0.0039933966963004485,0.3084583801064866,0.2924847933212848,0.312451776802787,0.28849139662498435,0.31644517349908746,0.2844979999286839,0.2980116959064327
2018-05-11,12.54,42.13,ITSA4_ITUB3,0.29765013054830286,0.30030001602763795,0.003962620030725114,0.3082252560890882,0.2923747759661877,0.3121878761198133,0.2884121559354626,0.3161504961505384,0.2844495359047375,0.29765013054830286
2018-05-14,12.36,41.47,ITSA4_ITUB3,0.2980467808054015,0.30019382310624926,0.003964716103029522,0.3081232553123083,0.29226439090019024,0.31208797141533784,0.2882996747971607,0.31605268751836735,0.28433495869413117,0.2980467808054015
2018-05-15,12.19,41.21,ITSA4_ITUB3,0.2958019898082989,0.3000552405644612,0.00401993140901222,0.30809510338248564,0.29201537774643677,0.3121150347914979,0.2879954463374245,0.31613496620051007,0.28397551492841233,0.2958019898082989
2018-05-16,12.31,41.35,ITSA4_ITUB3,0.2977025392986699,0.29994441922184845,0.0040222171684983835,0.3079888535588452,0.2918999848848517,0.3120110707273436,0.2878777677163533,0.31603328789584195,0.28385555054785494,0.2977025392986699
2018-05-17,11.77,39.78,ITSA4_ITUB3,0.29587732528909,0.29976732046341514,0.004041884172062714,0.3078510888075406,0.2916835521192897,0.3118929729796033,0.287641667947227,0.315934857151666,0.28359978377516426,0.29587732528909
2018-05-18,11.6,39.87,ITSA4_ITUB3,0.290945573112616,0.2994416900513857,0.004215505401266664,0.30787270085391905,0.2910106792488524,0.3120882062551857,0.28679517384758574,0.3163037116564524,0.28257966844631904,0.290945573112616
2018-05-21,11.53,39.61,ITSA4_ITUB3,0.29108810906336785,0.29913603563511276,0.004367999245690632,0.307872034126494,0.2904000371437315,0.31224003337218464,0.2860320378980409,0.3166080326178753,0.28166403865235023,0.29108810906336785
2018-05-22,12.03,40.2,ITSA4_ITUB3,0.29925373134328354,0.2991043963041091,0.004362302545408729,0.3078290013949266,0.29037979121329166,0.3121913039403353,0.28601748866788296,0.31655360648574404,0.2816551861224742,0.29925373134328354
2018-05-23,11.75,39.86,ITSA4_ITUB3,0.29478173607626695,0.29887452384441165,0.00434118821397619,0.30755690027236404,0.29019214741645927,0.3118980884863402,0.2858509592024831,0.31623927670031643,0.2815097709885069,0.29478173607626695
2018-05-24,11.94,39.89,ITSA4_ITUB3,0.2993231386312359,0.2987026743431219,0.004176829429594381,0.3070563332023107,0.29034901548393316,0.31123316263190504,0.2861721860543388,0.31540999206149944,0.2819953566247444,0.2993231386312359
2018-05-25,11.77,39.39,ITSA4_ITUB3,0.2988068037572988,0.29851401558785695,0.003988597782915969,0.3064912111536889,0.290536820022025,0.3104798089366049,0.28654822223910903,0.3144684067195208,0.2825596244561931,0.2988068037572988
2018-05-28,11.28,38.06,ITSA4_ITUB3,0.2963741460851287,0.2982843264746406,0.0038338784387536174,0.30595208335214785,0.29061656959713333,0.30978596179090145,0.28678269115837973,0.31361984022965506,0.28294881271962613,0.2963741460851287
2018-05-29,11.2,37.8,ITSA4_ITUB3,0.2962962962962963,0.2980818315729894,0.003714851502566048,0.30551153457812147,0.2906521285678573,0.30922638608068753,0.28693727706529126,0.3129412375832536,0.2832224255627252,0.2962962962962963
2018-05-30,11.23,38.21,ITSA4_ITUB3,0.29390211986390996,0.29788513678197653,0.003722851293945611,0.30533083936986777,0.2904394341940853,0.3090536906638134,0.2867165829001397,0.312776541957759,0.28299373160619407,0.29390211986390996
2018-06-01,10.35,38.65,ITSA4_ITUB3,0.2677878395860285,0.29698130237750564,0.0059420703228423005,0.30886544302319024,0.28509716173182104,0.3148075133460325,0.27915509140897876,0.32074958366887485,0.27321302108613643,0.2677878395860285
2018-06-04,10.68,39.21,ITSA4_ITUB3,0.2723794950267789,0.29621958370066065,0.007024935657419467,0.3102694550154996,0.2821697123858217,0.31729439067291904,0.27514477672840226,0.3243193263303385,0.2681198410709828,0.2723794950267789
2018-06-05,10.15,38.16,ITSA4_ITUB3,0.26598532494758914,0.29539082107872666,0.008477377331181717,0.3123455757410901,0.2784360664163632,0.3208229530722718,0.2699586890851815,0.3293003304034535,0.2614813117539998,0.26598532494758914
2018-06-06,10.01,37.35,ITSA4_ITUB3,0.26800535475234266,0.2946248149926819,0.009498543355373328,0.3136219017034286,0.2756277282819352,0.3231204450588019,0.2661291849265619,0.3326189884141752,0.2566306415711886,0.26800535475234266
2018-06-07,9.4,36.99,ITSA4_ITUB3,0.2541227358745607,0.29355164288887536,0.01144344119386879,0.3164385252766129,0.2706647605011378,0.32788196647048173,0.259221319307269,0.33932540766435054,0.2477778781134002,0.2541227358745607
2018-06-08,9.42,36.59,ITSA4_ITUB3,0.25744738999726696,0.29265890931651123,0.012788840990819568,0.31823659129815035,0.2670812273348721,0.3310254322889699,0.25429238634405255,0.34381427327978953,0.24150354535323296,0.25744738999726696
2018-06-11,9.2,35.76,ITSA4_ITUB3,0.25727069351230425,0.2916293934684781,0.013918260737715042,0.3194659149439082,0.263792871993048,0.3333841756816232,0.24987461125533297,0.3473024364193383,0.23595635051761793,0.25727069351230425
2018-06-12,9.19,35.84,ITSA4_ITUB3,0.2564174107142857,0.29054834178968375,0.01492172384806457,0.3203917894858129,0.26070489409355463,0.3353135133338775,0.24578317024549004,0.35023523718194205,0.23086144639742548,0.2564174107142857
2018-06-13,9.12,35.11,ITSA4_ITUB3,0.25975505553973227,0.28955262039731716,0.015616052211771873,0.3207847248208609,0.2583205159737734,0.33640077703263277,0.24270446376200155,0.35201682924440464,0.22708841155022969,0.25975505553973227
2018-06-14,8.82,34.11,ITSA4_ITUB3,0.2585751978891821,0.2885761886196313,0.01630381611122073,0.32118382084207275,0.25596855639718985,0.3374876369532935,0.23966474028596912,0.3537914530645142,0.2233609241747484,0.2585751978891821
2018-06-15,8.91,34.65,ITSA4_ITUB3,0.2571428571428572,0.287560069782716,0.016968044252616884,0.32149615828794975,0.2536239812774822,0.33846420254056664,0.23665593702486531,0.3554322467931835,0.21968789277224843,0.2571428571428572
2018-06-18,8.61,33.79,ITSA4_ITUB3,0.2548091151228174,0.2864948318919873,0.017656778345968936,0.3218083885839252,0.25118127520004946,0.33946516692989415,0.2335244968540805,0.35712194527586305,0.2158677185081116,0.2548091151228174
2018-06-19,8.99,35.49,ITSA4_ITUB3,0.25331079177233023,0.28548353729997766,0.018373729010928087,0.32223099532183386,0.2487360792781215,0.3406047243327619,0.2303623502671934,0.35897845334369,0.21198862125626533,0.25331079177233023
2018-06-20,9.18,35.75,ITSA4_ITUB3,0.25678321678321675,0.28438487786547695,0.01874877557621234,0.32188242901790165,0.24688732671305227,0.340631204594114,0.22813855113683992,0.3593799801703263,0.2093897755606276,0.25678321678321675
2018-06-21,8.91,34.85,ITSA4_ITUB3,0.2556671449067432,0.28324967476771545,0.019083983371699507,0.32141764151111446,0.24508170802431645,0.340501624882814,0.22599772465261692,0.35958560825451347,0.20691374128091744,0.2556671449067432
2018-06-22,8.98,35.05,ITSA4_ITUB3,0.25620542082738945,0.28219817591128826,0.019391666762511948,0.32098150943631215,0.24341484238626437,0.3403731761988241,0.2240231756237524,0.35976484296133604,0.20463150886124049,0.25620542082738945
2018-06-25,8.94,35.06,ITSA4_ITUB3,0.2549914432401597,0.2809632982203038,0.019514832134153302,0.3199929624886104,0.24193363395199718,0.3395077946227637,0.2224188018178439,0.359022626756917,0.2029039696836906,0.2549914432401597
2018-06-26,9.09,34.9,ITSA4_ITUB3,0.260458452722063,0.27984886827275823,0.01937723395232884,0.31860333617741593,0.24109440036810054,0.33798057012974475,0.22171716641577172,0.3573578040820736,0.20233993246344287,0.260458452722063
2018-06-27,8.82,34.38,ITSA4_ITUB3,0.25654450261780104,0.27854706133706947,0.019142731960131446,0.31683252525733235,0.24026159741680658,0.3359752572174638,0.22111886545667514,0.35511798917759524,0.2019761334965437,0.25654450261780104
2018-06-28,9.04,35.24,ITSA4_ITUB3,0.25652667423382514,0.277437896270019,0.019100045308474343,0.3156379868869677,0.23923780565307035,0.33473803219544207,0.22013776034459598,0.3538380775039164,0.20103771503612167,0.25652667423382514
2018-06-29,9.18,35.9,ITSA4_ITUB3,0.25571030640668524,0.2764164090516726,0.01914317087982473,0.31470275081132204,0.23813006729202313,0.3338459216911468,0.21898689641219837,0.3529890925709715,0.19984372553237367,0.25571030640668524
2018-07-02,9.28,35.78,ITSA4_ITUB3,0.25936277249860257,0.2755262910296806,0.0190861542299586,0.31369859948959783,0.23735398256976342,0.3327847537195564,0.21826782833980485,0.35187090794951503,0.19918167410984622,0.25936277249860257
2018-07-03,9.59,36.82,ITSA4_ITUB3,0.26045627376425856,0.274697425081253,0.01900036518773461,0.3126981554567222,0.23669669470578378,0.3316985206444568,0.21769632951804918,0.35069888583219144,0.19869596433031456,0.26045627376425856
2018-07-04,9.68,37.1,ITSA4_ITUB3,0.2609164420485175,0.2738726658815699,0.018860654424122218,0.3115939747298143,0.23615135703332546,0.33045462915393653,0.21729070260920325,0.34931528357805874,0.19843004818508103,0.2609164420485175
2018-07-05,9.7,36.89,ITSA4_ITUB3,0.26294388723231227,0.2730859478761313,0.01863690790992148,0.31035976369597423,0.23581213205628831,0.32899667160589574,0.21717522414636684,0.3476335795158172,0.19853831623644536,0.26294388723231227
2018-07-06,9.72,36.81,ITSA4_ITUB3,0.26405867970660146,0.2722371224711354,0.018241554135798012,0.3087202307427314,0.2357540141995394,0.32696178487852945,0.21751246006374136,0.3452033390143274,0.19927090592794336,0.26405867970660146
2018-07-10,9.74,37.6,ITSA4_ITUB3,0.25904255319148933,0.2712719330372151,0.017880249559071137,0.30703243215535736,0.2355114339190728,0.3249126817144285,0.21763118436000167,0.34279293127349963,0.19975093480093054,0.25904255319148933
2018-07-11,9.77,37.51,ITSA4_ITUB3,0.26046387629965345,0.27033236042457137,0.01741870450388102,0.3051697694323334,0.23549495141680932,0.3225884739362144,0.21807624691292832,0.3400071784400954,0.2006575424090473,0.26046387629965345
2018-07-12,9.91,37.8,ITSA4_ITUB3,0.2621693121693122,0.2694915434835967,0.016963530873303656,0.30341860523020403,0.2355644817369894,0.3203821361035077,0.21860095086368575,0.33734566697681134,0.2016374199903821,0.2621693121693122
2018-07-13,10.13,38.57,ITSA4_ITUB3,0.2626393570132227,0.2686149639264605,0.016363695208067457,0.30134235434259543,0.23588757351032558,0.3177060495506629,0.21952387830225814,0.3340697447587303,0.20316018309419068,0.2626393570132227
2018-07-16,10.19,38.77,ITSA4_ITUB3,0.2628320866649471,0.2677888329608569,0.015775635174420925,0.2993401033096988,0.23623756261201506,0.3151157384841197,0.22046192743759416,0.3308913736585406,0.20468629226317323,0.2628320866649471
2018-07-17,10.39,39.89,ITSA4_ITUB3,0.26046628227625973,0.267026850689948,0.015359050114129968,0.29774495091820796,0.2363087504616881,0.31310400103233793,0.22094970034755812,0.3284630511464679,0.20559065023342815,0.26046628227625973
2018-07-18,10.38,39.7,ITSA4_ITUB3,0.2614609571788413,0.2662861718928348,0.01487573071574816,0.29603763332433114,0.2365347104613385,0.3109133640400793,0.22165897974559035,0.32578909475582746,0.2067832490298422,0.2614609571788413
2018-07-19,10.53,39.3,ITSA4_ITUB3,0.2679389312977099,0.2655033018916955,0.013887425993945181,0.2932781538795859,0.23772844990380515,0.30716557987353105,0.22384102390986,0.32105300586747626,0.20995359791591478,0.2679389312977099
2018-07-20,10.87,40.65,ITSA4_ITUB3,0.26740467404674045,0.2648188753409574,0.013057284388409562,0.2909334441177765,0.23870430656413827,0.3039907285061861,0.22564702217572868,0.3170480128945956,0.21258973778731913,0.26740467404674045
2018-07-23,10.6,39.78,ITSA4_ITUB3,0.26646556058320764,0.26399743588975666,0.011804379049031125,0.2876061939878189,0.2403886777916944,0.29941057303685004,0.22858429874266328,0.3112149520858812,0.21677991969363217,0.26646556058320764
2018-07-24,10.62,40.23,ITSA4_ITUB3,0.2639821029082774,0.2631268183685312,0.010368072755198953,0.2838629638789291,0.2423906728581333,0.29423103663412803,0.23202260010293432,0.304599109389327,0.2216545273477354,0.2639821029082774
2018-07-25,10.96,40.99,ITSA4_ITUB3,0.26738228836301536,0.26240202192547835,0.008892652401830516,0.2801873267291394,0.24461671712181732,0.2890799791309699,0.2357240647199868,0.2979726315328004,0.2268314123181563,0.26738228836301536
2018-07-26,10.77,40.48,ITSA4_ITUB3,0.2660573122529644,0.26164604732439506,0.007027000693672556,0.2757000487117402,0.24759204593704995,0.2827270494054127,0.24056504524337738,0.2897540500990853,0.23353804454970484,0.2660573122529644
2018-07-27,10.74,40.61,ITSA4_ITUB3,0.2644668800787983,0.26091016632976727,0.004727477940476004,0.2703651222107193,0.25145521044881525,0.2750926001511953,0.24672773250833926,0.2798200780916713,0.24200025456786325,0.2644668800787983
2018-07-30,10.85,41.21,ITSA4_ITUB3,0.26328561028876485,0.2607976105973357,0.004611708766952075,0.27002102813123985,0.25157419306343154,0.2746327368981919,0.24696248429647946,0.279244445665144,0.24235077552952738,0.26328561028876485
2018-07-31,10.42,40.0,ITSA4_ITUB3,0.2605,0.2605006232216662,0.0042119089933873415,0.2689244412084409,0.25207680523489157,0.27313635020182825,0.2478648962415042,0.2773482591952156,0.24365298724811685,0.2605
2018-08-01,10.65,40.32,ITSA4_ITUB3,0.26413690476190477,0.26045441271702413,0.004160011376224819,0.26877443546947377,0.2521343899645745,0.27293444684569856,0.24797437858834967,0.2770944582219234,0.24381436721212485,0.26413690476190477
2018-08-02,10.71,40.12,ITSA4_ITUB3,0.26694915254237295,0.2604280076617749,0.004113951005227243,0.26865590967222935,0.2522001056513204,0.2727698606774566,0.24808615464609315,0.27688381168268383,0.24397220364086591,0.26694915254237295
2018-08-03,11.03,41.0,ITSA4_ITUB3,0.2690243902439024,0.26080054902100847,0.004202102589324447,0.26920475419965734,0.2523963438423596,0.2734068567889818,0.24819424125303513,0.27760895937830626,0.24399213866371067,0.2690243902439024
2018-08-06,10.87,40.5,ITSA4_ITUB3,0.26839506172839506,0.26107424081428665,0.004332600452600021,0.2697394417194867,0.2524090399090866,0.2740720421720867,0.24807643945648658,0.2784046426246867,0.24374383900388658,0.26839506172839506
2018-08-07,10.85,40.55,ITSA4_ITUB3,0.2675709001233046,0.26133174597956166,0.004406210344171364,0.27014416666790436,0.25251932529121895,0.27455037701207574,0.24811311494704757,0.2789565873562471,0.2437069046028762,0.2675709001233046
2018-08-08,10.62,39.7,ITSA4_ITUB3,0.2675062972292191,0.261608968142435,0.004437813047730891,0.2704845942378968,0.25273334204697323,0.27492240728562767,0.24829552899924234,0.27936022033335856,0.24385771595151146,0.2675062972292191
2018-08-09,10.41,39.6,ITSA4_ITUB3,0.2628787878787879,0.26168706145091136,0.004431833297941652,0.27055072804679464,0.2528233948550281,0.2749825613447363,0.24839156155708642,0.279414394642678,0.24395972825914475,0.2628787878787879
2018-08-10,10.01,38.46,ITSA4_ITUB3,0.26027041081643265,0.26172944177409263,0.004409360874003906,0.2705481635221004,0.25291072002608483,0.2749575243961043,0.2485013591520809,0.2793668852701083,0.244091998278077,0.26027041081643265
2018-08-13,9.96,38.74,ITSA4_ITUB3,0.25709860609189467,0.26172833549781854,0.004410546512310179,0.2705494285224389,0.2529072424731982,0.27495997503474906,0.248496695960888,0.27937052154705927,0.24408614944857782,0.25709860609189467
2018-08-14,10.2,39.6,ITSA4_ITUB3,0.25757575757575757,0.26179750155914205,0.004320021474282467,0.27043754450770696,0.25315745861057715,0.27475756598198947,0.24883743713629466,0.2790775874562719,0.24451741566201218,0.25757575757575757
2018-08-15,10.18,39.1,ITSA4_ITUB3,0.2603580562659846,0.2619736831714834,0.00410330385120595,0.2701802908738953,0.2537670754690715,0.2742835947251012,0.24966377161786554,0.2783868985763072,0.2455604677666596,0.2603580562659846
2018-08-16,10.08,39.14,ITSA4_ITUB3,0.2575370464997445,0.26199252891439656,0.004080521568176518,0.2701535720507496,0.25383148577804354,0.2742340936189261,0.249750964209867,0.27831461518710265,0.2456704426416905,0.2575370464997445
2018-08-17,9.95,38.64,ITSA4_ITUB3,0.2575051759834368,0.2620384796913139,0.004017324626371991,0.2700731289440579,0.2540038304385699,0.2740904535704299,0.24998650581219792,0.2781077781968018,0.24596918118582592,0.2575051759834368
2018-08-20,9.72,37.94,ITSA4_ITUB3,0.25619399051133374,0.2620381939334125,0.004017750562738813,0.2700736950588901,0.25400269280793486,0.2740914456216289,0.24998494224519605,0.27810919618436775,0.24596719168245723,0.25619399051133374
2018-08-21,9.5,37.26,ITSA4_ITUB3,0.2549651100375738,0.26203753560334786,0.004018936799446637,0.27007540920224116,0.25399966200445456,0.27409434600168775,0.24998072520500794,0.2781132828011344,0.24596178840556132,0.2549651100375738
2018-08-22,9.71,37.71,ITSA4_ITUB3,0.25749138159639356,0.2619633588252061,0.0040758079037176076,0.27011497463264134,0.2538117430177709,0.2741907825363589,0.2497359351140533,0.2782665904400765,0.24566012721033567,0.25749138159639356
2018-08-23,9.45,36.82,ITSA4_ITUB3,0.25665399239543724,0.261966096069647,0.004072110465987552,0.2701103170016221,0.2538218751376719,0.2741824274676096,0.24974976467168433,0.2782545379335972,0.2456776542056968,0.25665399239543724
2018-08-24,9.49,36.91,ITSA4_ITUB3,0.25711189379571936,0.26198072655869437,0.004053073129724219,0.2700868728181428,0.2538745802992459,0.274139945947867,0.2498215071695217,0.27819301907759125,0.24576843403979748,0.25711189379571936
2018-08-27,9.76,38.0,ITSA4_ITUB3,0.25684210526315787,0.2620090215301062,0.004011917840892333,0.27003285721189085,0.2539851858483215,0.2740447750527832,0.2499732680074292,0.2780566928936755,0.24596135016653686,0.25684210526315787
2018-08-28,9.6,37.94,ITSA4_ITUB3,0.2530311017395888,0.26185072976113083,0.004237567227161923,0.2703258642154547,0.253375595306807,0.2745634314426166,0.24913802807964505,0.27880099866977853,0.24490046085248313,0.2530311017395888
2018-08-29,9.87,37.85,ITSA4_ITUB3,0.26076618229854687,0.261858477474488,0.004235234982046446,0.2703289474385809,0.2533880075103951,0.2745641824206273,0.24915277252834864,0.2787994174026738,0.2449175375463022,0.26076618229854687
2018-08-30,9.43,37.05,ITSA4_ITUB3,0.2545209176788124,0.26169858936524537,0.004389618240176428,0.2704778258455982,0.25291935288489253,0.2748674440857747,0.2485297346447161,0.2792570623259511,0.24414011640453967,0.2545209176788124
2018-08-31,9.59,37.4,ITSA4_ITUB3,0.25641711229946523,0.2615354199919242,0.004462836418197874,0.2704610928283199,0.2526097471555285,0.2749239292465178,0.24814691073733058,0.2793867656647157,0.2436840743191327,0.25641711229946523
2018-09-03,9.47,37.26,ITSA4_ITUB3,0.2541599570585078,0.2612879519257219,0.004591911626592638,0.2704717751789072,0.2521041286725366,0.2750636868054998,0.247512217045944,0.2796555984320925,0.24292030541935136,0.2541599570585078
2018-09-04,9.36,36.67,ITSA4_ITUB3,0.2552495227706572,0.2611931261652011,0.0046778298092876305,0.27054878578377634,0.2518374665466258,0.27522661559306394,0.24715963673733818,0.2799044454023516,0.24248180692805055,0.2552495227706572
2018-09-05,9.36,37.1,ITSA4_ITUB3,0.25229110512129377,0.2609888068857421,0.004884422900701942,0.27075765268714597,0.25121996108433825,0.2756420755878479,0.2463355381836363,0.2805264984885499,0.24145111528293434,0.25229110512129377
2018-09-06,9.7,37.64,ITSA4_ITUB3,0.25770456960680127,0.26087718832167933,0.004907712845206716,0.27069261401209277,0.2510617626312659,0.27560032685729946,0.24615404978605918,0.2805080397025062,0.24124633694085246,0.25770456960680127
2018-09-10,9.69,38.2,ITSA4_ITUB3,0.25366492146596853,0.260652827432998,0.005028733367143334,0.27071029416728465,0.25059536069871136,0.275739027534428,0.245566627331568,0.28076776090157135,0.24053789396442465,0.25366492146596853
2018-09-11,9.29,37.38,ITSA4_ITUB3,0.24852862493311928,0.2602952408897023,0.005366970691790988,0.27102918227328426,0.24956129950612033,0.27639615296507525,0.24419432881432934,0.28176312365686623,0.23882735812253836,0.24852862493311928
2018-09-12,9.35,36.54,ITSA4_ITUB3,0.2558839627805145,0.26018068290230867,0.005411942586816327,0.2710045680759413,0.24935679772867603,0.27641651066275763,0.24394485514185968,0.28182845324957395,0.23853291255504336,0.2558839627805145
2018-09-13,9.41,36.64,ITSA4_ITUB3,0.2568231441048035,0.2600647375754577,0.005433448193904009,0.27093163396326575,0.2491978411876497,0.27636508215716976,0.2437643929937457,0.2817985303510738,0.23833094479984168,0.2568231441048035
2018-09-14,9.63,36.7,ITSA4_ITUB3,0.2623978201634877,0.2599262097971021,0.005296454453954298,0.2705191187050107,0.24933330088919353,0.27581557315896504,0.24403684643523924,0.2811120276129193,0.23874039198128494,0.2623978201634877
2018-09-17,9.78,37.53,ITSA4_ITUB3,0.2605915267785771,0.25975588111539805,0.005157517556031024,0.2700709162274601,0.249440846003336,0.2752284337834911,0.24428332844730496,0.28038595133952215,0.23912581089127394,0.2605915267785771
2018-09-18,9.91,37.64,ITSA4_ITUB3,0.2632837407013815,0.2596763356183524,0.00507526025995187,0.26982685613825613,0.24952581509844868,0.274902116398208,0.2444505548384968,0.27997737665815986,0.23937529457854492,0.2632837407013815
2018-09-19,9.9,37.79,ITSA4_ITUB3,0.2619740672135486,0.25962613472598417,0.005041396669748793,0.26970892806548175,0.2495433413864866,0.27475032473523053,0.24450194471673778,0.2797917214049793,0.239460548046989,0.2619740672135486
2018-09-20,9.76,37.47,ITSA4_ITUB3,0.2604750467040299,0.25945345368450956,0.004884778864139626,0.2692230114127888,0.2496838959562303,0.27410779027692844,0.24479911709209068,0.27899256914106807,0.23991433822795105,0.2604750467040299
2018-09-21,9.87,37.79,ITSA4_ITUB3,0.2611802064038105,0.25933152603828075,0.004775357659944213,0.2688822413581692,0.2497808107183923,0.2736575990181134,0.24500545305844812,0.2784329566780576,0.2402300953985039,0.2611802064038105
2018-09-24,9.59,37.1,ITSA4_ITUB3,0.25849056603773585,0.2591821181872542,0.00470351760019453,0.2685891533876432,0.24977508298686513,0.27329267098783777,0.24507156538667058,0.2779961885880323,0.24036804778647605,0.25849056603773585
2018-09-25,9.67,36.99,ITSA4_ITUB3,0.2614220059475534,0.25913552807872386,0.00467094581928546,0.2684774197172948,0.24979363644015296,0.27314836553658023,0.24512269062086747,0.2778193113558657,0.24045174480158202,0.2614220059475534
2018-09-26,9.76,37.86,ITSA4_ITUB3,0.2577918647649234,0.25906782469784695,0.0046702878530593865,0.26840840040396574,0.24972724899172818,0.2730786882570251,0.2450569611386688,0.2777489761100845,0.2403866732856094,0.2577918647649234
2018-09-27,10.05,38.34,ITSA4_ITUB3,0.2621283255086072,0.25901761021651454,0.004624966221188761,0.2682675426588921,0.24976767777413703,0.2728925088800808,0.24514271155294826,0.27751747510126956,0.24051774533175949,0.2621283255086072
2018-09-28,10.1,37.7,ITSA4_ITUB3,0.2679045092838196,0.2590414941350507,0.004669230933877718,0.2683799560028061,0.24970303226729523,0.27304918693668384,0.2450338013334175,0.27771841787056156,0.2403645703995398,0.2679045092838196
2018-10-01,9.99,37.7,ITSA4_ITUB3,0.26498673740053047,0.2589405528139664,0.0044880100090010765,0.2679165728319685,0.24996453279596423,0.27240458284096963,0.24547652278696316,0.2768925928499707,0.24098851277796207,0.26498673740053047
2018-10-02,10.4,38.74,ITSA4_ITUB3,0.2684563758389262,0.25894208566672966,0.00449133117962758,0.2679247480259848,0.2499594233074745,0.2724160792056124,0.24546809212784693,0.27690741038523997,0.24097676094821935,0.2684563758389262
2018-10-03,10.74,40.59,ITSA4_ITUB3,0.2645971914264597,0.25886774294930853,0.004367751529401842,0.2676032460081122,0.25013223989050487,0.2719709975375141,0.245764488361103,0.2763387490669159,0.24139673683170115,0.2645971914264597
2018-10-04,10.66,40.26,ITSA4_ITUB3,0.2647789369100845,0.25879955894133017,0.004249116092452119,0.2672977911262344,0.2503013267564259,0.2715469072186865,0.2460522106639738,0.2757960233111386,0.2418030945715217,0.2647789369100845
2018-10-05,10.53,40.69,ITSA4_ITUB3,0.25878594249201275,0.25869723780666076,0.004197330675614688,0.2670918991578901,0.2503025764554314,0.27128922983350484,0.24610524577981668,0.2754865605091195,0.241907915104202,0.25878594249201275
2018-10-08,11.17,43.01,ITSA4_ITUB3,0.2597070448732853,0.2586831536580821,0.004192859344052325,0.26706887234618676,0.2502974349699774,0.27126173169023904,0.2461045756259251,0.2754545910342914,0.2419117162818728,0.2597070448732853
2018-10-09,11.08,42.6,ITSA4_ITUB3,0.260093896713615,0.2587580359236251,0.004190581076263517,0.26713919807615216,0.2503768737710981,0.2713297791524157,0.24618629269483458,0.2755203602286792,0.24199571161857106,0.260093896713615
2018-10-10,10.81,41.3,ITSA4_ITUB3,0.2617433414043584,0.25886222551934013,0.004212185827468785,0.2672865971742777,0.25043785386440254,0.27149878300174646,0.24622566803693377,0.27571096882921525,0.242013482209465,0.2617433414043584
2018-10-11,10.75,40.81,ITSA4_ITUB3,0.2634158294535653,0.25893866984902963,0.00426741355073101,0.26747349695049166,0.2504038427475676,0.2717409105012227,0.2461364291968366,0.2760083240519537,0.2418690156461056,0.2634158294535653
2018-10-15,10.82,40.82,ITSA4_ITUB3,0.26506614404703577,0.259126897287712,0.0043688469622198195,0.2678645912121516,0.25038920336327236,0.27223343817437146,0.24602035640105252,0.27660228513659124,0.2416515094388327,0.26506614404703577
2018-10-16,11.27,42.21,ITSA4_ITUB3,0.2669983416252073,0.25936422642875623,0.004533246921823285,0.2684307202724028,0.2502977325851097,0.2729639671942261,0.24576448566328638,0.2774972141160494,0.2412312387414631,0.2669983416252073
2018-10-17,11.17,42.5,ITSA4_ITUB3,0.2628235294117647,0.25952996490126706,0.004535558626775866,0.2686010821548188,0.2504588476477153,0.27313664078159466,0.24592328902093946,0.2776721994083705,0.2413877303941636,0.2628235294117647
2018-10-18,10.83,41.81,ITSA4_ITUB3,0.2590289404448696,0.25963156066144943,0.004475805751438424,0.26858317216432626,0.2506799491585726,0.2730589779157647,0.24620414340713417,0.27753478366720313,0.24172833765569574,0.2590289404448696
2018-10-19,10.81,41.44,ITSA4_ITUB3,0.2608590733590734,0.2597157529555164,0.004466179274471052,0.2686481115044585,0.2507833944065743,0.27311429077892957,0.24631721513210325,0.27758047005340064,0.2418510358576322,0.2608590733590734
2018-10-22,10.98,41.82,ITSA4_ITUB3,0.26255380200860834,0.2598632481958457,0.004459888138244728,0.26878302447233515,0.2509434719193563,0.2732429126105799,0.24648358378111154,0.27770280074882464,0.2420236956428668,0.26255380200860834
2018-10-23,10.96,41.79,ITSA4_ITUB3,0.26226369944962913,0.25999204333719345,0.004452778371118966,0.26889760007943136,0.2510864865949555,0.2733503784505503,0.24663370822383654,0.27780315682166934,0.24218092985271758,0.26226369944962913
2018-10-24,10.7,40.7,ITSA4_ITUB3,0.26289926289926285,0.2601434722780961,0.004445899177651923,0.26903527063339994,0.25125167392279224,0.27348116981105186,0.24680577474514032,0.2779270689887038,0.2423598755674884,0.26289926289926285
2018-10-25,10.82,41.69,ITSA4_ITUB3,0.2595346605900696,0.26030606124935807,0.004295502091387338,0.26889706543213276,0.25171505706658337,0.27319256752352006,0.24741955497519605,0.2774880696149074,0.24312405288380873,0.2595346605900696
2018-10-26,11.04,41.79,ITSA4_ITUB3,0.2641780330222541,0.2603913575174508,0.004338532265000555,0.2690684220474519,0.2517142929874497,0.27340695431245243,0.24737576072244913,0.277745486577453,0.24303722845744857,0.2641780330222541
2018-10-29,10.89,41.45,ITSA4_ITUB3,0.2627261761158022,0.2605964889783755,0.004246862442759949,0.2690902138638954,0.2521027640928556,0.2733370763066554,0.24785590165009566,0.2775839387494153,0.2436090392073357,0.2627261761158022
2018-10-30,11.31,42.76,ITSA4_ITUB3,0.2644995322731525,0.26079854947771774,0.0042351738481018406,0.26926889717392144,0.25232820178151405,0.2735040710220233,0.24809302793341223,0.27773924487012513,0.24385785408531038,0.2644995322731525
2018-10-31,11.24,42.39,ITSA4_ITUB3,0.2651568766218448,0.2610734724668011,0.004149241523558213,0.26937195551391757,0.2527749894196847,0.2735211970374758,0.2486257478961265,0.27767043856103396,0.24447650637256826,0.2651568766218448
2018-11-01,11.4,43.56,ITSA4_ITUB3,0.26170798898071623,0.26123493412205256,0.004041050352513794,0.26931703482708014,0.253152833417025,0.2733580851795939,0.24911178306451118,0.27739913553210777,0.2450707327119974,0.26170798898071623
2018-11-05,11.5,44.63,ITSA4_ITUB3,0.25767421017252967,0.26136951174833345,0.0038191006541700373,0.26900771305667354,0.25373131043999336,0.27282681371084355,0.24991220978582335,0.2766459143650136,0.2460931091316533,0.25767421017252967
2018-11-06,11.55,44.15,ITSA4_ITUB3,0.26160815402038506,0.261467101358673,0.0037726405851767233,0.2690123825290265,0.25392182018831955,0.27278502311420316,0.25014917960314287,0.2765576636993799,0.24637653901796613,0.26160815402038506
2018-11-07,11.6,44.78,ITSA4_ITUB3,0.2590442161679321,0.2616015837262221,0.0035782562853209085,0.2687580962968639,0.2544450711555803,0.27233635258218486,0.25086681487025936,0.27591460886750574,0.24728855858493848,0.2590442161679321
2018-11-08,11.3,43.62,ITSA4_ITUB3,0.25905547913801014,0.2618647550813444,0.0029183892386206575,0.26770153355858567,0.2560279766041031,0.27061992279720637,0.2531095873654824,0.273538312035827,0.25019119812686175,0.25905547913801014
2018-11-09,11.55,44.53,ITSA4_ITUB3,0.2593757017740849,0.26195204855618365,0.002784036628325718,0.2675201218128351,0.2563839752995322,0.2703041584411608,0.2535999386712065,0.2730881950694865,0.2508159020428808,0.2593757017740849
2018-11-12,11.44,44.6,ITSA4_ITUB3,0.25650224215246636,0.2619440260073752,0.0027996139499505248,0.26754325390727624,0.2563447981074742,0.2703428678572268,0.25354518415752364,0.2731424818071773,0.2507455702075731,0.25650224215246636
2018-11-13,11.36,43.75,ITSA4_ITUB3,0.25965714285714286,0.26187550907471663,0.0028216735127325563,0.2675188561001817,0.25623216204925153,0.27034052961291427,0.253410488536519,0.2731622031256469,0.2505888150237864,0.25965714285714286
2018-11-14,11.55,43.7,ITSA4_ITUB3,0.2643020594965675,0.2619682723926664,0.002839317136090122,0.26764690666484664,0.25628963812048616,0.2704862238009368,0.253450320984396,0.2733255409370269,0.2506110038483059,0.2643020594965675
2018-11-16,11.99,45.0,ITSA4_ITUB3,0.26644444444444443,0.26204728998624294,0.002919707828439588,0.2678867056431221,0.25620787432936376,0.2708064134715617,0.2532881665009242,0.2737261213000013,0.2503684586724846,0.26644444444444443
2018-11-19,12.07,45.3,ITSA4_ITUB3,0.2664459161147903,0.262159086208774,0.00300130600958647,0.26816169822794694,0.256156474189601,0.27116300423753337,0.2531551681800146,0.27416431024711985,0.2501538621704281,0.2664459161147903
2018-11-21,11.85,30.02,ITSA4_ITUB3,0.39473684210526316,0.2655156310938048,0.021167630888385573,0.307850892870576,0.22318036931703367,0.32901852375896157,0.20201273842864811,0.35018615464734715,0.18084510754026253,0.39473684210526316
2018-11-22,11.84,30.3,ITSA4_ITUB3,0.39075907590759074,0.2687551028313993,0.0289659538325223,0.3266870104964439,0.2108231951663547,0.3556529643289662,0.1818572413338324,0.3846189181614885,0.1528912875013101,0.39075907590759074
2018-11-23,11.86,29.91,ITSA4_ITUB3,0.3965229020394517,0.2722059112314422,0.03525182644113968,0.34270956411372155,0.20170225834916286,0.3779613905548613,0.16645043190802317,0.41321321699600094,0.1311986054668835,0.3965229020394517
2018-11-26,11.64,29.49,ITSA4_ITUB3,0.3947100712105799,0.2755381128630179,0.040163701344046385,0.3558655155511107,0.1952107101749251,0.396029216895157,0.15504700883087874,0.4361929182392034,0.11488330748683234,0.3947100712105799
2018-11-27,12.09,30.21,ITSA4_ITUB3,0.4001986097318768,0.27909828148719174,0.0446151955984488,0.3683286726840893,0.18986789029029413,0.41294386828253815,0.14525269469184532,0.45755906388098694,0.10063749909339653,0.4001986097318768
2018-11-28,12.37,30.79,ITSA4_ITUB3,0.40175381617408246,0.2825889187538286,0.048542640598716054,0.37967419995126067,0.18550363755639648,0.4282168405499768,0.1369609969576804,0.4767594811486928,0.08841835635896436,0.40175381617408246
2018-11-29,12.49,30.9,ITSA4_ITUB3,0.40420711974110035,0.28599648401526057,0.05213641504720667,0.3902693141096739,0.18172365392084722,0.4424057291568806,0.12958723887364057,0.49454214420408726,0.0774508238264339,0.40420711974110035
2018-11-30,12.34,30.86,ITSA4_ITUB3,0.3998703823720026,0.2893685751395474,0.055024712517366875,0.39941800017428114,0.17931915010481364,0.45444271269164804,0.12429443758744677,0.5094674252090149,0.06926972507007989,0.3998703823720026
2018-12-03,12.23,30.58,ITSA4_ITUB3,0.39993459777632445,0.29265553068798233,0.05760973981224939,0.40787501031248113,0.17743605106348354,0.4654847501247305,0.11982631125123416,0.5230944899369799,0.062216571438984763,0.39993459777632445
2018-12-04,12.05,30.41,ITSA4_ITUB3,0.3962512331469911,0.29594688173099565,0.05968891195972468,0.415324705650445,0.1765690578115463,0.4750136176101697,0.1168801458518216,0.5347025295698944,0.05719123389209693,0.3962512331469911
2018-12-05,12.05,30.32,ITSA4_ITUB3,0.3974274406332454,0.29926309432407466,0.061568151656757164,0.422399397637589,0.17612679101056034,0.48396754929434616,0.11455863935380317,0.5455357009511033,0.05299048769704601,0.3974274406332454
2018-12-06,12.36,30.47,ITSA4_ITUB3,0.4056448966196259,0.30293456817726494,0.06344275713197746,0.42982008244121983,0.17604905391331002,0.49326283957319733,0.11260629678133255,0.5567055967051748,0.049163539649355104,0.4056448966196259
2018-12-07,12.12,30.32,ITSA4_ITUB3,0.3997361477572559,0.30643529574936423,0.06484420721505268,0.4361237101794696,0.17674688131925886,0.5009679173945223,0.11190267410420618,0.565812124609575,0.047058466889153494,0.3997361477572559
2018-12-10,11.75,29.6,ITSA4_ITUB3,0.39695945945945943,0.30985693481801035,0.06593798009839111,0.44173289501479257,0.17798097462122814,0.5076708751131837,0.11204299452283703,0.5736088552115748,0.04610501442444592,0.39695945945945943
2018-12-11,11.79,29.82,ITSA4_ITUB3,0.3953722334004024,0.3131976571179115,0.06681708728174486,0.44683183168140117,0.17956348255442175,0.5136489189631461,0.11274639527267688,0.580466006244891,0.04592930799093203,0.3953722334004024
2018-12-12,11.91,29.96,ITSA4_ITUB3,0.39753004005340453,0.31655051238290743,0.06761513596834465,0.45178078431959673,0.18132024044621814,0.5193959202879413,0.11370510447787349,0.587011056256286,0.046089968509528845,0.39753004005340453
2018-12-13,12.1,30.56,ITSA4_ITUB3,0.3959424083769634,0.3198224189911556,0.06822374124726087,0.45626990148567736,0.18337493649663386,0.5244936427329382,0.115151195249373,0.5927173839801991,0.04692745400211212,0.3959424083769634
2018-12-14,12.18,30.44,ITSA4_ITUB3,0.400131406044678,0.32315074560164236,0.0688254417501654,0.4608016291019732,0.18549986210131156,0.5296270708521386,0.11667442035114617,0.5984525126023039,0.04784897860098075,0.400131406044678
2018-12-17,11.85,29.86,ITSA4_ITUB3,0.3968519758874749,0.32650145676353515,0.06907523278224253,0.4646519223280202,0.18835099119905008,0.5337271551102627,0.11927575841680754,0.6028023878925053,0.05020052563456501,0.3968519758874749
2018-12-18,11.9,29.91,ITSA4_ITUB3,0.39786024740889336,0.32997223943763576,0.06908593808867194,0.46814411561497965,0.19180036326029187,0.5372300537036516,0.12271442517161993,0.6063159917923235,0.053628487082947984,0.39786024740889336
2018-12-19,11.89,29.68,ITSA4_ITUB3,0.4006064690026954,0.3334659243287263,0.06903476235410044,0.4715354490369272,0.1953963996205254,0.5405702113910276,0.12636163726642496,0.6096049737451281,0.05732687491232452,0.4006064690026954
2018-12-20,11.88,29.8,ITSA4_ITUB3,0.39865771812080536,0.33686852223153124,0.06880378494816805,0.47447609212786734,0.19926095233519514,0.5432798770760354,0.1304571673870271,0.6120836620242034,0.06165338243885904,0.39865771812080536
2018-12-21,11.75,29.3,ITSA4_ITUB3,0.4010238907849829,0.34033752701491504,0.06844296597541878,0.4772234589657526,0.20345159506407748,0.5456664249411713,0.13500862908865868,0.6141093909165902,0.06656566311323991,0.4010238907849829
2018-12-26,11.6,29.0,ITSA4_ITUB3,0.39999999999999997,0.3437650454424335,0.06789625470196164,0.4795575548463568,0.20797253603851024,0.5474538095483185,0.1400762813365486,0.61535006425028,0.07218002663458695,0.39999999999999997
2018-12-27,11.8,29.49,ITSA4_ITUB3,0.4001356391997288,0.34728006990767496,0.06705811198335501,0.481396293874385,0.21316384594096494,0.54845440585774,0.14610573395760992,0.615512517841095,0.07904762197425491,0.4001356391997288
2018-12-28,12.08,30.05,ITSA4_ITUB3,0.40199667221297836,0.3507255358874431,0.06621409206442624,0.4831537200162956,0.2182973517585906,0.5493678120807218,0.15208325969416436,0.615581904145148,0.08586916762973812,0.40199667221297836
