DATA DO PREGAO,Empresa1,Empresa2,Par,Ratio,MA_40,STD_40,BANDA_1_40 SUPERIOR,BANDA_1_40 INFERIOR,BANDA_2_40 SUPERIOR,BANDA_2_40 INFERIOR,BANDA_3_40 SUPERIOR,BANDA_3_40 INFERIOR,PRECO FECHAMENTO
2018-01-02,38.48,43.88,ITUB3_ITUB4,0.87693710118505,,,,,,,,,0.87693710118505
2018-01-03,38.78,44.18,ITUB3_ITUB4,0.8777727478497058,,,,,,,,,0.8777727478497058
2018-01-04,39.21,45.1,ITUB3_ITUB4,0.8694013303769401,,,,,,,,,0.8694013303769401
2018-01-05,39.48,45.23,ITUB3_ITUB4,0.872871987618837,,,,,,,,,0.872871987618837
2018-01-08,39.26,45.08,ITUB3_ITUB4,0.8708961845607808,,,,,,,,,0.8708961845607808
2018-01-09,38.7,44.59,ITUB3_ITUB4,0.8679076026014801,,,,,,,,,0.8679076026014801
2018-01-10,38.85,44.44,ITUB3_ITUB4,0.8742124212421243,,,,,,,,,0.8742124212421243
2018-01-11,39.7,45.37,ITUB3_ITUB4,0.8750275512453164,,,,,,,,,0.8750275512453164
2018-01-12,39.2,45.33,ITUB3_ITUB4,0.8647694683432606,,,,,,,,,0.8647694683432606
2018-01-15,39.32,45.61,ITUB3_ITUB4,0.8620916465687349,,,,,,,,,0.8620916465687349
2018-01-16,39.59,46.03,ITUB3_ITUB4,0.8600912448403216,,,,,,,,,0.8600912448403216
2018-01-17,40.04,46.79,ITUB3_ITUB4,0.8557384056422312,,,,,,,,,0.8557384056422312
2018-01-18,40.15,46.68,ITUB3_ITUB4,0.8601113967437874,,,,,,,,,0.8601113967437874
2018-01-19,40.31,47.06,ITUB3_ITUB4,0.8565660858478538,,,,,,,,,0.8565660858478538
2018-01-22,40.9,48.23,ITUB3_ITUB4,0.8480199046236783,,,,,,,,,0.8480199046236783
2018-01-23,40.73,48.06,ITUB3_ITUB4,0.8474823137744485,,,,,,,,,0.8474823137744485
2018-01-24,42.8,50.37,ITUB3_ITUB4,0.8497121302362517,,,,,,,,,0.8497121302362517
2018-01-26,44.58,53.12,ITUB3_ITUB4,0.8392319277108434,,,,,,,,,0.8392319277108434
2018-01-29,44.3,51.69,ITUB3_ITUB4,0.85703230798994,,,,,,,,,0.85703230798994
2018-01-30,43.91,51.49,ITUB3_ITUB4,0.8527869489221207,,,,,,,,,0.8527869489221207
2018-01-31,44.34,52.26,ITUB3_ITUB4,0.8484500574052813,,,,,,,,,0.8484500574052813
2018-02-01,44.64,52.51,ITUB3_ITUB4,0.8501237859455342,,,,,,,,,0.8501237859455342
2018-02-02,44.4,51.85,ITUB3_ITUB4,0.8563162970106075,,,,,,,,,0.8563162970106075
2018-02-05,43.45,50.03,ITUB3_ITUB4,0.8684789126524086,,,,,,,,,0.8684789126524086
2018-02-06,44.25,51.83,ITUB3_ITUB4,0.8537526529037237,,,,,,,,,0.8537526529037237
2018-02-07,43.42,50.6,ITUB3_ITUB4,0.858102766798419,,,,,,,,,0.858102766798419
2018-02-08,43.35,50.35,ITUB3_ITUB4,0.8609731876861966,,,,,,,,,0.8609731876861966
2018-02-09,43.53,50.48,ITUB3_ITUB4,0.8623217115689382,,,,,,,,,0.8623217115689382
2018-02-14,45.1,52.66,ITUB3_ITUB4,0.856437523737182,,,,,,,,,0.856437523737182
2018-02-15,45.7,52.67,ITUB3_ITUB4,0.8676666033795329,,,,,,,,,0.8676666033795329
2018-02-16,43.4,50.83,ITUB3_ITUB4,0.8538264804249459,,,,,,,,,0.8538264804249459
2018-02-19,43.45,50.43,ITUB3_ITUB4,0.8615903232203055,,,,,,,,,0.8615903232203055
2018-02-20,44.17,51.67,ITUB3_ITUB4,0.854848074317786,,,,,,,,,0.854848074317786
2018-02-21,44.77,52.35,ITUB3_ITUB4,0.8552053486150908,,,,,,,,,0.8552053486150908
2018-02-22,45.09,52.64,ITUB3_ITUB4,0.8565729483282676,,,,,,,,,0.8565729483282676
2018-02-23,45.03,53.0,ITUB3_ITUB4,0.849622641509434,,,,,,,,,0.849622641509434
2018-02-26,44.9,52.94,ITUB3_ITUB4,0.848129958443521,,,,,,,,,0.848129958443521
2018-02-27,44.5,52.15,ITUB3_ITUB4,0.8533077660594439,,,,,,,,,0.8533077660594439
2018-02-28,43.6,50.38,ITUB3_ITUB4,0.8654227868201667,,,,,,,,,0.8654227868201667
2018-03-01,43.9,51.11,ITUB3_ITUB4,0.8589317159068676,0.859468556266434,0.009160344053499168,0.8777892443734324,0.8411478681594357,0.8869495884269315,0.8319875241059366,0.8961099324804307,0.8228271800524374,0.8589317159068676
2018-03-02,44.6,51.38,ITUB3_ITUB4,0.868042039704165,0.8592461797294119,0.008827318795641078,0.876900817320694,0.8415915421381297,0.885728136116335,0.8327642233424887,0.8945554549119762,0.8239369045468475,0.868042039704165
2018-03-05,45.3,52.11,ITUB3_ITUB4,0.8693149107656879,0.8590347338023114,0.008466067974244693,0.8759668697508008,0.842102597853822,0.8844329377250455,0.8336365298795774,0.8928990056992903,0.8251704619053326,0.8693149107656879
2018-03-06,45.37,51.92,ITUB3_ITUB4,0.87384437596302,0.8591458099419634,0.008633066470786743,0.876411942883537,0.8418796770003899,0.8850450093543236,0.8332466105296032,0.8936780758251104,0.8246135440588165,0.87384437596302
2018-03-07,45.16,51.85,ITUB3_ITUB4,0.8709739633558341,0.8590983593353885,0.008560599709453401,0.8762195587542952,0.8419771599164817,0.8847801584637487,0.8334165602070283,0.893340758173202,0.8248559604975749,0.8709739633558341
2018-03-08,44.73,51.49,ITUB3_ITUB4,0.8687123713342396,0.859043764004725,0.008490103059829,0.876023970124383,0.842063557885067,0.884514073184212,0.833573454825238,0.893004176244041,0.825083351765409,0.8687123713342396
2018-03-09,45.35,52.2,ITUB3_ITUB4,0.8687739463601533,0.8590654225986919,0.008514365235094804,0.8760941530688815,0.8420366921285023,0.8846085183039764,0.8335223268934074,0.8931228835390711,0.8250079616583127,0.8687739463601533
2018-03-12,45.59,52.79,ITUB3_ITUB4,0.8636105322977837,0.8588003753750832,0.008189578511977623,0.8751795323990385,0.842421218351128,0.8833691109110161,0.8342316398391504,0.8915586894229938,0.8260420613271727,0.8636105322977837
2018-03-13,45.42,52.36,ITUB3_ITUB4,0.8674560733384263,0.858611088427411,0.00788680387722844,0.8743846961818679,0.842837480672954,0.8822715000590963,0.8349506767957257,0.8901583039363248,0.8270638729184971,0.8674560733384263
2018-03-14,44.76,51.19,ITUB3_ITUB4,0.8743895292049229,0.8588515899489526,0.008219091676409477,0.8752897733017716,0.8424134065961336,0.883508864978181,0.8341943149197242,0.8917279566545905,0.8259752232433147,0.8743895292049229
2018-03-15,44.89,51.43,ITUB3_ITUB4,0.8728368656426211,0.8591202204257996,0.00849854999310757,0.8761173204120147,0.8421231204395845,0.8846158704051224,0.8336245704464769,0.8931144203982299,0.8251260204533694,0.8728368656426211
2018-03-16,44.6,51.22,ITUB3_ITUB4,0.8707536118703632,0.8593867796015507,0.008694736816102683,0.8767762532337561,0.8419973059693454,0.8854709900498587,0.8333025691532427,0.8941657268659615,0.82460783233714,0.8707536118703632
2018-03-19,44.02,50.12,ITUB3_ITUB4,0.8782920989624902,0.8599506219345573,0.009170358078575974,0.8782913380917092,0.8416099057774054,0.8874616961702853,0.8324395476988293,0.8966320542488612,0.8232691896202534,0.8782920989624902
2018-03-20,43.9,50.28,ITUB3_ITUB4,0.8731105807478122,0.8602756015346579,0.009403569183397622,0.8790827399014531,0.8414684631678626,0.8884863090848507,0.832064893984465,0.8978898782682484,0.8226613248010674,0.8731105807478122
2018-03-21,43.82,50.08,ITUB3_ITUB4,0.875,0.8607364493884615,0.009665176183747331,0.8800668017559562,0.8414060970209668,0.8897319779397035,0.8317409208372195,0.8993971541234508,0.8220757446534722,0.875
2018-03-22,43.75,49.92,ITUB3_ITUB4,0.8764022435897436,0.8614460078626133,0.009749131800825447,0.8809442714642641,0.8419477442609624,0.8906934032650896,0.8321986124601369,0.9004425350659151,0.8224494806593114,0.8764022435897436
2018-03-23,44.29,50.16,ITUB3_ITUB4,0.8829744816586922,0.8623333120597193,0.01005596563061122,0.8824452433209418,0.8422213807984968,0.8925012089515529,0.8321654151678857,0.9025571745821642,0.8221094495372744,0.8829744816586922
2018-03-26,44.51,50.78,ITUB3_ITUB4,0.8765261914139424,0.8630036635891617,0.010086731691732244,0.8831771269726262,0.8428302002056972,0.8932638586643584,0.832743468513965,0.9033505903560907,0.8226567368222327,0.8765261914139424
2018-03-27,43.73,50.17,ITUB3_ITUB4,0.8716364361172014,0.8638137762993207,0.009406928874770659,0.882627634048862,0.8449999185497793,0.8920345629236326,0.8355929896750087,0.9014414917984033,0.826186060800238,0.8716364361172014
2018-03-28,44.23,50.63,ITUB3_ITUB4,0.8735927315820659,0.8642277868891238,0.00946505798890063,0.8831579028669251,0.8452976709113226,0.8926229608558257,0.835832612922422,0.9020880188447263,0.8263675549335213,0.8735927315820659
2018-03-29,45.13,51.31,ITUB3_ITUB4,0.8795556421750146,0.864897004220446,0.009581020083013397,0.8840590443864729,0.8457349640544192,0.8936400644694862,0.8361539439714059,0.9032210845524996,0.8265729238883924,0.8795556421750146
2018-04-02,45.04,51.05,ITUB3_ITUB4,0.8822722820763957,0.8657425598372239,0.009584765604989732,0.8849120910472034,0.8465730286272445,0.8944968566521931,0.8369882630222547,0.9040816222571828,0.827403497417265,0.8822722820763957
2018-04-03,45.2,50.57,ITUB3_ITUB4,0.8938105596203283,0.8668347291790937,0.010226906060815463,0.8872885413007245,0.8463809170574628,0.8975154473615401,0.8361540109966472,0.9077423534223555,0.8259271049358318,0.8938105596203283
2018-04-04,44.91,50.9,ITUB3_ITUB4,0.8823182711198427,0.8674847785318246,0.010366606626260492,0.8882179917843456,0.8467515652793036,0.8985845984106061,0.8363849586530431,0.9089512050368665,0.8260183520267826,0.8823182711198427
2018-04-05,44.94,51.0,ITUB3_ITUB4,0.8811764705882352,0.8678022174802204,0.0105898333127496,0.8889818841057195,0.8466225508547212,0.8995717174184692,0.8360327175419715,0.9101615507312187,0.825442884229222,0.8811764705882352
2018-04-06,45.13,51.25,ITUB3_ITUB4,0.8805853658536585,0.8684730353039688,0.010526714452632108,0.889526464209233,0.8474196063987046,0.9000531786618651,0.8368928919460725,0.9105798931144973,0.8263661774934403,0.8805853658536585
2018-04-09,44.3,50.11,ITUB3_ITUB4,0.8840550788265815,0.869121843104673,0.010669963254804371,0.8904617696142817,0.8477819165950643,0.9011317328690861,0.8371119533402599,0.9118016961238905,0.8264419900854555,0.8840550788265815
2018-04-10,44.74,50.36,ITUB3_ITUB4,0.8884034948371724,0.8698076007834473,0.011008909542334216,0.8918254198681157,0.8477897816987789,0.9028343294104499,0.8367808721564447,0.9138432389527842,0.8257719626141105,0.8884034948371724
2018-04-11,45.3,51.19,ITUB3_ITUB4,0.8849384645438562,0.8703730196078203,0.011193821608674803,0.89276066282517,0.8479853763904707,0.9039544844338447,0.8367915547817959,0.9151483060425195,0.8255977331731211,0.8849384645438562
2018-04-12,45.2,51.64,ITUB3_ITUB4,0.8752904725019365,0.870844343326939,0.010987010397998887,0.8928183641229368,0.8488703225309413,0.9038053745209357,0.8378833121329424,0.9147923849189346,0.8268963017349436,0.8752904725019365
2018-04-13,44.05,50.44,ITUB3_ITUB4,0.8733148295003965,0.8709855489799606,0.010981416950333485,0.8929483828806276,0.8490227150792936,0.9039297998309611,0.8380412981289601,0.9149112167812945,0.8270598811786267,0.8733148295003965
2018-04-16,43.26,49.7,ITUB3_ITUB4,0.8704225352112676,0.8714004503496187,0.0106241944927991,0.8926488393352169,0.8501520613640204,0.9032730338280159,0.8395278668712214,0.9138972283208151,0.8289036723784222,0.8704225352112676
2018-04-17,44.35,50.52,ITUB3_ITUB4,0.8778701504354711,0.8718074460299977,0.010550318310626146,0.89290808265125,0.8507068094087454,0.9034584009618761,0.8401564910981193,0.9140087192725023,0.8296061727874932,0.8778701504354711
2018-04-18,45.2,51.48,ITUB3_ITUB4,0.8780108780108781,0.872386516122325,0.010226296964150979,0.892839110050627,0.851933922194023,0.9030654070147779,0.8417076252298721,0.9132917039789289,0.8314813282657211,0.8780108780108781
2018-04-19,44.55,51.0,ITUB3_ITUB4,0.8735294117647058,0.8728446177010654,0.009840038885738653,0.8925246954725427,0.8531645399295881,0.9023647343582814,0.8433245010438494,0.9122047732440199,0.8334844621581108,0.8735294117647058
2018-04-20,44.73,50.89,ITUB3_ITUB4,0.8789546079779916,0.8734041591923083,0.00952226747322069,0.8924486941387497,0.8543596242458669,0.9019709616119703,0.8448373567726463,0.911493229085191,0.8353150892994256,0.8789546079779916
2018-04-23,43.86,50.98,ITUB3_ITUB4,0.8603373872106709,0.8736720278348391,0.008970863574706583,0.8916137549842522,0.855730300685426,0.9005846185589589,0.8467594371107193,0.9095554821336654,0.8377885735360128,0.8603373872106709
2018-04-24,43.71,50.73,ITUB3_ITUB4,0.8616203429923123,0.8740092874485589,0.008207056648810688,0.8904234007461802,0.8575951741509376,0.8986304573949909,0.8493881175021268,0.9068375140438016,0.8411810608533161,0.8616203429923123
2018-04-25,44.39,50.43,ITUB3_ITUB4,0.8802300218124133,0.8746823438423832,0.007542868471687068,0.8897680807857573,0.8595966068990091,0.8973109492574444,0.852053738427322,0.9048538177291314,0.844510869955635,0.8802300218124133
2018-04-26,44.91,51.6,ITUB3_ITUB4,0.8703488372093022,0.8748054951021114,0.007427138318781234,0.8896597717396738,0.8599512184645489,0.8970869100584551,0.8525240801457676,0.9045140483772363,0.8450969418269865,0.8703488372093022
2018-04-27,44.88,51.5,ITUB3_ITUB4,0.8714563106796117,0.87511860997143,0.006992031167688289,0.8891026723068065,0.8611345476360535,0.8960947034744948,0.8541425164683651,0.9030867346421831,0.8471504853006768,0.8714563106796117
2018-04-30,44.1,51.01,ITUB3_ITUB4,0.8645363654185454,0.8750309681142895,0.007104080270992789,0.8892391286562751,0.8608228075723039,0.8963432089272678,0.8537187273013112,0.9034472891982607,0.8466146470303183,0.8645363654185454
2018-05-02,42.54,48.7,ITUB3_ITUB4,0.8735112936344969,0.8751358776860096,0.007048269766865936,0.8892324172197416,0.8610393381522777,0.8962806869866075,0.8539910683854118,0.9033289567534734,0.8469427986185459,0.8735112936344969
2018-05-03,41.98,47.74,ITUB3_ITUB4,0.8793464599916212,0.8752734297867247,0.007076052725864817,0.8894255352384544,0.8611213243349951,0.8965015879643192,0.8540452716091302,0.903577640690184,0.8469692188832655,0.8793464599916212
2018-05-04,41.53,47.18,ITUB3_ITUB4,0.8802458668927512,0.8755052273751476,0.007083460112215586,0.8896721475995788,0.8613383071507164,0.8967556077117943,0.8542548470385009,0.9038390678240099,0.8471713869262852,0.8802458668927512
2018-05-07,41.79,47.25,ITUB3_ITUB4,0.8844444444444445,0.8758985292029028,0.0071332017747337126,0.8901649327523702,0.8616321256534354,0.8972981345271039,0.8544989238787016,0.9044313363018376,0.847365722103968,0.8844444444444445
2018-05-08,41.85,47.4,ITUB3_ITUB4,0.8829113924050633,0.8762519653540256,0.007121372706725492,0.8904947107674765,0.8620092199405747,0.8976160834742021,0.8548878472338491,0.9047374561809276,0.8477664745271236,0.8829113924050633
2018-05-09,41.88,47.55,ITUB3_ITUB4,0.8807570977917982,0.876680629491376,0.006851884058242124,0.8903843976078603,0.8629768613748918,0.8972362816661024,0.8561249773166497,0.9040881657243446,0.8492730932584075,0.8807570977917982
2018-05-10,42.75,48.85,ITUB3_ITUB4,0.8751279426816786,0.8768724262249574,0.0066925738626723835,0.8902575739503021,0.8634872784996127,0.8969501478129746,0.8567947046369403,0.903642721675647,0.8501021307742679,0.8751279426816786
2018-05-11,42.13,48.07,ITUB3_ITUB4,0.8764302059496568,0.8769234431435757,0.006680929467629322,0.8902853020788344,0.8635615842083171,0.8969662315464637,0.8568806547406878,0.903647161014093,0.8501997252730584,0.8764302059496568
2018-05-14,41.47,47.35,ITUB3_ITUB4,0.875818373812038,0.8769979808478112,0.006650731117103159,0.8902994430820176,0.8636965186136049,0.8969501741991207,0.8570457874965017,0.9036009053162238,0.8503950563793986,0.875818373812038
2018-05-15,41.21,47.17,ITUB3_ITUB4,0.8736485054059784,0.8770703531862016,0.006596568810670513,0.8902634908075426,0.8638772155648606,0.8968600596182131,0.8572806467541901,0.9034566284288836,0.8506840779435196,0.8736485054059784
2018-05-16,41.35,47.99,ITUB3_ITUB4,0.8616378412169202,0.8766539967425624,0.007028895923616471,0.8907117885897954,0.8625962048953294,0.8977406845134118,0.855567308971713,0.9047695804370283,0.8485384130480965,0.8616378412169202
2018-05-17,39.78,45.48,ITUB3_ITUB4,0.87467018469657,0.8766929868412813,0.0070130439685838234,0.8907190747784489,0.8626668989041136,0.8977321187470327,0.8556538549355298,0.9047451627156166,0.848640810966946,0.87467018469657
2018-05-18,39.87,45.16,ITUB3_ITUB4,0.8828609388839681,0.8768895103133805,0.007074260333644759,0.89103803098067,0.8627409896460909,0.8981122913143147,0.8556667293124463,0.9051865516479595,0.8485924689788015,0.8828609388839681
2018-05-21,39.61,44.54,ITUB3_ITUB4,0.8893129770992366,0.8772122786511177,0.007340961883429265,0.8918942024179762,0.8625303548842592,0.8992351643014055,0.85518939300083,0.9065761261848347,0.8478484311174007,0.8893129770992366
2018-05-22,40.2,45.62,ITUB3_ITUB4,0.8811924594476108,0.8771677280958408,0.007310439671048842,0.8917886074379384,0.8625468487537431,0.8990990471089872,0.8552364090826943,0.9064094867800361,0.8479259694116454,0.8811924594476108
2018-05-23,39.86,44.76,ITUB3_ITUB4,0.8905272564789991,0.8775177547224671,0.0076080646868796195,0.8927338840962263,0.8623016253487078,0.9003419487831059,0.8546935606618282,0.9079500134699855,0.8470854959749486,0.8905272564789991
2018-05-24,39.89,45.35,ITUB3_ITUB4,0.8796030871003307,0.8777169209970452,0.00755424027183917,0.8928254015407235,0.8626084404533669,0.9003796418125627,0.8550542001815278,0.907933882084402,0.8474999599096885,0.8796030871003307
2018-05-25,39.39,44.95,ITUB3_ITUB4,0.8763070077864293,0.8777847779021544,0.007528390763193916,0.8928415594285422,0.8627279963757666,0.9003699501917362,0.8551996056125726,0.90789834095493,0.8476712148493787,0.8763070077864293
2018-05-28,38.06,43.05,ITUB3_ITUB4,0.8840882694541232,0.8778980935841322,0.007589592164259811,0.8930772779126518,0.8627189092556126,0.9006668700769116,0.8551293170913528,0.9082564622411714,0.847539724927093,0.8840882694541232
2018-05-29,37.8,42.9,ITUB3_ITUB4,0.881118881118881,0.8778692585601944,0.007574723738054294,0.893018706036303,0.8627198110840858,0.9005934297743573,0.8551450873460315,0.9081681535124115,0.8475703636079772,0.881118881118881
2018-05-30,38.21,42.98,ITUB3_ITUB4,0.8890181479758028,0.8777494482690813,0.007350701386529703,0.8924508510421407,0.8630480454960219,0.8998015524286704,0.8556973441094922,0.9071522538152001,0.8483466427229625,0.8890181479758028
2018-06-01,38.65,43.82,ITUB3_ITUB4,0.8820173436786855,0.8777419250830523,0.0073460579855157285,0.8924340410540837,0.8630498091120208,0.8997800990395994,0.8557037511265051,0.9071261570251152,0.8483576931409893,0.8820173436786855
2018-06-04,39.21,44.77,ITUB3_ITUB4,0.8758096939915121,0.8776077556681342,0.007330714286434005,0.8922691842410022,0.8629463270952662,0.8995998985274363,0.8556156128088321,0.9069306128138702,0.8482848985223982,0.8758096939915121
2018-06-05,38.16,43.38,ITUB3_ITUB4,0.879668049792531,0.8775848227666059,0.007322590824198773,0.8922300044150034,0.8629396411182083,0.8995525952392022,0.8556170502940096,0.906875186063401,0.8482944594698107,0.879668049792531
2018-06-06,37.35,42.28,ITUB3_ITUB4,0.8833964049195837,0.8775683559189309,0.007308394446646614,0.8921851448122241,0.8629515670256377,0.8994935392588708,0.855643172578991,0.9068019337055173,0.8483347781323445,0.8833964049195837
2018-06-07,36.99,41.05,ITUB3_ITUB4,0.9010962241169307,0.877885674150925,0.008030750608775951,0.8939471753684769,0.8618241729333731,0.9019779259772529,0.8537934223245971,0.9100086765860288,0.8457626717158212,0.9010962241169307
2018-06-08,36.59,41.15,ITUB3_ITUB4,0.8891859052247875,0.8779918601679482,0.008153538809277647,0.8942989377865035,0.8616847825493928,0.9024524765957811,0.8535312437401152,0.9106060154050588,0.8453777049308375,0.8891859052247875
2018-06-11,35.76,39.96,ITUB3_ITUB4,0.8948948948948948,0.8784819707277721,0.00856578519263124,0.8956135411130346,0.8613504003425096,0.9041793263056659,0.8527846151498784,0.9127451114982971,0.8442188299572472,0.8948948948948948
2018-06-12,35.84,39.88,ITUB3_ITUB4,0.8986960882647944,0.8791165021968821,0.009096830040453523,0.8973101622777891,0.860922842115975,0.9064069923182426,0.8518260120755216,0.9155038223586962,0.842729182035068,0.8986960882647944
2018-06-13,35.11,39.49,ITUB3_ITUB4,0.8890858445175993,0.8795830849295404,0.009118078830930014,0.8978192425914004,0.8613469272676804,0.9069373214223304,0.8522288484367504,0.9160554002532605,0.8431107696058203,0.8890858445175993
2018-06-14,34.11,38.09,ITUB3_ITUB4,0.8955106327119978,0.8800240969864536,0.009453541012767346,0.8989311790119883,0.8611170149609189,0.9083847200247556,0.8516634739481516,0.917838261037523,0.8422099329353842,0.8955106327119978
2018-06-15,34.65,38.46,ITUB3_ITUB4,0.9009360374414976,0.8805972259722191,0.010007081081506043,0.9006113881352312,0.860583063809207,0.9106184692167373,0.850575982727701,0.9206255502982433,0.8405689016461949,0.9009360374414976
2018-06-18,33.79,37.68,ITUB3_ITUB4,0.8967622080679405,0.8811780458798,0.010257434798261678,0.9016929154763234,0.8606631762832766,0.911950350274585,0.8504057414850149,0.9222077850728467,0.8401483066867532,0.8967622080679405
2018-06-19,35.49,39.38,ITUB3_ITUB4,0.9012188928390046,0.8817346530013254,0.010727012617581978,0.9031886782364893,0.8602806277661614,0.9139156908540713,0.8495536151485794,0.9246427034716532,0.8388266025309975,0.9012188928390046
2018-06-20,35.75,40.11,ITUB3_ITUB4,0.8912989279481426,0.8825086915197622,0.010249890724913736,0.9030084729695896,0.8620089100699347,0.9132583636945034,0.851759019345021,0.9235082544194171,0.8415091286201073,0.8912989279481426
2018-06-21,34.85,39.04,ITUB3_ITUB4,0.8926741803278689,0.883285037453151,0.009793058338469744,0.9028711541300904,0.8636989207762116,0.9126642124685602,0.8539058624377418,0.92245727080703,0.844112804099272,0.8926741803278689
2018-06-22,35.05,39.34,ITUB3_ITUB4,0.8909506863243517,0.8835530540659494,0.009853817962477536,0.9032606899909045,0.8638454181409944,0.913114507953382,0.8539916001785168,0.9229683259158595,0.8441377822160393,0.8909506863243517
2018-06-25,35.06,39.42,ITUB3_ITUB4,0.8893962455606291,0.8840292392747326,0.00965764325844977,0.9033445257916322,0.8647139527578331,0.9130021690500819,0.8550563094993834,0.9226598123085318,0.8453986662409335,0.8893962455606291
2018-06-26,34.9,39.29,ITUB3_ITUB4,0.8882667345380504,0.8844494998711936,0.009460235174724725,0.903369970220643,0.8655290295217442,0.9128302053953677,0.8560687943470194,0.9222904405700925,0.8466085591722947,0.8882667345380504
2018-06-27,34.38,38.58,ITUB3_ITUB4,0.891135303265941,0.8851144733173785,0.008945454925040891,0.9030053831674603,0.8672235634672967,0.9119508380925011,0.8582781085422558,0.9208962930175421,0.8493326536172149,0.891135303265941
2018-06-28,35.24,39.65,ITUB3_ITUB4,0.8887767969735184,0.8854961109008539,0.008761480870652887,0.9030190726421596,0.8679731491595482,0.9117805535128125,0.8592116682888953,0.9205420343834655,0.8504501874182423,0.8887767969735184
2018-06-29,35.9,40.34,ITUB3_ITUB4,0.8899355478433316,0.8857608380971465,0.008730825891776922,0.9032224898807003,0.8682991863135926,0.9119533157724772,0.8595683604218157,0.9206841416642542,0.8508375345300387,0.8899355478433316
2018-07-02,35.78,40.35,ITUB3_ITUB4,0.8867410161090459,0.8859232168275539,0.008685910602535823,0.9032950380326256,0.8685513956224823,0.9119809486351614,0.8598654850199464,0.9206668592376972,0.8511795744174107,0.8867410161090459
2018-07-03,36.82,41.3,ITUB3_ITUB4,0.8915254237288136,0.8861002413096631,0.008727059487340122,0.9035543602843434,0.8686461223349828,0.9122814197716835,0.8599190628476427,0.9210084792590236,0.8511920033603027,0.8915254237288136
2018-07-04,37.1,41.97,ITUB3_ITUB4,0.8839647367167025,0.8861265749174543,0.008718775803125606,0.9035641265237055,0.868689023311203,0.9122829023268311,0.8599702475080775,0.9210016781299567,0.8512514717049519,0.8839647367167025
2018-07-05,36.89,41.7,ITUB3_ITUB4,0.884652278177458,0.8862239544270956,0.008678928156999917,0.9035818107410954,0.8688660981130957,0.9122607388980953,0.8601871699560958,0.9209396670550952,0.8515082417990959,0.884652278177458
2018-07-06,36.81,42.08,ITUB3_ITUB4,0.8747623574144487,0.8862148147954148,0.008691096759344819,0.9035970083141044,0.8688326212767251,0.9122881050734493,0.8601415245173802,0.920979201832794,0.8514504277580355,0.8747623574144487
2018-07-10,37.6,42.19,ITUB3_ITUB4,0.8912064470253616,0.8865842208223074,0.008577834796248952,0.9037398904148053,0.8694285512298094,0.9123177252110543,0.8608507164335605,0.9208955600073032,0.8522728816373115,0.8912064470253616
2018-07-11,37.51,42.36,ITUB3_ITUB4,0.8855051935788479,0.8868263913164777,0.008401015991505273,0.9036284232994882,0.8700243593334671,0.9120294392909934,0.8616233433419619,0.9204304552824988,0.8532223273504566,0.8855051935788479
2018-07-12,37.8,43.16,ITUB3_ITUB4,0.8758109360518999,0.8868804520826256,0.008320614487986409,0.9035216810585984,0.8702392231066527,0.9118422955465848,0.8619186086186663,0.9201629100345712,0.8535979941306799,0.8758109360518999
2018-07-13,38.57,44.26,ITUB3_ITUB4,0.8714414821509264,0.8871255431059758,0.007677543005908301,0.9024806291177924,0.8717704570941592,0.9101581721237006,0.864092914088251,0.917835715129609,0.8564153710823426,0.8714414821509264
2018-07-16,38.77,44.1,ITUB3_ITUB4,0.8791383219954649,0.8872372465384482,0.007522619973536353,0.9022824864855209,0.8721920065913754,0.9098051064590572,0.8646693866178391,0.9173277264325935,0.8571467666443028,0.8791383219954649
2018-07-17,39.89,44.93,ITUB3_ITUB4,0.8878255063432006,0.887361360724929,0.007489446330300251,0.9023402533855295,0.8723824680643285,0.9098296997158297,0.8648930217340283,0.91731914604613,0.857403575403728,0.8878255063432006
2018-07-18,39.7,44.36,ITUB3_ITUB4,0.894950405770965,0.8875022964417221,0.0075796128888212825,0.9026615222193647,0.8723430706640795,0.9102411351081859,0.8647634577752582,0.9178207479970072,0.857183844886437,0.894950405770965
2018-07-19,39.3,45.0,ITUB3_ITUB4,0.8733333333333333,0.8873058182888652,0.007844599737012741,0.9029950177628907,0.8716166188148398,0.9108396174999035,0.863772019077827,0.9186842172369162,0.8559274193408143,0.8733333333333333
2018-07-20,40.65,46.28,ITUB3_ITUB4,0.8783491789109766,0.8870013663496646,0.007951952093708962,0.9029052705370826,0.8710974621622467,0.9108572226307915,0.8631455100685378,0.9188091747245005,0.8551935579748288,0.8783491789109766
2018-07-23,39.78,45.39,ITUB3_ITUB4,0.8764044943820225,0.886921401531707,0.008043808778101883,0.9030090190879108,0.8708337839755032,0.9110528278660126,0.8627899751974013,0.9190966366441145,0.8547461664192995,0.8764044943820225
2018-07-24,40.23,45.36,ITUB3_ITUB4,0.8869047619047619,0.8871863453846652,0.007857608821336506,0.9029015630273383,0.8714711277419922,0.9107591718486747,0.8636135189206557,0.9186167806700113,0.8557559100993192,0.8869047619047619
2018-07-25,40.99,46.79,ITUB3_ITUB4,0.876041889292584,0.8869851858806268,0.008039838084303707,0.9030648620492342,0.8709055097120194,0.911104700133538,0.8628656716277157,0.9191445382178416,0.854825833543412,0.876041889292584
2018-07-26,40.48,46.05,ITUB3_ITUB4,0.8790445168295331,0.886933326773393,0.008085209635568006,0.903103746044529,0.8707629075022569,0.911188955680097,0.862677697866689,0.919274165315665,0.854592488231121,0.8790445168295331
2018-07-27,40.61,46.3,ITUB3_ITUB4,0.8771058315334773,0.8866355188623348,0.008224634011592612,0.9030847868855201,0.8701862508391496,0.9113094208971126,0.861961616827557,0.9195340549087053,0.8537369828159643,0.8771058315334773
2018-07-30,41.21,46.97,ITUB3_ITUB4,0.8773685331062381,0.8865192985980237,0.008323813193828772,0.9031669249856813,0.8698716722103661,0.91149073817951,0.8615478590165374,0.9198145513733388,0.8532240458227086,0.8773685331062381
2018-07-31,40.0,45.0,ITUB3_ITUB4,0.8888888888888888,0.8868462784704579,0.008147347328542148,0.9031409731275423,0.8705515838133736,0.9112883204560844,0.8624042364848314,0.9194356677846265,0.8542568891562894,0.8888888888888888
2018-08-01,40.32,45.55,ITUB3_ITUB4,0.8851811196487377,0.8869841052168631,0.00806905677081084,0.9031222187584848,0.8708459916752415,0.9111912755292956,0.8627769349044306,0.9192603323001065,0.8547078781336197,0.8851811196487377
2018-08-02,40.12,45.71,ITUB3_ITUB4,0.8777072850579741,0.8868418772203228,0.008183247515925984,0.9032083722521748,0.8704753821884709,0.9113916197681008,0.8622921346725448,0.9195748672840267,0.8541088871566189,0.8777072850579741
2018-08-03,41.0,46.8,ITUB3_ITUB4,0.8760683760683762,0.8862161810191088,0.008020611506425317,0.9022574040319594,0.8701749580062582,0.9102780155383847,0.8621543464998329,0.9182986270448101,0.8541337349934075,0.8760683760683762
2018-08-06,40.5,46.46,ITUB3_ITUB4,0.871717606543263,0.8857794735520708,0.00832456822942277,0.9024286100109163,0.8691303370932252,0.9107531782403391,0.8608057688638024,0.9190777464697618,0.8524812006343797,0.871717606543263
2018-08-07,40.55,46.18,ITUB3_ITUB4,0.8780857514075356,0.8853592449648866,0.008276748066361807,0.9019127410976102,0.868805748832163,0.910189489163972,0.8605290007658012,0.9184662372303338,0.8522522526994394,0.8780857514075356
2018-08-08,39.7,45.1,ITUB3_ITUB4,0.8802660753880266,0.8848984946429675,0.00802441009314123,0.9009473148292501,0.868849674456685,0.9089717249223912,0.8608252643635439,0.9169961350155325,0.8528008542704026,0.8802660753880266
2018-08-09,39.6,44.86,ITUB3_ITUB4,0.8827463218903255,0.8847400065772856,0.00800216051960499,0.9007443276164956,0.8687356855380756,0.9087464881361006,0.8607335250184706,0.9167486486557055,0.8527313644988657,0.8827463218903255
2018-08-10,38.46,43.23,ITUB3_ITUB4,0.8896599583622485,0.8845937397185419,0.007852310005952063,0.900298359730446,0.8688891197066378,0.9081506697363981,0.8610368097006857,0.9160029797423502,0.8531844996947336,0.8896599583622485
2018-08-13,38.74,43.57,ITUB3_ITUB4,0.8891439063575856,0.8842989364414443,0.0074332052779183845,0.8991653469972811,0.8694325258856075,0.9065985522751995,0.8619993206076891,0.9140317575531178,0.8545661153297708,0.8891439063575856
2018-08-14,39.6,44.47,ITUB3_ITUB4,0.8904879694175849,0.8841420804751854,0.007226794737998182,0.8985956699511818,0.869688490999189,0.9058224646891799,0.8624616962611908,0.9130492594271781,0.8552349015231927,0.8904879694175849
2018-08-15,39.1,44.17,ITUB3_ITUB4,0.8852162100973512,0.8837420134066442,0.00667941731833038,0.8971008480433049,0.8703831787699834,0.9037802653616352,0.8637037614516531,0.9104596826799657,0.8570243441333226,0.8852162100973512
2018-08-16,39.14,44.11,ITUB3_ITUB4,0.8873271367036953,0.883642718625533,0.0065931623211132944,0.8968290432677596,0.8704563939833064,0.9034222055888729,0.8638632316621931,0.9100153679099862,0.8572700693410799,0.8873271367036953
2018-08-17,38.64,42.98,ITUB3_ITUB4,0.8990228013029317,0.8838014341499096,0.006886057642328024,0.8975735494345657,0.8700293188652536,0.9044596070768937,0.8631432612229256,0.9113456647192217,0.8562572035805975,0.8990228013029317
2018-08-20,37.94,42.53,ITUB3_ITUB4,0.8920761815189278,0.8838295715297741,0.00691824376181276,0.8976660590533997,0.8699930840061486,0.9045843028152124,0.8630748402443359,0.9115025465770252,0.8561565964825231,0.8920761815189278
2018-08-21,37.26,41.98,ITUB3_ITUB4,0.8875655073844688,0.8837838030753702,0.006886455193319788,0.8975567134620097,0.8700108926887307,0.9044431686553296,0.8631244374954108,0.9113296238486494,0.856237982302091,0.8875655073844688
2018-08-22,37.71,42.98,ITUB3_ITUB4,0.8773848301535598,0.8835117554657579,0.006919680450480254,0.8973511163667184,0.8696723945647974,0.9042707968171987,0.8627527141143171,0.9111904772676789,0.8558330336638369,0.8773848301535598
2018-08-23,36.82,41.31,ITUB3_ITUB4,0.8913096102638586,0.8835161131407059,0.006924657582482999,0.8973654283056719,0.8696667979757399,0.9042900858881548,0.8627421403932569,0.9112147434706379,0.8558174828107739,0.8913096102638586
2018-08-24,36.91,41.62,ITUB3_ITUB4,0.8868332532436328,0.8834675245474587,0.006893546987654122,0.8972546185227669,0.8696804305721505,0.9041481655104211,0.8627868835844963,0.9110417124980752,0.8558933365968422,0.8868332532436328
2018-08-27,38.0,43.0,ITUB3_ITUB4,0.8837209302325582,0.8833121591071894,0.006813602467938667,0.8969393640430667,0.8696849541713121,0.9037529665110055,0.8628713517033734,0.9105665689789441,0.8560577492354348,0.8837209302325582
2018-08-28,37.94,42.7,ITUB3_ITUB4,0.8885245901639344,0.8833567484585615,0.006842392020310613,0.8970415324991827,0.8696719644179403,0.9038839245194933,0.8628295723976297,0.910726316539804,0.855987180377319,0.8885245901639344
2018-08-29,37.85,43.41,ITUB3_ITUB4,0.871918912692928,0.8828665856826643,0.006943732210216216,0.8967540501030967,0.8689791212622319,0.903697782313313,0.8620353890520156,0.9106415145235291,0.8550916568417994,0.871918912692928
2018-08-30,37.05,41.7,ITUB3_ITUB4,0.8884892086330934,0.8829796974805741,0.0069987131514532295,0.8969771237834806,0.8689822711776677,0.9039758369349339,0.8619835580262144,0.9109745500863871,0.8549848448747612,0.8884892086330934
2018-08-31,37.4,42.27,ITUB3_ITUB4,0.8847882659096284,0.8829830971738785,0.006999579431569264,0.896982256037017,0.86898393831074,0.9039818354685862,0.8619843588791707,0.9109814149001555,0.8549847794476014,0.8847882659096284
2018-09-03,37.26,41.67,ITUB3_ITUB4,0.8941684665226781,0.8834682499015842,0.00708716314270954,0.8976425761870033,0.8692939236161652,0.9047297393297129,0.8622067604734556,0.9118169024724224,0.855119597330746,0.8941684665226781
2018-09-04,36.67,41.31,ITUB3_ITUB4,0.887678528201404,0.8833800519309853,0.0070099251402393516,0.897399902211464,0.8693602016505066,0.9044098273517034,0.8623502765102673,0.9114197524919427,0.855340351370028,0.887678528201404
2018-09-05,37.1,41.55,ITUB3_ITUB4,0.8929001203369435,0.8835649250999378,0.007163245433148398,0.8978914159662346,0.869238434233641,0.905054661399383,0.8620751888004926,0.9122179068325313,0.8549119433673442,0.8929001203369435
2018-09-06,37.64,42.6,ITUB3_ITUB4,0.8835680751173709,0.8837588535765747,0.007052082169134614,0.8978630179148439,0.8696546892383055,0.9049151000839786,0.8626026070691708,0.9119671822531131,0.8555505249000362,0.8835680751173709
2018-09-10,38.2,42.99,ITUB3_ITUB4,0.8885787392416842,0.8841872850038437,0.006800667714882036,0.8977886204336077,0.8705859495740796,0.9045892881484898,0.8637852818591976,0.9113899558633718,0.8569846141443156,0.8885787392416842
2018-09-11,37.38,41.51,ITUB3_ITUB4,0.9005059021922429,0.8847214745087632,0.007220173085069691,0.8991618206789025,0.8702811283386238,0.9063819937639722,0.8630609552535541,0.9136021668490419,0.8558407821684844,0.9005059021922429
2018-09-12,36.54,41.63,ITUB3_ITUB4,0.877732404515974,0.8844691469630825,0.007284987010316549,0.8990391209837156,0.8698991729424495,0.9063241079940322,0.8626141859321329,0.9136090950043487,0.8553291989218164,0.877732404515974
2018-09-13,36.64,41.4,ITUB3_ITUB4,0.885024154589372,0.8842209906835429,0.007085120521898332,0.8983912317273396,0.8700507496397462,0.9054763522492378,0.8629656291178479,0.9125614727711362,0.8558805085959496,0.885024154589372
2018-09-14,36.7,42.13,ITUB3_ITUB4,0.8711132209826727,0.8841654878747762,0.0071806501046078886,0.898526788083992,0.8698041876655604,0.9057074381885999,0.8626235375609526,0.9128880882932078,0.8554428874563447,0.8711132209826727
2018-09-17,37.53,43.13,ITUB3_ITUB4,0.8701599814514259,0.8839607579382875,0.007461964901407639,0.8988846877411029,0.8690368281354722,0.9063466526425105,0.8615748632340646,0.9138086175439181,0.854112898332657,0.8701599814514259
2018-09-18,37.64,43.09,ITUB3_ITUB4,0.8735205384079833,0.8838886590389364,0.007550257292714652,0.8989891736243657,0.8687881444535072,0.9065394309170803,0.8612378871607925,0.9140896882097951,0.8536876298680778,0.8735205384079833
2018-09-19,37.79,43.39,ITUB3_ITUB4,0.8709380041484213,0.883489490095028,0.007804499317087199,0.8990984887292024,0.8678804914608536,0.9069029880462895,0.8600759921437664,0.9147074873633768,0.8522714928266791,0.8709380041484213
2018-09-20,37.47,43.11,ITUB3_ITUB4,0.8691718858733473,0.8833177400095471,0.008044500085323108,0.8994067401801933,0.8672287398389009,0.9074512402655164,0.8591842397535778,0.9154957403508396,0.8511397396682546,0.8691718858733473
2018-09-21,37.79,43.84,ITUB3_ITUB4,0.8619981751824817,0.8828915814683709,0.008701376618567963,0.9002943347055068,0.865488828231235,0.9089957113240748,0.856787451612667,0.9176970879426427,0.848086074994099,0.8619981751824817
2018-09-24,37.1,42.75,ITUB3_ITUB4,0.8678362573099415,0.8826598421127825,0.008978441423362621,0.9006167249595077,0.8647029592660572,0.9095951663828703,0.8557245178426947,0.918573607806233,0.846746076419332,0.8678362573099415
2018-09-25,36.99,42.85,ITUB3_ITUB4,0.8632438739789965,0.8823067256346014,0.009456890342428956,0.9012205063194594,0.8633929449497435,0.9106773966618883,0.8539360546073146,0.9201342870043172,0.8444791642648857,0.8632438739789965
2018-09-26,37.86,43.32,ITUB3_ITUB4,0.8739612188365651,0.8819335338832934,0.009484981313635406,0.9009034965105642,0.8629635712560226,0.9103884778241996,0.8534785899423872,0.919873459137835,0.8439936086287518,0.8739612188365651
2018-09-27,38.34,44.51,ITUB3_ITUB4,0.8613794652886992,0.8813384925242925,0.010008188831781149,0.9013548701878549,0.8613221148607302,0.911363059019636,0.8513139260289491,0.9213712478514171,0.841305737197168,0.8613794652886992
2018-09-28,37.7,44.13,ITUB3_ITUB4,0.8542941309766598,0.8807531636722598,0.010873276265707674,0.9024997162036751,0.8590066111408444,0.9133729924693827,0.8481333348751368,0.9242462687350904,0.8372600586094291,0.8542941309766598
2018-10-01,37.7,43.62,ITUB3_ITUB4,0.8642824392480515,0.8804585152517517,0.01115940692496583,0.9027773291016833,0.85813970140182,0.9139367360266492,0.8469802944768542,0.925096142951615,0.8358208875518883,0.8642824392480515
2018-10-02,38.74,45.3,ITUB3_ITUB4,0.855187637969095,0.8800452660373974,0.011780192970885152,0.9036056519791678,0.8564848800956271,0.9153858449500528,0.844704687124742,0.927166037920938,0.8329244941538568,0.855187637969095
2018-10-03,40.59,47.35,ITUB3_ITUB4,0.857233368532207,0.8795239564655143,0.01231823469519834,0.9041604258559109,0.8548874870751176,0.9164786605511093,0.8425692523799193,0.9287968952463077,0.8302510176847209,0.857233368532207
2018-10-04,40.26,47.4,ITUB3_ITUB4,0.8493670886075949,0.8787514817960034,0.013207257705749305,0.905165997207502,0.8523369663845047,0.9183732549132513,0.8391297086787555,0.9315805126190005,0.8259224509730062,0.8493670886075949
2018-10-05,40.69,47.24,ITUB3_ITUB4,0.8613463166807789,0.8782164816657648,0.013472066645062933,0.9051606149558907,0.8512723483756389,0.9186326816009536,0.8378002817305761,0.9321047482460165,0.8243282150855131,0.8613463166807789
2018-10-08,43.01,50.05,ITUB3_ITUB4,0.8593406593406594,0.877458499190225,0.013663284716093727,0.9047850686224125,0.8501319297580375,0.9184483533385062,0.8364686450419438,0.9321116380546,0.82280536032585,0.8593406593406594
2018-10-09,42.6,49.79,ITUB3_ITUB4,0.8555934926692107,0.8766197388480155,0.013954245409615271,0.904528229667246,0.848711248028785,0.9184824750768613,0.8347570026191696,0.9324367204864765,0.8208027572095544,0.8555934926692107
2018-10-10,41.3,48.07,ITUB3_ITUB4,0.8591637195756189,0.8758366326019663,0.01403473000582743,0.9039060926136212,0.8477671725903114,0.9179408226194486,0.833732442584484,0.931975552625276,0.8196977125786566,0.8591637195756189
2018-10-11,40.81,47.5,ITUB3_ITUB4,0.8591578947368421,0.8751851747179534,0.014192088925694771,0.903569352569343,0.8468009968665638,0.9177614414950377,0.8326089079408692,0.9319535304207325,0.8184168190151744,0.8591578947368421
2018-10-15,40.82,48.05,ITUB3_ITUB4,0.849531737773153,0.8742402897446899,0.014614849680909748,0.9034699891065094,0.8450105903828704,0.9180848387874192,0.8303957407019606,0.932699688468329,0.8157808910210509,0.849531737773153
2018-10-16,42.21,49.97,ITUB3_ITUB4,0.8447068240944567,0.872882390314478,0.014775635260154898,0.9024336608347878,0.8433311197941682,0.9172092960949427,0.8285554845340133,0.9319849313550976,0.8137798492738584,0.8447068240944567
2018-10-17,42.5,49.45,ITUB3_ITUB4,0.8594539939332658,0.8720668356248364,0.014588168306316459,0.9012431722374694,0.8428904990122035,0.9158313405437858,0.8283023307058871,0.9304195088501023,0.8137141623995706,0.8594539939332658
2018-10-18,41.81,47.98,ITUB3_ITUB4,0.8714047519799918,0.8716628167397247,0.014370082708451791,0.9004029821566283,0.8429226513228211,0.91477306486508,0.8285525686143693,0.9291431475735319,0.8141824859059175,0.8714047519799918
2018-10-19,41.44,47.93,ITUB3_ITUB4,0.8645941998748174,0.871343050982756,0.0143817955675842,0.9001066421179243,0.8425794598475876,0.9144884376855086,0.8281976642800034,0.9288702332530928,0.8138158687124192,0.8645941998748174
2018-10-22,41.82,48.63,ITUB3_ITUB4,0.8599629858112275,0.8705593853714403,0.014117531225605265,0.8987944478226508,0.8423243229202297,0.912911979048256,0.8282067916946245,0.9270295102738614,0.8140892604690192,0.8599629858112275
2018-10-23,41.79,48.8,ITUB3_ITUB4,0.8563524590163935,0.8697973655157594,0.014039005953970979,0.8978753774237014,0.8417193536078174,0.9119143833776723,0.8276803476538465,0.9259533893316433,0.8136413416998755,0.8563524590163935
2018-10-24,40.7,47.53,ITUB3_ITUB4,0.8563012833999579,0.8691118743449444,0.014011109594864242,0.8971340935346729,0.8410896551552159,0.9111452031295372,0.8270785455603517,0.9251563127244014,0.8130674359654875,0.8563012833999579
2018-10-25,41.69,48.08,ITUB3_ITUB4,0.8670965058236273,0.8685761722364367,0.013654965844100038,0.8958861039246367,0.8412662405482366,0.9095410697687368,0.8276112747041365,0.9231960356128368,0.8139563088600366,0.8670965058236273
2018-10-26,41.79,48.98,ITUB3_ITUB4,0.8532053899550838,0.8681083341679907,0.013856589408863937,0.8958215129857185,0.8403951553502629,0.9096781023945826,0.8265385659413989,0.9235346918034465,0.8126819765325349,0.8532053899550838
2018-10-29,41.45,48.08,ITUB3_ITUB4,0.8621048252911815,0.8674487245844429,0.01348451763162921,0.8944177598477013,0.8404796893211844,0.9079022774793305,0.8269951716895553,0.9213867951109598,0.813510654057926,0.8621048252911815
2018-10-30,42.76,49.49,ITUB3_ITUB4,0.8640129319054354,0.8669293412343381,0.01319655260921332,0.8933224464527647,0.8405362360159114,0.9065189990619781,0.8273396834066981,0.9197155516711913,0.8141431307974848,0.8640129319054354
2018-10-31,42.39,49.25,ITUB3_ITUB4,0.8607106598984772,0.8660928960687331,0.012465879030811434,0.8910246541303559,0.8411611380071102,0.9034905331611673,0.8286952589762988,0.9159564121919788,0.8162293799454874,0.8607106598984772
2018-11-01,43.56,49.94,ITUB3_ITUB4,0.8722466960352424,0.865707100264579,0.012011216620824878,0.8897295335062287,0.8416846670229292,0.9017407501270536,0.8296734504021044,0.9137519667478785,0.8176622337812794,0.8722466960352424
2018-11-05,44.63,50.48,ITUB3_ITUB4,0.8841125198098257,0.865487410251401,0.01157348012249725,0.8886343704963955,0.8423404500064064,0.9002078506188927,0.8307669698839092,0.91178133074139,0.8191934897614119,0.8841125198098257
2018-11-06,44.15,50.8,ITUB3_ITUB4,0.8690944881889764,0.8651255705781911,0.011214386016065368,0.8875543426103218,0.8426967985460603,0.8987687286263871,0.831482412529995,0.9099831146424525,0.8202680265139296,0.8690944881889764
2018-11-07,44.78,50.85,ITUB3_ITUB4,0.88062930186824,0.8649268346438548,0.010852709007984459,0.8866322526598237,0.8432214166278859,0.8974849616678081,0.8323687076199014,0.9083376706757926,0.8215159986119169,0.88062930186824
2018-11-08,43.62,50.15,ITUB3_ITUB4,0.869790628115653,0.86415895279194,0.009237147907936874,0.8826332486078138,0.8456846569760662,0.8918703965157506,0.8364475090681294,0.9011075444236875,0.8272103611601925,0.869790628115653
2018-11-09,44.53,50.78,ITUB3_ITUB4,0.8769200472627019,0.8641386438606082,0.009207384995460137,0.8825534138515285,0.845723873869688,0.8917607988469887,0.8365164888742278,0.9009681838424488,0.8273091038787677,0.8769200472627019
2018-11-12,44.6,50.92,ITUB3_ITUB4,0.8758837391987431,0.8639101334758423,0.008779223179806301,0.8814685798354549,0.8463516871162298,0.8902478030152612,0.8375724639364235,0.8990270261950676,0.8287932407566171,0.8758837391987431
2018-11-13,43.75,50.73,ITUB3_ITUB4,0.8624088310664302,0.8636925237279364,0.008703655149052032,0.8810998340260404,0.8462852134298323,0.8898034891750924,0.8375815582807803,0.8985071443241445,0.8288779031317283,0.8624088310664302
2018-11-14,43.7,51.17,ITUB3_ITUB4,0.854016025014657,0.8632889248170172,0.008770115105957958,0.8808291550289331,0.8457486946051014,0.8895992701348912,0.8369785794991433,0.8983693852408491,0.8282084643931854,0.854016025014657
2018-11-16,45.0,52.75,ITUB3_ITUB4,0.8530805687203792,0.8627779255748272,0.008754136968399539,0.8802861995116263,0.8452696516380281,0.8890403364800259,0.8365155146696286,0.8977944734484254,0.827761377701229,0.8530805687203792
2018-11-19,45.3,52.72,ITUB3_ITUB4,0.8592564491654021,0.8624858867002517,0.008669374469497813,0.8798246356392474,0.845147137761256,0.8884940101087452,0.8364777632917583,0.897163384578243,0.8278083888222605,0.8592564491654021
2018-11-21,30.02,34.69,ITUB3_ITUB4,0.8653790717786106,0.8623910663478833,0.008614942881172772,0.8796209521102288,0.8451611805855378,0.8882358949914017,0.836546237704365,0.8968508378725744,0.8279312948231923,0.8653790717786106
2018-11-22,30.3,34.61,ITUB3_ITUB4,0.875469517480497,0.8627278499053336,0.008859048665378847,0.8804459472360913,0.8450097525745759,0.8893049959014702,0.836150703909197,0.898164044566849,0.8272916552438182,0.875469517480497
2018-11-23,29.91,34.57,ITUB3_ITUB4,0.8652010413653457,0.8626619695067188,0.00882983611613755,0.8803216417389939,0.8450022972744438,0.8891514778551315,0.8361724611583061,0.897981313971269,0.8273426250421686,0.8652010413653457
2018-11-26,29.49,34.0,ITUB3_ITUB4,0.8673529411764705,0.8627646961866556,0.008860628442197893,0.8804859530710514,0.8450434393022599,0.8893465815132493,0.836182810860062,0.8982072099554472,0.827322182417864,0.8673529411764705
2018-11-27,30.21,35.15,ITUB3_ITUB4,0.8594594594594596,0.862402152202228,0.008685714271713166,0.8797735807456544,0.8450307236588017,0.8884592950173675,0.8363450093870886,0.8971450092890807,0.8276592951153754,0.8594594594594596
2018-11-28,30.79,36.03,ITUB3_ITUB4,0.8545656397446572,0.862231806563627,0.00877266733915378,0.8797771412419345,0.8446864718853194,0.8885498085810883,0.8359138045461656,0.8973224759202421,0.8271411372070119,0.8545656397446572
2018-11-29,30.9,36.35,ITUB3_ITUB4,0.8500687757909215,0.8621261726839835,0.008895280051640555,0.8799167327872646,0.8443356125807024,0.8888120128389052,0.8354403325290618,0.8977072928905457,0.8265450524774213,0.8500687757909215
2018-11-30,30.86,36.02,ITUB3_ITUB4,0.8567462520821765,0.8619377680048366,0.008928187124608395,0.8797941422540534,0.8440813937556197,0.8887223293786618,0.8351532066310113,0.8976505165032701,0.826225019506403,0.8567462520821765
2018-12-03,30.58,35.55,ITUB3_ITUB4,0.8601969057665261,0.8620629996997724,0.00886599310341979,0.879794985906612,0.8443310134929328,0.8886609790100317,0.8354650203895131,0.8975269721134516,0.8265990272860932,0.8601969057665261
2018-12-04,30.41,35.51,ITUB3_ITUB4,0.8563784849338215,0.8620416276098128,0.008878954684007987,0.8797995369778289,0.8442837182417968,0.8886784916618368,0.8354047635577889,0.8975574463458448,0.8265258088737809,0.8563784849338215
2018-12-05,30.32,35.53,ITUB3_ITUB4,0.8533633549113425,0.8621415342674066,0.008754291020286731,0.8796501163079801,0.8446329522268331,0.8884044073282668,0.8358786612065464,0.8971586983485536,0.8271243701862596,0.8533633549113425
2018-12-06,30.47,35.85,ITUB3_ITUB4,0.8499302649930265,0.8618561329752128,0.008964447456516169,0.8797850278882451,0.8439272380621805,0.8887494753447613,0.8349627906056643,0.8977139228012775,0.8259983431491481,0.8499302649930265
2018-12-07,30.32,35.56,ITUB3_ITUB4,0.8526434195725534,0.86168870198101,0.009074501561427337,0.8798377051038647,0.8435396988581553,0.888912206665292,0.834465197296728,0.8979867082267193,0.8253906957353007,0.8526434195725534
2018-12-10,29.6,34.61,ITUB3_ITUB4,0.8552441490898585,0.8616799683915263,0.00908068420461571,0.8798413368007577,0.8435185999822948,0.8889220210053734,0.8344379157776791,0.8980027052099891,0.8253572315730634,0.8552441490898585
2018-12-11,29.82,34.92,ITUB3_ITUB4,0.8539518900343642,0.861549672652995,0.009154803709116996,0.8798592800712289,0.843240065234761,0.889014083780346,0.834085261525644,0.898168887489463,0.824930457816527,0.8539518900343642
2018-12-12,29.96,35.16,ITUB3_ITUB4,0.8521046643913539,0.8613733418943579,0.009269263635111233,0.8799118691645803,0.8428348146241355,0.8891811327996916,0.8335655509890242,0.8984503964348028,0.8242962873539129,0.8521046643913539
2018-12-13,30.56,35.78,ITUB3_ITUB4,0.854108440469536,0.8614877594617674,0.009146783425813041,0.8797813263133935,0.8431941926101413,0.8889281097392064,0.8340474091843283,0.8980748931650195,0.8249006257585152,0.854108440469536
2018-12-14,30.44,35.52,ITUB3_ITUB4,0.8569819819819819,0.8617946384089554,0.008767389293426084,0.8793294169958076,0.8442598598221033,0.8880968062892337,0.8354924705286771,0.8968641955826597,0.8267250812352511,0.8569819819819819
2018-12-17,29.86,34.57,ITUB3_ITUB4,0.8637547006074631,0.8619021560758104,0.008764319142438179,0.8794307943606868,0.8443735177909341,0.888195113503125,0.8356091986484959,0.8969594326455632,0.8268448795060577,0.8637547006074631
2018-12-18,29.91,35.12,ITUB3_ITUB4,0.8516514806378133,0.8614083242922559,0.008771662614656058,0.878951649521568,0.8438649990629438,0.887723312136224,0.8350933364482878,0.8964949747508801,0.8263216738336316,0.8516514806378133
2018-12-19,29.68,34.65,ITUB3_ITUB4,0.8565656565656566,0.861207610709527,0.008788732188520373,0.8787850750865678,0.8436301463324862,0.8875738072750882,0.8348414141439658,0.8963625394636086,0.8260526819554455,0.8565656565656566
2018-12-20,29.8,34.64,ITUB3_ITUB4,0.8602771362586605,0.8612154644707127,0.00878773176020526,0.8787909279911232,0.8436400009503022,0.8875786597513285,0.8348522691900969,0.8963663915115337,0.8260645374298917,0.8602771362586605
2018-12-21,29.3,34.48,ITUB3_ITUB4,0.8497679814385152,0.8610508525312659,0.008941486585778835,0.8789338257028235,0.8431678793597083,0.8878753122886024,0.8342263927739294,0.8968167988743813,0.8252849061881505,0.8497679814385152
2018-12-26,29.0,33.73,ITUB3_ITUB4,0.85976875185295,0.8611375392425906,0.008911015804368223,0.878959570851327,0.8433155076338542,0.8878705866556953,0.834404491829486,0.8967816024600636,0.8254934760251177,0.85976875185295
2018-12-27,29.49,34.3,ITUB3_ITUB4,0.8597667638483966,0.8609542956932099,0.008860555806051737,0.8786754073053133,0.8432331840811065,0.8875359631113651,0.8343726282750548,0.8963965189174169,0.8255120724690029,0.8597667638483966
2018-12-28,30.05,35.5,ITUB3_ITUB4,0.8464788732394366,0.8607861327753186,0.00907268326420779,0.8789314993037342,0.842640766246903,0.8880041825679419,0.8335680829826952,0.8970768658321497,0.8244953997184874,0.8464788732394366
