DATA DO PREGAO,CODIGO DE NEGOCIACAO DO PAPEL,NOME RESUMIDO DA EMPRESA EMISSORA,PRECO DE ABERTURA,PRECO MAXIMO,PRECO MINIMO,PRECO FECHAMENTO,VOLUME TOTAL DE TITULOS NEGOCIADOS NESTE PAPEL,MA_20,MA_40,STD_20,STD_40,BANDA_1_40 SUPERIOR,BANDA_1_40 INFERIOR,BANDA_2_40 SUPERIOR,BANDA_2_40 INFERIOR,BANDA_3_40 SUPERIOR,BANDA_3_40 INFERIOR
20180102,AALR3,ALLIAR,14.94,15.16,14.7,14.89,1402991.0,0.0,0.0,0.0,0.0,0.0,0.0,0.0,0.0,0.0,0.0
20180103,AALR3,ALLIAR,14.89,15.32,14.79,14.96,8765964.0,0.0,0.0,0.0,0.0,0.0,0.0,0.0,0.0,0.0,0.0
20180104,AALR3,ALLIAR,15.0,15.16,14.81,15.09,4355491.0,0.0,0.0,0.0,0.0,0.0,0.0,0.0,0.0,0.0,0.0
20180105,AALR3,ALLIAR,15.05,15.17,14.95,15.05,1982292.0,0.0,0.0,0.0,0.0,0.0,0.0,0.0,0.0,0.0,0.0
20180108,AALR3,ALLIAR,15.05,15.1,14.62,14.79,3620453.0,0.0,0.0,0.0,0.0,0.0,0.0,0.0,0.0,0.0,0.0
20180109,AALR3,ALLIAR,14.87,14.87,14.5,14.65,941344.0,0.0,0.0,0.0,0.0,0.0,0.0,0.0,0.0,0.0,0.0
20180110,AALR3,ALLIAR,14.65,14.7,14.4,14.4,6255602.0,0.0,0.0,0.0,0.0,0.0,0.0,0.0,0.0,0.0,0.0
20180111,AALR3,ALLIAR,14.49,14.59,14.37,14.59,1769725.0,0.0,0.0,0.0,0.0,0.0,0.0,0.0,0.0,0.0,0.0
20180112,AALR3,ALLIAR,14.7,14.7,14.21,14.5,2755452.0,0.0,0.0,0.0,0.0,0.0,0.0,0.0,0.0,0.0,0.0
20180115,AALR3,ALLIAR,14.36,14.69,14.36,14.62,13790383.0,0.0,0.0,0.0,0.0,0.0,0.0,0.0,0.0,0.0,0.0
20180116,AALR3,ALLIAR,14.82,14.82,14.52,14.69,2502496.0,0.0,0.0,0.0,0.0,0.0,0.0,0.0,0.0,0.0,0.0
20180117,AALR3,ALLIAR,14.86,14.86,14.13,14.55,4537298.0,0.0,0.0,0.0,0.0,0.0,0.0,0.0,0.0,0.0,0.0
20180118,AALR3,ALLIAR,14.59,14.65,14.45,14.58,1732776.0,0.0,0.0,0.0,0.0,0.0,0.0,0.0,0.0,0.0,0.0
20180119,AALR3,ALLIAR,14.7,14.7,14.48,14.59,3119980.0,0.0,0.0,0.0,0.0,0.0,0.0,0.0,0.0,0.0,0.0
20180122,AALR3,ALLIAR,14.68,14.68,14.42,14.55,1732130.0,0.0,0.0,0.0,0.0,0.0,0.0,0.0,0.0,0.0,0.0
20180123,AALR3,ALLIAR,14.65,14.65,14.34,14.4,912714.0,0.0,0.0,0.0,0.0,0.0,0.0,0.0,0.0,0.0,0.0
20180124,AALR3,ALLIAR,14.59,14.92,14.44,14.75,4849153.0,0.0,0.0,0.0,0.0,0.0,0.0,0.0,0.0,0.0,0.0
20180126,AALR3,ALLIAR,14.95,15.2,14.57,15.18,3668385.0,0.0,0.0,0.0,0.0,0.0,0.0,0.0,0.0,0.0,0.0
20180129,AALR3,ALLIAR,15.3,15.3,15.01,15.13,11978899.0,0.0,0.0,0.0,0.0,0.0,0.0,0.0,0.0,0.0,0.0
20180130,AALR3,ALLIAR,15.13,15.15,14.91,14.98,1258607.0,14.747000000000003,0.0,0.2461300469264167,0.0,0.0,0.0,0.0,0.0,0.0,0.0
20180131,AALR3,ALLIAR,15.18,15.34,14.91,14.94,6017472.0,14.749500000000003,0.0,0.24790649765374737,0.0,0.0,0.0,0.0,0.0,0.0,0.0
20180201,AALR3,ALLIAR,14.91,15.73,14.81,15.38,9568186.0,14.770500000000004,0.0,0.282106269636854,0.0,0.0,0.0,0.0,0.0,0.0,0.0
20180202,AALR3,ALLIAR,15.39,15.39,15.12,15.25,4485109.0,14.778500000000005,0.0,0.29367499042308715,0.0,0.0,0.0,0.0,0.0,0.0,0.0
20180205,AALR3,ALLIAR,15.11,15.25,14.96,15.0,3836775.0,14.776000000000005,0.0,0.2914464833062482,0.0,0.0,0.0,0.0,0.0,0.0,0.0
20180206,AALR3,ALLIAR,14.97,15.55,14.84,15.45,1463005.0,14.809000000000003,0.0,0.32816715894575227,0.0,0.0,0.0,0.0,0.0,0.0,0.0
20180207,AALR3,ALLIAR,15.31,15.58,15.05,15.24,8109646.0,14.838500000000005,0.0,0.33944653094179883,0.0,0.0,0.0,0.0,0.0,0.0,0.0
20180208,AALR3,ALLIAR,15.35,15.39,15.0,15.15,1875143.0,14.876000000000005,0.0,0.3297431217111133,0.0,0.0,0.0,0.0,0.0,0.0,0.0
20180209,AALR3,ALLIAR,15.23,15.39,14.9,15.1,3929088.0,14.901500000000008,0.0,0.3261622941194518,0.0,0.0,0.0,0.0,0.0,0.0,0.0
20180214,AALR3,ALLIAR,15.18,15.2,14.88,15.06,3162088.0,14.929500000000008,0.0,0.31367893407784236,0.0,0.0,0.0,0.0,0.0,0.0,0.0
20180215,AALR3,ALLIAR,15.2,15.25,14.93,15.01,2626910.0,14.949000000000007,0.0,0.30544014832783095,0.0,0.0,0.0,0.0,0.0,0.0,0.0
20180216,AALR3,ALLIAR,15.01,15.04,14.94,15.0,2141379.0,14.964500000000006,0.0,0.29941126442263155,0.0,0.0,0.0,0.0,0.0,0.0,0.0
20180219,AALR3,ALLIAR,15.14,15.34,15.14,15.29,448341.0,15.001500000000007,0.0,0.29110090491461277,0.0,0.0,0.0,0.0,0.0,0.0,0.0
20180220,AALR3,ALLIAR,15.15,15.31,15.13,15.15,1114865.0,15.030000000000006,0.0,0.275126765041329,0.0,0.0,0.0,0.0,0.0,0.0,0.0
20180221,AALR3,ALLIAR,15.23,15.56,15.17,15.3,2156288.0,15.065500000000009,0.0,0.26079786486049117,0.0,0.0,0.0,0.0,0.0,0.0,0.0
20180222,AALR3,ALLIAR,15.23,15.54,15.17,15.3,1370413.0,15.103000000000009,0.0,0.23546370823279453,0.0,0.0,0.0,0.0,0.0,0.0,0.0
20180223,AALR3,ALLIAR,15.29,15.47,14.97,15.3,2247287.0,15.14800000000001,0.0,0.17129844685442686,0.0,0.0,0.0,0.0,0.0,0.0,0.0
20180226,AALR3,ALLIAR,15.4,15.48,15.11,15.2,1093452.0,15.17050000000001,0.0,0.1435810792402386,0.0,0.0,0.0,0.0,0.0,0.0,0.0
20180227,AALR3,ALLIAR,15.18,15.61,15.12,15.5,2096782.0,15.18650000000001,0.0,0.16141724293207252,0.0,0.0,0.0,0.0,0.0,0.0,0.0
20180228,AALR3,ALLIAR,15.39,15.52,15.34,15.46,2569919.0,15.203000000000008,0.0,0.17186592081283722,0.0,0.0,0.0,0.0,0.0,0.0,0.0
20180301,AALR3,ALLIAR,15.41,15.54,15.32,15.4,1343947.0,15.224000000000007,14.985500000000002,0.16881631250688892,0.31896426935975997,15.623428538719521,14.347571461280483,15.942392808079282,14.028607191920722,16.26135707743904,13.709642922560962
20180302,AALR3,ALLIAR,15.24,15.7,15.24,15.65,1169042.0,15.259500000000006,15.004500000000002,0.18021843471334736,0.33534482826808937,15.675189656536181,14.333810343463822,16.01053448480427,13.998465515195734,16.34587931307236,13.663120686927645
20180305,AALR3,ALLIAR,15.53,15.99,15.52,15.9,5748051.0,15.285500000000004,15.028,0.2293348505661826,0.3638695173287068,15.755739034657415,14.300260965342586,16.119608551986122,13.93639144801388,16.483478069314828,13.572521930685173
20180306,AALR3,ALLIAR,16.0,16.26,15.86,16.26,4733531.0,15.336000000000004,15.05725,0.3159513620130444,0.41272693835152807,15.882703876703056,14.231796123296943,16.295430815054583,13.819069184945416,16.708157753406113,13.406342246593887
20180307,AALR3,ALLIAR,16.21,16.22,15.91,16.0,6678351.0,15.386000000000005,15.081,0.3383147086741373,0.4388084098018417,15.958616819603684,14.203383180396315,16.397425229405524,13.764574770594475,16.836233639207368,13.325766360792633
20180308,AALR3,ALLIAR,15.93,16.2,15.93,15.98,1598595.0,15.412500000000005,15.110750000000001,0.36341762260663135,0.4584723099319736,16.027694619863947,14.193805380136054,16.48616692979592,13.735333070204081,16.944639239727895,13.276860760272108
20180309,AALR3,ALLIAR,16.09,16.57,16.04,16.45,2656778.0,15.473000000000004,15.155750000000003,0.4281428684323459,0.4986643056642317,16.153078611328468,14.15842138867154,16.6517429169927,13.659757083007309,17.15040722265693,13.161092777343075
20180312,AALR3,ALLIAR,16.45,16.46,16.16,16.2,1650856.0,15.525500000000005,15.200750000000005,0.45025694418795725,0.5098083475994205,16.220366695198845,14.181133304801163,16.730175042798265,13.671324957201744,17.239983390397686,13.161516609602323
20180313,AALR3,ALLIAR,16.22,16.98,16.22,16.98,2584585.0,15.619500000000006,15.260500000000004,0.5433664557765429,0.572582767502678,16.40566553500536,14.115334464994648,16.97824830250804,13.542751697491969,17.550831070010716,12.970168929989292
20180314,AALR3,ALLIAR,17.02,17.23,16.52,16.7,1645557.0,15.701500000000005,15.315500000000005,0.5771825853593548,0.6025371570625548,16.520574314125113,14.110425685874896,17.12311147118767,13.507888528812341,17.725648628250227,12.905351371749786
20180315,AALR3,ALLIAR,16.53,16.75,16.43,16.5,1363136.0,15.776000000000005,15.362500000000006,0.5793862451358641,0.6199658799544479,16.602431759908903,14.12256824009111,17.22239763986335,13.502602360136663,17.8423635198178,12.882636480182214
20180316,AALR3,ALLIAR,16.48,16.49,16.2,16.2,1451892.0,15.836000000000004,15.400250000000005,0.5564776441341167,0.623926719480783,16.64810343896157,14.152396561038438,17.272030158442355,13.528469841557655,17.895956877923137,12.904543122076873
20180319,AALR3,ALLIAR,16.03,16.3,15.93,16.0,1086138.0,15.871500000000003,15.436500000000006,0.5422785747487934,0.6153237630169454,16.667147526033897,14.205852473966115,17.282471289050843,13.590528710949169,17.89779505206779,12.975204947932225
20180320,AALR3,ALLIAR,15.92,16.13,15.84,16.1,1502869.0,15.919000000000006,15.474500000000006,0.5167601500034448,0.6079640255888971,16.6904280511778,14.258571948822212,17.298392076766696,13.650607923233315,17.906356102355595,13.042643897644417
20180321,AALR3,ALLIAR,16.1,16.23,15.66,15.8,2229197.0,15.944000000000006,15.504750000000005,0.49695281995694696,0.5927380512805787,16.690226102561162,14.319273897438848,17.28296415384174,13.726535846158269,17.87570220512232,13.13379779487769
20180322,AALR3,ALLIAR,15.71,16.13,15.71,16.13,799209.0,15.985500000000005,15.544250000000005,0.4744911401757329,0.579990660844351,16.704231321688706,14.384268678311303,17.284221982533058,13.804278017466952,17.86421264337741,13.2242873566226
20180323,AALR3,ALLIAR,16.12,16.52,15.74,16.52,1674831.0,16.0465,15.597250000000006,0.45992304848346094,0.5695161576690811,16.73628231533817,14.458217684661843,17.30579847300725,13.888701526992762,17.875314630676332,13.319185369323682
20180326,AALR3,ALLIAR,16.5,16.51,16.15,16.2,3178634.0,16.096500000000002,15.633500000000007,0.41523962644288287,0.5602771749951201,16.75405434999025,14.512945650009767,17.314331524985366,13.952668475014647,17.874608699980488,13.392391300019526
20180327,AALR3,ALLIAR,16.15,16.15,15.84,15.91,2347473.0,16.117000000000004,15.651750000000007,0.3938086631321083,0.55700613401769,16.765762268035388,14.537737731964627,17.322768402053075,13.980731597946937,17.879774536070766,13.423725463929248
20180328,AALR3,ALLIAR,15.7,15.8,15.41,15.8,3977366.0,16.134000000000007,15.668500000000005,0.3706097394124607,0.5509551147430595,16.770410229486124,14.566589770513886,17.321365344229182,14.015634655770826,17.872320458972244,13.464679541027767
20180329,AALR3,ALLIAR,15.69,16.1,15.32,16.1,3397718.0,16.169000000000008,15.696500000000006,0.32827940602641575,0.5434766996633088,16.783453399326625,14.609546600673388,17.326930098989934,14.06606990101008,17.870406798653242,13.522593201346771
20180402,AALR3,ALLIAR,16.01,16.01,15.46,15.6,3942034.0,16.16650000000001,15.713000000000005,0.33260178497480253,0.5297662764770017,16.772532552954008,14.653467447046001,17.30229882943101,14.123701170569,17.83206510590801,13.593934894091998
20180403,AALR3,ALLIAR,15.51,15.53,15.23,15.5,1383159.0,16.14650000000001,15.716000000000005,0.3603401171116028,0.5281695531958238,16.77233910639165,14.659660893608358,17.300508659587475,14.131491340412534,17.8286782127833,13.603321787216709
20180404,AALR3,ALLIAR,15.18,15.62,15.18,15.45,1317698.0,16.106000000000012,15.721000000000007,0.391117158379623,0.5245794408319763,16.77015888166396,14.671841118336054,17.294738322495935,14.147261677504078,17.819317763327913,13.622682236672102
20180405,AALR3,ALLIAR,15.6,15.65,15.47,15.5,1426274.0,16.08100000000001,15.733500000000006,0.41358382336277616,0.5127830050385925,16.75906601007719,14.707933989922822,17.271849015115784,14.19515098488423,17.784632020154376,13.682367979845637
20180406,AALR3,ALLIAR,15.31,15.41,15.22,15.22,2375022.0,16.043000000000013,15.727750000000006,0.4560828641238038,0.517313015891013,16.762376031782033,14.69312396821798,17.279689047673045,14.175810952326966,17.797002063564058,13.658497936435953
20180409,AALR3,ALLIAR,15.2,15.33,15.13,15.2,1070533.0,15.980500000000012,15.726750000000006,0.48226957955942523,0.5183177299984714,16.76338545999695,14.690114540003064,17.28170318999542,14.171796810004592,17.80002091999389,13.653479080006122
20180410,AALR3,ALLIAR,15.22,15.22,15.11,15.11,1033742.0,15.926000000000013,15.725750000000009,0.5165309385954724,0.5194962426753876,16.764742485350784,14.686757514649234,17.28423872802617,14.167261271973846,17.80373497070156,13.647765029298458
20180411,AALR3,ALLIAR,15.06,15.19,15.0,15.09,1448756.0,15.83150000000001,15.725500000000007,0.4855086860299517,0.5198074100950684,16.765114820190146,14.68588517980987,17.28492223028521,14.166077769714802,17.80472964038028,13.646270359619734
20180412,AALR3,ALLIAR,15.16,15.27,15.05,15.08,2436392.0,15.750500000000011,15.72600000000001,0.4677997209782966,0.5191600711603104,16.76432014232063,14.687679857679388,17.283480213480942,14.168519786519079,17.80264028464125,13.649359715358768
20180413,AALR3,ALLIAR,15.13,15.13,14.84,14.84,1116543.0,15.66750000000001,15.72175000000001,0.4750277000233536,0.5258248099597715,16.773399619919555,14.670100380080468,17.299224429879324,14.144275570120696,17.825049239839096,13.618450760160925
20180416,AALR3,ALLIAR,14.84,14.86,14.58,14.8,710861.0,15.59750000000001,15.71675000000001,0.4951541493100413,0.5337549014967394,16.78425980299349,14.649240197006531,17.318014704490228,14.115485295509792,17.851769605986966,13.581730394013052
20180417,AALR3,ALLIAR,14.72,14.95,14.57,14.95,1089669.0,15.54500000000001,15.708250000000012,0.5057823538575537,0.5433461733577989,16.794942346715608,14.621557653284414,17.33828852007341,14.078211479926615,17.88163469343121,13.534865306568816
20180418,AALR3,ALLIAR,15.0,15.09,14.75,14.75,1180801.0,15.47750000000001,15.698250000000012,0.5177570554044202,0.5573834821322259,16.813016964264463,14.583483035735561,17.37040044639669,14.026099553603334,17.927783928528918,13.468716071471109
20180419,AALR3,ALLIAR,14.78,14.89,14.5,14.5,2660264.0,15.412500000000009,15.678250000000014,0.5553744587876609,0.5856746602784749,16.849599320556965,14.506900679443065,17.43527398083544,13.921226019164589,18.020948641113915,13.335551358886114
20180420,AALR3,ALLIAR,14.51,14.54,14.4,14.46,1399258.0,15.329000000000008,15.657250000000015,0.567236143158443,0.6139614432895223,16.88517288657906,14.429327113420971,17.499134329868582,13.815365670131449,18.113095773158104,13.201404226841927
20180423,AALR3,ALLIAR,14.55,14.56,14.4,14.4,797088.0,15.223000000000008,15.634750000000016,0.5298073135335959,0.6431851330562726,16.92112026611256,14.348379733887471,17.564305399168834,13.705194600831199,18.20749053222511,13.062009467774926
20180424,AALR3,ALLIAR,14.49,14.49,14.3,14.3,887293.0,15.128000000000009,15.612250000000014,0.5155538667042322,0.6737970762774201,16.959844152554854,14.264655847445173,17.633641228832275,13.590858771167753,18.307438305109695,12.917061694890332
20180425,AALR3,ALLIAR,14.3,14.61,14.3,14.42,900216.0,15.053500000000009,15.585250000000013,0.5041331799811387,0.6995565903319922,16.984363180663998,14.186136819336028,17.68391977099599,13.486580229004037,18.383476361327983,12.787023638672043
20180426,AALR3,ALLIAR,14.58,14.76,14.47,14.5,1408364.0,14.988500000000007,15.561250000000012,0.48631022154479503,0.7201288613318292,17.00150772266367,14.120992277336354,17.721636583995497,13.400863416004524,18.441765445327327,12.680734554672695
20180427,AALR3,ALLIAR,14.47,14.69,14.45,14.6,346833.0,14.913500000000008,15.541250000000014,0.416530468968294,0.7356636198280173,17.01257723965605,14.06992276034398,17.748240859484067,13.334259140515961,18.483904479312084,12.598595520687944
20180430,AALR3,ALLIAR,14.94,14.94,14.51,14.51,381066.0,14.859000000000005,15.512750000000015,0.3926013110952172,0.7532152874383058,17.019180574876625,14.006319425123403,17.77239586231493,13.253104137685098,18.52561114975324,12.49988885024679
20180502,AALR3,ALLIAR,14.59,14.63,14.47,14.51,556417.0,14.809500000000005,15.478000000000014,0.3692449621934767,0.7668323120942385,17.01166462418849,13.944335375811537,17.77849693628273,13.177503063717298,18.54532924837697,12.41067075162306
20180503,AALR3,ALLIAR,14.48,14.69,14.35,14.63,1347276.0,14.768500000000007,15.437250000000015,0.33863930508339835,0.7675201074790267,16.97229021495807,13.902209785041961,17.739810322437094,13.134689677562935,18.50733042991612,12.367169570083908
20180504,AALR3,ALLIAR,14.67,14.67,14.44,14.5,1450186.0,14.718500000000006,15.399750000000015,0.2961023116211129,0.7759179427272936,16.9515858854546,13.847914114545429,17.727503828181895,13.071996171818135,18.50342177090919,12.29607822909084
20180507,AALR3,ALLIAR,14.5,14.62,14.49,14.57,568051.0,14.686000000000003,15.364500000000016,0.2729256694644708,0.7808934724945634,16.926286944989144,13.802713055010889,17.707180417483706,13.021819582516326,18.48807388997827,12.240926110021762
20180508,AALR3,ALLIAR,14.54,14.6,14.47,14.6,638652.0,14.656000000000006,15.318250000000015,0.24500053705633504,0.7696582241821918,16.8575664483644,13.778933551635632,17.62722467254659,13.00927532745344,18.396882896728783,12.239617103271248
20180509,AALR3,ALLIAR,14.59,14.7,14.55,14.7,1616376.0,14.635500000000004,15.280750000000015,0.22098999739211309,0.7621002945638864,16.804950589127788,13.756549410872243,17.567050883691675,12.994449116308356,18.32915117825556,12.23234882174447
20180510,AALR3,ALLIAR,14.55,14.7,14.54,14.65,774994.0,14.613500000000005,15.222500000000014,0.19356149573604897,0.7165757247010068,16.65565144940203,13.789348550598001,17.372227174103035,13.072772825896994,18.08880289880404,12.356197101195987
20180511,AALR3,ALLIAR,14.7,14.84,14.55,14.84,1416524.0,14.601500000000005,15.176000000000013,0.16899937713992225,0.6775249072912409,16.531049814582495,13.82095018541753,17.208574721873735,13.14342527812629,17.886099629164978,12.46590037083505
20180514,AALR3,ALLIAR,14.78,14.95,14.65,14.95,1449932.0,14.607000000000005,15.137250000000014,0.178682311438626,0.6433206621576674,16.42389132431535,13.85060867568468,17.067211986473016,13.207288013527013,17.710532648630682,12.563967351369344
20180515,AALR3,ALLIAR,14.82,14.82,14.46,14.55,2139457.0,14.594500000000005,15.096000000000013,0.1731283369429424,0.6260982146268906,16.348196429253793,13.843803570746232,16.974294643880683,13.21770535611934,17.600392858507576,12.59160714149245
20180516,AALR3,ALLIAR,14.63,14.7,14.2,14.37,8110875.0,14.565500000000005,15.055250000000012,0.15839574024042744,0.6187538655667959,16.292757731133605,13.81774226886642,16.9115115967004,13.198988403299623,17.530265462267195,12.580234537732828
20180517,AALR3,ALLIAR,14.3,14.38,13.52,13.7,4158990.0,14.513000000000005,14.995250000000013,0.24458557860829594,0.6310877361898565,16.257425472379726,13.7330745276203,16.88851320856958,13.101986791430443,17.51960094475944,12.470899055240587
20180518,AALR3,ALLIAR,13.52,13.54,13.16,13.3,4641607.0,14.453000000000007,14.932750000000013,0.3653275386913943,0.6718248684338515,16.276399736867717,13.589100263132309,16.94822460530157,12.917275394698459,17.62004947373542,12.245450526264607
20180521,AALR3,ALLIAR,13.34,13.69,13.1,13.69,5993154.0,14.414500000000007,14.871750000000015,0.40316478281871226,0.6711027568535384,16.21395551370709,13.529544486292938,16.88505827056063,12.858441729439399,17.55616102741417,12.187338972585861
20180522,AALR3,ALLIAR,13.78,13.79,13.5,13.65,6377449.0,14.377000000000006,14.800000000000015,0.4379629881021504,0.6432051154280654,16.086410230856146,13.513589769143884,16.729615346284213,12.870384653715819,17.372820461712276,12.227179538287754
20180523,AALR3,ALLIAR,13.62,13.67,13.5,13.59,2473389.0,14.341500000000005,14.734750000000014,0.4719865631450426,0.6297862376459306,15.994322475291876,13.475177524708153,16.624108712937804,12.845391287062222,17.253894950583735,12.215605049416292
20180524,AALR3,ALLIAR,13.5,13.68,13.42,13.6,1611662.0,14.300500000000005,14.677000000000016,0.49961537838199543,0.6251490078783573,15.92729801575673,13.426701984243302,16.552447023635086,12.801552976364944,17.177596031513445,12.176403968486586
20180525,AALR3,ALLIAR,13.6,13.81,13.45,13.6,3966455.0,14.255500000000007,14.622000000000018,0.5207835695524428,0.6205754153637245,15.863150830727466,13.380849169272569,16.48372624609119,12.760273753908844,17.104301661454915,12.13969833854512
20180528,AALR3,ALLIAR,13.68,13.68,13.3,13.4,1246968.0,14.195500000000004,14.554500000000015,0.547448387377385,0.602260485427781,15.759020970855577,13.349979029144453,16.361281456283358,12.747718543716672,16.96354194171114,12.145458058288892
20180529,AALR3,ALLIAR,13.5,13.99,13.35,13.36,911265.0,14.138000000000005,14.498500000000016,0.5724977591314394,0.6066788530756994,15.711857706151415,13.285142293848617,16.318536559227113,12.678463440772918,16.925215412302812,12.071784587697218
20180530,AALR3,ALLIAR,13.4,13.44,13.29,13.3,4160474.0,14.077500000000006,14.443500000000014,0.5946239413099174,0.6132450466000545,15.669990093200123,13.217009906799905,16.283235139800176,12.60376486019985,16.896480186400233,11.990519813599796
20180601,AALR3,ALLIAR,13.33,13.54,13.25,13.25,1580783.0,14.008500000000007,14.388500000000013,0.6070747374435022,0.6192863966095637,15.62707279321914,13.149927206780886,16.246359189828706,12.530640810171322,16.86564558643827,11.911354413561758
20180604,AALR3,ALLIAR,13.47,13.59,13.27,13.5,1556862.0,13.958500000000006,14.338500000000014,0.6056425470001537,0.6078779820207824,15.554255964041579,13.12274403595845,16.16213394606236,12.514866053937666,16.770011928083143,11.906988071916885
20180605,AALR3,ALLIAR,13.55,13.55,13.25,13.25,1078020.0,13.892500000000007,14.289250000000013,0.6074179606723517,0.6143972969191489,15.518044593838312,13.060455406161715,16.13244189075746,12.446058109242566,16.74683918767661,11.831660812323417
20180606,AALR3,ALLIAR,13.2,13.21,12.76,12.76,1760037.0,13.800500000000005,14.228250000000012,0.6334074518033309,0.642155374999731,15.512560749999473,12.94393925000055,16.154716124999204,12.301783875000819,16.796871499998936,11.659628500001087
20180607,AALR3,ALLIAR,12.75,12.75,12.19,12.37,3033595.0,13.684000000000006,14.159750000000011,0.6723360688477686,0.6900408293382836,15.53983165867658,12.779668341323443,16.229872488014863,12.08962751198516,16.919913317353146,11.399586682646877
20180608,AALR3,ALLIAR,12.37,12.65,12.01,12.1,2511797.0,13.556500000000009,14.085000000000012,0.719629107687817,0.7463380687198891,15.57767613743979,12.592323862560233,16.324014206159678,11.845985793840345,17.070352274879568,11.099647725120455
20180611,AALR3,ALLIAR,12.13,12.52,12.12,12.32,4931122.0,13.43050000000001,14.01600000000001,0.7035060692514792,0.7788643935819415,15.573728787163894,12.458271212836127,16.352593180745835,11.679406819254186,17.131457574327776,10.900542425672246
20180612,AALR3,ALLIAR,12.45,12.5,12.23,12.5,309233.0,13.30800000000001,13.95750000000001,0.6349604214768712,0.8028946030393814,15.563289206078773,12.351710793921248,16.366183809118155,11.548816190881865,17.169078412157535,10.745921587842485
20180613,AALR3,ALLIAR,12.4,13.14,12.3,13.14,1232631.0,13.237500000000008,13.916000000000011,0.5641283448592737,0.8011299712089501,15.518259942417911,12.31374005758211,16.31938991362686,11.512610086373162,17.12051988483581,10.71148011516421
20180614,AALR3,ALLIAR,13.11,13.47,13.1,13.2,1718292.0,13.179000000000007,13.872250000000012,0.49720164288162744,0.7909341685465244,15.45411833709306,12.290381662906963,16.245052505639585,11.499447494360439,17.03598667418611,10.708513325813914
20180615,AALR3,ALLIAR,13.28,13.29,12.65,12.94,2250186.0,13.141000000000009,13.827000000000012,0.4841585212347181,0.7912055067087043,15.40941101341742,12.244588986582604,16.200616520126125,11.4533834798739,16.99182202683483,10.662177973165196
20180618,AALR3,ALLIAR,12.8,12.92,12.64,12.84,535175.0,13.118000000000006,13.785500000000013,0.4871247543656221,0.7985016416983098,15.382503283396632,12.188496716603394,16.181004925094943,11.389995074905084,16.97950656679325,10.591493433206773
20180619,AALR3,ALLIAR,12.75,13.1,12.58,13.0,3291580.0,13.083500000000006,13.749000000000013,0.46856190963187816,0.8002461159879946,15.349492231976003,12.148507768024023,16.149738347963996,11.34826165203603,16.949984463951992,10.548015536048034
20180620,AALR3,ALLIAR,13.13,13.14,12.79,13.0,1960281.0,13.051000000000007,13.714000000000013,0.4493492370551909,0.801657897494567,15.317315794989147,12.110684205010879,16.118973692483713,11.309026307516312,16.92063158997828,10.507368410021744
20180621,AALR3,ALLIAR,13.13,13.25,12.78,12.78,1488407.0,13.010500000000008,13.676000000000013,0.4344685198455906,0.8091584739082088,15.29431694781643,12.057683052183595,16.10347542172464,11.248524578275386,16.912633895632847,10.439366104367178
20180622,AALR3,ALLIAR,13.0,13.1,12.56,12.8,1483416.0,12.970500000000007,13.635500000000013,0.4136674866044708,0.811503669201952,15.258507338403916,12.01249266159611,16.07001100760587,11.200988992394157,16.88151467680782,10.389485323192204
20180625,AALR3,ALLIAR,13.1,13.1,12.7,12.95,598608.0,12.938000000000006,13.596750000000014,0.3862314550138047,0.8061538553288481,15.20905771065771,11.984442289342319,16.015211565986558,11.17828843401347,16.821365421315406,10.372134578684623
20180626,AALR3,ALLIAR,12.95,13.09,12.6,12.95,1467118.0,12.915500000000005,13.555500000000015,0.3706960025624291,0.7956482601289223,15.146796520257858,11.96420347974217,15.942444780386781,11.168555219613248,16.738093040515704,10.372906959484325
20180627,AALR3,ALLIAR,12.73,12.91,12.72,12.85,1080797.0,12.890000000000006,13.514000000000015,0.35574976421189175,0.7878396296527042,15.089679259305424,11.938320740694607,15.877518888958129,11.150481111041902,16.66535851861083,10.362641481389199
20180628,AALR3,ALLIAR,12.9,12.98,12.76,12.98,1865012.0,12.874000000000006,13.475750000000016,0.3433181737412495,0.7752845218006214,15.026319043601259,11.925180956398773,15.80160356540188,11.149896434598151,16.5768880872025,10.37461191279753
20180629,AALR3,ALLIAR,12.99,13.14,12.82,13.08,6552207.0,12.865500000000006,13.437000000000017,0.3355353146367683,0.7545730665883469,14.946146133176711,11.927853866823323,15.700719199765057,11.173280800234977,16.455292266353403,10.41870773364663
20180702,AALR3,ALLIAR,12.92,13.05,12.86,13.05,799847.0,12.843000000000007,13.400750000000016,0.3043906769441207,0.736817089294862,14.87438417858974,11.927115821410293,15.611201267884603,11.19029873211543,16.348018357179463,10.453481642820568
20180703,AALR3,ALLIAR,13.0,13.37,12.9,12.9,1526957.0,12.825500000000005,13.359000000000014,0.2894545687467974,0.7158813825251947,14.790762765050404,11.927237234949624,15.5066441475756,11.211355852424429,16.222525530100793,10.495474469899236
20180704,AALR3,ALLIAR,12.91,13.05,12.81,13.05,1082822.0,12.840000000000007,13.320250000000012,0.2932396182035847,0.6884076293175394,14.69706525863509,11.943434741364934,15.38547288795263,11.255027112047394,16.07388051727017,10.566619482729855
20180705,AALR3,ALLIAR,13.06,13.29,12.93,13.27,1876156.0,12.885000000000005,13.284500000000012,0.28629208493199937,0.6510344825244886,14.58656896504899,11.982431034951034,15.237603447573477,11.331396552426547,15.888637930097966,10.680362069902058
20180706,AALR3,ALLIAR,13.19,13.47,13.15,13.47,1321815.0,12.953500000000005,13.255000000000013,0.25020570484466814,0.6132092962648826,14.481418592529778,12.028581407470249,15.094627888794662,11.415372111205365,15.707837185059544,10.802162814940482
20180710,AALR3,ALLIAR,13.48,14.0,12.87,13.39,3841318.0,13.007000000000005,13.21875000000001,0.22021759574035016,0.5574308626786811,14.333611725357374,12.103888274642648,14.891042588036054,11.546457411963967,15.448473450714735,10.989026549285287
20180711,AALR3,ALLIAR,13.31,13.44,13.13,13.13,2353973.0,13.038500000000004,13.17325000000001,0.18632950440148452,0.48161793294411903,14.136485865888249,12.210014134111772,14.618103798832367,11.728396201167653,15.099721731776487,11.246778268223533
20180712,AALR3,ALLIAR,13.18,13.34,12.94,12.97,1812377.0,13.030000000000006,13.133750000000012,0.18533043036972918,0.42756728365406405,13.98888456730814,12.278615432691883,14.416451850962204,11.851048149037819,14.844019134616268,11.423480865383755
20180713,AALR3,ALLIAR,13.04,13.04,12.81,12.88,690434.0,13.014000000000006,13.096500000000011,0.183687377442096,0.3792810337521976,13.855062067504406,12.337937932495617,14.234343101256604,11.958656898743419,14.613624135008802,11.57937586499122
20180716,AALR3,ALLIAR,12.81,13.16,12.81,13.12,630094.0,13.023000000000007,13.082000000000011,0.18427953594579424,0.3664885348191392,13.81497706963829,12.349022930361732,14.18146560445743,11.982534395542594,14.547954139276568,11.616045860723455
20180717,AALR3,ALLIAR,13.26,13.26,12.93,13.16,12368987.0,13.03900000000001,13.07850000000001,0.18142419034429136,0.3650187912269055,13.808537582453821,12.3484624175462,14.173556373680727,11.983443626319294,14.538575164907632,11.618424835092389
20180718,AALR3,ALLIAR,13.18,13.22,12.8,12.8,4755353.0,13.02900000000001,13.05625000000001,0.1890391215427654,0.3537396369779109,13.763729273955832,12.348770726044187,14.117468910933741,11.995031089066277,14.471208547911653,11.641291452088366
20180719,AALR3,ALLIAR,12.8,12.81,12.58,12.67,4039141.0,13.012500000000012,13.031750000000008,0.20539756058608102,0.345401197420508,13.722552394841024,12.340947605158991,14.067953592261532,11.995546407738484,14.413354789682039,11.650145210317977
20180720,AALR3,ALLIAR,12.64,12.88,12.45,12.45,1477483.0,12.996000000000013,13.003250000000008,0.2360285442148603,0.34518956144902085,13.69362912289805,12.312870877101966,14.03881868434707,11.967681315652946,14.384008245796092,11.622491754203924
20180723,AALR3,ALLIAR,12.47,12.69,12.2,12.69,2401323.0,12.990500000000011,12.98050000000001,0.24204121006224688,0.3346789506378229,13.649857901275656,12.311142098724364,13.984536851913479,11.976463148086541,14.319215802551302,11.641784197448718
20180724,AALR3,ALLIAR,12.73,12.88,12.49,12.8,1862794.0,12.983000000000013,12.960500000000007,0.24565915625640156,0.3203039421934262,13.60110788438686,12.319892115613154,13.921411826580286,11.999588173419728,14.241715768773712,11.679284231226301
20180725,AALR3,ALLIAR,12.72,13.07,12.68,13.0,1903537.0,12.985500000000012,12.950500000000009,0.24556004732464287,0.31237674492392226,13.575253489847853,12.325746510152165,13.887630234771775,12.013369765228243,14.200006979695697,11.70099302030432
20180726,AALR3,ALLIAR,12.93,13.01,12.84,12.99,2074699.0,12.992500000000012,12.941250000000007,0.24348078925619127,0.3053387148221878,13.551927429644383,12.330572570355631,13.857266144466571,12.025233855533443,14.16260485928876,11.719895140711255
20180727,AALR3,ALLIAR,13.1,13.21,12.9,13.03,856439.0,12.99500000000001,12.934500000000009,0.24360235069295544,0.30014483683208293,13.534789673664175,12.334210326335842,13.834934510496257,12.03406548950376,14.13507934732834,11.733920652671678
20180730,AALR3,ALLIAR,13.14,13.2,12.93,13.03,2025417.0,12.99250000000001,12.929000000000007,0.24293978027914853,0.2962050571774063,13.52141011435482,12.336589885645195,13.817615171532227,12.040384828467788,14.113820228709633,11.744179771290382
20180731,AALR3,ALLIAR,12.95,13.19,12.93,13.19,1916864.0,12.999500000000008,12.92125000000001,0.24667206015909812,0.28471476955021974,13.49067953910045,12.35182046089957,13.775394308650668,12.06710569134935,14.060109078200888,11.78239092179913
20180801,AALR3,ALLIAR,13.09,13.39,13.05,13.3,3131811.0,13.019500000000011,12.922500000000008,0.25427864947518436,0.2863004518298626,13.495100903659733,12.349899096340284,13.781401355489596,12.06359864451042,14.067701807319459,11.777298192680558
20180802,AALR3,ALLIAR,13.17,13.22,13.09,13.1,1834605.0,13.022000000000011,12.931000000000008,0.25483947475756813,0.2863993983664246,13.503798796732857,12.358201203267159,13.790198195099283,12.071801804900733,14.076597593465706,11.78540240653431
20180803,AALR3,ALLIAR,13.11,13.25,13.06,13.15,1809325.0,13.01600000000001,12.950500000000009,0.2500610451785038,0.27348604239457946,13.497472084789168,12.40352791521085,13.770958127183746,12.130041872816271,14.044444169578327,11.85655583042169
20180806,AALR3,ALLIAR,13.1,13.18,12.98,12.98,962280.0,12.991500000000011,12.972500000000007,0.22609441437262873,0.2361632421083155,13.444826484216637,12.500173515783377,13.680989726324954,12.26401027367506,13.91715296843327,12.027847031566745
20180807,AALR3,ALLIAR,13.05,13.05,12.87,12.95,1159307.0,12.96950000000001,12.988250000000008,0.20577133450808524,0.21122217613769004,13.410694352275389,12.565805647724627,13.621916528413077,12.354583471586938,13.833138704550768,12.143361295449248
20180808,AALR3,ALLIAR,12.97,12.97,12.86,12.94,2627912.0,12.960000000000012,12.999250000000009,0.20232854990148585,0.19605582015185904,13.391361640303726,12.607138359696291,13.587417460455587,12.41108253954443,13.783473280607446,12.215026719392572
20180809,AALR3,ALLIAR,12.85,12.93,12.84,12.9,1162794.0,12.956500000000009,12.993250000000009,0.20275146829236937,0.195308926890479,13.383867853780966,12.602632146219051,13.579176780671446,12.407323219328571,13.774485707561924,12.212014292438093
20180810,AALR3,ALLIAR,12.83,12.84,12.2,12.7,3819822.0,12.947500000000009,12.98075000000001,0.2101847558195456,0.19772277276992797,13.376195545539865,12.585304454460154,13.573918318309794,12.387581681690225,13.77164109107972,12.189858908920298
20180813,AALR3,ALLIAR,12.47,13.0,12.47,13.0,1125655.0,12.941500000000008,12.982250000000008,0.2066849878692229,0.19763327213919202,13.377516544278391,12.586983455721624,13.575149816417584,12.389350183582431,13.772783088556775,12.19171691144324
20180814,AALR3,ALLIAR,12.9,12.98,12.67,12.98,1605311.0,12.932500000000008,12.985750000000007,0.20049609525000875,0.19628455926323346,13.378319118526473,12.59318088147354,13.574603677789707,12.396896322210306,13.77088823705294,12.200611762947073
20180815,AALR3,ALLIAR,12.85,13.2,12.72,13.2,1640681.0,12.952500000000006,12.99075000000001,0.2064454815249781,0.19918278552956217,13.389115571059133,12.592384428940885,13.588298356588696,12.393201643411322,13.787481142118258,12.19401885788176
20180816,AALR3,ALLIAR,13.0,13.18,12.85,13.0,2488356.0,12.969000000000005,12.99075000000001,0.19558010877219478,0.19918278552956217,13.389115571059133,12.592384428940885,13.588298356588696,12.393201643411322,13.787481142118258,12.19401885788176
20180817,AALR3,ALLIAR,12.95,13.07,12.92,12.95,2990061.0,12.994000000000005,12.99500000000001,0.1530875222663818,0.19636439177969056,13.38772878355939,12.602271216440629,13.584093175339081,12.405906824660939,13.780457567118772,12.209542432881248
20180820,AALR3,ALLIAR,12.9,12.91,12.78,12.88,1459065.0,13.003500000000006,12.99700000000001,0.1384225034944108,0.1947279496092119,13.386455899218435,12.607544100781586,13.581183848827646,12.412816151172375,13.775911798436859,12.218088201563162
20180821,AALR3,ALLIAR,12.85,12.94,11.82,12.02,7453404.0,12.964500000000005,12.97375000000001,0.25746691151736534,0.24856188931641715,13.470873778632845,12.476626221367175,13.719435667949261,12.228064332050758,13.967997557265678,11.979502442734342
20180822,AALR3,ALLIAR,12.28,12.4,11.95,12.06,4311906.0,12.917500000000004,12.951500000000006,0.32704216692552424,0.2875230202601552,13.526546040520318,12.376453959479695,13.814069060780472,12.08893093921954,14.101592081040627,11.801407918959386
20180823,AALR3,ALLIAR,12.06,12.45,12.02,12.22,1473917.0,12.879000000000005,12.935750000000008,0.36155948771656876,0.3096307768112735,13.555011553622554,12.31648844637746,13.864642330433828,12.006857669566187,14.174273107245101,11.697226892754914
20180824,AALR3,ALLIAR,12.19,12.26,12.13,12.26,1564345.0,12.840500000000006,12.917750000000007,0.38487831296326064,0.3274100972708491,13.572570194541704,12.26292980545831,13.899980291812554,11.93551970818746,14.227390389083403,11.60810961091661
20180827,AALR3,ALLIAR,12.18,12.57,12.18,12.42,1088226.0,12.810000000000008,12.901250000000005,0.3931519058234396,0.33555302611266785,13.57235605222534,12.23014394777467,13.907909078338008,11.894590921662001,14.243462104450677,11.559037895549332
20180828,AALR3,ALLIAR,12.37,12.67,12.27,12.57,1244314.0,12.779000000000007,12.889250000000008,0.38599018258577755,0.33866546158684446,13.566580923173696,12.21191907682632,13.905246384760542,11.873253615239474,14.243911846347386,11.53458815365263
20180829,AALR3,ALLIAR,12.51,12.76,12.34,12.39,1409127.0,12.733500000000006,12.876500000000007,0.37481609525622955,0.3477292639765551,13.571958527953118,12.181041472046896,13.919687791929672,11.833312208070343,14.267417055906227,11.485582944093787
20180830,AALR3,ALLIAR,12.45,13.52,12.45,12.55,18837379.0,12.706000000000007,12.864000000000008,0.3665974416311367,0.35030975304287343,13.564619506085755,12.16338049391426,13.914929259128629,11.813070740871387,14.265239012171502,11.462760987828513
20180831,AALR3,ALLIAR,12.79,12.92,12.42,12.68,6691533.0,12.682500000000006,12.849250000000007,0.3513863520699407,0.3451598477703579,13.539569695540722,12.158930304459291,13.88472954331108,11.813770456688934,14.22988939108144,11.468610608918574
20180903,AALR3,ALLIAR,12.69,12.8,12.6,12.75,1676796.0,12.671000000000005,12.831250000000006,0.34484016129516104,0.3304168889643158,13.492083777928638,12.170416222071374,13.822500666892953,11.839999333107059,14.15291755585727,11.509582444142742
20180904,AALR3,ALLIAR,12.74,12.75,12.57,12.71,1225482.0,12.659000000000006,12.814250000000007,0.3387422556892493,0.31819915953415384,13.450648319068314,12.177851680931699,13.768847478602469,11.859652521397544,14.087046638136622,11.541453361863391
20180905,AALR3,ALLIAR,12.71,12.74,12.55,12.7,2076679.0,12.647000000000006,12.803500000000009,0.3324565662173322,0.31450041783843424,13.432500835676876,12.17449916432314,13.747001253515311,11.859998746484706,14.061501671353746,11.545498328646271
20180906,AALR3,ALLIAR,12.7,12.73,12.4,12.64,2042160.0,12.634000000000004,12.795250000000006,0.32708279975367577,0.3143490424875787,13.423948084975164,12.166551915024849,13.738297127462742,11.852202872537271,14.052646169950322,11.537853830049691
20180910,AALR3,ALLIAR,12.65,12.7,12.55,12.7,1279249.0,12.634000000000006,12.790750000000008,0.32708279975367577,0.3143930864706633,13.419536172941335,12.161963827058681,13.733929259411997,11.847570740588019,14.048322345882662,11.533177654117354
20180911,AALR3,ALLIAR,12.55,12.65,12.32,12.59,1708619.0,12.613500000000005,12.777500000000009,0.3155825857378989,0.3113144176980952,13.400128835396199,12.154871164603819,13.711443253094295,11.843556746905723,14.022757670792389,11.532242329207628
20180912,AALR3,ALLIAR,12.65,12.73,12.33,12.35,2538494.0,12.582000000000006,12.75725000000001,0.30843578193671384,0.31213891959869877,13.381527839197407,12.132972160802613,13.693666758796105,11.820833241203914,14.005805678394804,11.508694321605216
20180913,AALR3,ALLIAR,12.37,12.42,12.0,12.17,2254721.0,12.530500000000007,12.74150000000001,0.2849094962485368,0.3255334871900114,13.392566974380031,12.090433025619987,13.718100461570044,11.764899538429974,14.043633948760055,11.439366051239963
20180914,AALR3,ALLIAR,12.17,12.24,11.96,11.98,1450401.0,12.479500000000007,12.724250000000008,0.2877219966710627,0.3469935896844343,13.418237179368877,12.03026282063114,13.76523076905331,11.683269230946706,14.112224358737745,11.336275641262272
20180917,AALR3,ALLIAR,12.04,12.13,11.95,11.99,1910158.0,12.431500000000009,12.712750000000007,0.2851643108989743,0.36354372290217973,13.439837445804367,11.985662554195647,13.803381168706546,11.622118831293468,14.166924891608726,11.258575108391288
20180918,AALR3,ALLIAR,12.1,12.1,11.92,12.0,1308550.0,12.387500000000008,12.695500000000006,0.28016677364132736,0.38061993965316254,13.456739879306332,11.934260120693681,13.837359818959493,11.55364018104052,14.217979758612657,11.173020241387356
20180919,AALR3,ALLIAR,12.0,12.12,11.9,11.9,1544719.0,12.381500000000006,12.673000000000005,0.2895781868783428,0.400372903102221,13.473745806204448,11.872254193795563,13.874118709306668,11.471881290693343,14.27449161240889,11.071508387591122
20180920,AALR3,ALLIAR,11.93,12.06,11.21,11.44,7959268.0,12.350500000000007,12.634000000000006,0.35221815907034865,0.44156365513762663,13.517127310275258,11.750872689724753,13.958690965412885,11.309309034587127,14.400254620550513,10.867745379449499
20180921,AALR3,ALLIAR,11.5,11.53,11.32,11.38,3058686.0,12.308500000000008,12.593750000000005,0.4133722038881243,0.4799876467427894,13.553725293485584,11.633774706514426,14.033712940228373,11.153787059771638,14.513700586971163,10.673799413028847
20180924,AALR3,ALLIAR,11.41,11.49,11.3,11.46,1085536.0,12.268500000000008,12.554500000000008,0.45492943350990095,0.5068401356216408,13.568180271243289,11.540819728756727,14.07502040686493,11.033979593135086,14.58186054248657,10.527139457513446
20180925,AALR3,ALLIAR,11.4,11.66,11.3,11.5,1214622.0,12.222500000000009,12.516250000000008,0.4843647494670413,0.527352786603524,13.570955573207057,11.46154442679296,14.09830835981058,10.934191640189436,14.625661146414105,10.406838853585912
20180926,AALR3,ALLIAR,11.56,11.89,11.41,11.55,1817839.0,12.171500000000009,12.475250000000006,0.49931821938567233,0.5372865706253972,13.549823141250801,11.400676858749211,14.087109711876199,10.863390288123814,14.624396282501595,10.326103717498418
20180927,AALR3,ALLIAR,11.6,11.82,11.53,11.6,1202567.0,12.132000000000009,12.432750000000008,0.5122047288052671,0.537610990329549,13.507971980659105,11.35752801934091,14.045582970988654,10.81991702901136,14.583193961318203,10.282306038681812
20180928,AALR3,ALLIAR,11.6,11.8,11.5,11.68,1327748.0,12.088500000000007,12.397250000000007,0.5117799177483187,0.5393014831646874,13.47585296632938,11.318647033670633,14.01515444949407,10.779345550505944,14.554455932658756,10.240044067341257
20181001,AALR3,ALLIAR,11.7,11.72,11.48,11.5,930435.0,12.029500000000008,12.356000000000007,0.508004092399544,0.5433363221563614,13.44267264431273,11.269327355687285,13.986008966469091,10.725991033530923,14.529345288625453,10.18265471137456
20181002,AALR3,ALLIAR,11.74,11.78,11.47,11.59,2691863.0,11.971500000000008,12.321250000000006,0.48720767213727195,0.5468426272470003,13.414935254494006,11.227564745506006,13.961777881741007,10.680722118259006,14.508620508988008,10.133879491012005
20181003,AALR3,ALLIAR,11.72,11.85,11.56,11.62,2900833.0,11.917000000000007,12.288000000000007,0.4604814414226495,0.5480651280782493,13.384130256156507,11.191869743843508,13.932195384234756,10.643804615765259,14.480260512313004,10.09573948768701
20181004,AALR3,ALLIAR,11.63,11.81,11.58,11.73,6792229.0,11.868500000000008,12.257750000000007,0.42324902462031505,0.5445369121721613,13.34682382434433,11.168676175655683,13.891360736516491,10.624139263483523,14.435897648688652,10.079602351311362
20181005,AALR3,ALLIAR,11.89,12.08,11.7,11.79,1315599.0,11.826000000000008,12.230000000000008,0.3824078836447094,0.539225465426241,13.308450930852489,11.151549069147526,13.84767639627873,10.612323603721284,14.38690186170497,10.073098138295045
20181008,AALR3,ALLIAR,11.8,12.7,11.8,12.13,2711602.0,11.797500000000008,12.215750000000009,0.33172396578122715,0.5339926413591153,13.28373528271824,11.147764717281778,13.817727924077355,10.613772075922663,14.35172056543647,10.079779434563548
20181009,AALR3,ALLIAR,12.2,12.22,11.9,12.11,2089880.0,11.77350000000001,12.193500000000009,0.28551477056444236,0.518803109731149,13.231106219462307,11.155893780537712,13.749909329193455,10.637090670806563,14.268712438924606,10.118287561075412
20181010,AALR3,ALLIAR,12.09,12.09,11.62,11.62,2864867.0,11.737000000000009,12.159500000000008,0.2527136927953342,0.5104344554723725,13.180368910944754,11.138631089055263,13.690803366417127,10.62819663358289,14.2012378218895,10.117762178110517
20181011,AALR3,ALLIAR,11.78,11.87,11.63,11.7,2990840.0,11.713500000000009,12.122000000000009,0.23127279404005952,0.4865746312693626,13.095149262538733,11.148850737461284,13.581723893808096,10.662276106191921,14.06829852507746,10.175701474922558
20181015,AALR3,ALLIAR,11.9,11.9,11.55,11.66,4302108.0,11.697500000000009,12.088500000000009,0.2227785069476678,0.47043651306053763,13.029373026121084,11.147626973878934,13.499809539181621,10.677190460818396,13.970246052242159,10.206753947757859
20181016,AALR3,ALLIAR,11.7,11.73,11.58,11.7,1275017.0,11.683000000000009,12.057250000000009,0.21191110350666037,0.4529333878686785,12.963116775737365,11.151383224262652,13.416050163606045,10.698449836393973,13.868983551474722,10.245516448525295
20181017,AALR3,ALLIAR,11.73,11.95,11.6,11.95,4014548.0,11.680500000000007,12.03400000000001,0.20823759203558526,0.433050005995096,12.900100011990201,11.167899988009818,13.333150017985297,10.734849982014723,13.766200023980394,10.301799976019625
20181018,AALR3,ALLIAR,11.98,11.98,11.73,11.85,6857386.0,11.678000000000008,12.02975000000001,0.2057489528014274,0.43402403041122506,12.89779806082246,11.161701939177561,13.331822091233686,10.727677908766335,13.76584612164491,10.29365387835511
20181019,AALR3,ALLIAR,11.9,12.35,11.75,11.9,2311334.0,11.701000000000008,12.02575000000001,0.20344144379297188,0.43447514755875155,12.894700295117513,11.156799704882506,13.329175442676263,10.722324557323756,13.763650590235015,10.287849409765004
20181022,AALR3,ALLIAR,12.09,12.09,11.88,11.98,2073804.0,11.731000000000007,12.019750000000009,0.19777445952914044,0.43337960798292036,12.88650921596585,11.152990784034168,13.31988882394877,10.719611176051249,13.75326843193169,10.286231568068327
20181023,AALR3,ALLIAR,11.99,12.0,11.8,11.83,1823601.0,11.749500000000008,12.00900000000001,0.18816216410303926,0.4325997735813199,12.874199547162648,11.14380045283737,13.30679932074397,10.711200679256049,13.73939909432529,10.278600905674729
20181024,AALR3,ALLIAR,11.91,11.99,11.66,11.68,2216963.0,11.758500000000009,11.990500000000008,0.1797154183115259,0.43039010330825017,12.851280206616508,11.129719793383508,13.281670309924758,10.699329690075258,13.712060413233008,10.268939586767008
20181025,AALR3,ALLIAR,11.72,11.83,11.7,11.83,1077629.0,11.772500000000008,11.972000000000008,0.1734138645581504,0.4206356606071391,12.813271321214287,11.13072867878573,13.233906981821425,10.710093018178592,13.654542642428565,10.289457357571452
20181026,AALR3,ALLIAR,11.84,11.84,11.76,11.83,2185997.0,11.78400000000001,11.958000000000009,0.1689409738089587,0.4156564162987284,12.789312832597465,11.126687167402553,13.204969248896195,10.711030751103824,13.620625665194922,10.295374334805096
20181029,AALR3,ALLIAR,11.9,12.11,11.9,11.9,3152027.0,11.795000000000009,11.941750000000008,0.1689752395438103,0.4044742551473067,12.75069851029462,11.132801489705395,13.155172765441929,10.728327234558087,13.559647020589235,10.32385297941078
20181030,AALR3,ALLIAR,11.95,12.01,11.9,11.9,1170789.0,11.815000000000008,11.922250000000007,0.15534342260717032,0.3863669539142404,12.694983907828489,11.149516092171526,13.081350861742727,10.763149138257287,13.467717815656968,10.376782184343046
20181031,AALR3,ALLIAR,11.93,12.13,11.9,11.98,2971911.0,11.83450000000001,11.903000000000008,0.14999912280426003,0.362514013875955,12.628028027751917,11.177971972248098,12.990542041627872,10.815457958372143,13.353056055503828,10.452943944496187
20181101,AALR3,ALLIAR,11.99,12.0,11.9,11.9,2641056.0,11.848500000000008,11.882750000000007,0.14176611576427592,0.33807894314038217,12.558907886280771,11.206592113719243,12.896986829421154,10.86851317057886,13.235065772561535,10.530434227438478
20181105,AALR3,ALLIAR,11.91,12.0,11.9,11.9,2630400.0,11.85700000000001,11.862750000000007,0.13936321344996658,0.3110774287323219,12.48490485746465,11.240595142535364,12.795982286196972,10.929517713803042,13.107059714929296,10.618440285070719
20181106,AALR3,ALLIAR,11.94,11.94,11.83,11.9,871787.0,11.86250000000001,11.844250000000006,0.13874911095000544,0.2845409032829409,12.413331806565887,11.275168193434125,12.697872709848829,10.990627290151183,12.982413613131769,10.706086386868243
20181107,AALR3,ALLIAR,11.91,11.92,11.75,11.75,1321179.0,11.84350000000001,11.820500000000006,0.12558389940361048,0.2486677321762668,12.31783546435254,11.323164535647473,12.566503196528807,11.074496803471206,12.815170928705074,10.825829071294939
20181108,AALR3,ALLIAR,11.87,11.87,11.7,11.82,1423941.0,11.829000000000011,11.801250000000007,0.10881660090041796,0.21511103274891114,12.23147206549783,11.371027934502184,12.446583098246741,11.155916901753272,12.66169413099565,10.940805869004363
20181109,AALR3,ALLIAR,11.86,11.9,11.69,11.83,2191545.0,11.839500000000012,11.788250000000007,0.0970878603715276,0.1959577073681204,12.180165414736248,11.396334585263766,12.376123122104367,11.200376877895646,12.572080829472489,11.004419170527525
20181112,AALR3,ALLIAR,11.82,11.84,11.74,11.83,2618479.0,11.846000000000013,11.779750000000005,0.09144454747605484,0.1861001591369985,12.151950318274002,11.407549681726008,12.338050477411,11.22144952258901,12.524150636547999,11.035349363452012
20181113,AALR3,ALLIAR,11.84,11.85,11.73,11.73,2776373.0,11.849500000000011,11.773500000000006,0.0850680841873796,0.18338064657566383,12.140261293151333,11.406738706848678,12.323641939726997,11.223358060273014,12.50702258630266,11.03997741369735
20181114,AALR3,ALLIAR,11.72,11.72,11.17,11.25,8518867.0,11.827000000000012,11.755000000000006,0.15634307754000087,0.19774368283869725,12.150487365677401,11.359512634322611,12.348231048516098,11.161768951483914,12.545974731354795,10.964025268645218
20181116,AALR3,ALLIAR,11.38,11.53,11.35,11.51,4090073.0,11.805000000000012,11.742750000000004,0.16860105512544943,0.19735413308618904,12.137458266172382,11.348041733827626,12.334812399258572,11.150687600741437,12.53216653234476,10.953333467655249
20181119,AALR3,ALLIAR,11.6,11.98,11.53,11.85,3271727.0,11.805000000000012,11.741500000000006,0.16860105512544943,0.19648905495725735,12.13447810991452,11.348521890085491,12.330967164871778,11.152032835128233,12.527456219829036,10.955543780170975
20181121,AALR3,ALLIAR,11.82,12.13,11.55,12.0,4106037.0,11.810000000000013,11.755500000000007,0.17299224199198932,0.1943951830152548,12.144290366030516,11.366709633969498,12.33868554904577,11.172314450954243,12.533080732061025,10.977919267938988
20181122,AALR3,ALLIAR,12.08,12.09,11.66,11.93,2404695.0,11.807500000000013,11.769250000000007,0.17075297639370637,0.18644291764105345,12.142135835282113,11.3963641647179,12.328578752923168,11.209921247076846,12.51502167056422,11.023478329435793
20181123,AALR3,ALLIAR,11.94,12.01,11.85,12.01,1259399.0,11.816500000000012,11.783000000000007,0.17664341124645327,0.18330582544227175,12.14961165088455,11.416388349115463,12.332917476326822,11.233082523673191,12.516223301769093,11.04977669823092
20181126,AALR3,ALLIAR,12.0,12.07,11.9,12.07,1573316.0,11.836000000000011,11.797250000000007,0.18222022534904828,0.18289674121964225,12.163043482439292,11.431456517560722,12.345940223658934,11.24855977634108,12.528836964878575,11.065663035121439
20181127,AALR3,ALLIAR,12.03,12.19,11.9,12.04,3355827.0,11.84650000000001,11.809500000000007,0.1878206030959087,0.18232051236988095,12.174141024739768,11.444858975260246,12.35646153710965,11.262538462890364,12.538782049479531,11.080217950520483
20181128,AALR3,ALLIAR,12.04,13.0,11.95,13.0,4609069.0,11.90500000000001,11.844500000000007,0.3188878700799933,0.2592291333739126,12.362958266747832,11.326041733252183,12.622187400121746,11.066812599878268,12.881416533495658,10.807583466504356
20181129,AALR3,ALLIAR,12.87,13.0,12.7,12.98,3013485.0,11.959000000000009,11.877000000000006,0.39930070452169825,0.31382013466812936,12.504640269336265,11.249359730663747,12.818460404004394,10.935539595995618,13.132280538672523,10.621719461327489
20181130,AALR3,ALLIAR,12.97,13.07,12.84,13.07,3811221.0,12.017500000000009,11.916250000000007,0.4697017530753451,0.360211387368291,12.636672774736589,11.195827225263425,12.99688416210488,10.835615837895133,13.35709554947317,10.475404450526844
20181203,AALR3,ALLIAR,13.1,13.23,12.95,13.19,5104557.0,12.078000000000008,11.956250000000008,0.5376322358755847,0.40863555011838815,12.773521100236785,11.13897889976323,13.182156650355171,10.730343349644844,13.59079220047356,10.321707799526456
20181204,AALR3,ALLIAR,13.2,13.23,12.85,13.08,3785637.0,12.13700000000001,11.992750000000006,0.5801370074115006,0.4416982814036255,12.876146562807257,11.109353437192755,13.317844844210883,10.667655155789129,13.759543125614508,10.225956874385504
20181205,AALR3,ALLIAR,13.07,13.14,12.91,13.0,3205621.0,12.192000000000009,12.024500000000007,0.6079612175996222,0.4672338128790341,12.958967625758074,11.09003237424194,13.42620143863711,10.622798561362904,13.893435251516143,10.15556474848387
20181206,AALR3,ALLIAR,12.89,13.5,12.8,13.33,3575728.0,12.26350000000001,12.063000000000006,0.6541468932087738,0.5089970026611087,13.080994005322223,11.045005994677789,13.589991007983333,10.53600899201668,14.09898801064444,10.027011989355572
20181207,AALR3,ALLIAR,13.25,13.49,13.11,13.49,3817910.0,12.350500000000007,12.097000000000005,0.6965892469363312,0.5567681467458541,13.210536293491714,10.983463706508296,13.767304440237567,10.426695559762443,14.324072586983421,9.869927413016589
20181210,AALR3,ALLIAR,13.49,13.49,13.19,13.3,3658774.0,12.424500000000009,12.126750000000005,0.7156187973759868,0.5883762423519034,13.303502484703811,10.949997515296198,13.891878727055715,10.361621272944294,14.480254969407618,9.773245030592392
20181211,AALR3,ALLIAR,13.35,13.35,12.93,13.15,7494105.0,12.490500000000008,12.165000000000004,0.7187670364113394,0.6041098558613,13.373219711722605,10.956780288277404,13.977329567583904,10.352670432416105,14.581439423445204,9.748560576554805
20181212,AALR3,ALLIAR,13.19,13.34,13.01,13.21,4553025.0,12.559500000000007,12.202750000000005,0.7182616075233788,0.6212435316693994,13.445237063338805,10.960262936661206,14.066480595008203,10.339019404991808,14.687724126677603,9.717775873322408
20181213,AALR3,ALLIAR,13.17,13.28,12.93,13.0,6207974.0,12.623000000000008,12.236250000000004,0.6968885737408034,0.6273251620765747,13.490900324153152,10.981599675846855,14.118225486229727,10.35427451377028,14.745550648306303,9.726949351693705
20181214,AALR3,ALLIAR,12.98,13.15,12.85,13.15,2152661.0,12.718000000000009,12.272500000000004,0.6257425063158917,0.6373573244063335,13.547214648812671,10.997785351187337,14.184571973219004,10.360428026781005,14.821929297625339,9.72307070237467
20181217,AALR3,ALLIAR,13.15,13.31,12.9,13.07,4126299.0,12.79600000000001,12.300500000000003,0.5611304379741149,0.647349428092219,13.59519885618444,11.005801143815566,14.24254828427666,10.358451715723346,14.889897712368878,9.711102287631128
20181218,AALR3,ALLIAR,13.17,13.18,13.0,13.14,1677801.0,12.860500000000007,12.332750000000003,0.5192451504980674,0.6564003918029107,13.645550783605824,11.019949216394181,14.301951175408735,10.36354882459127,14.958351567211645,9.70714843278836
20181219,AALR3,ALLIAR,13.2,13.2,12.94,12.97,3947184.0,12.90900000000001,12.359500000000004,0.4783293294043273,0.6601046925512991,13.679709385102603,11.039290614897405,14.339814077653902,10.379185922346107,14.9999187702052,9.719081229794808
20181220,AALR3,ALLIAR,12.93,13.23,12.93,13.22,2143890.0,12.97350000000001,12.390500000000005,0.42316196973682896,0.6708546023065928,13.73220920461319,11.04879079538682,14.403063806919782,10.377936193080227,15.073918409226376,9.707081590773633
20181221,AALR3,ALLIAR,13.22,13.49,13.12,13.45,2978464.0,13.04550000000001,12.431000000000004,0.3697292750676916,0.6849023887031791,13.800804777406363,11.061195222593646,14.485707166109542,10.376292833890467,15.17060955481272,9.691390445187288
20181226,AALR3,ALLIAR,13.41,13.46,13.2,13.29,1761958.0,13.106500000000011,12.471250000000005,0.2929931739818818,0.6869411481529395,13.845132296305884,11.097367703694125,14.532073444458824,10.410426555541186,15.219014592611764,9.723485407388246
20181227,AALR3,ALLIAR,13.26,13.41,13.08,13.13,1844857.0,13.16100000000001,12.503750000000005,0.1512718013864955,0.6865771195034672,13.87690423900694,11.13059576099307,14.563481358510407,10.444018641489604,15.250058478013875,9.757441521986136
20181228,AALR3,ALLIAR,13.13,13.7,13.13,13.31,3042992.0,13.17650000000001,12.540750000000005,0.1497814196894573,0.6892113199808751,13.919172639961754,11.162327360038255,14.60838395994263,10.473116040057379,15.297595279923506,9.783904720076503
