DATA DO PREGAO,CODIGO DE NEGOCIACAO DO PAPEL,NOME RESUMIDO DA EMPRESA EMISSORA,PRECO DE ABERTURA,PRECO MAXIMO,PRECO MINIMO,PRECO FECHAMENTO,VOLUME TOTAL DE TITULOS NEGOCIADOS NESTE PAPEL,MA_20,MA_40,STD_20,STD_40,BANDA_1_40 SUPERIOR,BANDA_1_40 INFERIOR,BANDA_2_40 SUPERIOR,BANDA_2_40 INFERIOR,BANDA_3_40 SUPERIOR,BANDA_3_40 INFERIOR
20180102,ALSC3,ALIANSCE,18.2,18.25,17.81,18.05,6117602.0,0.0,0.0,0.0,0.0,0.0,0.0,0.0,0.0,0.0,0.0
20180103,ALSC3,ALIANSCE,18.05,18.17,17.91,18.16,3029381.0,0.0,0.0,0.0,0.0,0.0,0.0,0.0,0.0,0.0,0.0
20180104,ALSC3,ALIANSCE,18.25,18.26,18.09,18.13,6391903.0,0.0,0.0,0.0,0.0,0.0,0.0,0.0,0.0,0.0,0.0
20180105,ALSC3,ALIANSCE,18.16,18.38,17.66,18.05,9548070.0,0.0,0.0,0.0,0.0,0.0,0.0,0.0,0.0,0.0,0.0
20180108,ALSC3,ALIANSCE,18.18,18.18,17.75,17.99,8088406.0,0.0,0.0,0.0,0.0,0.0,0.0,0.0,0.0,0.0,0.0
20180109,ALSC3,ALIANSCE,18.01,18.08,17.8,17.88,4309996.0,0.0,0.0,0.0,0.0,0.0,0.0,0.0,0.0,0.0,0.0
20180110,ALSC3,ALIANSCE,17.88,17.96,17.47,17.67,5523019.0,0.0,0.0,0.0,0.0,0.0,0.0,0.0,0.0,0.0,0.0
20180111,ALSC3,ALIANSCE,17.77,17.95,17.54,17.93,5314912.0,0.0,0.0,0.0,0.0,0.0,0.0,0.0,0.0,0.0,0.0
20180112,ALSC3,ALIANSCE,17.9,17.97,17.7,17.9,2816506.0,0.0,0.0,0.0,0.0,0.0,0.0,0.0,0.0,0.0,0.0
20180115,ALSC3,ALIANSCE,18.02,18.18,17.88,18.04,4738402.0,0.0,0.0,0.0,0.0,0.0,0.0,0.0,0.0,0.0,0.0
20180116,ALSC3,ALIANSCE,18.15,18.15,17.71,17.81,4124519.0,0.0,0.0,0.0,0.0,0.0,0.0,0.0,0.0,0.0,0.0
20180117,ALSC3,ALIANSCE,17.82,18.0,17.62,18.0,2879264.0,0.0,0.0,0.0,0.0,0.0,0.0,0.0,0.0,0.0,0.0
20180118,ALSC3,ALIANSCE,18.05,18.05,17.62,17.94,8407529.0,0.0,0.0,0.0,0.0,0.0,0.0,0.0,0.0,0.0,0.0
20180119,ALSC3,ALIANSCE,18.03,18.04,17.88,17.95,3343039.0,0.0,0.0,0.0,0.0,0.0,0.0,0.0,0.0,0.0,0.0
20180122,ALSC3,ALIANSCE,17.97,17.97,17.68,17.91,2163713.0,0.0,0.0,0.0,0.0,0.0,0.0,0.0,0.0,0.0,0.0
20180123,ALSC3,ALIANSCE,17.88,17.88,17.64,17.68,2960553.0,0.0,0.0,0.0,0.0,0.0,0.0,0.0,0.0,0.0,0.0
20180124,ALSC3,ALIANSCE,17.69,18.1,17.67,18.0,6763908.0,0.0,0.0,0.0,0.0,0.0,0.0,0.0,0.0,0.0,0.0
20180126,ALSC3,ALIANSCE,18.1,18.5,17.79,18.49,28565093.0,0.0,0.0,0.0,0.0,0.0,0.0,0.0,0.0,0.0,0.0
20180129,ALSC3,ALIANSCE,18.52,18.67,18.05,18.28,13755179.0,0.0,0.0,0.0,0.0,0.0,0.0,0.0,0.0,0.0,0.0
20180130,ALSC3,ALIANSCE,18.37,18.37,18.03,18.2,7415014.0,18.003,0.0,0.19172623025663632,0.0,0.0,0.0,0.0,0.0,0.0,0.0
20180131,ALSC3,ALIANSCE,18.38,18.49,18.11,18.22,27458287.0,18.011499999999998,0.0,0.19759807691371797,0.0,0.0,0.0,0.0,0.0,0.0,0.0
20180201,ALSC3,ALIANSCE,18.3,18.49,18.2,18.2,11535953.0,18.013499999999997,0.0,0.19937468033302097,0.0,0.0,0.0,0.0,0.0,0.0,0.0
20180202,ALSC3,ALIANSCE,18.18,18.18,17.53,17.89,17730783.0,18.001499999999997,0.0,0.19921622740920877,0.0,0.0,0.0,0.0,0.0,0.0,0.0
20180205,ALSC3,ALIANSCE,17.92,17.92,17.27,17.63,7602698.0,17.980499999999996,0.0,0.2153204466297663,0.0,0.0,0.0,0.0,0.0,0.0,0.0
20180206,ALSC3,ALIANSCE,17.49,17.49,17.06,17.41,8785128.0,17.951499999999996,0.0,0.2502057048447183,0.0,0.0,0.0,0.0,0.0,0.0,0.0
20180207,ALSC3,ALIANSCE,17.4,17.6,17.25,17.33,4033997.0,17.923999999999996,0.0,0.2861247427627557,0.0,0.0,0.0,0.0,0.0,0.0,0.0
20180208,ALSC3,ALIANSCE,17.4,17.41,17.02,17.41,6092951.0,17.910999999999994,0.0,0.30364279568009117,0.0,0.0,0.0,0.0,0.0,0.0,0.0
20180209,ALSC3,ALIANSCE,17.35,17.45,17.0,17.24,13357843.0,17.876499999999997,0.0,0.33856158578377127,0.0,0.0,0.0,0.0,0.0,0.0,0.0
20180214,ALSC3,ALIANSCE,17.3,17.64,17.26,17.26,11669904.0,17.844499999999996,0.0,0.3654049664053361,0.0,0.0,0.0,0.0,0.0,0.0,0.0
20180215,ALSC3,ALIANSCE,17.42,17.44,17.19,17.25,11851741.0,17.804999999999996,0.0,0.3853160015527934,0.0,0.0,0.0,0.0,0.0,0.0,0.0
20180216,ALSC3,ALIANSCE,17.44,17.44,17.07,17.13,11994346.0,17.770999999999994,0.0,0.4138001042964951,0.0,0.0,0.0,0.0,0.0,0.0,0.0
20180219,ALSC3,ALIANSCE,17.02,17.16,16.9,17.06,7693821.0,17.723999999999997,0.0,0.43903482657685516,0.0,0.0,0.0,0.0,0.0,0.0,0.0
20180220,ALSC3,ALIANSCE,17.05,17.63,17.01,17.61,9156032.0,17.707499999999996,0.0,0.4366845784460822,0.0,0.0,0.0,0.0,0.0,0.0,0.0
20180221,ALSC3,ALIANSCE,17.64,17.92,17.54,17.6,9247163.0,17.689999999999998,0.0,0.4334561229540041,0.0,0.0,0.0,0.0,0.0,0.0,0.0
20180222,ALSC3,ALIANSCE,17.6,17.79,17.57,17.72,4642398.0,17.6805,0.0,0.43045233246704184,0.0,0.0,0.0,0.0,0.0,0.0,0.0
20180223,ALSC3,ALIANSCE,17.8,18.0,17.64,17.96,14165625.0,17.694499999999998,0.0,0.43496491086547595,0.0,0.0,0.0,0.0,0.0,0.0,0.0
20180226,ALSC3,ALIANSCE,18.0,18.15,17.7,18.1,7810934.0,17.699499999999997,0.0,0.4392155087857164,0.0,0.0,0.0,0.0,0.0,0.0,0.0
20180227,ALSC3,ALIANSCE,18.09,18.09,17.9,17.97,3792994.0,17.673499999999997,0.0,0.40393166436129435,0.0,0.0,0.0,0.0,0.0,0.0,0.0
20180228,ALSC3,ALIANSCE,18.05,18.05,17.73,17.92,6362928.0,17.655499999999996,0.0,0.3829590468691771,0.0,0.0,0.0,0.0,0.0,0.0,0.0
20180301,ALSC3,ALIANSCE,17.9,17.95,17.77,17.81,3773092.0,17.635999999999996,17.819499999999998,0.36319343838265,0.341624700362014,18.502749400724024,17.13625059927597,18.84437410108604,16.794625898913957,19.185998801448054,16.45300119855194
20180302,ALSC3,ALIANSCE,17.8,17.87,17.33,17.78,5951790.0,17.613999999999994,17.81275,0.33843914169549033,0.3396150724509991,18.491980144901998,17.133519855098005,18.831595217352998,16.793904782647004,19.171210289803998,16.454289710196004
20180305,ALSC3,ALIANSCE,17.78,17.81,17.56,17.79,4745682.0,17.593499999999995,17.8035,0.31249884210312,0.33492096273904864,18.473341925478096,17.133658074521904,18.808262888217147,16.798737111782852,19.143183850956195,16.463816149043804
20180306,ALSC3,ALIANSCE,17.88,17.89,17.64,17.79,4392442.0,17.588499999999996,17.794999999999998,0.30827661877640306,0.3307101915109825,18.456420383021964,17.133579616978032,18.787130574532945,16.80286942546705,19.11784076604393,16.472159233956067
20180307,ALSC3,ALIANSCE,17.82,18.0,17.62,18.0,4981758.0,17.606999999999996,17.79375,0.3217076148829637,0.32981492479174523,18.45337984958349,17.134120150416507,18.783194774375236,16.804305225624763,19.11300969916698,16.47449030083302
20180308,ALSC3,ALIANSCE,18.04,18.04,17.77,17.95,4056899.0,17.633999999999993,17.79275,0.3269218480567537,0.32926481821297043,18.45127963642594,17.134220363574062,18.780544454638914,16.80495554536109,19.109809272851884,16.47569072714812
20180309,ALSC3,ALIANSCE,17.99,18.8,17.89,18.8,9573250.0,17.707499999999996,17.81575,0.4097351519418883,0.3656387982274732,18.54702759645495,17.084472403545053,18.91266639468242,16.71883360531758,19.278305192909894,16.35319480709011
20180312,ALSC3,ALIANSCE,18.71,19.11,18.35,18.94,22379733.0,17.783999999999995,17.847500000000004,0.4868415931718498,0.4056128632967589,18.65872572659352,17.036274273406487,19.06433858989028,16.630661410109727,19.46995145318704,16.225048546812967
20180313,ALSC3,ALIANSCE,19.2,19.67,19.08,19.44,44315403.0,17.893999999999995,17.885250000000006,0.5941681491578652,0.47740209091525465,18.840054181830517,16.930445818169495,19.31745627274577,16.453043727254244,19.794858363661024,15.975641636338988
20180314,ALSC3,ALIANSCE,19.48,19.71,19.09,19.25,12309808.0,17.993499999999994,17.919000000000004,0.6467105022219827,0.52392405008399,18.966848100167983,16.871151899832025,19.490772150251974,16.347227849748034,20.014696200335965,15.823303799664044
20180315,ALSC3,ALIANSCE,19.26,19.39,18.71,18.78,11267714.0,18.069999999999993,17.937500000000007,0.644621471954869,0.5410898309229312,19.01967966184587,16.855320338154144,19.5607694927688,16.314230507231215,20.10185932369173,15.773140676308282
20180316,ALSC3,ALIANSCE,18.8,19.04,18.52,18.72,12817747.0,18.149499999999996,17.96025000000001,0.620173787188549,0.5545545105111006,19.069359021022212,16.851140978977806,19.62391353153331,16.296586468466707,20.17846804204441,15.742031957955607
20180319,ALSC3,ALIANSCE,18.79,18.8,18.27,18.38,13375664.0,18.215499999999995,17.96975000000001,0.5659967918822958,0.5584937963064781,19.086737592612966,16.85276240738705,19.64523138891944,16.294268611080575,20.20372518522592,15.735774814774096
20180320,ALSC3,ALIANSCE,18.52,18.57,18.23,18.45,8054829.0,18.257499999999993,17.98250000000001,0.5496302584944083,0.5635953722217253,19.10969074444346,16.85530925555656,19.673286116665185,16.291713883334833,20.236881488886908,15.728118511113108
20180321,ALSC3,ALIANSCE,18.4,18.62,18.13,18.35,9151567.0,18.294999999999995,17.992500000000007,0.5275514442362831,0.5665448587032439,19.125589717406495,16.85941028259352,19.692134576109737,16.292865423890277,20.258679434812983,15.72632056518703
20180322,ALSC3,ALIANSCE,18.4,18.96,18.32,18.87,7887918.0,18.352499999999992,18.016500000000008,0.5242425613758325,0.5830536325772617,19.18260726515453,16.850392734845485,19.76566089773179,16.267339102268224,20.348714530309053,15.68428546969096
20180323,ALSC3,ALIANSCE,18.82,18.94,18.51,18.76,3649383.0,18.39249999999999,18.04350000000001,0.5232376435033569,0.592008965628577,19.22751793125716,16.859482068742857,19.81952689688574,16.267473103114277,20.411535862514317,15.675464137485701
20180326,ALSC3,ALIANSCE,18.96,18.96,18.5,18.65,8312698.0,18.41999999999999,18.059750000000008,0.5215059166036664,0.599655830776803,19.259061661553613,16.860438338446404,19.858717492330417,16.2607825076696,20.45837332310722,15.661126676892795
20180327,ALSC3,ALIANSCE,18.6,18.85,18.57,18.79,4842810.0,18.46099999999999,18.06725000000001,0.5164748936680971,0.6070060511674068,19.28126210233482,16.853237897665196,19.888268153502228,16.24623184649779,20.495274204669634,15.63922579533038
20180328,ALSC3,ALIANSCE,19.0,19.1,18.22,18.58,10283168.0,18.49399999999999,18.07475000000001,0.5009401687143661,0.6115385703918644,19.29782714078374,16.85167285921628,19.909365711175603,16.240134288824414,20.520904281567468,15.628595718432551
20180329,ALSC3,ALIANSCE,18.81,18.81,18.56,18.78,4714916.0,18.542499999999986,18.089250000000007,0.4776463677571277,0.6213813705706908,19.332012741141387,16.846487258858627,19.95339411171208,16.225105888287935,20.57477548228277,15.603724517717243
20180402,ALSC3,ALIANSCE,18.91,18.91,18.3,18.32,6610330.0,18.569499999999987,18.091750000000008,0.4465242965040304,0.6221216283917662,19.335993256783542,16.847506743216474,19.958114885175306,16.22538511482471,20.580236513567073,15.603263486432944
20180403,ALSC3,ALIANSCE,18.49,18.5,17.81,17.95,5886037.0,18.577499999999986,18.085500000000007,0.4330537222052105,0.6222620026966152,19.330024005393238,16.840975994606776,19.952286008089853,16.21871399191016,20.57454801078647,15.596451989213545
20180404,ALSC3,ALIANSCE,17.85,18.0,17.5,17.69,15047209.0,18.572499999999984,18.080500000000008,0.44308577047790415,0.6246720165055664,19.329844033011142,16.831155966988874,19.954516049516705,16.20648395048331,20.579188066022272,15.581811933977743
20180405,ALSC3,ALIANSCE,17.84,18.05,17.54,17.7,13281117.0,18.557499999999983,18.08225000000001,0.46787172106082586,0.6234744972474424,19.329198994494895,16.835301005505123,19.952673491742335,16.211826508257683,20.576147988989778,15.58835201101024
20180406,ALSC3,ALIANSCE,17.78,17.86,17.5,17.66,11418830.0,18.542999999999985,18.08850000000001,0.4915828355532001,0.6177898987312446,19.3240797974625,16.852920202537522,19.941869696193745,16.235130303806276,20.559659594924987,15.617340405075032
20180409,ALSC3,ALIANSCE,17.86,17.86,17.22,17.3,10728447.0,18.467999999999986,18.087750000000007,0.5599774431547261,0.6187517935741959,19.3252535871484,16.850246412851615,19.944005380722594,16.23149461927742,20.56275717429679,15.612742825703224
20180410,ALSC3,ALIANSCE,17.5,17.5,17.07,17.09,10339264.0,18.375499999999985,18.07975000000001,0.6267247780073972,0.6297109125093321,19.339171825018674,16.82032817498135,19.96888273752801,16.190617262472013,20.59859365003734,15.560906349962682
20180411,ALSC3,ALIANSCE,17.18,17.34,17.02,17.31,7104288.0,18.268999999999984,18.08150000000001,0.6172170137846693,0.6274104287895192,19.336320857579047,16.82667914242097,19.963731286368567,16.19926871363145,20.591141715158088,15.571858284841932
20180412,ALSC3,ALIANSCE,17.45,17.45,17.09,17.35,6412522.0,18.173999999999985,18.08375000000001,0.6043648253375318,0.624543679571181,19.33283735914237,16.834662640857648,19.957381038713553,16.210118961286465,20.581924718284732,15.585575281715286
20180413,ALSC3,ALIANSCE,17.3,17.3,17.11,17.25,2048767.0,18.097499999999986,18.08375000000001,0.6202450704104179,0.624543679571181,19.33283735914237,16.834662640857648,19.957381038713553,16.210118961286465,20.581924718284732,15.585575281715286
20180416,ALSC3,ALIANSCE,17.25,17.25,16.71,16.76,12373879.0,17.999499999999983,18.074500000000008,0.6695911949996484,0.6415404138198191,19.357580827639644,16.79141917236037,19.999121241459466,16.14987875854055,20.640661655279285,15.50833834472073
20180417,ALSC3,ALIANSCE,16.94,17.44,16.65,17.34,9850655.0,17.947499999999984,18.081500000000013,0.678806033841003,0.631638284999354,19.34477656999872,16.818223430001304,19.976414854998076,16.18658514500195,20.60805313999743,15.554946860002596
20180418,ALSC3,ALIANSCE,17.09,17.4,16.98,17.35,11514435.0,17.892499999999984,18.07500000000001,0.6805096774129211,0.6379213037229527,19.350842607445916,16.799157392554104,19.988763911168867,16.161236088831153,20.626685214891822,15.523314785108198
20180419,ALSC3,ALIANSCE,17.31,17.49,17.14,17.49,7161173.0,17.849499999999985,18.07225000000001,0.6772426681618301,0.6402543064463363,19.352758612892682,16.79174138710734,19.99301291933902,16.151487080661003,20.633267225785357,15.511232774214665
20180420,ALSC3,ALIANSCE,17.3,17.3,16.82,17.0,12391248.0,17.755999999999982,18.05425000000001,0.6577425508190146,0.6602209711674064,19.374691942334824,16.733808057665197,20.03491291350223,16.073587086497792,20.695133884669637,15.413366115330385
20180423,ALSC3,ALIANSCE,16.96,17.1,16.74,17.1,6219444.0,17.672999999999984,18.03275000000001,0.6284659685967261,0.677154633326761,19.387059266653534,16.678440733346488,20.064213899980295,16.001286100019726,20.741368533307053,15.324131466692966
20180424,ALSC3,ALIANSCE,17.19,17.19,16.74,16.74,5871634.0,17.577499999999986,17.99875000000001,0.6172082733013166,0.7071691035570236,19.413088207114054,16.584411792885962,20.12025731067108,15.877242689328938,20.827426414228103,15.170073585771913
20180425,ALSC3,ALIANSCE,16.65,16.79,16.42,16.78,8706255.0,17.476999999999983,17.96900000000001,0.571324407799443,0.7329700731988529,19.434940146397714,16.503059853602302,20.167910219596568,15.770089780403449,20.90088029279542,15.037119707204596
20180426,ALSC3,ALIANSCE,16.73,17.25,16.7,16.95,4534867.0,17.395499999999984,17.94475000000001,0.5196200535006491,0.7504698955338369,19.445689791067682,16.443810208932337,20.19615968660152,15.6933403133985,20.94662958213536,14.942870417864661
20180427,ALSC3,ALIANSCE,17.1,17.17,16.7,16.98,6677037.0,17.305499999999984,17.924000000000014,0.41192072563849724,0.7656128766701101,19.455225753340233,16.392774246659794,20.220838630010345,15.627161369989683,20.986451506680453,14.861548493319573
20180430,ALSC3,ALIANSCE,17.2,17.37,16.65,17.21,12183952.0,17.249999999999982,17.909750000000013,0.33577874921006207,0.7736244616687818,19.456998923337576,16.36250107666245,20.23062338500636,15.588876614993668,21.004247846675142,14.815252153324886
20180502,ALSC3,ALIANSCE,17.1,17.1,16.5,16.77,12687431.0,17.19099999999998,17.884250000000016,0.3089012787283716,0.7942094521259231,19.47266890425186,16.29583109574817,20.266878356377784,15.501621643622247,21.061087808503707,14.707412191496324
20180503,ALSC3,ALIANSCE,16.81,16.81,16.25,16.5,17428317.0,17.13149999999998,17.852000000000015,0.3220538529664738,0.8237755482206058,19.499551096441227,16.204448903558802,20.323326644661833,15.380673355338196,21.14710219288244,14.556897807117592
20180504,ALSC3,ALIANSCE,16.61,16.83,15.91,16.1,19715189.0,17.051499999999983,17.804500000000015,0.36874288574764497,0.8685825470418153,19.541665094083644,16.067334905916386,20.410247641125462,15.19875235887457,21.278830188167277,14.330169811832754
20180507,ALSC3,ALIANSCE,16.1,16.75,16.1,16.2,5849540.0,16.978499999999983,17.760750000000016,0.386049833161782,0.9044006019004828,19.56955120380098,15.95194879619905,20.473951805701464,15.047548194298567,21.378352407601948,14.143147592398085
20180508,ALSC3,ALIANSCE,16.19,16.26,15.94,15.97,4445836.0,16.911999999999985,17.69000000000002,0.4387134300249328,0.9313100780827347,19.55262015616549,15.82737984383455,20.483930234248223,14.896069765751815,21.41524031233096,13.96475968766908
20180509,ALSC3,ALIANSCE,16.08,16.23,15.86,16.12,4147712.0,16.863499999999984,17.619500000000016,0.47046757257236904,0.9409459234032738,19.501391846806563,15.737608153193468,20.44233777020984,14.796662229790195,21.383283693613112,13.85571630638692
20180510,ALSC3,ALIANSCE,16.01,16.39,16.01,16.25,8323361.0,16.810499999999983,17.539750000000016,0.47717893587431,0.9175873814324786,19.37492476286497,15.704575237135058,20.29251214429745,14.78698785570258,21.21009952572993,13.869400474270101
20180511,ALSC3,ALIANSCE,16.24,16.29,15.93,16.15,7924436.0,16.75049999999998,17.462250000000015,0.4811988865542892,0.9001837063223358,19.262617412644687,15.661882587355343,20.16280111896702,14.761698881033007,21.06298482528936,13.861515174710672
20180514,ALSC3,ALIANSCE,16.1,16.2,15.8,15.81,5904174.0,16.678499999999982,17.388000000000012,0.5094297637658831,0.9111255366796371,19.210251073359288,15.565748926640739,20.121376610038922,14.6546233899611,21.03250214671856,13.743497853281465
20180515,ALSC3,ALIANSCE,15.8,15.82,15.13,15.65,8737570.0,16.622999999999983,17.311250000000012,0.558212372338358,0.9252392275542272,19.161728455108467,15.460771544891557,20.086967682662692,14.535532317337331,21.01220691021692,13.610293089783102
20180516,ALSC3,ALIANSCE,15.65,15.78,15.35,15.57,4639462.0,16.534499999999984,17.241000000000014,0.5784960082653889,0.9483989207187704,19.137797841437553,15.344202158562473,20.086196762156327,14.395803237843703,21.034595682875096,13.447404317124931
20180517,ALSC3,ALIANSCE,15.47,15.47,14.76,14.9,16858650.0,16.41199999999998,17.152250000000013,0.6515132183496014,0.9972076076828386,19.14666521536569,15.157834784634336,20.14387282304853,14.160627176951497,21.141080430731368,13.163419569268658
20180518,ALSC3,ALIANSCE,14.72,14.88,14.46,14.76,13618750.0,16.27549999999998,17.06250000000001,0.6980911944649664,1.0469559048339547,19.15641180966792,14.9685881903321,20.203367714501873,13.921632285498147,21.25032361933583,12.87467638066419
20180521,ALSC3,ALIANSCE,14.96,15.13,14.6,14.8,7062330.0,16.16549999999998,16.96075000000001,0.7493679793139723,1.0644160250386094,19.08958205007723,14.831917949922794,20.15399807511584,13.767501924884183,21.218414100154448,12.703085899845574
20180522,ALSC3,ALIANSCE,15.04,15.55,14.79,15.47,13054804.0,16.083999999999982,16.87850000000001,0.7307919280515618,1.04881752708859,18.97613505417719,14.78086494582283,20.02495258126578,13.73204741873424,21.07377010835437,12.683229891645649
20180523,ALSC3,ALIANSCE,15.26,15.33,15.11,15.21,8690567.0,16.00749999999998,16.79250000000001,0.7385467593792099,1.04083977436369,18.87417954872739,14.710820451272632,19.91501932309108,13.669980676908942,20.95585909745477,12.629140902545252
20180524,ALSC3,ALIANSCE,15.34,15.34,14.81,15.3,6964250.0,15.933499999999981,16.705250000000014,0.7311798324410234,1.015060911397034,18.735371822794082,14.675128177205945,19.750432734191115,13.660067265808912,20.76549364558815,12.645006354411878
20180525,ALSC3,ALIANSCE,15.39,15.39,15.05,15.22,6602234.0,15.846999999999984,16.62125000000001,0.7065118168640114,0.9947636943979874,18.610777388795984,14.631722611204037,19.605541083193973,13.636958916806048,20.60030477759196,12.642195222408061
20180528,ALSC3,ALIANSCE,15.22,15.22,14.51,14.52,4804819.0,15.72399999999998,16.514750000000014,0.7129877831684346,0.9857185001502651,18.486187000300543,14.543312999699484,19.47190550045081,13.557594499549218,20.457624000601072,12.571875999398953
20180529,ALSC3,ALIANSCE,14.56,14.94,14.36,14.88,7522484.0,15.607499999999982,16.42875000000001,0.6444653026469804,0.9741747000173401,18.37709940003469,14.480400599965332,19.35127410005203,13.506225899947992,20.32544880006937,12.53205119993065
20180530,ALSC3,ALIANSCE,14.75,15.17,14.51,15.17,18107507.0,15.527499999999984,16.35925000000001,0.5895303661658629,0.9619515087197665,18.283153017439542,14.435346982560477,19.24510452615931,13.47339547384071,20.207056034879077,12.511443965120943
20180601,ALSC3,ALIANSCE,15.06,15.28,14.81,14.93,7064534.0,15.448999999999984,16.290250000000007,0.5568416575464051,0.9630360312241327,18.216322062448274,14.364177937551743,19.179358093672406,13.40114190632761,20.142394124896537,12.438105875103476
20180604,ALSC3,ALIANSCE,15.17,15.2,14.66,15.1,3593793.0,15.398999999999983,16.225250000000006,0.5399502901097064,0.9531378340876328,18.13152566817527,14.31897433182474,19.084663502262906,13.365836497737108,20.037801336350537,12.412698663649476
20180605,ALSC3,ALIANSCE,15.1,15.16,14.59,14.77,3837102.0,15.327499999999983,16.153000000000006,0.5227042537058509,0.9511240313844233,18.055248062768854,14.25075193723116,19.006372094153274,13.299627905846735,19.9574961255377,12.348503874462313
20180606,ALSC3,ALIANSCE,14.77,14.77,14.19,14.29,5746697.0,15.243499999999983,16.077750000000005,0.5483782309780494,0.976775142746382,18.03130028549277,14.124199714507242,19.008075428239152,13.147424571760858,19.984850570985532,12.170649429014478
20180607,ALSC3,ALIANSCE,14.2,14.2,12.94,13.47,13217444.0,15.110999999999985,15.987250000000007,0.638236880624715,1.045841551709478,18.07893310341896,13.895566896581052,19.12477465512844,12.849725344871572,20.17061620683792,11.803883793162095
20180608,ALSC3,ALIANSCE,13.55,14.4,13.3,14.2,12332288.0,15.008499999999984,15.909500000000008,0.6096614677534206,1.0604835616903374,18.03046712338068,13.788532876619334,19.09095068507102,12.728049314928995,20.151434246761358,11.667565753238659
20180611,ALSC3,ALIANSCE,14.2,14.48,13.78,13.99,17688284.0,14.900499999999985,15.825500000000009,0.5877295744061896,1.0764089157221777,17.978317831444365,13.672682168555653,19.05472674716654,12.596273252833477,20.13113566288872,11.519864337111297
20180612,ALSC3,ALIANSCE,13.77,14.15,13.24,13.41,20726782.0,14.780499999999986,15.729500000000007,0.6353405634610892,1.1165926879436714,17.96268537588735,13.496314624112664,19.07927806383102,12.379721936168993,20.19587075177469,11.263129248225322
20180613,ALSC3,ALIANSCE,13.25,13.49,13.14,13.28,11766463.0,14.661999999999987,15.642500000000007,0.6838020643124783,1.1686037033077805,17.979707406615567,13.305292593384447,19.14831110992335,12.136688890076666,20.31691481323113,10.968085186768885
20180614,ALSC3,ALIANSCE,13.17,13.64,13.17,13.4,10623159.0,14.553499999999985,15.544000000000006,0.7040056444152543,1.1877468434403897,17.919493686880784,13.168506313119227,19.107240530321175,11.980759469678837,20.294987373761565,10.793012626238447
20180615,ALSC3,ALIANSCE,13.61,14.13,13.12,13.89,25282343.0,14.502999999999986,15.457500000000005,0.7139961668776015,1.1788058929838197,17.815111785967645,13.099888214032365,18.993917678951462,11.921082321048546,20.172723571935283,10.742276428064727
20180618,ALSC3,ALIANSCE,13.65,14.28,13.37,14.09,12591139.0,14.469499999999986,15.372500000000006,0.717014827711404,1.1507383360037882,17.673976672007583,13.07102332799243,18.82471500801137,11.920284991988641,19.975453344015158,10.769546655984854
20180619,ALSC3,ALIANSCE,14.23,14.35,13.66,14.11,11942247.0,14.434999999999985,15.300250000000005,0.71687553056016,1.136572642550806,17.57339528510162,13.027104714898393,18.709967927652425,11.890532072347588,19.84654057020323,10.753959429796781
20180620,ALSC3,ALIANSCE,14.1,14.22,13.72,13.9,8117898.0,14.356499999999983,15.220250000000004,0.6827211421179673,1.1191308154328223,17.458511630865647,12.98198836913436,18.57764244629847,11.862857553701536,19.696773261731295,10.743726738268714
20180621,ALSC3,ALIANSCE,13.97,13.97,13.3,13.39,5808313.0,14.265499999999983,15.136500000000003,0.6842627611641002,1.1277991956199824,17.39209839123997,12.880901608760038,18.51989758685995,11.753102413140056,19.647696782479933,10.625303217520074
20180622,ALSC3,ALIANSCE,13.39,13.75,13.31,13.64,7017709.0,14.182499999999981,15.058000000000003,0.6520968203863806,1.1197211191254006,17.297442238250806,12.818557761749203,18.417163357376204,11.698836642623801,19.536884476501605,10.579115523498402
20180625,ALSC3,ALIANSCE,13.49,13.87,13.49,13.7,11944625.0,14.10649999999998,14.976750000000004,0.6121684924577796,1.096587685177117,17.16992537035424,12.78357462964577,18.266513055531355,11.686986944468654,19.36310074070847,10.590399259291537
20180626,ALSC3,ALIANSCE,13.88,14.72,13.88,14.67,28568018.0,14.113999999999981,14.919000000000002,0.6183883977941788,1.048140722593599,17.0152814451872,12.822718554812804,18.0634221677808,11.774577832219205,19.111562890374397,10.726437109625607
20180627,ALSC3,ALIANSCE,14.98,14.98,14.19,14.37,8718902.0,14.088499999999982,14.848000000000003,0.5952202157716878,0.983145657883634,16.81429131576727,12.881708684232734,17.797436973650903,11.898563026349102,18.78058263153454,10.915417368465466
20180628,ALSC3,ALIANSCE,14.17,14.49,14.0,14.47,3855073.0,14.053499999999982,14.790500000000003,0.5468981912377163,0.9338779088928103,16.658255817785623,12.922744182214382,17.592133726678433,11.988866273321573,18.526011635571244,11.054988364428763
20180629,ALSC3,ALIANSCE,14.56,14.84,14.31,14.84,15055780.0,14.048999999999982,14.749000000000004,0.5396285272004804,0.8919031797517835,16.53280635950357,12.965193640496437,17.424709539255353,12.073290460744653,18.31661271900714,11.18138728099287
20180702,ALSC3,ALIANSCE,14.81,14.84,14.44,14.56,13736945.0,14.02199999999998,14.710500000000001,0.49602207081639205,0.8649201830671914,16.440340366134386,12.980659633865619,17.305260549201577,12.115739450798428,18.17018073226877,11.250819267731236
20180703,ALSC3,ALIANSCE,14.48,14.64,14.33,14.59,8924244.0,14.01299999999998,14.670250000000001,0.48320312825770795,0.830608326654479,16.331466653308958,13.009033346691043,17.16207497996344,12.178425020036563,17.992683306617916,11.347816693382086
20180704,ALSC3,ALIANSCE,14.47,15.64,14.47,15.35,35231561.0,14.06599999999998,14.654750000000002,0.566191338311604,0.8112920606614915,16.277334121322983,13.032165878677018,17.088626181984477,12.220873818015527,17.899918242645967,11.409581757354037
20180705,ALSC3,ALIANSCE,15.66,15.98,15.35,15.66,15943687.0,14.17549999999998,14.64325,0.6503721606653795,0.7930447250297411,16.22933945005948,13.057160549940518,17.022384175089222,12.264115824910776,17.815428900118963,11.471071099881035
20180706,ALSC3,ALIANSCE,15.7,16.25,15.41,16.19,17162396.0,14.27499999999998,14.641750000000002,0.7912781133278661,0.7899785375208948,16.22170707504179,13.061792924958212,17.011685612562687,12.271814387437317,17.80166415008358,11.481835849916422
20180710,ALSC3,ALIANSCE,16.19,16.26,15.67,15.93,27444461.0,14.37199999999998,14.63625,0.8695407136136312,0.7799102101508211,16.19607042030164,13.076429579698358,16.97598063045246,12.296519369547537,17.755890840603286,11.516609159396715
20180711,ALSC3,ALIANSCE,15.7,15.81,15.36,15.36,9260751.0,14.469499999999979,14.625000000000004,0.8653108659533645,0.7656604321995225,16.15632086439905,13.093679135600958,16.92198129659857,12.328018703401437,17.687641728798095,11.562358271201914
20180712,ALSC3,ALIANSCE,15.4,15.77,15.31,15.45,10627404.0,14.57799999999998,14.620000000000005,0.8440977743316789,0.759422857782895,16.138845715565793,13.101154284434214,16.898268573348687,12.34173142665132,17.657691431131585,11.582308568868424
20180713,ALSC3,ALIANSCE,15.4,16.05,15.23,16.01,10173301.0,14.708499999999981,14.631000000000004,0.8540878483105169,0.7765300859329513,16.184060171865905,13.0779398281341,16.960590257798856,12.30140974220115,17.73712034373181,11.5248796562682
20180716,ALSC3,ALIANSCE,16.14,16.14,15.52,15.56,7585194.0,14.791999999999982,14.647500000000003,0.8514853894349322,0.7892994297119768,16.226098859423956,13.068901140576049,17.015398289135934,12.279601710864073,17.80469771884791,11.490302281152095
20180717,ALSC3,ALIANSCE,15.49,15.67,15.38,15.58,5764222.0,14.866499999999983,14.668000000000003,0.8520147947814154,0.8028289724308788,16.27365794486176,13.062342055138245,17.07648691729264,12.259513082707366,17.879315889723518,11.456684110276488
20180718,ALSC3,ALIANSCE,15.63,15.77,15.41,15.47,4456460.0,14.934499999999982,14.684750000000005,0.8426804039242831,0.8125836840534056,16.309917368106817,13.059582631893193,17.12250105216022,12.246998947839788,17.93508473621363,11.434415263786383
20180719,ALSC3,ALIANSCE,15.4,15.85,15.2,15.68,4084339.0,15.023499999999984,14.690000000000003,0.8213998000846126,0.818444428199828,16.32688885639966,13.053111143600347,17.145333284599488,12.234666715400518,17.963777712799313,11.416222287200691
20180720,ALSC3,ALIANSCE,15.74,16.06,15.67,15.76,13957460.0,15.141999999999985,14.703750000000003,0.7402887061283191,0.8319137267277237,16.36757745345545,13.039922546544556,17.199491180183173,12.208008819816833,18.031404906910897,11.37609509308911
20180723,ALSC3,ALIANSCE,15.9,15.9,15.32,15.35,8446831.0,15.227499999999987,14.705000000000004,0.6510548121480529,0.8328696145687245,16.370739229137452,13.039260770862555,17.203608843706178,12.20639115629383,18.036478458274903,11.373521541725106
20180724,ALSC3,ALIANSCE,15.65,15.82,15.48,15.75,20885645.0,15.329999999999988,14.718250000000003,0.5517054897030662,0.8453944231950501,16.409038846390104,13.027461153609902,17.254433269585153,12.182066730414853,18.099827692780202,11.336672307219803
20180725,ALSC3,ALIANSCE,15.79,15.91,15.5,15.6,12561101.0,15.376499999999988,14.745250000000004,0.5319900572874539,0.8560792783202329,16.45740855664047,13.033091443359538,17.313487834960704,12.177012165039304,18.169567113280934,11.320932886719072
20180726,ALSC3,ALIANSCE,15.6,15.68,15.27,15.41,3716279.0,15.428499999999989,14.758500000000003,0.4763487775724955,0.8622973191809926,16.48309463836199,13.033905361638018,17.34539195754298,12.171608042457025,18.207689276723976,11.309310723276033
20180727,ALSC3,ALIANSCE,15.37,15.61,15.35,15.35,2676144.0,15.472499999999988,14.763000000000005,0.4205244219706581,0.8649653913337735,16.492930782667553,13.033069217332459,17.357896174001326,12.168103825998685,18.222861565335098,11.30313843466491
20180730,ALSC3,ALIANSCE,15.38,15.46,15.12,15.2,8912978.0,15.490499999999988,14.769750000000007,0.39918963967157733,0.8673522559476603,16.50445451189533,13.035045488104686,17.371806767842987,12.167693232157026,18.23915902379065,11.300340976209366
20180731,ALSC3,ALIANSCE,15.15,15.35,15.06,15.11,9689225.0,15.51799999999999,14.770000000000007,0.34728420031660445,0.8674513213269403,16.50490264265389,13.035097357346126,17.372353963980828,12.167646036019185,18.239805285307767,11.300194714692246
20180801,ALSC3,ALIANSCE,15.05,15.53,15.05,15.45,9320317.0,15.56099999999999,14.78700000000001,0.27125245572512313,0.8740891229570668,16.535178245914143,13.038821754085877,17.40926736887121,12.16473263112881,18.283356491828275,11.290643508171742
20180802,ALSC3,ALIANSCE,15.37,15.47,15.28,15.47,3086663.0,15.56699999999999,14.81650000000001,0.267642731227685,0.8767935464389448,16.5700870928779,13.06291290712212,17.446880639316845,12.186119360683175,18.323674185755788,11.30932581424423
20180803,ALSC3,ALIANSCE,15.44,15.88,15.44,15.8,2920911.0,15.57399999999999,14.87475000000001,0.2719984520081023,0.8623224083238786,16.599394816647767,13.150105183352252,17.461717224971647,12.287782775028374,18.324039633295524,11.425460366704495
20180806,ALSC3,ALIANSCE,15.85,15.93,15.62,15.75,5850804.0,15.551999999999989,14.913500000000008,0.23480338919831523,0.8660418359054711,16.64558367181095,13.181416328189066,17.51162550771642,12.315374492283595,18.377667343621894,11.449332656378123
20180807,ALSC3,ALIANSCE,15.82,15.91,15.32,15.32,3260984.0,15.521499999999989,14.946750000000009,0.22240965049126973,0.8551394773024358,16.65702895460488,13.236471045395136,17.512168431907316,12.381331568092701,18.367307909209753,11.526192090790266
20180808,ALSC3,ALIANSCE,15.32,15.38,15.12,15.3,2485091.0,15.518499999999989,14.994000000000009,0.22509120958324624,0.8195239393572004,16.63304787871441,13.354952121285608,17.45257181807161,12.535428181928408,18.27209575742881,11.715904242571208
20180809,ALSC3,ALIANSCE,15.31,15.36,14.87,14.95,6471622.0,15.493499999999989,15.03575000000001,0.25840146243693135,0.77107280410531,16.577895608210632,13.493604391789392,17.34896841231594,12.722531587684081,18.12004121642125,11.95145878357877
20180810,ALSC3,ALIANSCE,14.89,14.94,14.44,14.7,4962409.0,15.427999999999988,15.068250000000011,0.28522567242553865,0.7264662891220934,16.521182578244197,13.615317421755824,17.24764886736629,12.888851132633732,17.974115156488384,12.162384843511639
20180813,ALSC3,ALIANSCE,14.7,14.99,14.47,14.99,5784117.0,15.399499999999989,15.095750000000013,0.29946399484846614,0.7010976284480215,16.497945256896056,13.69355474310397,17.199042885344078,12.992457114655949,17.9001405137921,12.291359486207927
20180814,ALSC3,ALIANSCE,14.95,15.21,14.95,15.2,3089235.0,15.380499999999989,15.123500000000012,0.29946399484846764,0.681975072858279,16.487450145716572,13.759549854283454,17.16942521857485,13.077574781425175,17.85140029143313,12.395599708566897
20180815,ALSC3,ALIANSCE,15.14,15.35,14.79,15.12,6582450.0,15.362999999999989,15.148750000000012,0.30414850943174343,0.6618900191390953,16.4725300382782,13.824969961721822,17.134420057417298,13.163079942582726,17.796310076556395,12.501189923443631
20180816,ALSC3,ALIANSCE,15.15,15.26,14.94,15.26,5225934.0,15.341999999999988,15.182750000000013,0.2954853278040164,0.6302746145480109,16.443299229096034,13.922200770903991,17.073573843644045,13.29192615635598,17.703848458192056,12.66165154180797
20180817,ALSC3,ALIANSCE,15.2,15.2,14.95,15.04,5507403.0,15.305999999999989,15.224000000000013,0.2855723707704381,0.5600128203661165,16.344025640732244,14.103974359267779,16.904038461098363,13.543961538901662,17.464051281464478,12.983948718535547
20180820,ALSC3,ALIANSCE,14.99,15.7,14.99,15.42,11723407.0,15.30949999999999,15.268500000000012,0.2865672512234505,0.49823045846640335,16.264960916932818,14.272039083067206,16.763191375399224,13.773808624600802,17.261421833865626,13.275578166134398
20180821,ALSC3,ALIANSCE,15.3,15.44,14.65,14.78,8358577.0,15.260999999999987,15.29550000000001,0.29015241004119546,0.43648919862108027,16.16847839724217,14.422521602757849,16.60496759586325,13.986032404136768,17.04145679448433,13.549543205515688
20180822,ALSC3,ALIANSCE,14.7,14.92,14.66,14.81,1878991.0,15.221499999999986,15.29900000000001,0.29530136257207873,0.4318819876796247,16.16276397535926,14.43523602464076,16.594645963038886,14.003354036961136,17.02652795071851,13.57147204928151
20180823,ALSC3,ALIANSCE,14.87,15.07,14.53,14.65,11034053.0,15.183499999999984,15.306000000000008,0.3178095258750563,0.41850037527177464,16.143000750543557,14.46899924945646,16.561501125815333,14.050498874184685,16.980001501087106,13.63199849891291
20180824,ALSC3,ALIANSCE,14.78,14.96,14.61,14.88,7061653.0,15.159999999999982,15.316250000000007,0.3221964095328757,0.40220346617748115,16.12065693235497,14.511843067645046,16.52286039853245,14.109639601467563,16.925063864709934,13.707436135290083
20180827,ALSC3,ALIANSCE,14.88,15.21,14.72,15.21,10884996.0,15.160499999999981,15.325500000000009,0.3222695014720357,0.3951627383036534,16.115825476607316,14.535174523392701,16.51098821491097,14.14001178508905,16.906150953214624,13.744849046785395
20180828,ALSC3,ALIANSCE,15.18,15.33,14.78,15.18,9970114.0,15.163999999999982,15.341000000000008,0.32207223772917215,0.3760646425611788,16.093129285122366,14.58887071487765,16.469193927683545,14.212806072316472,16.845258570244724,13.836741429755293
20180829,ALSC3,ALIANSCE,15.23,15.51,15.15,15.31,11044584.0,15.156999999999982,15.359000000000005,0.3170107087682867,0.35588675813443266,16.070773516268872,14.64722648373114,16.426660274403304,14.291339725596707,16.782547032537735,13.935452967462275
20180830,ALSC3,ALIANSCE,15.24,15.25,14.79,14.81,6449496.0,15.123999999999981,15.345500000000005,0.3170654921556086,0.36632583226503024,16.078151664530065,14.612848335469945,16.444477496795095,14.246522503204915,16.810803329060125,13.880196670939885
20180831,ALSC3,ALIANSCE,14.79,15.15,14.72,15.13,7959493.0,15.090499999999981,15.332250000000005,0.2744079751796507,0.3642377886308866,16.060725577261778,14.603774422738232,16.424963365892665,14.239536634107345,16.789201154523553,13.87529884547646
20180903,ALSC3,ALIANSCE,15.12,15.12,14.81,14.95,2608871.0,15.05049999999998,15.301250000000005,0.2275146033487403,0.34141626221171134,15.984082524423428,14.618417475576582,16.325498786635137,14.277001213364871,16.66691504884685,13.93558495115316
20180904,ALSC3,ALIANSCE,14.97,15.1,14.5,14.68,9632648.0,15.01849999999998,15.270000000000005,0.23256634593864164,0.3395925159998805,15.949185031999766,14.590814968000243,16.288777547999647,14.251222452000363,16.628370063999526,13.911629936000484
20180905,ALSC3,ALIANSCE,14.64,14.86,14.55,14.7,5208122.0,14.988499999999979,15.253500000000006,0.2330411077360222,0.35095145401746863,15.955402908034943,14.55159709196507,16.30635436205241,14.2006456379476,16.65730581606988,13.849694183930131
20180906,ALSC3,ALIANSCE,14.73,14.92,14.71,14.82,5735491.0,14.98199999999998,15.237750000000005,0.23596609926024503,0.3560069683847693,15.949763936769545,14.525736063230466,16.305770905154315,14.169729094845698,16.661777873539084,13.813722126460927
20180910,ALSC3,ALIANSCE,14.92,15.09,14.6,14.64,8814618.0,14.97899999999998,15.203500000000005,0.24008551108235346,0.34555455244867106,15.894609104897347,14.512390895102664,16.240163657346017,14.166836342653992,16.58571820979469,13.82128179020532
20180911,ALSC3,ALIANSCE,14.4,14.6,14.13,14.24,8383649.0,14.94149999999998,15.170500000000008,0.29137198145848753,0.3726065498963937,15.915713099792795,14.42528690020722,16.28831964968919,14.052680350310826,16.66092619958558,13.680073800414434
20180912,ALSC3,ALIANSCE,14.24,14.48,13.98,14.24,6784641.0,14.89349999999998,15.137000000000006,0.3238140304494075,0.3944434573239796,15.925886914647965,14.348113085352047,16.320330371971945,13.953669628028067,16.714773829295925,13.559226170704088
20180913,ALSC3,ALIANSCE,14.26,14.38,13.92,14.02,7048799.0,14.838499999999978,15.100750000000005,0.37300028220688897,0.42823661983085465,15.957223239661714,14.244276760338296,16.38545985949257,13.816040140507441,16.813696479323422,13.387803520676586
20180914,ALSC3,ALIANSCE,13.99,14.13,13.73,14.03,6526664.0,14.776999999999978,15.059500000000005,0.4002512368896382,0.44992848434578425,15.959356968691573,14.159643031308438,16.40928545303736,13.709714546962653,16.859213937383142,13.259786062616868
20180917,ALSC3,ALIANSCE,14.08,14.29,13.99,14.27,3835712.0,14.738499999999977,15.022250000000005,0.41052309377966056,0.45212028975739427,15.926490579514793,14.118009420485217,16.378610869272187,13.665889130727823,16.830731159029582,13.213768840970427
20180918,ALSC3,ALIANSCE,14.26,14.55,14.24,14.45,3793544.0,14.689999999999975,14.999750000000006,0.38208568892896383,0.45775084197998717,15.91525168395998,14.084248316040032,16.373002525939967,13.626497474060045,16.830753367919954,13.168746632080058
20180919,ALSC3,ALIANSCE,14.47,14.52,14.21,14.39,3515780.0,14.670499999999976,14.965750000000005,0.38716887380343046,0.45105510209758093,15.867860204195168,14.063639795804843,16.318915306292748,13.612584693707262,16.76997040839033,13.161529591609682
20180920,ALSC3,ALIANSCE,14.37,14.46,14.23,14.46,3361656.0,14.652999999999974,14.937250000000006,0.3884395231667433,0.4459388684102661,15.829127736820539,14.045372263179473,16.275066605230805,13.599433394769207,16.72100547364107,13.15349452635894
20180921,ALSC3,ALIANSCE,14.5,14.71,14.37,14.58,6231359.0,14.649499999999975,14.916500000000008,0.3887831894786154,0.4426757220266876,15.801851444053383,14.031148555946633,16.244527166080072,13.588472833919946,16.687202888106757,13.145797111893257
20180924,ALSC3,ALIANSCE,14.44,14.57,14.2,14.39,3702847.0,14.624999999999975,14.892500000000007,0.3889324119339308,0.44458998685340506,15.781679973706817,14.003320026293197,16.226269960560224,13.558730039439792,16.67085994741363,13.114140052586388
20180925,ALSC3,ALIANSCE,14.44,14.44,14.04,14.22,4536867.0,14.575499999999977,14.868000000000006,0.37324290101488905,0.45411057051830994,15.776221141036626,13.959778858963386,16.230331711554935,13.505668288445076,16.684442282073245,13.051557717926766
20180926,ALSC3,ALIANSCE,14.22,14.55,14.16,14.3,5693142.0,14.531499999999976,14.847750000000005,0.3493343293813651,0.46104945782872075,15.769848915657446,13.925651084342563,16.230898373486166,13.464601626513844,16.691947831314888,13.003552168685122
20180927,ALSC3,ALIANSCE,14.39,14.78,14.28,14.68,4293580.0,14.499999999999977,14.828500000000002,0.30042075757022196,0.45122937483945313,15.730958749678909,13.926041250321095,16.182188124518362,13.474811875481642,16.633417499357815,13.023582500642188
20180928,ALSC3,ALIANSCE,14.62,14.85,14.46,14.81,5752666.0,14.499999999999977,14.812000000000001,0.30042075757022196,0.4390736168636144,15.69014723372723,13.933852766272773,16.129220850590844,13.494779149409158,16.568294467454457,13.055705532545543
20181001,ALSC3,ALIANSCE,14.8,14.82,14.4,14.67,8753100.0,14.476999999999979,14.783750000000001,0.26519307762679695,0.4092124236779265,15.602174847355855,13.965325152644148,16.01138727103378,13.556112728966221,16.420599694711708,13.146900305288295
20181002,ALSC3,ALIANSCE,14.86,15.75,14.75,15.75,11411529.0,14.516999999999978,14.783750000000001,0.37703971590342994,0.4092124236779265,15.602174847355855,13.965325152644148,16.01138727103378,13.556112728966221,16.420599694711708,13.146900305288295
20181003,ALSC3,ALIANSCE,16.1,16.25,15.72,16.0,11336811.0,14.582999999999979,14.800749999999999,0.5019236679228901,0.44465133272302537,15.69005266544605,13.911447334553948,16.134703998169076,13.466796001830923,16.5793553308921,13.022144669107897
20181004,ALSC3,ALIANSCE,15.99,16.14,15.66,15.93,4683624.0,14.64449999999998,14.8165,0.5854235983232966,0.4730400861205929,15.762580172241185,13.870419827758814,16.235620258361777,13.397379741638222,16.70866034448237,12.924339655517628
20181005,ALSC3,ALIANSCE,16.15,16.15,15.52,15.81,7878407.0,14.69399999999998,14.837999999999997,0.640323931180317,0.49814116009889226,15.834282320197781,13.841717679802214,16.332423480296676,13.343576519703321,16.830564640395565,12.845435359604428
20181008,ALSC3,ALIANSCE,16.11,17.05,16.11,17.05,8515703.0,14.814499999999981,14.896749999999994,0.8286861827457898,0.6079279119713956,16.112605823942786,13.680894176057203,16.72053373591418,13.072966264085807,17.328461647885575,12.465038352114412
20181009,ALSC3,ALIANSCE,17.17,17.4,16.85,17.27,9003755.0,14.96599999999998,14.953749999999994,0.9810864010452329,0.7144504343038622,16.38265086860772,13.52484913139227,17.097101302911582,12.810398697088408,17.811551737215442,12.095948262784546
20181010,ALSC3,ALIANSCE,17.15,17.36,16.65,17.24,8939782.0,15.11599999999998,15.004749999999992,1.0877809376989207,0.8001505867888341,16.60505117357766,13.404448826422325,17.405201760366495,12.60429823963349,18.20535234715533,11.804147652844655
20181011,ALSC3,ALIANSCE,17.26,17.3,16.73,17.3,6600143.0,15.279999999999982,15.059249999999992,1.1587833910479144,0.8785984979004198,16.81644699580083,13.302053004199152,17.69504549370125,12.423454506298732,18.57364399160167,11.544856008398312
20181015,ALSC3,ALIANSCE,17.6,17.6,16.7,16.81,9482151.0,15.418999999999983,15.09799999999999,1.1676512637274394,0.9208446512821394,16.93968930256427,13.256310697435712,17.860533953846407,12.335466046153572,18.78137860512855,11.414621394871432
20181016,ALSC3,ALIANSCE,17.01,17.23,16.85,17.23,14785176.0,15.566999999999984,15.152749999999992,1.201451315350715,0.980481272458112,17.113712544916215,13.191787455083768,18.09419381737433,12.211306182625655,19.07467508983244,11.230824910167545
20181017,ALSC3,ALIANSCE,17.23,17.29,16.97,17.11,26244723.0,15.699999999999985,15.194999999999993,1.2184027508003898,1.0275736919110692,17.25014738382213,13.139852616177855,18.2777210757332,12.112278924266786,19.30529476764427,11.084705232355716
20181018,ALSC3,ALIANSCE,17.12,17.12,16.92,16.92,4984405.0,15.826499999999987,15.248499999999993,1.2065142265831041,1.060591392838993,17.36968278567798,13.127317214322007,18.43027417851697,12.066725821483015,19.490865571355965,11.006134428644021
20181019,ALSC3,ALIANSCE,17.05,17.07,16.8,16.84,3901431.0,15.945499999999987,15.299249999999995,1.1817581683327196,1.087302914649446,17.473855829298888,13.124644170701103,18.561158743948333,12.037341256051658,19.64846165859778,10.950038341402212
20181022,ALSC3,ALIANSCE,16.85,17.35,16.68,17.06,29456786.0,16.069499999999987,15.359499999999993,1.160863902445091,1.1167763819044252,17.593052763808842,13.125947236191143,18.709829145713268,12.009170854286719,19.826605527617694,10.892394472382293
20181023,ALSC3,ALIANSCE,17.03,17.03,16.67,17.0,26786316.0,16.19999999999999,15.412499999999994,1.1076052878549523,1.143424344138816,17.699348688277627,13.125651311722361,18.842773032416442,11.982226967583546,19.98619737655526,10.83880262344473
20181024,ALSC3,ALIANSCE,17.0,17.31,16.82,17.0,29865656.0,16.338999999999988,15.457249999999993,1.0167590409573237,1.1700142175336246,17.79727843506724,13.117221564932745,18.967292652600868,11.94720734739912,20.13730687013449,10.777193129865495
20181025,ALSC3,ALIANSCE,17.22,17.22,16.62,16.74,24703926.0,16.460999999999988,15.496249999999995,0.8987646492474388,1.1864203594134834,17.86909071882696,13.123409281173029,19.055511078240446,11.936988921759545,20.24193143765393,10.75056856234606
20181026,ALSC3,ALIANSCE,16.74,17.0,16.55,16.9,18314670.0,16.571999999999985,15.535999999999996,0.798752975449543,1.2064863160306794,17.948972632061356,13.123027367938636,19.155458948092033,11.916541051907958,20.361945264122713,10.710054735877279
20181029,ALSC3,ALIANSCE,17.45,17.45,16.71,17.0,13856114.0,16.681499999999986,15.590749999999996,0.6867488240750333,1.222283251195849,18.035316502391694,13.146183497608298,19.25759975358754,11.92390024641245,20.479883004783392,10.7016169952166
20181030,ALSC3,ALIANSCE,17.05,17.45,16.82,17.3,24156494.0,16.812999999999985,15.644999999999996,0.5104909917242346,1.2491699808375518,18.1433399616751,13.146660038324892,19.392509942512653,11.89749005748734,20.641679923350203,10.648320076649789
20181031,ALSC3,ALIANSCE,17.34,17.85,17.34,17.52,14177465.0,16.901499999999984,15.709249999999994,0.4681798462354638,1.278260812638897,18.265771625277786,13.1527283747222,19.544032437916684,11.874467562083304,20.822293250555582,10.596206749444406
20181101,ALSC3,ALIANSCE,17.49,17.7,17.46,17.68,10261087.0,16.985499999999984,15.784249999999995,0.44820666051088787,1.304072295266677,18.39239459053335,13.17610540946664,19.696466885800024,11.872033114199963,21.000539181066703,10.567960818933287
20181105,ALSC3,ALIANSCE,17.71,17.71,17.47,17.58,5325626.0,17.067999999999984,15.856249999999994,0.3920338331264185,1.3220549030455253,18.500359806091044,13.212140193908944,19.82241470913657,11.890085290863418,21.144469612182096,10.568030387817892
20181106,ALSC3,ALIANSCE,17.5,17.66,17.19,17.56,7808834.0,17.155499999999982,15.924749999999992,0.27400489815060985,1.3378762111683962,18.600502422336785,13.2489975776632,19.93837863350518,11.911121366494804,21.276254844673577,10.573245155326408
20181107,ALSC3,ALIANSCE,17.57,17.6,17.18,17.35,6729491.0,17.170499999999983,15.992499999999993,0.2761287838367401,1.3397641392118222,18.67202827842364,13.312971721576348,20.01179241763546,11.973207582364527,21.35155655684728,10.633443443152704
20181108,ALSC3,ALIANSCE,17.3,17.54,17.05,17.3,11090198.0,17.171999999999986,16.068999999999992,0.2767784597642542,1.3244056238216078,18.71781124764321,13.420188752356776,20.042216871464817,12.09578312853517,21.36662249528642,10.771377504713561
20181109,ALSC3,ALIANSCE,17.33,17.39,17.02,17.33,9692012.0,17.176499999999983,16.14624999999999,0.2786674116501398,1.3049622992884309,18.75617459857685,13.53632540142313,20.061136897865282,12.231363102134699,21.366099197153716,10.926400802846267
20181112,ALSC3,ALIANSCE,17.33,17.33,17.05,17.3,5425774.0,17.176499999999983,16.228249999999992,0.2786674116501398,1.2705276261136527,18.769305252227298,13.687194747772686,20.03983287834095,12.416667121659035,21.310360504454604,11.14613949554538
20181113,ALSC3,ALIANSCE,17.3,17.33,16.84,17.0,8363040.0,17.185999999999986,16.30249999999999,0.2685712685969742,1.2247255056144655,18.751951011228922,13.85304898877106,19.976676516843387,12.628323483156596,21.201402022457852,11.40359797754213
20181114,ALSC3,ALIANSCE,17.02,17.5,16.91,17.39,6875131.0,17.19399999999998,16.38049999999999,0.27230787529442974,1.1908453149349867,18.762190629869963,13.998809370130017,19.953035944804952,12.807964055195031,21.14388125973994,11.617118740260043
20181116,ALSC3,ALIANSCE,17.59,17.94,17.36,17.94,10882259.0,17.23549999999998,16.46774999999999,0.3182100431773711,1.1735011990205242,18.81475239804104,14.120747601958943,19.988253597061565,12.947246402938418,21.16175479608209,11.773745203917894
20181119,ALSC3,ALIANSCE,17.94,17.94,17.7,17.75,10413511.0,17.27699999999998,16.55174999999999,0.3288432677383526,1.1407597277298582,18.833269455459707,14.270230544540276,19.974029183189565,13.129470816810416,21.114788910919422,11.988711089080558
20181121,ALSC3,ALIANSCE,17.68,17.68,16.96,17.34,10512163.0,17.301999999999982,16.623749999999994,0.3124706301988027,1.0953343652944132,18.81441873058882,14.433081269411169,19.909753095883232,13.337746904116754,21.005087461177645,12.242412538822341
20181122,ALSC3,ALIANSCE,17.34,17.61,17.34,17.55,3767112.0,17.32649999999998,16.69799999999999,0.3117062551083605,1.0530911763190636,18.804182352638115,14.591817647361863,19.85727352895718,13.5387264710428,20.910364705276244,12.485635294723735
20181123,ALSC3,ALIANSCE,17.55,17.68,17.07,17.68,18348429.0,17.36049999999998,16.780249999999988,0.31130413289561065,0.9950891919823283,18.770428383964646,14.790071616035332,19.765517575946973,13.794982424053003,20.7606067679293,12.799893232070675
20181126,ALSC3,ALIANSCE,17.67,17.87,17.43,17.55,5444699.0,17.387999999999984,16.863499999999988,0.3019341162013799,0.9111602915640696,18.685820583128127,15.041179416871849,19.596980874692196,14.13001912530778,20.508141166256266,13.21885883374371
20181127,ALSC3,ALIANSCE,17.6,17.79,17.51,17.78,8778037.0,17.43999999999998,16.950499999999987,0.2725899175646196,0.8218801147837603,18.594260229567507,15.306739770432467,19.41614034435127,14.484859655648707,20.23802045913503,13.662979540864946
20181128,ALSC3,ALIANSCE,17.78,18.07,17.75,17.99,8409131.0,17.49449999999998,17.03324999999999,0.2678663256571128,0.7509904144289368,18.535230828857863,15.531269171142114,19.2862212432868,14.780278756713178,20.037211657715737,14.029288342284241
20181129,ALSC3,ALIANSCE,17.82,18.04,17.82,17.93,8691008.0,17.540999999999983,17.11124999999999,0.25804732328125446,0.6720316975888464,18.455313395177683,15.767186604822298,19.127345092766532,15.095154907233452,19.799376790355378,14.423123209644606
20181130,ALSC3,ALIANSCE,17.93,18.8,17.69,18.8,30761333.0,17.615999999999982,17.21449999999999,0.37554731988615114,0.6008368096204796,18.41617361924095,16.01282638075903,19.01701042886143,15.411989571138552,19.617847238481907,14.811152761518072
20181203,ALSC3,ALIANSCE,18.85,18.85,18.16,18.25,17692049.0,17.652499999999982,17.27699999999999,0.40037975394418646,0.5740195654666367,18.425039130933264,16.128960869066717,18.9990586963999,15.55494130360008,19.573078261866538,14.980921738133443
20181204,ALSC3,ALIANSCE,18.22,18.43,18.06,18.3,7579414.0,17.683499999999984,17.334499999999988,0.4258153170219597,0.5577884444105972,18.450076888821183,16.218923111178793,19.00786533323178,15.661134666768197,19.565653777642375,15.1033462223576
20181205,ALSC3,ALIANSCE,18.39,18.48,18.25,18.4,4004724.0,17.724499999999985,17.396249999999988,0.45387773684108457,0.5345531922874102,18.465356384574807,16.327143615425168,18.99990957686222,15.792590423137757,19.534462769149627,15.258037230850347
20181206,ALSC3,ALIANSCE,18.28,18.39,17.93,18.37,5433378.0,17.764999999999983,17.46024999999999,0.4741141323840704,0.49126465529132823,18.442779310582647,16.477720689417335,18.934043965873975,15.986456034126007,19.425308621165303,15.49519137883468
20181207,ALSC3,ALIANSCE,18.35,18.36,18.13,18.29,3811295.0,17.811999999999983,17.49124999999999,0.4773898329788369,0.5036797288265782,18.498609457653146,16.483890542346835,19.002289186479725,15.980210813520255,19.505968915306305,15.476531084693677
20181210,ALSC3,ALIANSCE,18.13,18.26,17.95,18.01,10104508.0,17.847499999999982,17.50974999999999,0.4635092118541618,0.5089077670704798,18.527565534140948,16.491934465859032,19.03647330121143,15.98302669878855,19.54538106828191,15.47411893171807
20181211,ALSC3,ALIANSCE,18.25,18.25,17.85,18.03,4347398.0,17.882499999999986,17.52949999999999,0.44856349664935613,0.513479582896271,18.556459165792532,16.50254083420745,19.069938748688806,15.989061251311178,19.583418331585076,15.475581668414907
20181212,ALSC3,ALIANSCE,18.09,18.49,18.01,18.43,7500678.0,17.938999999999986,17.55774999999999,0.4424560638312381,0.5313045748740529,18.620359149748097,16.495140850251886,19.15166372462215,15.963836275377833,19.682968299496203,15.43253170050378
20181213,ALSC3,ALIANSCE,18.5,18.78,18.43,18.67,22007689.0,18.022499999999987,17.60424999999999,0.41248763936820854,0.5453904153248869,18.695030830649763,16.513469169350216,19.24042124597465,15.96807875402533,19.785811661299537,15.422688338700443
20181214,ALSC3,ALIANSCE,18.65,18.66,18.34,18.47,7669787.0,18.07649999999999,17.635249999999992,0.39567763327443845,0.5586521669069147,18.752554333813823,16.51794566618616,19.311206500720736,15.959293499279248,19.86985866762765,15.400641332372334
20181217,ALSC3,ALIANSCE,18.59,18.6,18.18,18.43,12212320.0,18.10099999999999,17.66824999999999,0.40190205667285545,0.5657710305188901,18.79979206103777,16.53670793896221,19.36556309155666,15.970936908443319,19.93133412207555,15.405165877924428
20181218,ALSC3,ALIANSCE,18.5,18.5,18.02,18.34,8739911.0,18.130499999999987,17.703749999999992,0.3963979260660296,0.5621555925688708,18.828061185137734,16.57943881486225,19.390216777706605,16.01728322229338,19.952372370275476,15.455127629724508
20181219,ALSC3,ALIANSCE,18.5,18.67,18.29,18.52,11272192.0,18.18949999999999,17.74574999999999,0.358556682739029,0.5587159615055522,18.863181923011094,16.628318076988887,19.421897884516646,16.069602115483335,19.980613846022198,15.510886153977781
20181220,ALSC3,ALIANSCE,18.45,18.58,18.15,18.38,5463463.0,18.230999999999987,17.77874999999999,0.327316039132912,0.5561506321502059,18.891051264300405,16.66644873569958,19.447201896450608,16.110298103549376,20.003352528600814,15.554147471399169
20181221,ALSC3,ALIANSCE,18.3,18.53,18.03,18.42,9389801.0,18.267999999999986,17.81424999999999,0.3026479629431813,0.55045849187936,18.91516698375871,16.713333016241272,19.46562547563807,16.16287452436191,20.01608396751743,15.61241603248255
20181226,ALSC3,ALIANSCE,18.39,18.39,18.08,18.35,8108120.0,18.307999999999986,17.847999999999992,0.2512620774787153,0.540551475287919,18.92910295057583,16.766897049424152,19.469654425863748,16.226345574136236,20.010205901151668,15.685794098848316
20181227,ALSC3,ALIANSCE,18.33,18.63,18.18,18.61,5965642.0,18.34949999999999,17.89474999999999,0.2268195433888578,0.5228422691994085,18.940434538398808,16.849065461601175,19.463276807598216,16.326223192401766,19.986119076797625,15.803380923202358
20181228,ALSC3,ALIANSCE,18.7,19.12,18.66,19.12,15382231.0,18.405999999999988,17.95024999999999,0.2693149203363242,0.5322833614937867,19.014816722987565,16.885683277012415,19.54710008448135,16.35339991551863,20.079383445975136,15.821116554024844
