DATA DO PREGAO,CODIGO DE NEGOGIACAO DO PAPEL,NOME RESUMIDO DA EMPRESA EMISSORA,PRECO DE ABERTURA,PRECO MAXIMO,PRECO MINIMO,PRECO FECHAMENTO,VOLUME TOTAL DE TITULOS NEGOCIADOS NESTE PAPEL,MA_20,MA_40,STD_20,STD_40,BANDA_1_40 SUPERIOR,BANDA_1_40 INFERIOR,BANDA_2_40 SUPERIOR,BANDA_2_40 SUPEROR
20180326,B3SA3,B3,25.8,26.1,25.25,25.66,129461570.0,,,,,,,,
20180327,B3SA3,B3,25.79,25.9,25.45,25.59,94182344.0,,,,,,,,
20180328,B3SA3,B3,25.3,26.3,25.16,26.1,213564537.0,,,,,,,,
20180329,B3SA3,B3,26.21,26.85,25.99,26.69,199170109.0,,,,,,,,
20180402,B3SA3,B3,26.35,26.7,26.03,26.49,149024937.0,,,,,,,,
20180403,B3SA3,B3,26.58,26.99,26.07,26.45,227851810.0,,,,,,,,
20180404,B3SA3,B3,25.84,26.25,25.56,26.17,163689956.0,,,,,,,,
20180405,B3SA3,B3,26.8,27.15,26.47,26.77,226370015.0,,,,,,,,
20180406,B3SA3,B3,26.67,26.87,26.11,26.81,218865100.0,,,,,,,,
20180409,B3SA3,B3,26.98,26.98,25.97,26.2,168151404.0,,,,,,,,
20180410,B3SA3,B3,26.3,26.4,25.6,26.28,179761250.0,,,,,,,,
20180411,B3SA3,B3,26.22,26.59,25.9,26.55,153570425.0,,,,,,,,
20180412,B3SA3,B3,26.5,27.09,26.42,26.89,211406841.0,,,,,,,,
20180413,B3SA3,B3,26.7,26.82,26.12,26.42,279892516.0,,,,,,,,
20180416,B3SA3,B3,26.52,26.52,25.34,25.38,198414358.0,,,,,,,,
20180417,B3SA3,B3,25.45,25.85,24.9,25.67,254567539.0,,,,,,,,
20180418,B3SA3,B3,25.89,26.67,25.61,26.25,332133860.0,,,,,,,,
20180419,B3SA3,B3,26.17,26.31,25.75,26.06,133575444.0,,,,,,,,
20180420,B3SA3,B3,25.8,25.95,25.57,25.7,145589516.0,,,,,,,,
20180423,B3SA3,B3,25.55,25.74,25.34,25.74,161684373.0,26.1935,,0.45002075975506534,,,,,
20180424,B3SA3,B3,25.87,25.95,25.06,25.3,144043091.0,26.1755,,0.478764583397508,,,,,
20180425,B3SA3,B3,24.96,25.26,24.75,25.06,181462266.0,26.148999999999994,,0.5252858870728346,,,,,
20180426,B3SA3,B3,25.1,25.73,25.04,25.67,89494477.0,26.12749999999999,,0.5360859612923444,,,,,
20180427,B3SA3,B3,25.94,25.99,25.61,25.83,99693977.0,26.08449999999999,,0.5229217008914034,,,,,
20180430,B3SA3,B3,26.0,26.0,25.22,25.3,167505202.0,26.024999999999988,,0.5417175414705,,,,,
20180502,B3SA3,B3,25.06,25.1,24.46,24.61,343386593.0,25.932999999999986,,0.6167836778507996,,,,,
20180503,B3SA3,B3,24.4,24.69,24.12,24.16,295483663.0,25.83249999999999,,0.7295772027255535,,,,,
20180504,B3SA3,B3,24.1,24.44,23.71,24.04,220585343.0,25.695999999999987,,0.7971950827746009,,,,,
20180507,B3SA3,B3,24.06,24.27,23.77,23.98,104111542.0,25.554499999999987,,0.8391127833360058,,,,,
20180508,B3SA3,B3,24.0,24.32,23.79,23.89,146488188.0,25.43899999999999,,0.9021955675491141,,,,,
20180509,B3SA3,B3,23.91,24.15,23.61,24.06,181818445.0,25.327999999999992,,0.9294344630218079,,,,,
20180510,B3SA3,B3,24.21,24.72,24.07,24.68,308845241.0,25.23449999999999,,0.8933937365020292,,,,,
20180511,B3SA3,B3,24.52,24.73,23.51,23.6,339695701.0,25.069999999999986,,0.8752322999909063,,,,,
20180514,B3SA3,B3,23.67,23.69,22.78,23.29,350378891.0,24.913499999999985,,0.9006037448640555,,,,,
20180515,B3SA3,B3,23.0,23.11,22.51,22.8,345189603.0,24.784499999999987,,1.0085710318642864,,,,,
20180516,B3SA3,B3,22.64,23.54,22.64,23.08,179718457.0,24.654999999999987,,1.0541372126805388,,,,,
20180517,B3SA3,B3,22.76,23.03,21.82,22.11,419664599.0,24.447999999999986,,1.1283177977110792,,,,,
20180518,B3SA3,B3,21.83,22.28,21.46,22.28,309447925.0,24.258999999999983,,1.1602218481144477,,,,,
20180521,B3SA3,B3,22.46,22.5,22.02,22.15,195343222.0,24.081499999999984,,1.1990666326245938,,,,,
20180522,B3SA3,B3,22.37,23.48,22.28,23.35,321566687.0,23.961999999999982,25.07774999999999,1.1428569924811924,1.418378430389744,27.91450686077948,22.240993139220503,29.332885291169223,20.82261470883076
20180523,B3SA3,B3,22.95,23.12,22.1,22.1,196321867.0,23.801999999999985,24.98874999999999,1.1693705009196405,1.490751294843283,27.970252589686556,22.007247410313422,29.461003884529838,20.51649611547014
20180524,B3SA3,B3,21.8,22.02,21.28,21.6,378371816.0,23.628999999999984,24.88899999999999,1.2279375091248683,1.58029013889125,28.04958027778249,21.728419722217488,29.62987041667374,20.148129583326238
20180525,B3SA3,B3,21.67,21.86,20.85,21.02,444364371.0,23.396499999999982,24.76199999999999,1.2609281251689577,1.6813672702404734,28.124734540480937,21.399265459519043,29.806101810721408,19.71789818927857
20180528,B3SA3,B3,20.81,21.0,20.3,20.53,210751762.0,23.131499999999985,24.607999999999986,1.2793759786461678,1.77949027561986,28.166980551239707,21.049019448760266,29.946470826859567,19.269529173140405
20180529,B3SA3,B3,21.1,21.74,20.55,20.73,340836071.0,22.902999999999984,24.463999999999988,1.2797989151260798,1.8547538367319263,28.173507673463842,20.754492326536134,30.02826151019577,18.899738489804207
20180530,B3SA3,B3,20.51,21.9,20.5,21.77,458509990.0,22.760999999999985,24.346999999999987,1.2372801240071523,1.8737747449658408,28.09454948993167,20.599450510068305,29.96832423489751,18.725675765102466
20180601,B3SA3,B3,21.98,22.63,21.51,22.25,432476270.0,22.665499999999984,24.248999999999988,1.196659715075345,1.8784893002841563,28.0059786005683,20.492021399431675,29.884467900852457,18.61353209914752
20180604,B3SA3,B3,22.49,23.07,22.32,22.82,408627329.0,22.60449999999998,24.15024999999999,1.1532127890559056,1.8461095440731459,27.84246908814628,20.458030911853697,29.688578632219425,18.611921367780553
20180605,B3SA3,B3,22.5,22.83,21.52,22.12,356891669.0,22.51149999999998,24.03299999999999,1.1106625571205093,1.8216253660835382,27.676250732167066,20.389749267832915,29.497876098250607,18.568123901749374
20180606,B3SA3,B3,21.83,22.08,21.13,21.41,245984469.0,22.38749999999998,23.913249999999987,1.0868441761162861,1.832925904611227,27.57910180922244,20.247398190777535,29.412027713833666,18.41447228616631
20180607,B3SA3,B3,20.62,21.1,19.58,20.0,765914525.0,22.184499999999982,23.756249999999987,1.1360618728517222,1.892977152529849,27.542204305059684,19.97029569494029,29.435181457589536,18.07731854241044
20180608,B3SA3,B3,19.98,21.26,19.54,20.84,481951886.0,21.992499999999982,23.61349999999999,1.0095589187988534,1.8921938833818563,27.397887766763702,19.82911223323628,29.29008165014556,17.936918349854423
20180611,B3SA3,B3,21.1,21.33,20.05,20.42,149449675.0,21.83349999999998,23.45174999999999,0.9933477421538237,1.8814341059074633,27.214618211814916,19.688881788185064,29.096052317722382,17.807447682277598
20180612,B3SA3,B3,20.69,21.24,20.5,21.0,323648498.0,21.71899999999998,23.31624999999999,0.9475503041777589,1.8571976235232845,27.030645247046557,19.60185475295342,28.88784287056984,17.744657129430138
20180613,B3SA3,B3,21.0,21.04,20.0,20.67,280292997.0,21.61249999999998,23.19849999999999,0.9393215636830634,1.872247449676601,26.94299489935319,19.454005100646786,28.81524234902979,17.581757650970186
20180614,B3SA3,B3,20.75,20.91,20.03,20.15,338637177.0,21.46599999999998,23.06049999999999,0.9268020852712585,1.8887683546258192,26.83803670925163,19.282963290748352,28.72680506387745,17.39419493612253
20180615,B3SA3,B3,20.0,20.09,19.31,19.79,469694636.0,21.34999999999998,22.89899999999999,0.9852971766506722,1.88523520942927,26.66947041885853,19.12852958114145,28.5547056282878,17.24329437171218
20180618,B3SA3,B3,19.5,19.67,19.1,19.21,203404006.0,21.19649999999998,22.727749999999993,1.0684187775448926,1.9017811994993692,26.531312398998733,18.924187601001254,28.4330935984981,17.022406401501886
20180619,B3SA3,B3,18.95,20.23,18.92,19.93,494487953.0,21.085499999999982,22.58349999999999,1.0794076104390227,1.8893419692906592,26.36218393858131,18.80481606141867,28.25152590787197,16.91547409212801
20180620,B3SA3,B3,20.1,20.34,19.6,19.78,174503044.0,20.906999999999982,22.43449999999999,0.9753924985951989,1.8689294206810512,26.17235884136209,18.69664115863789,28.041288262043143,16.827711737956836
20180621,B3SA3,B3,19.56,19.87,19.43,19.57,170430690.0,20.780499999999982,22.29124999999999,0.9765862939206548,1.8632507951537434,26.017751590307476,18.564748409692506,27.881002385461223,16.70149761453876
20180622,B3SA3,B3,19.65,19.98,19.49,19.97,169214614.0,20.698999999999977,22.163999999999994,0.9726031267198655,1.843011470949466,25.850022941898928,18.47797705810106,27.69303441284839,16.634965587151598
20180625,B3SA3,B3,20.0,21.04,19.8,20.69,250462324.0,20.68249999999998,22.039499999999997,0.9696655690440231,1.7667265834058348,25.572953166811665,18.50604683318833,27.3396797502175,16.739320249782494
20180626,B3SA3,B3,20.82,20.95,20.42,20.64,237022801.0,20.687999999999978,21.909749999999995,0.9690668327395098,1.6690923181977386,25.247934636395474,18.571565363604517,26.91702695459321,16.90247304540678
20180627,B3SA3,B3,20.45,20.62,20.08,20.2,175496750.0,20.661499999999975,21.782249999999998,0.9750858261820076,1.5966960880004475,24.975642176000893,18.588857823999103,26.57233826400134,16.992161735998657
20180628,B3SA3,B3,20.1,20.56,19.81,20.52,155871795.0,20.598999999999975,21.679999999999996,0.9397138422217445,1.540953750616318,24.76190750123263,18.59809249876736,26.302861251848952,17.05713874815104
20180629,B3SA3,B3,20.84,20.88,20.4,20.45,200100400.0,20.508999999999975,21.587249999999997,0.8557108463912183,1.4989346430390484,24.585119286078093,18.5893807139219,26.084053929117143,17.09044607088285
20180702,B3SA3,B3,20.45,20.7,20.11,20.64,73718010.0,20.399999999999974,21.502249999999997,0.6629836863913382,1.451945622171721,24.406141244343438,18.598358755656555,25.85808686651516,17.146413133484835
20180703,B3SA3,B3,20.85,21.38,20.45,20.89,132156818.0,20.338499999999975,21.424999999999997,0.540830501709124,1.3979343735742922,24.220868747148582,18.629131252851412,25.618803120722873,17.23119687927712
20180704,B3SA3,B3,20.8,21.15,20.57,21.14,57143720.0,20.32499999999997,21.356249999999996,0.5154507480683348,1.3400204504754185,24.03629090095083,18.67620909904916,25.376311351426253,17.33618864857374
20180705,B3SA3,B3,20.95,21.18,20.64,21.01,136925139.0,20.37549999999997,21.279999999999998,0.5311702571730262,1.2670134478067363,23.81402689561347,18.745973104386525,25.081040343420206,17.47895965657979
20180706,B3SA3,B3,21.05,21.97,21.0,21.75,168283763.0,20.42099999999997,21.20675,0.6066638712100587,1.144147622490786,23.495045244981572,18.918454755018427,24.639192867472357,17.774307132527642
20180710,B3SA3,B3,21.99,22.59,21.87,22.37,759809050.0,20.51849999999997,21.176,0.7469677298743775,1.0935892445966502,23.3631784891933,18.988821510806698,24.45676773378995,17.895232266210048
20180711,B3SA3,B3,22.2,22.65,22.2,22.38,264276311.0,20.58749999999997,21.15325,0.8503675675847455,1.0573488556593507,23.2679477113187,19.0385522886813,24.325296566978054,17.981203433021946
20180712,B3SA3,B3,22.49,23.14,22.45,23.06,216983427.0,20.706999999999972,21.15975,1.0146355321778808,1.0684723998451269,23.296694799690254,19.022805200309744,24.365167199535378,17.95433280046462
20180713,B3SA3,B3,23.18,23.82,23.07,23.82,240379398.0,20.89049999999997,21.17825,1.219734548342815,1.1082392769036076,23.394728553807212,18.961771446192785,24.502967830710823,17.853532169289174
20180716,B3SA3,B3,23.8,23.8,23.1,23.5,326366808.0,21.075999999999972,21.213,1.3214322373450467,1.1588415966618917,23.530683193323785,18.895316806676217,24.689524789985676,17.736475210014326
20180717,B3SA3,B3,23.4,24.27,23.33,23.94,323580158.0,21.31249999999997,21.2545,1.3913146944337822,1.2258203950928854,23.70614079018577,18.80285920981423,24.931961185278656,17.577038814721345
20180718,B3SA3,B3,23.71,24.0,23.09,23.22,226885765.0,21.476999999999972,21.281250000000004,1.4135699487467894,1.2571379531830904,23.795525906366183,18.766974093633824,25.052663859549273,17.509836140450734
20180719,B3SA3,B3,23.0,23.1,22.53,23.1,392856513.0,21.642999999999972,21.275000000000002,1.3986576271177797,1.24717115803563,23.769342316071263,18.78065768392874,25.016513474106894,17.53348652589311
20180720,B3SA3,B3,23.91,24.0,23.1,23.25,270764935.0,21.826999999999973,21.30375,1.352903699844388,1.2795125023186684,23.86277500463734,18.744724995362663,25.142287506956006,17.465212493043996
20180723,B3SA3,B3,23.04,23.14,22.78,22.99,189514129.0,21.977999999999973,21.338500000000003,1.302320196701581,1.306358316574013,23.95121663314803,18.725783366851978,25.25757494972204,17.419425050277965
20180724,B3SA3,B3,23.24,23.45,23.06,23.24,137811802.0,22.105499999999974,21.394000000000002,1.2943865647276207,1.3392244215522988,24.0724488431046,18.715551156895405,25.411673264656898,17.376326735343106
20180725,B3SA3,B3,23.31,24.21,23.29,23.78,218789750.0,22.262499999999978,21.475250000000003,1.2977019161417223,1.3833237333618227,24.24189746672365,18.708602533276355,25.62522120008547,17.325278799914535
20180726,B3SA3,B3,23.55,24.08,23.27,23.55,124345096.0,22.42999999999998,21.54575,1.2320116199041915,1.4158460141899178,24.37744202837984,18.714057971620164,25.793288042569756,17.298211957430247
20180727,B3SA3,B3,23.69,23.88,23.41,23.65,78896452.0,22.58649999999998,21.592750000000002,1.17405404251118,1.4541664058482018,24.501082811696406,18.6844171883036,25.95524921754461,17.230250782455396
20180730,B3SA3,B3,23.88,23.98,23.33,23.75,129303265.0,22.75149999999998,21.63025,1.0866233308547615,1.490438736817173,24.611127473634347,18.649372526365653,26.10156621045152,17.15893378954848
20180731,B3SA3,B3,23.5,23.79,23.37,23.79,169038274.0,22.90899999999998,21.6545,0.9883047686768877,1.5179303554849302,24.69036071096986,18.61863928903014,26.20829106645479,17.100708933545206
20180801,B3SA3,B3,23.79,23.96,23.48,23.67,162493729.0,23.04799999999998,21.69325,0.8788305626767544,1.5495729560604397,24.792395912120877,18.59410408787912,26.34196886818132,17.04453113181868
20180802,B3SA3,B3,23.5,24.47,23.36,24.1,170158324.0,23.195999999999984,21.7605,0.7848124147309304,1.594680178529512,24.949860357059023,18.571139642940977,26.54454053558854,16.976459464411462
20180803,B3SA3,B3,24.3,25.07,24.14,24.95,287759302.0,23.392999999999983,21.88425,0.6967752790345604,1.6458041250248354,25.17585825004967,18.59264174995033,26.82166237507451,16.946837624925493
20180806,B3SA3,B3,25.0,25.1,24.62,24.72,149109066.0,23.541499999999985,21.98125,0.6425629193029765,1.6962465161614306,25.37374303232286,18.58875696767714,27.06998954848429,16.892510451515708
20180807,B3SA3,B3,24.9,24.94,23.85,24.0,224962365.0,23.622999999999983,22.07075,0.5871348809439436,1.7061748903351919,25.483099780670383,18.658400219329618,27.189274671005577,16.952225328994423
20180808,B3SA3,B3,23.88,24.29,23.12,23.43,385662425.0,23.675499999999985,22.1315,0.5123164626427144,1.710328428499445,25.552156856998888,18.71084314300111,27.262485285498336,17.000514714501662
20180809,B3SA3,B3,23.34,23.54,22.8,23.26,357182786.0,23.685499999999983,22.19625,0.5015079891266954,1.7025888093859314,25.60142761877186,18.791072381228137,27.304016428157794,17.088483571842204
20180810,B3SA3,B3,23.6,23.6,22.5,22.78,285284895.0,23.633499999999984,22.262,0.5393199909437669,1.6720495637360138,25.606099127472028,18.917900872527973,27.27814869120804,17.24585130879196
20180813,B3SA3,B3,22.5,22.98,22.4,22.9,266897569.0,23.603499999999983,22.339750000000002,0.5632917819203057,1.6258228488668396,25.59139569773368,19.088104302266323,27.21721854660052,17.462281453399484
20180814,B3SA3,B3,23.28,23.39,22.87,23.33,134823135.0,23.572999999999983,22.44275,0.5606208963940692,1.5512575337117585,25.545265067423518,19.340234932576482,27.096522601135277,17.788977398864724
20180815,B3SA3,B3,22.91,23.35,22.71,23.19,301731158.0,23.57149999999998,22.524250000000002,0.5616542765045013,1.5006697436435612,25.525589487287125,19.52291051271288,27.026259230930684,18.02224076906932
20180816,B3SA3,B3,23.2,23.42,22.65,23.22,119174303.0,23.57749999999998,22.610250000000004,0.5569737308366624,1.4365708591410957,25.483391718282196,19.737108281717813,26.91996257742329,18.300537422576717
20180817,B3SA3,B3,22.79,23.09,22.5,22.55,141834799.0,23.542499999999983,22.68475,0.599041998351934,1.3494937084813785,25.38373741696276,19.985762583037243,26.733231125444135,18.636268874555867
20180820,B3SA3,B3,22.26,22.73,22.01,22.59,211985907.0,23.52249999999998,22.75025,0.6245914454138921,1.2759279931053313,25.302105986210663,20.19839401378934,26.578033979315997,18.922466020684006
20180821,B3SA3,B3,22.31,22.46,22.01,22.2,209812755.0,23.47049999999998,22.788000000000004,0.6892900619287123,1.2350941000172788,25.25818820003456,20.317811799965448,26.49328230005184,19.08271769994817
20180822,B3SA3,B3,21.87,22.43,21.86,22.43,236224740.0,23.40299999999998,22.83275,0.7226784973460321,1.1867537871361977,25.206257574272396,20.459242425727606,26.393011361408593,19.27248863859141
20180823,B3SA3,B3,22.43,22.49,21.09,21.13,190516122.0,23.28199999999998,22.856,0.8818377938923031,1.1421230792717503,25.1402461585435,20.571753841456502,26.282369237815253,19.42963076218475
20180824,B3SA3,B3,21.62,21.78,20.82,21.12,189968274.0,23.155499999999982,22.871000000000002,0.99983932919771,1.1142567949661613,25.099513589932325,20.64248641006768,26.213770384898485,19.52822961510152
20180827,B3SA3,B3,21.22,22.01,21.21,21.75,100365305.0,23.05549999999998,22.9035,1.0365909460697038,1.0594424029310239,25.02238480586205,20.784615194137952,26.081827208793072,19.72517279120693
20180828,B3SA3,B3,21.59,21.81,21.42,21.7,91489497.0,22.95099999999998,22.93,1.0636426982185712,1.0136403043815514,24.957280608763103,20.902719391236896,25.970920913144653,19.889079086855347
20180829,B3SA3,B3,21.73,22.47,21.71,22.25,139230421.0,22.879999999999978,22.964000000000002,1.060511296746203,0.9651060789311202,24.894212157862242,21.033787842137762,25.859318236793364,20.06868176320664
20180830,B3SA3,B3,22.09,22.1,21.51,21.67,131673644.0,22.758499999999977,22.97725,1.052552161477793,0.9428026617349026,24.862855323469805,21.091644676530198,25.80565798520471,20.148842014795292
20180831,B3SA3,B3,21.7,22.08,21.31,21.76,175256994.0,22.59899999999998,22.996000000000002,0.938503287715405,0.9095470836828383,24.81509416736568,21.176905832634326,25.724641251048517,20.267358748951487
20180903,B3SA3,B3,21.41,21.58,21.17,21.32,69747669.0,22.42899999999998,22.98525,0.8364769478058047,0.9270244305690403,24.839298861138083,21.13120113886192,25.76632329170712,20.20417670829288
20180904,B3SA3,B3,21.2,21.37,20.85,20.91,89693295.0,22.274499999999982,22.94875,0.8161557836331736,0.9791471629263522,24.907044325852706,20.990455674147295,25.88619148877906,20.011308511220943
20180905,B3SA3,B3,20.88,21.95,20.86,21.82,175156565.0,22.19399999999998,22.93475,0.7745246419918576,0.9914143936821057,24.917578787364214,20.95192121263579,25.90899318104632,19.960506818953682
20180906,B3SA3,B3,21.96,22.14,21.27,21.84,194591752.0,22.12299999999998,22.904250000000005,0.7357781416189204,1.0061194492474057,24.916488898494816,20.892011101505194,25.922608347742223,19.885891652257786
20180910,B3SA3,B3,22.29,22.4,21.69,21.88,142268883.0,22.07799999999998,22.855750000000004,0.7208518352761774,1.007601588693923,24.87095317738785,20.840546822612158,25.878554766081773,19.832945233918235
20180911,B3SA3,B3,21.37,21.37,20.67,21.06,225851853.0,21.985999999999983,22.79475,0.7278041957617439,1.0409068716194885,24.87656374323898,20.712936256761022,25.917470614858466,19.672029385141535
20180912,B3SA3,B3,21.23,21.4,20.86,21.2,179019339.0,21.879499999999982,22.72625,0.6746888171594183,1.0536862947255037,24.833622589451007,20.618877410548993,25.887308884176512,19.565191115823488
20180913,B3SA3,B3,21.16,21.4,21.0,21.2,179870847.0,21.77999999999998,22.67575,0.6153817813699697,1.077551563404241,24.83085312680848,20.52064687319152,25.908404690212723,19.443095309787278
20180914,B3SA3,B3,21.12,21.82,21.12,21.63,213190224.0,21.700499999999984,22.639000000000003,0.5138961086895735,1.0877306416195143,24.81446128323903,20.463538716760976,25.902191924858545,19.37580807514146
20180917,B3SA3,B3,21.49,22.17,21.49,22.12,122092005.0,21.67899999999998,22.610750000000003,0.48464745732821746,1.0861278847591258,24.783005769518255,20.43849423048175,25.86913365427738,19.352366345722626
20180918,B3SA3,B3,22.18,22.42,21.96,22.2,164098357.0,21.659499999999984,22.591,0.45286776273685536,1.0862374486602113,24.763474897320425,20.418525102679578,25.849712345980635,19.332287654019368
20180919,B3SA3,B3,21.97,22.51,21.95,22.34,115544607.0,21.66649999999998,22.568500000000004,0.4626385994317591,1.0817615026973362,24.732023005394677,20.40497699460533,25.813784508092013,19.323215491907995
20180920,B3SA3,B3,22.52,22.75,22.38,22.67,192777560.0,21.678499999999982,22.540750000000003,0.4860070932988651,1.0639775096427981,24.6687050192856,20.412794980714406,25.732682528928397,19.34881747107161
20180921,B3SA3,B3,22.8,23.39,22.65,23.1,384232868.0,21.776999999999983,22.529500000000006,0.5625889403369443,1.05537683147315,24.640253662946307,20.418746337053705,25.695630494419454,19.363369505580557
20180924,B3SA3,B3,22.8,22.83,22.13,22.78,226033422.0,21.859999999999985,22.507750000000005,0.5826527357923331,1.040553322972334,24.588856645944674,20.426643354055336,25.629409968917006,19.386090031083004
20180925,B3SA3,B3,22.29,22.69,22.17,22.48,233691893.0,21.896499999999985,22.476000000000006,0.598060681659766,1.0208663992551879,24.51773279851038,20.434267201489632,25.53859919776557,19.41340080223444
20180926,B3SA3,B3,22.69,23.12,22.47,22.6,147356085.0,21.941499999999987,22.446250000000006,0.6160850505195373,0.9986906492105351,24.443631298421078,20.448868701578935,25.442321947631612,19.4501780523684
20180927,B3SA3,B3,22.65,23.61,22.65,23.37,329794318.0,21.997499999999988,22.438750000000006,0.6918463093704059,0.9903565467767841,24.419463093553574,20.458036906446438,25.40981964033036,19.467680359669654
20180928,B3SA3,B3,22.93,23.54,22.82,23.4,203077024.0,22.083999999999985,22.421250000000008,0.7540933908377946,0.9661373993170023,24.353524798634012,20.488975201366003,25.319662197951015,19.522837802049
20181001,B3SA3,B3,23.4,23.43,22.6,22.95,188625944.0,22.143499999999985,22.371250000000007,0.7738711643079544,0.8798082177384142,24.130866435476836,20.611633564523178,25.01067465321525,19.731825346784763
20181002,B3SA3,B3,23.73,24.4,23.46,23.9,309530431.0,22.272499999999987,22.350750000000005,0.8414578514634324,0.8319282128177261,24.014606425635456,20.686893574364554,24.846534638453182,19.854965361546828
20181003,B3SA3,B3,25.0,25.45,24.16,24.27,315174357.0,22.440499999999982,22.357500000000005,0.8891774732568033,0.846618462185219,24.050736924370444,20.664263075629567,24.897355386555663,19.817644613444347
20181004,B3SA3,B3,24.15,24.49,23.73,24.47,213101636.0,22.572999999999983,22.383500000000005,0.9842127497863925,0.8949876091392918,24.17347521827859,20.59352478172142,25.068462827417882,19.698537172582128
20181005,B3SA3,B3,24.7,24.9,23.85,24.25,218628383.0,22.693499999999982,22.408250000000006,1.0359195000222285,0.9327403450489837,24.273730690097974,20.542769309902038,25.206471035146958,19.610028964853054
20181008,B3SA3,B3,26.4,26.73,24.6,24.7,926926813.0,22.834499999999984,22.456250000000008,1.1087236616464566,0.999383624142989,24.455017248285987,20.45748275171403,25.454400872428977,19.45809912757104
20181009,B3SA3,B3,24.73,25.47,24.43,25.1,325645141.0,23.036499999999982,22.51125000000001,1.1360980081887833,1.0815875973629134,24.67442519472584,20.348074805274184,25.75601279208875,19.266487207911272
20181010,B3SA3,B3,24.71,25.28,24.6,24.8,225863919.0,23.216499999999986,22.54800000000001,1.114801256774166,1.13383216774593,24.815664335491867,20.28033566450815,25.9494965032378,19.146503496762218
20181011,B3SA3,B3,25.0,25.0,23.75,23.82,416103489.0,23.347499999999986,22.563750000000006,1.0148262749954058,1.1472747809818595,24.858299561963726,20.269200438036286,26.005574342945586,19.121925657054426
20181015,B3SA3,B3,24.35,24.52,23.88,24.11,234999285.0,23.471499999999985,22.586000000000006,0.9428862464179919,1.1687573940531446,24.923514788106296,20.248485211893716,26.09227218215944,19.07972781784057
20181016,B3SA3,B3,24.49,25.14,24.46,25.0,260601587.0,23.615499999999987,22.647250000000007,0.9455350754717512,1.2294442928538172,25.10613858570764,20.188361414292373,26.335582878561457,18.958917121438557
20181017,B3SA3,B3,24.8,25.3,24.8,25.3,322249386.0,23.770499999999988,22.715000000000007,0.95532014474069,1.2989147343761798,25.312829468752366,20.11717053124765,26.611744203128545,18.81825579687147
20181018,B3SA3,B3,25.07,25.19,24.27,24.27,373572865.0,23.866999999999987,22.766750000000005,0.8990351553339401,1.31895138515804,25.404652770316083,20.128847229683927,26.723604155474124,18.809895844525887
20181019,B3SA3,B3,24.65,24.77,23.86,24.05,191101940.0,23.935999999999986,22.807250000000003,0.8541687248584574,1.3331416288467475,25.473533257693497,20.14096674230651,26.806674886540247,18.80782511345976
20181022,B3SA3,B3,24.25,24.95,24.18,24.6,182749246.0,24.01099999999999,22.894000000000005,0.8426768126193604,1.334100676630019,25.562201353260043,20.225798646739968,26.896302029890062,18.89169797010995
20181023,B3SA3,B3,24.17,25.12,24.07,25.0,182143147.0,24.121999999999986,22.991000000000007,0.8178379713417765,1.3428343541048404,25.67666870820969,20.305331291790324,27.019503062314527,18.962496937685486
20181024,B3SA3,B3,25.01,25.05,24.4,24.57,155274407.0,24.226499999999984,23.061500000000006,0.7252750839291495,1.3500171888744503,25.761534377748905,20.361465622251107,27.111551566623355,19.011448433376657
20181025,B3SA3,B3,24.74,25.19,24.47,24.5,335316528.0,24.321499999999983,23.131500000000006,0.6174333545966212,1.3502033085276597,25.831906617055324,20.431093382944688,27.182109925582985,19.080890074417027
20181026,B3SA3,B3,24.85,25.8,24.67,25.38,349734886.0,24.421999999999983,23.209750000000007,0.6179899505229731,1.3879767372247234,25.985703474449455,20.43379652555056,27.373680211674177,19.045819788325836
20181029,B3SA3,B3,26.3,26.44,24.65,25.1,768580179.0,24.506999999999984,23.295500000000008,0.5861120783784209,1.396339445175819,26.088178890351646,20.50282110964837,27.484518335527465,19.10648166447255
20181030,B3SA3,B3,25.58,26.5,25.4,26.4,564504307.0,24.679499999999983,23.411500000000007,0.6109136815588697,1.4569260755932882,26.325352151186586,20.49764784881343,27.782278226779873,19.04072177322014
20181031,B3SA3,B3,26.85,26.88,26.2,26.54,361349167.0,24.811499999999985,23.542000000000005,0.7106873988944743,1.4979870253794594,26.537974050758923,20.546025949241088,28.035961076138385,19.048038923861625
20181101,B3SA3,B3,26.75,28.1,26.34,27.44,745139615.0,24.969999999999988,23.705250000000007,0.9093027982731583,1.5583982366849116,26.82204647336983,20.588453526630182,28.38044471005474,19.030055289945274
20181105,B3SA3,B3,27.3,27.83,27.04,27.25,271833600.0,25.108999999999988,23.841000000000005,1.0329258392903689,1.6250409067829732,27.09108181356595,20.59091818643406,28.716122720348924,18.965877279651085
20181106,B3SA3,B3,27.0,27.19,26.65,26.86,233029357.0,25.239499999999985,23.966500000000003,1.0823778647520899,1.6600116619918062,27.286523323983616,20.64647667601639,28.946534985975422,18.986465014024585
20181107,B3SA3,B3,27.2,27.27,25.81,25.95,287951186.0,25.30199999999999,24.068250000000006,1.0856702998608883,1.6535631883749708,27.375376376749948,20.761123623250064,29.02893956512492,19.107560434875094
20181108,B3SA3,B3,26.1,26.33,25.42,25.55,281710374.0,25.32449999999999,24.180500000000006,1.0859265992448108,1.5954951807495235,27.371490361499053,20.98950963850096,28.966985542248576,19.394014457751435
20181109,B3SA3,B3,25.41,26.2,25.32,25.69,277025135.0,25.368999999999993,24.292750000000005,1.0815286452638915,1.5373119855857906,27.367373971171588,21.218126028828422,28.904685956757376,19.680814043242634
20181112,B3SA3,B3,25.57,25.99,25.02,25.89,170414297.0,25.472499999999993,24.410000000000004,1.0229517403856005,1.4728830963062556,27.355766192612514,21.464233807387494,28.82864928891877,19.99135071108124
20181113,B3SA3,B3,25.85,26.21,25.44,25.75,296632310.0,25.55449999999999,24.513000000000005,0.9724709439577823,1.4164676179922369,27.345935235984477,21.680064764015533,28.762402853976717,20.263597146023294
20181114,B3SA3,B3,25.58,26.1,25.48,26.0,220255127.0,25.60449999999999,24.610000000000007,0.96815872448143,1.3807950144011103,27.371590028802228,21.848409971197785,28.752385043203336,20.467614956796677
20181116,B3SA3,B3,26.1,27.29,25.74,27.29,288800354.0,25.70399999999999,24.737250000000003,1.0351577555848215,1.3875249824501068,27.512299964900215,21.96220003509979,28.899824947350325,20.57467505264968
20181119,B3SA3,B3,27.0,27.13,26.22,26.26,166432567.0,25.803499999999993,24.835250000000002,0.9844649896210181,1.3518420244150027,27.538934048830008,22.131565951169996,28.89077607324501,20.779723926754993
20181121,B3SA3,B3,25.99,26.65,25.72,26.65,265604949.0,25.93349999999999,24.93475,0.9095416717400138,1.3347485838356892,27.604247167671378,22.265252832328624,28.93899575150707,20.930504248492934
20181122,B3SA3,B3,26.7,26.7,26.31,26.59,74066664.0,26.032999999999994,25.022000000000002,0.8636769620274026,1.3257764053275252,27.673552810655053,22.37044718934495,28.999329215982577,21.044670784017427
20181123,B3SA3,B3,26.59,26.59,25.95,26.4,144314455.0,26.10299999999999,25.112500000000004,0.8316888335125799,1.2919310730205371,27.69636214604108,22.52863785395893,28.988293219061617,21.23670678093839
20181126,B3SA3,B3,26.5,26.93,26.0,26.39,284259479.0,26.19399999999999,25.21025000000001,0.7507568111404175,1.2342764671806714,27.67880293436135,22.741697065638668,28.913079401542024,21.507420598457994
20181127,B3SA3,B3,26.4,28.06,26.4,28.06,330642555.0,26.371999999999986,25.346750000000007,0.7500077192585513,1.2401041881374328,27.826958376274874,22.86654162372514,29.067062564412307,21.626437435587707
20181128,B3SA3,B3,27.91,28.47,27.41,28.2,272061466.0,26.512999999999987,25.467500000000005,0.8158824734766421,1.2772842785399168,28.022068557079837,22.912931442920172,29.299352835619754,21.635647164380256
20181129,B3SA3,B3,27.79,28.9,27.72,28.65,174156997.0,26.690499999999986,25.598750000000003,0.8762268091382984,1.3281125753567056,28.254975150713413,22.942524849286592,29.58308772607012,21.614412273929887
20181130,B3SA3,B3,28.47,28.77,28.08,28.2,214302010.0,26.78049999999999,25.73,0.9352707179151537,1.3190225596329361,28.368045119265872,23.09195488073413,29.68706767889881,21.77293232110119
20181203,B3SA3,B3,28.59,28.8,27.82,28.15,319960785.0,26.86099999999999,25.83625,0.9816200358269473,1.3388565490650854,28.51396309813017,23.15853690186983,29.852819647195254,21.819680352804745
20181204,B3SA3,B3,28.24,28.58,27.64,27.9,345326427.0,26.883999999999986,25.927000000000003,1.0010962412328708,1.352921245836582,28.632842491673166,23.22115750832684,29.98576373750975,21.868236262490257
20181205,B3SA3,B3,28.06,28.41,27.71,28.21,119293682.0,26.931999999999988,26.020500000000006,1.0417576240990405,1.3786372870450303,28.777774574090067,23.263225425909944,30.156411861135098,21.884588138864913
20181206,B3SA3,B3,27.69,28.71,27.55,28.59,333670625.0,27.01849999999999,26.129,1.105347170992495,1.4062293645210016,28.941458729042004,23.316541270957998,30.347688093563008,21.910311906436995
20181207,B3SA3,B3,28.44,29.2,28.29,28.5,321378945.0,27.145999999999987,26.224,1.1225459784277307,1.4352732251280051,29.09454645025601,23.35345354974399,30.529819675384015,21.918180324615985
20181210,B3SA3,B3,28.38,28.66,27.51,27.51,196729163.0,27.24399999999999,26.284250000000004,1.0596742299802682,1.4374619504440715,29.159173900888145,23.409326099111862,30.596635851332216,21.97186414866779
20181211,B3SA3,B3,27.77,28.26,27.31,27.59,250159780.0,27.338999999999988,26.354000000000003,0.9962978840107394,1.4312712656577553,29.216542531315515,23.49145746868449,30.647813796973267,22.06018620302674
20181212,B3SA3,B3,27.97,28.49,27.8,28.15,268089486.0,27.451999999999988,26.462250000000004,0.950410437653159,1.398063656340299,29.2583773126806,23.666122687319408,30.656440969020903,22.268059030979106
20181213,B3SA3,B3,28.38,28.38,27.7,27.7,250868809.0,27.549499999999988,26.55200000000001,0.8625816513601653,1.3578399135278616,29.267679827055733,23.836320172944287,30.625519740583595,22.478480259416425
20181214,B3SA3,B3,27.7,27.87,27.0,27.35,190443709.0,27.61699999999999,26.610750000000007,0.784206605430019,1.3396849754078215,29.29011995081565,23.931380049184362,30.62980492622347,22.591695073776542
20181217,B3SA3,B3,27.41,27.46,26.51,26.8,399564845.0,27.59249999999999,26.648250000000008,0.8024034619750505,1.3229432755248929,29.294136551049792,24.002363448950224,30.617079826574688,22.679420173425328
20181218,B3SA3,B3,27.0,27.27,26.65,26.65,241901068.0,27.611999999999988,26.70775000000001,0.7724983392931016,1.2655119314799337,29.238773862959878,24.176726137040145,30.504285794439813,22.91121420556021
20181219,B3SA3,B3,26.75,27.14,26.16,26.16,315220809.0,27.587499999999988,26.760500000000015,0.8114047273580677,1.1938344815052437,29.1481689630105,24.372831036989528,30.342003444515747,23.178996555484282
20181220,B3SA3,B3,26.35,26.84,25.82,26.1,358731519.0,27.562999999999988,26.798000000000012,0.8496073396452148,1.1468646221497056,29.091729244299422,24.504270755700603,30.23859386644913,23.357406133550896
20181221,B3SA3,B3,26.1,27.04,25.88,26.74,587335260.0,27.57999999999999,26.841500000000014,0.8282448150663444,1.1093022755145077,29.060104551029028,24.622895448971,30.169406826543536,23.513593173456492
20181226,B3SA3,B3,26.26,26.47,26.02,26.05,212206857.0,27.562999999999988,26.878500000000013,0.8569474589311138,1.0549457392779213,28.988391478555855,24.768608521444172,30.043337217833777,23.71366278216625
20181227,B3SA3,B3,26.01,26.31,25.62,26.16,249456337.0,27.46799999999999,26.920000000000016,0.9030276559267113,0.9896075368160879,28.89921507363219,24.94078492636784,29.88882261044828,23.951177389551752
20181228,B3SA3,B3,26.3,27.1,26.29,26.81,328780636.0,27.398499999999984,26.955750000000013,0.8971960708082446,0.9578685941139692,28.871487188227952,25.040012811772073,29.82935578234192,24.082144217658104
