DATA DO PREGAO,CODIGO DE NEGOGIACAO DO PAPEL,NOME RESUMIDO DA EMPRESA EMISSORA,PRECO DE ABERTURA,PRECO MAXIMO,PRECO MINIMO,PRECO FECHAMENTO,VOLUME TOTAL DE TITULOS NEGOCIADOS NESTE PAPEL,MA_20,MA_40,STD_20,STD_40,BANDA_1_40 SUPERIOR,BANDA_1_40 INFERIOR,BANDA_2_40 SUPERIOR,BANDA_2_40 INFERIOR
20180102,BBAS3,BRASIL,32.09,32.93,32.09,32.93,300320795.0,0.0,0.0,0.0,0.0,0.0,0.0,0.0,0.0
20180103,BBAS3,BRASIL,33.1,33.42,32.82,33.35,271479816.0,0.0,0.0,0.0,0.0,0.0,0.0,0.0,0.0
20180104,BBAS3,BRASIL,33.52,33.96,33.45,33.67,325419136.0,0.0,0.0,0.0,0.0,0.0,0.0,0.0,0.0
20180105,BBAS3,BRASIL,33.7,33.9,33.29,33.67,177069431.0,0.0,0.0,0.0,0.0,0.0,0.0,0.0,0.0
20180108,BBAS3,BRASIL,33.64,33.75,33.34,33.75,172545631.0,0.0,0.0,0.0,0.0,0.0,0.0,0.0,0.0
20180109,BBAS3,BRASIL,33.59,33.8,33.38,33.43,195449066.0,0.0,0.0,0.0,0.0,0.0,0.0,0.0,0.0
20180110,BBAS3,BRASIL,33.2,33.59,32.82,33.29,169259424.0,0.0,0.0,0.0,0.0,0.0,0.0,0.0,0.0
20180111,BBAS3,BRASIL,33.43,34.22,33.35,34.05,327374210.0,0.0,0.0,0.0,0.0,0.0,0.0,0.0,0.0
20180112,BBAS3,BRASIL,33.67,34.16,33.62,34.13,259491824.0,0.0,0.0,0.0,0.0,0.0,0.0,0.0,0.0
20180115,BBAS3,BRASIL,34.13,34.45,34.13,34.3,179991255.0,0.0,0.0,0.0,0.0,0.0,0.0,0.0,0.0
20180116,BBAS3,BRASIL,34.47,34.69,34.33,34.6,214882762.0,0.0,0.0,0.0,0.0,0.0,0.0,0.0,0.0
20180117,BBAS3,BRASIL,34.61,35.57,34.46,35.42,424601641.0,0.0,0.0,0.0,0.0,0.0,0.0,0.0,0.0
20180118,BBAS3,BRASIL,35.58,35.58,34.73,35.18,331878355.0,0.0,0.0,0.0,0.0,0.0,0.0,0.0,0.0
20180119,BBAS3,BRASIL,35.31,35.8,34.95,34.95,286782188.0,0.0,0.0,0.0,0.0,0.0,0.0,0.0,0.0
20180122,BBAS3,BRASIL,35.0,35.2,34.52,35.07,221007401.0,0.0,0.0,0.0,0.0,0.0,0.0,0.0,0.0
20180123,BBAS3,BRASIL,34.97,35.49,34.7,35.2,622321014.0,0.0,0.0,0.0,0.0,0.0,0.0,0.0,0.0
20180124,BBAS3,BRASIL,35.5,37.99,35.44,37.99,1026047547.0,0.0,0.0,0.0,0.0,0.0,0.0,0.0,0.0
20180126,BBAS3,BRASIL,38.4,39.5,38.15,39.17,944495887.0,0.0,0.0,0.0,0.0,0.0,0.0,0.0,0.0
20180129,BBAS3,BRASIL,38.91,39.2,38.51,38.95,518908935.0,0.0,0.0,0.0,0.0,0.0,0.0,0.0,0.0
20180130,BBAS3,BRASIL,38.47,38.95,38.3,38.8,419368264.0,35.095,0.0,2.0033301223081943,0.0,0.0,0.0,0.0,0.0
20180131,BBAS3,BRASIL,39.4,40.1,39.4,39.68,508715403.0,35.4325,0.0,2.1801759344748186,0.0,0.0,0.0,0.0,0.0
20180201,BBAS3,BRASIL,39.43,40.05,39.38,39.79,437962997.0,35.75449999999999,0.0,2.327043470971151,0.0,0.0,0.0,0.0,0.0
20180202,BBAS3,BRASIL,39.3,39.59,39.05,39.25,330401025.0,36.0335,0.0,2.3974114878562776,0.0,0.0,0.0,0.0,0.0
20180205,BBAS3,BRASIL,38.8,39.41,38.03,38.08,234408041.0,36.254000000000005,0.0,2.3712497260216776,0.0,0.0,0.0,0.0,0.0
20180206,BBAS3,BRASIL,37.65,40.08,37.31,39.75,506599222.0,36.554,0.0,2.416888822214905,0.0,0.0,0.0,0.0,0.0
20180207,BBAS3,BRASIL,39.73,40.61,39.49,39.79,560455954.0,36.872,0.0,2.402581068241749,0.0,0.0,0.0,0.0,0.0
20180208,BBAS3,BRASIL,40.01,40.22,38.54,38.54,497278309.0,37.1345,0.0,2.2739820741782877,0.0,0.0,0.0,0.0,0.0
20180209,BBAS3,BRASIL,38.66,38.79,37.26,37.82,382167470.0,37.32300000000001,0.0,2.1581427200257113,0.0,0.0,0.0,0.0,0.0
20180214,BBAS3,BRASIL,38.05,39.74,38.05,39.56,419538852.0,37.59450000000001,0.0,2.075276709514326,0.0,0.0,0.0,0.0,0.0
20180215,BBAS3,BRASIL,40.0,40.2,39.6,39.9,448113376.0,37.87450000000001,0.0,1.9831168317628258,0.0,0.0,0.0,0.0,0.0
20180216,BBAS3,BRASIL,40.13,40.31,39.7,40.3,263406204.0,38.15950000000001,0.0,1.8954029567406039,0.0,0.0,0.0,0.0,0.0
20180219,BBAS3,BRASIL,40.2,40.56,39.18,39.63,183852788.0,38.37000000000001,0.0,1.8068553665939737,0.0,0.0,0.0,0.0,0.0
20180220,BBAS3,BRASIL,39.25,40.93,39.13,40.8,361155216.0,38.65100000000001,0.0,1.7195375755371494,0.0,0.0,0.0,0.0,0.0
20180221,BBAS3,BRASIL,40.7,41.44,40.7,41.12,486179210.0,38.959500000000006,0.0,1.5673392639824404,0.0,0.0,0.0,0.0,0.0
20180222,BBAS3,BRASIL,43.13,43.28,42.14,42.4,729016248.0,39.32600000000001,0.0,1.4635371715920116,0.0,0.0,0.0,0.0,0.0
20180223,BBAS3,BRASIL,42.5,42.69,41.95,42.4,364730403.0,39.686,0.0,1.2676227232189452,0.0,0.0,0.0,0.0,0.0
20180226,BBAS3,BRASIL,42.52,43.11,42.52,43.02,300096025.0,39.9375,0.0,1.4049644123606688,0.0,0.0,0.0,0.0,0.0
20180227,BBAS3,BRASIL,42.85,43.1,42.3,42.6,254823926.0,40.109,0.0,1.5116421882387099,0.0,0.0,0.0,0.0,0.0
20180228,BBAS3,BRASIL,42.3,42.88,41.52,41.8,326651765.0,40.2515,0.0,1.5308452257701017,0.0,0.0,0.0,0.0,0.0
20180301,BBAS3,BRASIL,41.78,42.25,41.6,42.1,303890531.0,40.4165,37.75574999999999,1.5439500775948727,3.2214377165387615,44.19862543307752,31.312874566922467,47.420063149616276,28.091436850383708
20180302,BBAS3,BRASIL,41.56,42.41,41.2,42.2,237846539.0,40.542500000000004,37.9875,1.5830146955463609,3.198733523419256,44.38496704683851,31.590032953161483,47.58370057025776,28.39129942974223
20180305,BBAS3,BRASIL,42.25,42.88,41.92,42.55,256458995.0,40.68050000000001,38.217499999999994,1.6334608883239772,3.18746724467836,44.59243448935671,31.842565510643276,47.77990173403508,28.655098265964913
20180306,BBAS3,BRASIL,42.8,43.96,42.8,43.49,651512986.0,40.892500000000005,38.462999999999994,1.711321050195448,3.2063504295262404,44.87570085905247,32.050299140947516,48.08205128857871,28.843948711421273
20180307,BBAS3,BRASIL,43.1,43.6,42.61,43.19,340562653.0,41.14800000000001,38.70099999999999,1.6496653568144133,3.1947575647356925,45.09051512947138,32.31148487052861,48.28527269420707,29.116727305792914
20180308,BBAS3,BRASIL,44.0,44.3,42.88,43.42,391628110.0,41.331500000000005,38.94275,1.689606852433256,3.1763202282370298,45.29539045647405,32.59010954352594,48.471710684711084,29.41378931528891
20180309,BBAS3,BRASIL,43.51,44.05,43.09,43.71,400706632.0,41.52750000000001,39.199749999999995,1.728299666389496,3.1344475548904978,45.468645109780994,32.930854890218995,48.603092664671486,29.796407335328503
20180312,BBAS3,BRASIL,43.71,43.71,43.0,43.48,378830203.0,41.77450000000001,39.454499999999996,1.629018028396875,3.0549043797197353,45.56430875943947,33.34469124056052,48.6192131391592,30.289786860840792
20180313,BBAS3,BRASIL,43.48,43.57,42.69,42.85,365343801.0,42.02600000000001,39.674499999999995,1.350903791034548,2.9714452583005757,45.61739051660115,33.73160948339884,48.588835774901725,30.76016422509827
20180314,BBAS3,BRASIL,42.99,43.08,42.01,42.48,632973922.0,42.17200000000001,39.88324999999999,1.222002670339031,2.8632789053362666,45.60980781067252,34.15669218932746,48.473086716008794,31.29341328399119
20180315,BBAS3,BRASIL,42.19,42.43,41.69,42.39,368773166.0,42.296500000000016,40.085499999999996,1.098996072977963,2.7419401235303638,45.56938024706072,34.60161975293927,48.31132037059109,31.859679629408905
20180316,BBAS3,BRASIL,42.5,42.82,42.09,42.4,995674838.0,42.40150000000001,40.2805,0.9934590024120853,2.616301901735675,45.51310380347135,35.047896196528654,48.12940570520703,32.43159429479298
20180319,BBAS3,BRASIL,42.2,42.33,41.33,41.4,439277639.0,42.490000000000016,40.43,0.7919795318992155,2.499698443351193,45.429396886702385,35.430603113297614,47.92909533005358,32.93090466994642
20180320,BBAS3,BRASIL,41.69,41.82,41.07,41.56,248760751.0,42.52800000000002,40.5895,0.72174204460271,2.35550631499898,45.30051262999796,35.87848737000204,47.656018944996944,33.52298105500306
20180321,BBAS3,BRASIL,41.52,42.3,41.28,42.25,505468086.0,42.58450000000002,40.772,0.6459711171642729,2.183909925821722,45.139819851643445,36.40418014835655,47.32372977746516,34.220270222534836
20180322,BBAS3,BRASIL,41.89,42.53,41.14,41.49,331489688.0,42.53900000000002,40.9325,0.6901860923730603,1.9805551539779944,44.89361030795599,36.971389692044006,46.874165461933984,34.99083453806601
20180323,BBAS3,BRASIL,41.12,41.9,40.76,41.2,369714583.0,42.47900000000003,41.082499999999996,0.7522730467337211,1.7489289762888158,44.58035795257763,37.58464204742236,46.329286928866445,35.83571307113355
20180326,BBAS3,BRASIL,41.79,41.9,41.18,41.48,170465128.0,42.40200000000003,41.16975,0.7725255914684075,1.676238902714778,44.52222780542956,37.81727219457044,46.19846670814434,36.14103329185566
20180327,BBAS3,BRASIL,41.71,41.75,40.05,40.45,463370967.0,42.29450000000003,41.20175,0.8849351745511199,1.6490819318483854,44.49991386369677,37.903586136303225,46.148995795545154,36.25450420445484
20180328,BBAS3,BRASIL,40.1,40.57,39.73,40.32,319162704.0,42.22050000000003,41.236,0.9847172984642147,1.614990354817617,44.46598070963523,38.00601929036476,46.08097106445285,36.39102893554715
20180329,BBAS3,BRASIL,40.61,41.5,40.45,41.03,314317008.0,42.16700000000003,41.29174999999999,1.0200417948093197,1.5665049902938297,44.42475998058765,38.158740019412335,45.99126497088148,36.592235029118505
20180402,BBAS3,BRASIL,41.04,41.14,40.18,40.25,312811877.0,42.069500000000026,41.306,1.1062714761518944,1.5540101969767701,44.414020393953535,38.19797960604646,45.96803059093031,36.64396940906968
20180403,BBAS3,BRASIL,40.37,40.75,39.59,39.72,258723348.0,41.92800000000003,41.304249999999996,1.2170222503695884,1.5557995512243314,44.41584910244866,38.19265089755133,45.97164865367299,36.636851346327
20180404,BBAS3,BRASIL,38.81,40.05,38.72,40.05,301614519.0,41.75600000000003,41.32424999999999,1.2276867421463924,1.5336998795438788,44.39164975908775,38.256850240912236,45.92534963863163,36.723150361368354
20180405,BBAS3,BRASIL,41.74,41.75,40.88,41.22,496768297.0,41.65750000000003,41.40275,1.1848600850111153,1.4409434009063204,44.28463680181264,38.52086319818736,45.72558020271896,37.079919797281036
20180406,BBAS3,BRASIL,41.02,41.02,40.02,40.68,313674780.0,41.52050000000003,41.426,1.1273558957975016,1.4209563410172081,44.26791268203442,38.58408731796558,45.68886902305162,37.16313097694838
20180409,BBAS3,BRASIL,40.68,40.91,38.74,39.2,329370389.0,41.29500000000003,41.41125,1.1173629669896483,1.4412907098349375,44.29383141966988,38.52866858033013,45.735122129504816,37.08737787049519
20180410,BBAS3,BRASIL,39.83,39.83,38.21,38.73,504037586.0,41.057500000000026,41.416000000000004,1.1331923931971608,1.4318677062512501,44.279735412502504,38.552264587497504,45.71160311875376,37.12039688124625
20180411,BBAS3,BRASIL,38.4,39.45,38.4,39.05,220787751.0,40.86750000000002,41.44675,1.1353964065470301,1.364273804197897,44.175297608395795,38.71820239160421,45.539571412593695,37.35392858740631
20180412,BBAS3,BRASIL,39.12,39.45,38.9,38.95,229653409.0,40.691000000000024,41.43150000000001,1.1458616615317616,1.389088522404894,44.209677044809794,38.65332295519022,45.59876556721469,37.26423443278532
20180413,BBAS3,BRASIL,39.0,39.15,37.64,37.64,382030767.0,40.45350000000003,41.37500000000001,1.2615957939721945,1.494909310344254,44.36481862068852,38.3851813793115,45.859727931032765,36.89027206896725
20180416,BBAS3,BRASIL,37.9,38.19,36.3,36.3,419845836.0,40.14850000000003,41.275000000000006,1.484003387001356,1.6897534336898834,44.65450686737977,37.89549313262024,46.34426030106965,36.20573969893036
20180417,BBAS3,BRASIL,36.68,37.31,36.5,37.17,276054107.0,39.937000000000026,41.2135,1.5936323950416655,1.7927854705987067,44.799070941197414,37.62792905880259,46.59185641179612,35.835143588203884
20180418,BBAS3,BRASIL,37.33,38.5,37.33,38.02,443904266.0,39.760000000000026,41.144000000000005,1.600457171527766,1.8617840905969951,44.867568181193995,37.420431818806016,46.729352271790994,35.55864772820902
20180419,BBAS3,BRASIL,38.13,38.2,37.6,38.04,373795138.0,39.54950000000002,41.06700000000001,1.5310796844057208,1.9254066503548926,44.917813300709795,37.21618669929022,46.84321995106468,35.29078004893533
20180420,BBAS3,BRASIL,37.67,37.95,37.35,37.62,197287812.0,39.35600000000002,40.947500000000005,1.5174160862951496,1.9878744607733525,44.92324892154671,36.9717510784533,46.91112338232006,34.98387661767995
20180423,BBAS3,BRASIL,37.35,37.36,36.48,36.94,346833567.0,39.143000000000015,40.811,1.5437108401169755,2.0712882155303602,44.95357643106072,36.66842356893928,47.024864646591084,34.597135353408916
20180424,BBAS3,BRASIL,37.11,37.38,36.34,36.58,364558496.0,38.89800000000002,40.65,1.5421229386448603,2.144187133050315,44.93837426610063,36.361625733899366,47.08256139915095,34.21743860084905
20180425,BBAS3,BRASIL,36.33,37.13,35.9,37.06,256004233.0,38.72850000000002,40.5115,1.5488477041098125,2.1933600847873844,44.89822016957477,36.124779830425226,47.09158025436215,33.93141974563785
20180426,BBAS3,BRASIL,37.33,37.57,36.97,37.35,236155922.0,38.58000000000002,40.40025,1.5304969953029972,2.2387158492864185,44.877681698572836,35.922818301427164,47.11639754785926,33.68410245214074
20180427,BBAS3,BRASIL,37.6,37.84,37.19,37.35,231340208.0,38.39600000000002,40.2815,1.4389191850317926,2.271974798975451,44.8254495979509,35.7375504020491,47.09742439692636,33.465575603073646
20180430,BBAS3,BRASIL,37.5,37.6,36.55,36.7,202457643.0,38.21850000000002,40.144,1.416969616730285,2.3188367994673866,44.78167359893477,35.50632640106522,47.10051039840216,33.18748960159784
20180502,BBAS3,BRASIL,36.5,36.71,35.8,36.02,235027615.0,38.03350000000002,39.98075,1.4517259238212519,2.3743051750149156,44.72936035002983,35.23213964997017,47.10366552504475,32.857834474955254
20180503,BBAS3,BRASIL,36.0,36.22,35.0,35.0,309691888.0,37.78100000000002,39.7685,1.520100065958241,2.431348206770092,44.63119641354019,34.90580358645982,47.06254462031028,32.47445537968973
20180504,BBAS3,BRASIL,35.0,35.31,34.62,34.93,246447369.0,37.46650000000002,39.562,1.4184249047892008,2.4835119880668644,44.52902397613373,34.594976023866266,47.012535964200595,32.1114640357994
20180507,BBAS3,BRASIL,35.18,35.67,34.89,34.89,260899845.0,37.17700000000002,39.34875,1.3151389760461543,2.5098260104166843,44.36840202083337,34.32909797916663,46.87822803125005,31.819271968749952
20180508,BBAS3,BRASIL,35.15,36.19,35.0,35.84,316102510.0,37.00900000000002,39.152,1.256410509515498,2.4672846072825396,44.08656921456508,34.21743078543492,46.55385382184762,31.750146178152384
20180509,BBAS3,BRASIL,36.1,37.35,35.96,37.35,479222775.0,36.94000000000002,38.998749999999994,1.193226497226806,2.3804138699620516,43.7595777399241,34.23792226007589,46.13999160988615,31.85750839011384
20180510,BBAS3,BRASIL,36.97,36.97,35.81,35.98,740557293.0,36.786500000000025,38.827,1.1014405638932219,2.3429613083249383,43.512922616649874,34.14107738335012,45.85588392497481,31.798116075025185
20180511,BBAS3,BRASIL,36.32,36.54,35.59,35.81,329312315.0,36.62950000000002,38.66025,0.9955187751011485,2.313477222488773,43.28720444497755,34.03329555502245,45.60068166746632,31.719818332533677
20180514,BBAS3,BRASIL,35.81,36.23,34.4,34.92,310042613.0,36.49350000000002,38.473499999999994,1.0352079628343933,2.3061695959161828,43.08583919183236,33.861160808167625,45.392008787748544,31.554991212251444
20180515,BBAS3,BRASIL,34.4,34.4,33.69,33.97,412483275.0,36.377000000000024,38.26275,1.1792196349147037,2.323270227778519,42.909290455557034,33.61620954444296,45.23256068333556,31.292939316664437
20180516,BBAS3,BRASIL,34.0,34.73,34.0,34.47,258148393.0,36.242000000000026,38.089499999999994,1.2368023285876961,2.341639738872457,42.772779477744905,33.40622052225508,45.114419216617364,31.064580783382624
20180517,BBAS3,BRASIL,34.39,34.39,32.85,32.87,456321055.0,35.984500000000025,37.872249999999994,1.3754787683222212,2.4134170769221557,42.699084153844304,33.045415846155684,45.11250123076646,30.631998769233526
20180518,BBAS3,BRASIL,32.3,32.96,31.6,32.69,381038629.0,35.71700000000003,37.63324999999999,1.4715623634333816,2.441966827616517,42.517183655233026,32.74931634476695,44.95915048284954,30.30734951715044
20180521,BBAS3,BRASIL,33.49,33.49,31.9,31.91,308520133.0,35.43150000000003,37.39375,1.628464808210146,2.5224709980289997,42.438691996058,32.348808003942,44.961162994087,29.826337005912997
20180522,BBAS3,BRASIL,32.15,32.83,31.93,32.4,346696480.0,35.20450000000003,37.17375,1.7209222588637154,2.5653786520132082,42.304507304026416,32.04299269597358,44.869885956039624,29.477614043960372
20180523,BBAS3,BRASIL,32.0,32.25,31.6,31.7,282178425.0,34.96050000000003,36.929249999999996,1.8562652799300128,2.6101010762430454,42.149452152486084,31.709047847513904,44.75955322872913,29.09894677127086
20180524,BBAS3,BRASIL,30.6,31.2,30.19,30.73,624887885.0,34.64400000000003,36.686249999999994,2.0125197612628942,2.7238996249250147,42.13404924985002,31.238450750149966,44.85794887477504,28.514551125224948
20180525,BBAS3,BRASIL,31.16,31.29,29.95,30.09,295914932.0,34.28100000000003,36.430499999999995,2.148874613667149,2.851250692734764,42.13300138546953,30.727998614530467,44.984252078204285,27.876747921795705
20180528,BBAS3,BRASIL,29.7,29.7,27.73,27.88,416367422.0,33.807500000000026,36.101749999999996,2.45812910242943,3.0579370350378965,42.217624070075786,29.9858759299242,45.27556110511368,26.927938894886307
20180529,BBAS3,BRASIL,28.6,28.95,27.81,28.51,413135349.0,33.398000000000025,35.80825,2.627273151106735,3.2092381774320087,42.22672635486402,29.389773645135982,45.435964532296026,26.180535467703976
20180530,BBAS3,BRASIL,28.55,30.37,28.54,30.37,644081883.0,33.115500000000026,35.57449999999999,2.6342530650122282,3.2571672055834258,42.08883441116684,29.060165588833144,45.34600161675027,25.802998383249715
20180601,BBAS3,BRASIL,31.14,31.28,29.12,30.66,603874786.0,32.89850000000003,35.339749999999995,2.649556616333741,3.2647075398131378,41.86916507962627,28.81033492037372,45.13387261943941,25.545627380560582
20180604,BBAS3,BRASIL,31.22,31.4,30.78,31.1,259759205.0,32.70700000000003,35.086749999999995,2.6333590716041773,3.1885696395333394,41.46388927906668,28.709610720933316,44.65245891860001,25.52104108139998
20180605,BBAS3,BRASIL,30.85,30.96,29.07,29.12,358697726.0,32.41850000000003,34.79774999999999,2.6969130013484177,3.1924947944860347,41.18273958897206,28.412760411027925,44.3752343834581,25.220265616541887
20180606,BBAS3,BRASIL,29.0,29.24,27.68,27.68,401338733.0,32.01050000000002,34.50974999999999,2.7683445081473357,3.3028880039545045,41.115526007909,27.903973992090982,44.418414011863504,24.601085988136475
20180607,BBAS3,BRASIL,27.1,27.27,25.0,26.57,696098705.0,31.471500000000027,34.20574999999999,2.7230908812172383,3.460347461062538,41.12644492212506,27.28505507787491,44.5867923831876,23.824707616812375
20180608,BBAS3,BRASIL,26.85,27.78,25.16,26.95,600659651.0,31.020000000000028,33.90324999999999,2.6845523002228227,3.55363691455848,41.010523829116956,26.795976170883034,44.56416074367543,23.242339256324552
20180611,BBAS3,BRASIL,27.4,27.6,26.01,26.06,268841373.0,30.532500000000027,33.58099999999999,2.654033425006685,3.66689332632769,40.914786652655366,26.24721334734461,44.58167997898306,22.580320021016917
20180612,BBAS3,BRASIL,26.3,27.32,26.07,26.99,372287035.0,30.13600000000003,33.31474999999999,2.554550944161397,3.750310747808518,40.81537149561703,25.814128504382953,44.56568224342554,22.063817756574437
20180613,BBAS3,BRASIL,27.0,27.25,25.94,26.5,425105235.0,29.762500000000028,33.069749999999985,2.510187401265848,3.8685334712198873,40.80681694243976,25.33268305756021,44.67535041365964,21.464149586340323
20180614,BBAS3,BRASIL,26.75,26.88,25.3,25.3,380238101.0,29.304000000000023,32.77299999999998,2.441620255831019,3.999009620983403,40.77101924196679,24.774980758033177,44.77002886295019,20.775971137049773
20180615,BBAS3,BRASIL,25.3,25.4,24.31,25.0,746973014.0,28.910500000000024,32.447499999999984,2.470668937757573,4.0898296309572935,40.62715926191457,24.267840738085397,44.71698889287187,20.178011107128103
20180618,BBAS3,BRASIL,24.78,25.35,24.52,24.52,279320956.0,28.50200000000002,32.10949999999998,2.488228285346854,4.173607521508173,40.45671504301633,23.762284956983635,44.630322564524505,19.588677435475464
20180619,BBAS3,BRASIL,24.26,26.8,24.14,26.24,413571188.0,28.218500000000024,31.82499999999999,2.400976281695284,4.176211017362307,40.1774220347246,23.472577965275377,44.353633052086906,19.296366947913068
20180620,BBAS3,BRASIL,26.67,27.03,26.12,27.0,443216355.0,27.948500000000024,31.57649999999999,2.201325617368855,4.159746386500005,39.895992772999996,23.25700722699998,44.05573915950001,19.097260840499974
20180621,BBAS3,BRASIL,26.78,26.98,25.91,26.01,270642259.0,27.664000000000023,31.312249999999988,2.05370115183607,4.169467461230061,39.65118492246011,22.973315077539866,43.820652383690174,18.803847616309803
20180622,BBAS3,BRASIL,26.33,26.62,25.89,26.1,227377562.0,27.432500000000022,31.038249999999987,1.9481431780301561,4.142097132352884,39.32244426470575,22.75405573529422,43.46454139705864,18.611958602941336
20180625,BBAS3,BRASIL,26.35,27.0,25.97,26.86,292840563.0,27.271000000000022,30.77599999999999,1.847527223643928,4.063566577937804,38.903133155875594,22.64886684412438,42.9666997338134,18.58530026618658
20180626,BBAS3,BRASIL,27.06,27.48,26.77,27.18,323661953.0,27.23600000000002,30.52174999999999,1.8420052002898675,3.958497440592744,38.43874488118548,22.604755118814502,42.39724232177822,18.646257678221758
20180627,BBAS3,BRASIL,27.18,28.17,26.53,26.62,402067073.0,27.14150000000002,30.269749999999988,1.8215732789340362,3.875071868646993,38.01989373729398,22.519606262706002,41.89496560594097,18.644534394059008
20180628,BBAS3,BRASIL,26.53,28.15,26.53,28.15,307587462.0,27.030500000000018,30.07299999999999,1.6763352101660003,3.7741042068419848,37.62120841368396,22.52479158631602,41.39531262052594,18.750687379474037
20180629,BBAS3,BRASIL,28.58,28.9,28.05,28.65,393312100.0,26.930000000000017,29.914249999999992,1.4980583925096533,3.6942511732107537,37.3027523464215,22.525747653578485,40.99700351963225,18.831496480367733
20180702,BBAS3,BRASIL,28.28,29.4,28.2,29.39,249894700.0,26.844500000000018,29.775749999999995,1.2805404903276616,3.6041357209283325,36.98402144185666,22.56747855814333,40.588157162784995,18.963342837215
20180703,BBAS3,BRASIL,29.64,30.1,29.54,29.65,301346318.0,26.871000000000016,29.644749999999995,1.3344579029467465,3.5074126540287236,36.65957530805744,22.62992469194255,40.16698796208617,19.122512037913822
20180704,BBAS3,BRASIL,29.84,30.54,29.46,30.5,191294850.0,27.012000000000018,29.511249999999997,1.5551666013308414,3.36426635999967,36.23978271999934,22.782717280000657,39.60404907999901,19.418450920000986
20180705,BBAS3,BRASIL,30.68,30.79,29.61,29.79,297524439.0,27.173000000000012,29.322249999999997,1.6694754927979065,3.1157832184063037,35.5538164368126,23.09068356318739,38.66959965521891,19.974900344781084
20180706,BBAS3,BRASIL,29.54,30.04,29.06,29.46,269396056.0,27.29850000000001,29.159249999999997,1.7444868797684865,2.9231466953548324,35.00554339070966,23.31295660929033,37.92869008606449,20.3898099139355
20180710,BBAS3,BRASIL,29.9,30.21,29.0,29.21,433133774.0,27.456000000000017,28.99425,1.7688128638633873,2.717124127757286,34.428498255514576,23.56000174448543,37.145622383271856,20.842877616728142
20180711,BBAS3,BRASIL,28.95,29.98,28.71,29.79,431566716.0,27.596000000000014,28.865999999999996,1.8393889145440514,2.545929682594889,33.957859365189776,23.774140634810216,36.503789047784664,21.228210952215328
20180712,BBAS3,BRASIL,29.9,30.54,29.9,30.36,302568291.0,27.789000000000016,28.775749999999995,1.9191168473244102,2.4212943005226255,33.618338601045245,23.933161398954745,36.03963290156787,21.51186709843212
20180713,BBAS3,BRASIL,30.3,31.13,30.16,31.13,309319838.0,28.08050000000002,28.692249999999994,1.9634139842846126,2.2729349461061408,33.238119892212275,24.146380107787714,35.511054838318415,21.873445161681573
20180716,BBAS3,BRASIL,31.08,31.37,30.45,30.79,275165007.0,28.370000000000015,28.640249999999998,1.911469536632443,2.197445472034257,33.035140944068516,24.245359055931484,35.23258641610277,22.047913583897227
20180717,BBAS3,BRASIL,30.63,32.1,30.57,31.82,364941377.0,28.73500000000002,28.618499999999994,1.8329742870106662,2.160325889470777,32.93915177894155,24.29784822105844,35.09947766841233,22.13752233158766
20180718,BBAS3,BRASIL,31.8,32.23,31.39,31.62,406081707.0,29.00400000000002,28.61124999999999,1.8422966216397978,2.1494557301552386,32.91016146031047,24.312338539689513,35.05961719046571,22.162882809534274
20180719,BBAS3,BRASIL,31.17,31.34,30.37,31.34,840465255.0,29.22100000000002,28.584749999999985,1.8494121398860885,2.1076758222731087,32.8001016445462,24.369398355453768,34.90777746681931,22.26172253318066
20180720,BBAS3,BRASIL,32.5,33.33,32.07,33.0,643772618.0,29.57050000000002,28.617249999999984,1.871018509571201,2.1661557435069065,32.949561487013796,24.284938512986173,35.1157172305207,22.118782769479264
20180723,BBAS3,BRASIL,33.0,33.2,32.63,32.78,184806728.0,29.90450000000002,28.668499999999984,1.8142548854760807,2.2404023791525884,33.14930475830516,24.187695241694808,35.38970713745775,21.94729286254222
20180724,BBAS3,BRASIL,33.2,33.42,32.88,33.04,213969846.0,30.213500000000018,28.742249999999984,1.7946067594469746,2.3349545512514838,33.412159102502955,24.072340897497018,35.74711365375444,21.737386346245533
20180725,BBAS3,BRASIL,33.14,33.74,33.14,33.57,279264361.0,30.533000000000023,28.88449999999998,1.7949346858077952,2.45149242874721,33.787484857494405,23.98151514250556,36.238977286241614,21.53002271375835
20180726,BBAS3,BRASIL,33.54,33.67,32.41,32.48,251086827.0,30.826000000000022,28.98374999999998,1.5890460561044752,2.515470784809583,34.014691569619146,23.952808430380813,36.530162354428725,21.43733764557123
20180727,BBAS3,BRASIL,32.7,33.3,32.45,32.88,218841697.0,31.06250000000002,29.046499999999988,1.520311169672745,2.581381611780947,34.209263223561884,23.88373677643809,36.79064483534283,21.302355164657147
20180730,BBAS3,BRASIL,33.0,33.25,32.77,32.89,158173553.0,31.274500000000025,29.102249999999987,1.4606468466150342,2.640524896828092,34.38329979365617,23.821200206343804,37.02382469048426,21.180675309515713
20180731,BBAS3,BRASIL,32.76,32.84,32.09,32.5,225738431.0,31.430000000000025,29.137249999999987,1.4142731069538017,2.676714391917302,34.49067878383459,23.783821216165382,37.1673931757519,21.10710682424808
20180801,BBAS3,BRASIL,32.22,33.25,32.22,32.97,252684114.0,31.596000000000025,29.233499999999992,1.3889655370663525,2.7444410481310118,34.72238209626202,23.744617903737968,37.466823144393025,21.00017685560696
20180802,BBAS3,BRASIL,32.75,33.6,32.65,33.23,257838013.0,31.732500000000027,29.37224999999999,1.4095795379063698,2.803545820325833,34.979341640651654,23.765158359348323,37.78288746097749,20.96161253902249
20180803,BBAS3,BRASIL,33.52,34.52,33.43,34.23,434476570.0,31.95450000000003,29.56374999999999,1.4369172960854764,2.868096561243218,35.299943122486425,23.827556877513555,38.168039683729646,20.959460316270338
20180806,BBAS3,BRASIL,34.36,34.5,33.92,34.3,172730665.0,32.19650000000003,29.74749999999999,1.4018306639984863,2.9311017881178203,35.60970357623563,23.885296423764352,38.54080536435345,20.95419463564653
20180807,BBAS3,BRASIL,34.4,34.67,33.17,33.57,342361776.0,32.414500000000025,29.93524999999999,1.2429653634502298,2.9293685216949457,35.79398704338988,24.0765129566101,38.72335556508483,21.147144434915152
20180808,BBAS3,BRASIL,33.65,33.92,32.57,32.63,306684421.0,32.55650000000003,30.076249999999995,1.07872866204431,2.9196888554810614,35.91562771096212,24.236872289037873,38.83531656644318,21.31718343355681
20180809,BBAS3,BRASIL,33.2,33.92,33.1,33.6,522170044.0,32.71850000000003,30.25374999999999,0.9692334192818299,2.9125094365423982,36.07876887308478,24.428731126915192,38.991278309627184,21.516221690372795
20180810,BBAS3,BRASIL,33.05,33.13,31.5,31.75,640314127.0,32.749500000000026,30.414999999999992,0.9246420359993145,2.8078863297906924,36.03077265958137,24.799227340418607,38.83865898937207,21.991341010627913
20180813,BBAS3,BRASIL,31.6,32.2,31.2,31.9,283086651.0,32.80500000000003,30.587499999999995,0.8292260183290193,2.6755184017211557,35.938536803442304,25.236463196557683,38.61405520516346,22.56094479483653
20180814,BBAS3,BRASIL,32.45,33.06,32.15,33.0,278989980.0,32.864000000000026,30.799499999999995,0.7967988585915179,2.5134784865926174,35.82645697318523,25.77254302681476,38.33993545977785,23.25906454022214
20180815,BBAS3,BRASIL,32.4,32.72,32.1,32.3,415322028.0,32.898000000000025,30.950999999999993,0.7542971632761386,2.41220061248471,35.775401224969414,26.126598775030573,38.187601837454125,23.714398162545862
20180816,BBAS3,BRASIL,32.68,32.92,32.2,32.4,316168039.0,32.95100000000002,31.085999999999995,0.6717917910531727,2.3352919984337155,35.75658399686743,26.415416003132563,38.09187599530114,24.08012400469885
20180817,BBAS3,BRASIL,31.9,32.24,31.21,31.26,445003611.0,32.86400000000002,31.217249999999996,0.7705254529762945,2.1854143390517864,35.58807867810357,26.846421321896422,37.77349301715535,24.661006982844636
20180820,BBAS3,BRASIL,31.27,31.52,30.2,30.43,484510992.0,32.74650000000002,31.325499999999998,0.9437231697127845,2.026935225964617,35.37937045192923,27.271629548070763,37.40630567789385,25.24469432210615
20180821,BBAS3,BRASIL,30.3,30.48,29.18,29.22,452876270.0,32.55550000000002,31.384500000000003,1.2256490224839662,1.9254262931247812,35.23535258624956,27.53364741375044,37.16077887937435,25.608221120625657
20180822,BBAS3,BRASIL,29.0,30.19,28.73,30.0,408902745.0,32.377000000000024,31.455000000000002,1.3259796775453494,1.8160509424685347,35.08710188493707,27.822898115062934,36.903152827405606,26.006847172594398
20180823,BBAS3,BRASIL,30.0,30.58,29.15,29.24,514440997.0,32.21500000000002,31.520500000000006,1.4993244092625975,1.6792931205168482,34.879086241033704,28.16191375896631,36.55837936155055,26.48262063844946
20180824,BBAS3,BRASIL,29.93,30.08,28.9,29.64,313343919.0,32.05300000000002,31.557750000000006,1.5956358244319528,1.618019504018553,34.79378900803711,28.3217109919629,36.411808512055664,26.703691487944347
20180827,BBAS3,BRASIL,29.8,30.55,29.75,30.55,210430126.0,31.936000000000018,31.60525,1.6166840657410968,1.5572147843554573,34.719679568710916,28.490820431289087,36.276894353066375,26.93360564693363
20180828,BBAS3,BRASIL,30.6,30.85,30.25,30.4,185085227.0,31.831000000000017,31.6305,1.646053973662661,1.5282937528078904,34.68708750561578,28.57391249438422,36.215381258423676,27.04561874157633
20180829,BBAS3,BRASIL,30.64,31.43,30.5,31.09,251903359.0,31.737000000000016,31.666499999999996,1.6311994295448602,1.497087000537817,34.66067400107563,28.67232599892436,36.157761001613444,27.175238998386547
20180830,BBAS3,BRASIL,30.96,30.96,29.82,29.93,334994439.0,31.572000000000013,31.65225,1.6391127253230318,1.5111219935819244,34.67449398716385,28.630006012836148,36.18561598074577,27.118884019254224
20180831,BBAS3,BRASIL,29.96,30.73,29.72,30.1,327380185.0,31.365500000000015,31.659999999999997,1.5440223443979386,1.5020942645143844,34.66418852902876,28.655811470971226,36.16628279354315,27.153717206456843
20180903,BBAS3,BRASIL,29.86,29.92,29.39,29.39,175247974.0,31.120000000000015,31.65825,1.4397002612020904,1.50476148122699,34.66777296245398,28.648727037546017,36.172534443680966,27.143965556319028
20180904,BBAS3,BRASIL,29.4,29.49,28.52,28.64,318902159.0,30.873500000000014,31.644,1.4200566148832894,1.5310107269884414,34.70602145397688,28.581978546023116,36.23703218096532,27.050967819034675
20180905,BBAS3,BRASIL,28.31,29.26,28.1,28.69,215341602.0,30.676500000000015,31.616500000000002,1.4367517274448944,1.5744295670300055,34.76535913406001,28.46764086593999,36.339788701090015,26.893211298909986
20180906,BBAS3,BRASIL,29.2,29.5,28.4,29.33,294735089.0,30.463000000000015,31.590750000000003,1.289133123663501,1.6036582977359186,34.79806659547184,28.383433404528166,36.401724893207756,26.779775106792247
20180910,BBAS3,BRASIL,29.73,29.92,28.75,28.93,410206806.0,30.322000000000013,31.53575,1.2951634727140549,1.6567142140934612,34.849178428186924,28.222321571813076,36.505892642280386,26.565607357719617
20180911,BBAS3,BRASIL,28.24,28.25,27.57,27.62,344773889.0,30.108000000000015,31.4565,1.3720196407985352,1.7655471295512033,34.98759425910241,27.92540574089759,36.75314138865361,26.159858611346387
20180912,BBAS3,BRASIL,28.0,28.16,27.47,27.66,442735356.0,29.841000000000015,31.352500000000003,1.2971543754250339,1.863397434794796,35.079294869589596,27.62570513041041,36.942692304384394,25.762307695615615
20180913,BBAS3,BRASIL,27.9,27.95,27.12,27.29,186660223.0,29.590500000000013,31.244250000000005,1.2809432174440394,1.970171003251014,35.18459200650203,27.303907993497976,37.15476300975305,25.333736990246962
20180914,BBAS3,BRASIL,27.29,27.64,26.76,27.51,305753519.0,29.346000000000014,31.148500000000006,1.1790959962705105,2.056572391140128,35.261644782280264,27.03535521771975,37.31821717342039,24.97878282657962
20180917,BBAS3,BRASIL,27.4,28.45,27.3,28.45,400380447.0,29.20550000000002,31.03475000000001,1.104052225118707,2.077266432919272,35.18928286583855,26.880217134161466,37.26654929875782,24.802950701242196
20180918,BBAS3,BRASIL,28.39,29.72,28.27,29.72,465120795.0,29.170000000000023,30.95825000000001,1.0736019060301976,2.0676691788903647,35.09358835778074,26.82291164221928,37.1612575366711,24.755242463328916
20180919,BBAS3,BRASIL,29.35,30.25,29.05,29.42,351884312.0,29.180000000000017,30.86775000000001,1.0750226435804136,2.0533893026420853,34.974528605284185,26.760971394715842,37.027917907926266,24.707582092073757
20180920,BBAS3,BRASIL,29.88,29.92,29.17,29.5,190058885.0,29.15500000000002,30.766000000000012,1.060667614983025,2.0165619383698266,34.799123876739664,26.73287612326036,36.81568581510949,24.716314184890532
20180921,BBAS3,BRASIL,29.73,30.58,29.34,30.58,491415920.0,29.22200000000002,30.718500000000013,1.1076033871192286,1.997440092487568,34.71338018497515,26.723619815024875,36.710820277462716,24.72617972253731
20180924,BBAS3,BRASIL,30.38,30.7,29.5,29.73,392075341.0,29.226500000000023,30.63975000000001,1.109572108138082,1.971969583553803,34.583689167107615,26.695810832892406,36.55565875066142,24.7238412493386
20180925,BBAS3,BRASIL,29.03,29.76,28.81,29.55,343501849.0,29.176500000000022,30.556250000000006,1.068566550891569,1.9447690357890632,34.445788071578136,26.66671192842188,36.390557107367194,24.721942892632818
20180926,BBAS3,BRASIL,29.65,29.97,29.21,29.45,380243679.0,29.129000000000026,30.480000000000008,1.0317991440606573,1.926309078695962,34.332618157391934,26.627381842608084,36.25892723608789,24.701072763912123
20180927,BBAS3,BRASIL,29.68,30.3,29.68,30.29,264100977.0,29.08900000000002,30.413000000000004,0.9651282979889472,1.8836165432622163,34.18023308652444,26.645766913475573,36.06384962978665,24.762150370213355
20180928,BBAS3,BRASIL,29.83,29.98,29.3,29.45,379007520.0,29.065000000000026,30.318500000000007,0.9489467845986386,1.8328002255200881,33.984100451040185,26.65289954895983,35.81690067656027,24.82009932343974
20181001,BBAS3,BRASIL,29.55,29.76,28.2,28.21,448201668.0,28.970500000000026,30.168000000000006,0.9344487539101892,1.7486041319453152,33.665208263890634,26.670791736109376,35.413812395835954,24.922187604164062
20181002,BBAS3,BRASIL,29.7,31.56,29.65,31.43,997936665.0,29.072500000000026,30.09625000000001,1.0822922798151444,1.6295377471021,33.35532549420421,26.837174505795808,34.98486324130631,25.20763675869371
20181003,BBAS3,BRASIL,35.0,35.42,33.33,34.28,1212926779.0,29.354500000000023,30.11400000000001,1.5827407108856566,1.6716685967726128,33.457337193545236,26.770662806454787,35.12900579031785,25.098994209682175
20181004,BBAS3,BRASIL,33.68,35.88,33.52,35.12,962350916.0,29.676000000000023,30.176250000000003,2.0304067520936435,1.8085221158696299,33.79329423173926,26.559205768260743,35.60181634760889,24.750683652391114
20181005,BBAS3,BRASIL,36.05,36.29,34.59,35.74,840648007.0,29.99650000000002,30.229750000000006,2.437928963603951,1.939323814883471,34.10839762976695,26.351102370233065,36.04772144465042,24.411778555349592
20181008,BBAS3,BRASIL,40.5,40.75,38.57,39.2,1651574105.0,30.510000000000026,30.416000000000007,3.1724123313340096,2.3936066553451605,35.20321331069033,25.628786689309685,37.59681996603549,23.235180033964525
20181009,BBAS3,BRASIL,38.91,39.7,38.4,39.0,993540532.0,31.079000000000025,30.593500000000006,3.616283203860892,2.744071978946772,36.08164395789355,25.10535604210646,38.825715936840325,22.36128406315969
20181010,BBAS3,BRASIL,38.2,38.2,37.12,37.35,781610570.0,31.563500000000026,30.702250000000003,3.7795408729799966,2.922298434627352,36.54684686925471,24.857653130745298,39.46914530388206,21.935354696117948
20181011,BBAS3,BRASIL,38.0,38.17,36.79,37.2,718093379.0,32.05900000000003,30.824750000000005,3.838932006088216,3.0889422199939855,37.00263443998798,24.646865560012035,40.09157665998196,21.55792334001805
20181015,BBAS3,BRASIL,37.92,38.44,37.41,37.72,500182249.0,32.56950000000003,30.957750000000004,3.8808022434326186,3.2678562623349707,37.493462524669944,24.422037475330065,40.76131878700492,21.15418121299509
20181016,BBAS3,BRASIL,38.21,39.5,38.21,39.37,709446563.0,33.11550000000003,31.160500000000003,4.035800937921292,3.5282987474534937,38.21709749490699,24.103902505093014,41.745396242360485,20.57560375763952
20181017,BBAS3,BRASIL,38.78,39.74,38.61,39.71,643130861.0,33.61500000000003,31.392500000000002,4.207975510234928,3.775474668748132,38.94344933749627,23.84155066250374,42.7189240062444,20.066075993755604
20181018,BBAS3,BRASIL,39.32,39.98,39.22,39.25,627734104.0,34.10650000000003,31.643250000000002,4.265885821503586,3.956233891286504,39.55571778257301,23.730782217426995,43.511951673859514,19.77454832614049
20181019,BBAS3,BRASIL,39.83,39.86,39.16,39.58,386967533.0,34.61050000000004,31.882749999999998,4.288398639904749,4.139915140651403,40.1625802813028,23.602919718697194,44.302495421954205,19.46300457804579
20181022,BBAS3,BRASIL,39.85,40.24,39.71,39.85,403331760.0,35.074000000000034,32.147999999999996,4.330599083389351,4.302937696564137,40.75387539312827,23.542124606871724,45.05681308969241,19.239186910307584
20181023,BBAS3,BRASIL,39.24,40.19,39.11,39.99,549380394.0,35.58700000000003,32.406749999999995,4.271527644889201,4.456699012693527,41.32014802538705,23.493351974612942,45.776847038080575,19.036652961919415
20181024,BBAS3,BRASIL,40.05,40.32,39.06,39.1,548882500.0,36.06450000000004,32.62049999999999,4.091124507619165,4.568984036764082,41.75846807352816,23.48253192647183,46.32745211029224,18.913547889707747
20181025,BBAS3,BRASIL,39.65,40.35,39.41,40.1,578570395.0,36.59700000000004,32.862999999999985,3.8721082248903116,4.7035421458671545,42.27008429173429,23.455915708265678,46.97362643760145,18.75237356239852
20181026,BBAS3,BRASIL,40.5,42.57,39.62,42.42,839886973.0,37.203500000000034,33.146249999999995,3.7811405617046905,4.929743680599443,43.00573736119888,23.286762638801108,47.935481041798326,18.357018958201667
20181029,BBAS3,BRASIL,44.0,44.5,41.24,41.87,1594164631.0,37.824500000000036,33.444749999999985,3.4457456224650262,5.08892210011369,43.62259420022737,23.266905799772605,48.71151630034105,18.177983699658917
20181030,BBAS3,BRASIL,42.62,43.4,41.72,43.1,956589356.0,38.56900000000003,33.76974999999999,2.8087905245009575,5.281315632273099,44.332381264546186,23.20711873545379,49.613696896819285,17.92580310318069
20181031,BBAS3,BRASIL,43.45,43.6,41.62,42.75,528207647.0,39.13500000000003,34.103749999999984,2.406188293808944,5.417918839488273,44.93958767897653,23.267912321023438,50.3575065184648,17.849993481535165
20181101,BBAS3,BRASIL,42.8,43.56,42.44,43.38,677695533.0,39.59000000000004,34.47224999999999,2.2977517615910497,5.536740912838288,45.54573182567656,23.398768174323415,51.08247273851485,17.862027261485125
20181105,BBAS3,BRASIL,43.55,43.59,42.72,43.41,448296433.0,40.004500000000036,34.84024999999998,2.1943575369570087,5.630950408234824,46.10215081646963,23.578349183530335,51.733101224704455,17.94739877529551
20181106,BBAS3,BRASIL,42.51,43.24,42.26,42.47,517575841.0,40.34100000000004,35.16874999999999,2.0146434972601632,5.684279350170007,46.537308700340006,23.800191299659975,52.22158805051001,18.11591194948997
20181107,BBAS3,BRASIL,42.78,43.08,40.86,41.45,490763258.0,40.453500000000034,35.48174999999999,2.010392145564491,5.676635825457868,46.83502165091573,24.128478349084254,52.5116574763736,18.451842523626386
20181108,BBAS3,BRASIL,42.55,42.76,40.52,40.6,715116015.0,40.53350000000004,35.80624999999999,1.9811301267073294,5.585973591195935,46.97819718239186,24.634302817608123,52.5641707735878,19.048329226412186
20181109,BBAS3,BRASIL,40.5,41.77,39.73,41.5,520539135.0,40.741000000000035,36.15224999999999,1.842637983121518,5.4963617278696,47.14497345573919,25.159526544260785,52.64133518360879,19.663164816391188
20181112,BBAS3,BRASIL,41.78,42.49,41.29,42.18,462009480.0,40.99000000000003,36.52449999999999,1.6670648647122062,5.383834278510205,47.2921685570204,25.75683144297958,52.6760028355306,20.372997164469375
20181113,BBAS3,BRASIL,42.25,42.63,41.53,41.7,473108922.0,41.189000000000036,36.87924999999999,1.4836331650448782,5.240209130442143,47.35966826088428,26.398831739115707,52.59987739132642,21.15862260867356
20181114,BBAS3,BRASIL,41.75,42.01,40.93,41.77,649844228.0,41.30900000000003,37.21224999999999,1.4246510191326927,5.112487220221001,47.437224440441994,26.987275559557986,52.54971166066299,21.874788339336988
20181116,BBAS3,BRASIL,42.08,43.1,41.83,43.09,638148370.0,41.47800000000003,37.54649999999999,1.4254624365078046,5.046727068364614,47.639954136729216,27.45304586327076,52.686681205093834,22.406318794906145
20181119,BBAS3,BRASIL,43.11,44.3,42.84,44.1,699973855.0,41.72050000000003,37.913499999999985,1.438963351276127,4.973853456338276,47.861206912676536,27.965793087323433,52.83506036901481,22.991939630985158
20181121,BBAS3,BRASIL,43.5,44.1,43.27,44.0,546629242.0,41.94150000000003,38.27599999999998,1.4323197048292464,4.872296778464538,48.02059355692906,28.531406443070907,52.892890335393595,23.65910966460637
20181122,BBAS3,BRASIL,44.06,44.87,43.6,44.45,471164073.0,42.17150000000003,38.62274999999998,1.448037783019722,4.803610280900112,48.22997056180021,29.015529438199756,53.03358084270032,24.211919157299647
20181123,BBAS3,BRASIL,45.0,45.79,44.71,44.8,657063759.0,42.41200000000003,38.99949999999998,1.465977669105446,4.677584271329022,48.354668542658025,29.64433145734194,53.03225281398705,24.966747186012917
20181126,BBAS3,BRASIL,45.07,45.73,43.62,44.01,508009782.0,42.65750000000003,39.36099999999998,1.2816842332198155,4.483293089134032,48.32758617826805,30.394413821731916,52.81087926740208,25.911120732597887
20181127,BBAS3,BRASIL,44.05,45.4,43.65,45.05,603563437.0,42.90500000000002,39.75099999999998,1.2390509950849953,4.272600721232559,48.296201442465104,31.205798557534866,52.56880216369766,26.933197836302305
20181128,BBAS3,BRASIL,45.3,45.8,44.36,45.76,599380604.0,43.072000000000024,40.13774999999998,1.3865466378551563,4.090527197857304,48.318804395714594,31.956695604285375,52.40933159357189,27.866168406428073
20181129,BBAS3,BRASIL,45.4,45.91,44.97,45.24,440943168.0,43.240500000000026,40.532499999999985,1.4366498859279926,3.78301179024442,48.09852358048882,32.966476419511146,51.881535370733246,29.183464629266723
20181130,BBAS3,BRASIL,45.28,45.32,44.3,44.63,505114369.0,43.31700000000002,40.942999999999984,1.4691426071011875,3.2673247898014957,47.477649579602975,34.40835042039699,50.744974369404474,31.141025630595497
20181203,BBAS3,BRASIL,45.6,45.6,44.05,44.1,556561766.0,43.384500000000024,41.25974999999998,1.4727292065378308,2.916782990354378,47.09331598070874,35.42618401929123,50.010098971063115,32.50940102893685
20181204,BBAS3,BRASIL,44.11,44.6,43.33,43.66,486840074.0,43.39850000000003,41.49424999999998,1.4740144789691185,2.71105040433997,46.91635080867992,36.07214919132004,49.627401213019894,33.361098786980065
20181205,BBAS3,BRASIL,43.85,44.17,43.42,44.1,216890251.0,43.43300000000003,41.718749999999986,1.4823491314020782,2.5358194826757834,46.79038896535155,36.64711103464842,49.32620844802734,34.111291551972634
20181206,BBAS3,BRASIL,43.48,44.37,43.08,44.37,360994329.0,43.52800000000003,41.93449999999998,1.4782621375684681,2.376199238387421,46.68689847677482,37.182101523225136,49.06309771516224,34.805902284837714
20181207,BBAS3,BRASIL,44.36,44.93,43.81,44.03,347693121.0,43.657000000000025,42.05524999999998,1.3977617446249266,2.3563171911116614,46.7678843822233,37.34261561777666,49.124201573334965,34.986298426664995
20181210,BBAS3,BRASIL,43.95,44.25,42.6,42.74,411192668.0,43.764000000000024,42.14874999999998,1.222329096869051,2.3056321092223433,46.76001421844467,37.53748578155529,49.06564632766701,35.231853672332946
20181211,BBAS3,BRASIL,43.3,43.55,42.48,42.99,400607861.0,43.838500000000025,42.289749999999984,1.1180352833148515,2.1733000872477146,46.63635017449541,37.943149825504555,48.80965026174313,35.76984973825684
20181212,BBAS3,BRASIL,43.19,43.6,42.86,42.98,538899234.0,43.878500000000024,42.43424999999998,1.0688029457492074,2.0124087971053073,46.459067594210595,38.40943240578936,48.4714763913159,36.39702360868405
20181213,BBAS3,BRASIL,43.0,44.25,42.64,44.08,350212519.0,43.997500000000024,42.593249999999976,0.9379702329470888,1.877087743669983,46.34742548733994,38.83907451266001,48.22451323100992,36.96198676899003
20181214,BBAS3,BRASIL,43.77,44.5,43.65,44.1,313697180.0,44.114000000000026,42.71149999999998,0.7777592646084597,1.8168478620529371,46.34519572410586,39.0778042758941,48.16204358615879,37.26095641384117
20181217,BBAS3,BRASIL,44.05,44.53,43.51,43.7,288897561.0,44.14450000000003,42.81124999999998,0.7468352527411408,1.756355766046064,46.323961532092106,39.29853846790785,48.08031729813817,37.54218270186179
20181218,BBAS3,BRASIL,44.0,44.42,43.76,43.8,353677352.0,44.12950000000002,42.924999999999976,0.7507783680253569,1.6647491533531193,46.25449830670622,39.595501693293734,47.91924746005933,37.93075253994062
20181219,BBAS3,BRASIL,44.0,44.7,43.8,43.8,335203464.0,44.11950000000002,43.030499999999975,0.7539194079504069,1.5788310346258154,46.188162069251604,39.87283793074835,47.766993103877425,38.294006896122525
20181220,BBAS3,BRASIL,44.0,44.54,43.8,44.08,341364819.0,44.10100000000002,43.136249999999976,0.7499115737346197,1.5000353628310836,46.136320725662145,40.136179274337806,47.63635608849323,38.63614391150672
20181221,BBAS3,BRASIL,44.06,44.75,43.73,44.09,616532048.0,44.06550000000003,43.238749999999975,0.7316633896742099,1.4173344203026166,46.07341884060521,40.40408115939474,47.49075326090782,38.986746739092126
20181226,BBAS3,BRASIL,43.77,44.38,43.04,44.38,323504231.0,44.084000000000024,43.37074999999998,0.7348569499175921,1.2590276824313298,45.88880536486264,40.85269463513732,47.14783304729397,39.59366695270599
20181227,BBAS3,BRASIL,44.28,45.12,44.07,45.12,313841764.0,44.08750000000003,43.49624999999998,0.7398497358106094,1.1718157891025143,45.83988157820501,41.152618421794955,47.01169736730753,39.98080263269244
20181228,BBAS3,BRASIL,45.19,46.49,44.85,46.49,593221787.0,44.12400000000003,43.59799999999998,0.8381772203010894,1.2500568192215344,46.098113638443046,41.09788636155691,47.34817045766458,39.847829542335376
