DATA DO PREGAO,CODIGO DE NEGOGIACAO DO PAPEL,NOME RESUMIDO DA EMPRESA EMISSORA,PRECO DE ABERTURA,PRECO MAXIMO,PRECO MINIMO,PRECO FECHAMENTO,VOLUME TOTAL DE TITULOS NEGOCIADOS NESTE PAPEL,MA_20,MA_40,STD_20,STD_40,BANDA_1_40 SUPERIOR,BANDA_1_40 INFERIOR,BANDA_2_40 SUPERIOR,BANDA_2_40 SUPEROR
20180102,BBSE3,BBSEGURIDADE,28.65,28.79,28.54,28.7,54458850.0,,,,,,,,
20180103,BBSE3,BBSEGURIDADE,28.7,28.96,28.52,28.72,60519618.0,,,,,,,,
20180104,BBSE3,BBSEGURIDADE,28.83,28.98,28.7,28.78,67776023.0,,,,,,,,
20180105,BBSE3,BBSEGURIDADE,28.81,29.17,28.62,28.97,74665007.0,,,,,,,,
20180108,BBSE3,BBSEGURIDADE,29.0,29.19,28.8,29.14,76232734.0,,,,,,,,
20180109,BBSE3,BBSEGURIDADE,29.14,29.14,28.74,29.04,84764280.0,,,,,,,,
20180110,BBSE3,BBSEGURIDADE,28.92,29.24,28.71,28.92,64986842.0,,,,,,,,
20180111,BBSE3,BBSEGURIDADE,28.92,29.28,28.78,29.09,56320009.0,,,,,,,,
20180112,BBSE3,BBSEGURIDADE,29.03,29.32,28.86,29.15,131982338.0,,,,,,,,
20180115,BBSE3,BBSEGURIDADE,29.09,29.26,29.02,29.11,24316211.0,,,,,,,,
20180116,BBSE3,BBSEGURIDADE,29.18,29.77,29.03,29.63,58577661.0,,,,,,,,
20180117,BBSE3,BBSEGURIDADE,29.65,30.73,29.65,30.31,145104881.0,,,,,,,,
20180118,BBSE3,BBSEGURIDADE,30.31,31.04,30.11,30.62,95979339.0,,,,,,,,
20180119,BBSE3,BBSEGURIDADE,30.94,31.07,30.51,30.69,88309042.0,,,,,,,,
20180122,BBSE3,BBSEGURIDADE,30.7,30.87,30.37,30.55,70005147.0,,,,,,,,
20180123,BBSE3,BBSEGURIDADE,30.53,30.84,30.45,30.69,102607832.0,,,,,,,,
20180124,BBSE3,BBSEGURIDADE,30.78,31.93,30.78,31.81,124597085.0,,,,,,,,
20180126,BBSE3,BBSEGURIDADE,32.0,32.55,31.8,32.5,111339479.0,,,,,,,,
20180129,BBSE3,BBSEGURIDADE,32.33,32.33,30.97,31.2,120905808.0,,,,,,,,
20180130,BBSE3,BBSEGURIDADE,31.15,31.41,30.94,31.21,71370653.0,29.94150000000001,,1.153526743239366,,,,,
20180131,BBSE3,BBSEGURIDADE,31.51,31.93,31.11,31.11,172395994.0,30.062000000000005,,1.1428385712776745,,,,,
20180201,BBSE3,BBSEGURIDADE,31.23,32.2,31.23,31.92,84111183.0,30.222,,1.1687762380955722,,,,,
20180202,BBSE3,BBSEGURIDADE,31.47,32.05,31.36,31.75,59597088.0,30.370500000000003,,1.164589265747685,,,,,
20180205,BBSE3,BBSEGURIDADE,31.65,31.84,31.25,31.25,73495761.0,30.484500000000004,,1.1314009713159752,,,,,
20180206,BBSE3,BBSEGURIDADE,31.0,32.19,30.78,31.92,97378062.0,30.6235,,1.128292958411066,,,,,
20180207,BBSE3,BBSEGURIDADE,31.98,31.98,31.15,31.25,153765126.0,30.734,,1.0718572175139922,,,,,
20180208,BBSE3,BBSEGURIDADE,31.5,31.64,30.32,30.44,151834692.0,30.81000000000001,,0.9869943742174204,,,,,
20180209,BBSE3,BBSEGURIDADE,30.5,30.78,30.12,30.61,135601247.0,30.886000000000006,,0.9024842905762056,,,,,
20180214,BBSE3,BBSEGURIDADE,30.63,31.48,30.63,31.05,76280738.0,30.981000000000005,,0.8048465038358782,,,,,
20180215,BBSE3,BBSEGURIDADE,31.53,31.79,31.21,31.27,47194566.0,31.089000000000006,,0.6750196878220389,,,,,
20180216,BBSE3,BBSEGURIDADE,31.39,31.75,31.13,31.75,86025600.0,31.195000000000004,,0.5956376503599393,,,,,
20180219,BBSE3,BBSEGURIDADE,30.97,31.04,30.06,30.28,197404248.0,31.193500000000007,,0.5980166781691079,,,,,
20180220,BBSE3,BBSEGURIDADE,30.39,30.64,29.53,30.39,223730533.0,31.182000000000006,,0.6116810314293879,,,,,
20180221,BBSE3,BBSEGURIDADE,30.7,31.18,30.18,30.85,101829590.0,31.190000000000005,,0.6059268672216525,,,,,
20180222,BBSE3,BBSEGURIDADE,30.85,30.88,30.29,30.55,106563839.0,31.190000000000005,,0.6059268672216525,,,,,
20180223,BBSE3,BBSEGURIDADE,29.89,30.02,29.56,29.75,116425884.0,31.143,,0.6788232852750211,,,,,
20180226,BBSE3,BBSEGURIDADE,29.75,29.95,29.4,29.6,89695889.0,31.032500000000006,,0.7415125012254877,,,,,
20180227,BBSE3,BBSEGURIDADE,29.41,29.7,29.23,29.31,58729197.0,30.873,,0.7522464601725305,,,,,
20180228,BBSE3,BBSEGURIDADE,29.31,29.72,28.89,29.1,143092183.0,30.768,,0.8450387720784103,,,,,
20180301,BBSE3,BBSEGURIDADE,28.93,29.45,28.91,29.21,63702129.0,30.668,30.304749999999995,0.9061114140859499,1.0879243645938448,32.48059872918768,28.128901270812307,33.56852309378153,27.04097690621846
20180302,BBSE3,BBSEGURIDADE,29.03,29.27,28.87,29.2,53670129.0,30.5725,30.317249999999994,0.9563355224914243,1.0717658266522052,32.4607816533044,28.173718346695583,33.53254747995661,27.10195252004338
20180305,BBSE3,BBSEGURIDADE,28.99,29.45,28.99,29.42,58663643.0,30.4475,30.334749999999996,0.9340622936512579,1.0505212076356696,32.43579241527134,28.233707584728656,33.486313622907005,27.183186377092987
20180306,BBSE3,BBSEGURIDADE,29.48,29.7,29.19,29.5,59403748.0,30.335,30.352749999999997,0.9039416609028399,1.029149480807405,32.41104896161481,28.294451038385187,33.440198442422215,27.265301557577782
20180307,BBSE3,BBSEGURIDADE,29.39,29.46,28.67,29.05,113226326.0,30.225,30.354749999999996,0.9204432570635077,1.026467648459186,32.407685296918366,28.301814703081625,33.434152945377555,27.275347054622436
20180308,BBSE3,BBSEGURIDADE,29.0,29.18,28.72,28.8,96943999.0,30.069,30.34624999999999,0.8816246963777458,1.0381262397914752,32.42250247958294,28.26999752041704,33.46062871937442,27.231871280625565
20180309,BBSE3,BBSEGURIDADE,28.85,29.7,28.8,29.47,54283236.0,29.98,30.356999999999992,0.8452218643646147,1.0264132221303954,32.40982644426078,28.3041735557392,33.43623966639118,27.277760333608807
20180312,BBSE3,BBSEGURIDADE,29.4,29.8,29.11,29.43,63188172.0,29.929499999999997,30.369749999999993,0.8464630747068066,1.0111594956489425,32.392068991297876,28.34743100870211,33.40322848694682,27.336271513053166
20180313,BBSE3,BBSEGURIDADE,29.43,29.65,29.04,29.04,80965707.0,29.850999999999992,30.368499999999994,0.8528089808947447,1.0128116487765302,32.39412329755305,28.342876702446933,33.406934946329585,27.330065053670403
20180314,BBSE3,BBSEGURIDADE,29.04,29.29,28.76,28.77,52419494.0,29.736999999999995,30.35899999999999,0.8363271835201415,1.0262273452323136,32.411454690464616,28.306545309535363,33.43768203569693,27.280317964303052
20180315,BBSE3,BBSEGURIDADE,28.75,28.8,27.84,27.94,111507840.0,29.5705,30.329749999999997,0.8464817279714132,1.0781025294945568,32.48595505898911,28.173544941010885,33.564057588483664,27.095442411516327
20180316,BBSE3,BBSEGURIDADE,27.98,28.48,27.96,28.15,176442146.0,29.390499999999996,30.292749999999995,0.7339043032410871,1.1270200951499458,32.54679019029989,28.0387098097001,33.67381028544983,26.911689714550157
20180319,BBSE3,BBSEGURIDADE,28.08,28.24,27.9,28.05,110333206.0,29.278999999999996,30.236249999999995,0.7605669630368872,1.1814673351822143,32.59918467036442,27.873315329635567,33.780652005546635,26.69184799445335
20180320,BBSE3,BBSEGURIDADE,28.19,28.36,27.95,28.15,133182822.0,29.166999999999994,30.174500000000002,0.7532463076577254,1.2246547394140235,32.62380947882805,27.725190521171953,33.84846421824207,26.500535781757932
20180321,BBSE3,BBSEGURIDADE,28.17,28.6,28.06,28.39,62774113.0,29.043999999999993,30.117,0.6589017976507314,1.2534858063283627,32.623971612656725,27.610028387343277,33.87745741898509,26.356542581014914
20180322,BBSE3,BBSEGURIDADE,28.16,28.78,28.04,28.65,105656304.0,28.948999999999995,30.069500000000005,0.5598674655196217,1.2725120522324818,32.61452410446497,27.52447589553504,33.88703615669745,26.25196384330256
20180323,BBSE3,BBSEGURIDADE,28.35,29.66,28.35,29.51,198151024.0,28.936999999999994,30.040000000000003,0.5441468455055866,1.2714356916292373,32.58287138325848,27.497128616741527,33.854307074887714,26.22569292511229
20180326,BBSE3,BBSEGURIDADE,29.68,29.74,28.96,29.08,77465491.0,28.910999999999994,29.971750000000004,0.5228051866210695,1.2470249468028767,32.465799893605755,27.477700106394252,33.712824840408636,26.230675159591375
20180327,BBSE3,BBSEGURIDADE,29.09,29.32,28.81,29.05,99979188.0,28.897999999999996,29.8855,0.5155436578582762,1.1854652878587164,32.25643057571743,27.514569424282566,33.44189586357615,26.32910413642385
20180328,BBSE3,BBSEGURIDADE,28.82,29.35,28.82,29.24,68052316.0,28.904999999999994,29.8365,0.5193670236577929,1.1701469335745178,32.17679386714904,27.496206132850965,33.34694080072355,26.326059199276447
20180329,BBSE3,BBSEGURIDADE,29.25,29.57,28.96,29.27,77972192.0,28.907999999999994,29.788,0.5213908524826917,1.1518195193380802,32.09163903867616,27.48436096132384,33.24345855801424,26.33254144198576
20180402,BBSE3,BBSEGURIDADE,29.3,29.3,28.67,28.74,60434997.0,28.88499999999999,29.72875,0.5179666723682204,1.142994688952823,32.01473937790565,27.442760622094355,33.157734066858474,26.299765933141533
20180403,BBSE3,BBSEGURIDADE,28.92,28.97,28.37,28.37,84693116.0,28.832499999999992,29.639999999999997,0.5140845210049019,1.1057031641356052,31.851406328271207,27.428593671728787,32.957109492406815,26.322890507593183
20180404,BBSE3,BBSEGURIDADE,28.19,28.42,28.02,28.3,78355401.0,28.77249999999999,29.553749999999997,0.5019632509090238,1.0709034946585048,31.695556989317005,27.41194301068299,32.766460483975514,26.341039516024484
20180405,BBSE3,BBSEGURIDADE,28.8,28.81,28.25,28.79,54376531.0,28.759499999999992,29.492249999999995,0.49774729373553667,1.0412184368965702,31.574686873793134,27.409813126206856,32.615905310689705,26.368594689310285
20180406,BBSE3,BBSEGURIDADE,28.75,28.89,28.31,28.55,72038781.0,28.746999999999993,29.407999999999994,0.4998115434314884,0.9739062240962103,31.355812448192413,27.460187551807575,32.32971867228863,26.486281327711364
20180409,BBSE3,BBSEGURIDADE,28.62,28.72,28.24,28.45,96902839.0,28.69599999999999,29.337999999999994,0.47350207024501456,0.9380836986330326,31.21416739726606,27.461832602733928,32.15225109589909,26.523748904100895
20180410,BBSE3,BBSEGURIDADE,28.5,28.86,28.31,28.65,78530321.0,28.656999999999993,29.293249999999993,0.4408615966132914,0.9267931683623278,31.14683633672465,27.439663663275336,32.07362950508698,26.51287049491301
20180411,BBSE3,BBSEGURIDADE,28.65,28.66,28.22,28.22,67110179.0,28.615999999999996,29.2335,0.44149745186127615,0.9167124930270126,31.066924986054026,27.400075013945973,31.983637479081036,26.483362520918963
20180412,BBSE3,BBSEGURIDADE,28.39,28.5,28.0,28.0,69297607.0,28.577499999999997,29.157249999999998,0.46052458646291894,0.8881469833887689,30.933543966777535,27.38095603322246,31.821690950166303,26.492809049833692
20180413,BBSE3,BBSEGURIDADE,28.0,28.25,27.69,27.94,62947421.0,28.577499999999997,29.074,0.46052458646291894,0.8397826336587806,30.753565267317562,27.39443473268244,31.593347900976344,26.55465209902366
20180416,BBSE3,BBSEGURIDADE,27.99,28.05,27.55,27.7,76667974.0,28.555,28.97275,0.4924001368164342,0.7480058531925148,30.46876170638503,27.47673829361497,31.216767559577544,26.72873244042246
20180417,BBSE3,BBSEGURIDADE,27.56,28.0,27.54,27.77,57518111.0,28.541000000000004,28.910000000000004,0.5111380491248515,0.7407757541582496,30.391551508316503,27.428448491683504,31.132327262474753,26.687672737525254
20180418,BBSE3,BBSEGURIDADE,27.8,28.6,27.79,28.4,102274189.0,28.553500000000003,28.86025,0.5040809772040088,0.704780334936231,30.269810669872463,27.45068933012754,30.974591004808694,26.745908995191307
20180419,BBSE3,BBSEGURIDADE,28.15,28.43,27.94,28.0,54436826.0,28.534000000000002,28.789000000000005,0.5180875764213099,0.6395062197728887,30.068012439545782,27.509987560454228,30.707518659318673,26.870481340681337
20180420,BBSE3,BBSEGURIDADE,27.78,27.94,27.48,27.48,62543148.0,28.475500000000004,28.712250000000004,0.5679554745335529,0.606090826315326,29.924431652630656,27.500068347369353,30.530522478945983,26.893977521054026
20180423,BBSE3,BBSEGURIDADE,27.47,27.98,27.47,27.8,68294253.0,28.390000000000004,28.663500000000006,0.5315716518519717,0.5988602422465487,29.861220484493103,27.46577951550691,30.46008072673965,26.86691927326036
20180424,BBSE3,BBSEGURIDADE,27.8,28.18,27.46,27.51,54238484.0,28.311500000000002,28.611250000000005,0.5401683460785789,0.6061868523813473,29.8236237047627,27.39887629523731,30.429810557144048,26.792689442855963
20180425,BBSE3,BBSEGURIDADE,27.47,27.84,27.38,27.52,47291288.0,28.235000000000003,28.56650000000001,0.5384138498257789,0.6192118646580821,29.804923729316172,27.328076270683844,30.424135593974256,26.70886440602576
20180426,BBSE3,BBSEGURIDADE,27.6,27.89,27.6,27.87,54217798.0,28.166500000000003,28.535750000000007,0.4886746307481589,0.622570714756003,29.780891429512014,27.290608570488,30.403462144268016,26.668037855732
20180427,BBSE3,BBSEGURIDADE,27.9,28.02,27.71,28.02,51970177.0,28.104000000000003,28.506000000000007,0.4144038203441156,0.6179403340212241,29.741880668042455,27.27011933195756,30.35982100206368,26.652178997936335
20180430,BBSE3,BBSEGURIDADE,27.92,28.07,27.48,27.48,51669981.0,28.041000000000004,28.463000000000005,0.40835871743514085,0.6281686854945118,29.719337370989027,27.20666262901098,30.34750605648354,26.57849394351647
20180502,BBSE3,BBSEGURIDADE,27.3,27.59,26.78,27.48,84243486.0,27.996500000000005,28.414500000000004,0.41897462553490805,0.6272771848765679,29.66905436975314,27.159945630246867,30.296331554629706,26.5326684453703
20180503,BBSE3,BBSEGURIDADE,27.34,27.54,27.05,27.44,115716970.0,27.95350000000001,28.363000000000007,0.43016857160886623,0.6203977218956712,29.60379544379135,27.122204556208665,30.22419316568702,26.501806834312994
20180504,BBSE3,BBSEGURIDADE,27.14,27.47,27.03,27.06,102333601.0,27.867000000000008,28.313250000000004,0.42703506573633476,0.6432624678652626,29.59977493573053,27.026725064269478,30.243037403595793,26.383462596404215
20180507,BBSE3,BBSEGURIDADE,26.94,27.03,26.25,26.35,116834866.0,27.757000000000012,28.252000000000002,0.515936552606817,0.7090086976429407,29.670017395285885,26.83398260471412,30.379026092928825,26.12497390707118
20180508,BBSE3,BBSEGURIDADE,26.4,27.15,26.4,26.9,84336939.0,27.679500000000008,28.187750000000005,0.5227304326927764,0.7122427110804189,29.612235422160843,26.763264577839166,30.32447813324126,26.05102186675875
20180509,BBSE3,BBSEGURIDADE,26.76,27.43,26.71,27.05,62452884.0,27.599500000000006,28.12825,0.48764174727378756,0.705181873249008,29.53861374649802,26.717886253501984,30.243795619747026,26.012704380252977
20180510,BBSE3,BBSEGURIDADE,27.24,27.98,27.21,27.75,93686356.0,27.576000000000004,28.096000000000004,0.4670557275439427,0.691786242366969,29.479572484733943,26.712427515266064,30.17135872710091,26.0206412728991
20180511,BBSE3,BBSEGURIDADE,27.5,28.26,27.5,27.95,93126875.0,27.573500000000006,28.075500000000005,0.464795087844346,0.6834000592812723,29.44230011856255,26.70869988143746,30.12570017784382,26.02529982215619
20180514,BBSE3,BBSEGURIDADE,27.99,28.07,27.3,27.33,131048394.0,27.543000000000006,28.060250000000003,0.45946307336879344,0.6932365101279394,29.44672302025588,26.673776979744126,30.13995953038382,25.980540469616187
20180515,BBSE3,BBSEGURIDADE,27.01,27.14,26.55,26.93,70194305.0,27.5045,28.02975,0.4775207352896874,0.7156617432623014,29.461073486524604,26.598426513475395,30.176735229786903,25.882764770213097
20180516,BBSE3,BBSEGURIDADE,26.85,27.49,26.75,27.35,85701601.0,27.483500000000003,28.01225,0.4744556437589949,0.7236676085692333,29.459585217138468,26.564914782861536,30.1832528257077,25.841247174292302
20180517,BBSE3,BBSEGURIDADE,27.26,27.26,26.19,26.5,75075322.0,27.388500000000004,27.970999999999997,0.4714956605259107,0.7616439709349403,29.494287941869878,26.447712058130115,30.25593191280482,25.686068087195174
20180518,BBSE3,BBSEGURIDADE,26.21,26.81,26.18,26.67,135987021.0,27.322000000000003,27.927999999999997,0.47449252670064995,0.7855594119756922,29.49911882395138,26.356881176048613,30.284678235927075,25.57132176407292
20180521,BBSE3,BBSEGURIDADE,27.0,27.19,26.38,26.65,99749915.0,27.2805,27.877999999999997,0.49576602078848886,0.8019054231593106,29.481810846318616,26.274189153681377,30.283716269477928,25.472283730522065
20180522,BBSE3,BBSEGURIDADE,26.65,27.99,26.59,27.7,89567303.0,27.275500000000005,27.832749999999997,0.49072958573517944,0.7572791630364827,29.347308326072962,26.318191673927032,30.104587489109445,25.56091251089055
20180523,BBSE3,BBSEGURIDADE,27.39,27.67,27.25,27.5,56190992.0,27.275000000000006,27.79325,0.49048311307379144,0.7313155953485506,29.255881190697103,26.330618809302898,29.98719678604565,25.59930321395435
20180524,BBSE3,BBSEGURIDADE,27.3,28.3,27.29,28.0,165170088.0,27.299000000000007,27.767000000000003,0.5142690264627824,0.7033589738916045,29.173717947783214,26.360282052216792,29.877076921674817,25.65692307832519
20180525,BBSE3,BBSEGURIDADE,28.07,28.15,27.09,27.35,99148251.0,27.273000000000007,27.719749999999998,0.49672718340843164,0.6642654995151851,29.048280999030368,26.391219000969627,29.712546498545553,25.726953501454442
20180528,BBSE3,BBSEGURIDADE,27.02,27.23,26.37,26.86,91109739.0,27.21500000000001,27.659499999999998,0.47202252399427785,0.6283758062228039,28.916251612445606,26.40274838755439,29.54462741866841,25.774372581331587
20180529,BBSE3,BBSEGURIDADE,26.99,27.13,25.81,26.04,179079155.0,27.143000000000008,27.591999999999995,0.5350858268589253,0.6538336650391036,28.899667330078202,26.28433266992179,29.553500995117307,25.630499004882683
20180530,BBSE3,BBSEGURIDADE,26.0,26.44,25.77,26.06,182364287.0,27.072000000000003,27.534249999999997,0.5803138896548616,0.6846443489983606,28.90353869799672,26.164961302003274,29.588183046995077,25.480316953004916
20180601,BBSE3,BBSEGURIDADE,26.38,27.0,26.01,26.44,122983978.0,27.022000000000002,27.48775,0.5899384446034124,0.6943969436745956,28.87654388734919,26.098956112650807,29.570940831023783,25.404559168976213
20180604,BBSE3,BBSEGURIDADE,26.52,27.0,26.45,26.51,68274219.0,26.994500000000006,27.43075,0.600793116156547,0.6781475049438307,28.78704500988766,26.07445499011234,29.465192514831493,25.396307485168506
20180605,BBSE3,BBSEGURIDADE,26.4,26.52,25.48,25.5,127746303.0,26.952000000000005,27.3545,0.6743464672516497,0.7192943479371732,28.79308869587435,25.915911304125654,29.51238304381152,25.196616956188482
20180606,BBSE3,BBSEGURIDADE,25.5,26.41,25.5,25.85,118897737.0,26.899500000000007,27.289499999999997,0.7180637341600219,0.7350630532870601,28.759626106574117,25.819373893425876,29.494689159861178,25.084310840138816
20180607,BBSE3,BBSEGURIDADE,25.5,26.08,24.93,25.26,149447401.0,26.81000000000001,27.204749999999997,0.8046509540756066,0.768831906205773,28.74241381241154,25.667086187588453,29.511245718617317,24.898254281382677
20180608,BBSE3,BBSEGURIDADE,25.42,25.79,24.63,25.46,75820515.0,26.69550000000001,27.135749999999994,0.8264857435011064,0.7986523504774019,28.7330547009548,25.53844529904519,29.5317070514322,24.73979294856779
20180611,BBSE3,BBSEGURIDADE,25.61,25.73,25.23,25.5,57621720.0,26.573000000000008,27.073249999999994,0.8122036301582016,0.8266161714313338,28.726482342862663,25.420017657137326,29.553098514293996,24.593401485705993
20180612,BBSE3,BBSEGURIDADE,25.5,25.62,25.25,25.4,63569332.0,26.476500000000005,27.009749999999997,0.8319430332218518,0.8553856155454407,28.720521231090878,25.298978768909116,29.575906846636318,24.443593153363675
20180613,BBSE3,BBSEGURIDADE,25.36,25.48,24.71,25.0,91414572.0,26.380000000000006,26.942249999999994,0.8867029408224728,0.9046333369708278,28.75151667394165,25.132983326058337,29.656150010912476,24.228349989087512
20180614,BBSE3,BBSEGURIDADE,25.03,25.25,24.63,24.84,59685206.0,26.254500000000007,26.868999999999993,0.9192186327185232,0.9532099615348295,28.775419923069652,24.962580076930333,29.72862988460448,24.009370115395505
20180615,BBSE3,BBSEGURIDADE,24.77,25.14,24.65,24.66,124307285.0,26.162500000000005,26.775499999999994,0.9832056860355846,0.9821717171916944,28.73984343438338,24.811156565616606,29.72201515157508,23.82898484842491
20180618,BBSE3,BBSEGURIDADE,24.63,24.85,24.29,24.55,53279983.0,26.056500000000007,26.689249999999994,1.0383452169070566,1.0225367838659762,28.73432356773195,24.64417643226804,29.756860351597922,23.621639648402066
20180619,BBSE3,BBSEGURIDADE,24.57,25.51,24.48,24.71,86514309.0,25.95950000000001,26.619999999999994,1.0701130043623182,1.0606964330461959,28.741392866092387,24.4986071339076,29.802089299138583,23.437910700861405
20180620,BBSE3,BBSEGURIDADE,24.75,24.96,24.3,24.55,51956445.0,25.802000000000003,26.538749999999993,1.0315782491942225,1.092004009337995,28.722758018675982,24.354741981324004,29.814762028013977,23.26273797198601
20180621,BBSE3,BBSEGURIDADE,24.35,24.54,24.09,24.13,68809495.0,25.633500000000005,26.454249999999995,1.0147194323141189,1.144435562366993,28.74312112473398,24.165378875266008,29.887556687100975,23.020943312899014
20180622,BBSE3,BBSEGURIDADE,24.2,24.54,23.83,24.32,51633750.0,25.449500000000008,26.374249999999996,0.8888577827160224,1.1793389880428558,28.73292797608571,24.015572023914284,29.912266964128563,22.83623303587143
20180625,BBSE3,BBSEGURIDADE,24.36,24.82,23.97,24.5,61454639.0,25.307000000000006,26.29,0.7912288909631964,1.1900700259508534,28.670140051901704,23.909859948098294,29.86021007785256,22.719789922147438
20180626,BBSE3,BBSEGURIDADE,25.19,25.19,24.3,24.65,109917746.0,25.196500000000004,26.205750000000002,0.7134222563037903,1.1837270291275677,28.573204058255136,23.838295941744867,29.756931087382704,22.6545689126173
20180627,BBSE3,BBSEGURIDADE,24.65,24.77,23.61,24.19,61150210.0,25.104000000000006,26.1235,0.7182170907697785,1.2069893675311854,28.537478735062372,23.709521264937628,29.744468102593558,22.502531897406442
20180628,BBSE3,BBSEGURIDADE,24.1,24.36,24.0,24.15,36399287.0,25.008500000000005,26.040250000000004,0.7113610009582573,1.2257232035801844,28.491696407160372,23.588803592839636,29.717419610740556,22.36308038925945
20180629,BBSE3,BBSEGURIDADE,24.2,24.72,24.2,24.46,65794363.0,24.909500000000005,25.965750000000003,0.635373698576067,1.229022725165958,28.42379545033192,23.507704549668087,29.652818175497877,22.27868182450213
20180702,BBSE3,BBSEGURIDADE,24.3,24.5,24.17,24.4,28711580.0,24.80400000000001,25.899250000000006,0.5204087462351329,1.2402096338512432,28.379669267702493,23.41883073229752,29.619878901553736,22.178621098446275
20180703,BBSE3,BBSEGURIDADE,24.42,25.03,24.41,24.62,84219307.0,24.76000000000001,25.856000000000005,0.495049173527899,1.254174158764571,28.364348317529146,23.347651682470865,29.61852247629372,22.09347752370629
20180704,BBSE3,BBSEGURIDADE,24.8,24.8,24.3,24.6,58961293.0,24.69750000000001,25.7985,0.42400192402756703,1.2578013988600734,28.314102797720146,23.282897202279855,29.57190419658022,22.02509580341978
20180705,BBSE3,BBSEGURIDADE,24.85,24.85,24.35,24.52,37973082.0,24.660500000000006,25.73525,0.4041557151710161,1.2568662444390233,28.24898248887805,23.221517511121952,29.50584873331707,21.96465126668293
20180706,BBSE3,BBSEGURIDADE,24.6,24.72,24.4,24.6,43666764.0,24.61750000000001,25.6565,0.3576954747151725,1.2256898633119386,28.107879726623878,23.205120273376124,29.333569589935816,21.979430410064186
20180710,BBSE3,BBSEGURIDADE,24.79,25.2,24.7,24.8,85349548.0,24.58250000000001,25.577749999999998,0.29566828852996696,1.1746870559800924,27.927124111960183,23.228375888039814,29.101811167940276,22.05368883205972
20180711,BBSE3,BBSEGURIDADE,24.75,25.01,24.66,24.72,83770989.0,24.54850000000001,25.512499999999996,0.22808758705496593,1.1470223434660085,27.806544686932014,23.218455313067977,28.95356703039802,22.07143296960197
20180712,BBSE3,BBSEGURIDADE,24.95,25.09,24.69,25.0,144975454.0,24.54850000000001,25.46425,0.22808758705496593,1.126271105269109,27.716792210538216,23.211707789461784,28.843063315807328,22.085436684192672
20180713,BBSE3,BBSEGURIDADE,25.09,25.28,24.82,25.19,99331073.0,24.566000000000017,25.410249999999998,0.26246603790350986,1.0845476133582252,27.57934522671645,23.241154773283547,28.663892840074674,22.156607159925322
20180716,BBSE3,BBSEGURIDADE,25.4,25.73,25.25,25.6,45177163.0,24.613000000000014,25.38775,0.34981348413739577,1.070606076853139,27.528962153706278,23.246537846293723,28.599568230559417,22.175931769440584
20180717,BBSE3,BBSEGURIDADE,25.67,26.4,25.61,26.2,216165502.0,24.695500000000013,25.376,0.497546348013111,1.0586852029637308,27.493370405927465,23.258629594072538,28.552055608891195,22.199944391108808
20180718,BBSE3,BBSEGURIDADE,26.37,26.48,25.81,25.84,59350025.0,24.752000000000013,25.355750000000004,0.5595731455880336,1.0412957596064416,27.438341519212887,23.27315848078712,28.47963727881933,22.23186272118068
20180719,BBSE3,BBSEGURIDADE,25.61,25.7,25.11,25.58,60881953.0,24.80350000000001,25.302750000000003,0.5867418960937647,0.97046113146911,27.243672262938222,23.361827737061784,28.214133394407334,22.391366605592673
20180720,BBSE3,BBSEGURIDADE,26.19,26.19,25.18,25.2,92375755.0,24.85700000000001,25.245250000000006,0.5706607435338895,0.9027081406409739,27.050666281281952,23.43983371871806,27.953374421922927,22.537125578077084
20180723,BBSE3,BBSEGURIDADE,25.24,25.53,25.2,25.23,52195530.0,24.90250000000001,25.176000000000005,0.5618004421876411,0.7844671554301778,26.744934310860362,23.60706568913965,27.529401466290537,22.822598533709474
20180724,BBSE3,BBSEGURIDADE,25.5,25.69,24.89,25.2,109196229.0,24.93750000000001,25.122250000000005,0.557191028378406,0.7008949864646474,26.524039972929298,23.72046002707071,27.22493495939395,23.01956504060606
20180725,BBSE3,BBSEGURIDADE,25.39,25.62,25.04,25.41,95739442.0,24.97550000000001,25.086000000000006,0.5624427456242851,0.6438936048439762,26.373787209687958,23.798212790312053,27.017680814531936,23.154319185468076
20180726,BBSE3,BBSEGURIDADE,25.41,25.46,24.7,24.7,64855452.0,25.001000000000012,25.052500000000002,0.5358898158548662,0.6276400650707756,26.307780130141552,23.797219869858452,26.93542019521233,23.169579804787674
20180727,BBSE3,BBSEGURIDADE,24.81,25.02,24.6,24.75,29892695.0,25.031000000000013,25.019750000000005,0.5014284857443866,0.6075781578930516,26.23490631578611,23.804593684213902,26.84248447367916,23.19701552632085
20180730,BBSE3,BBSEGURIDADE,24.85,24.9,24.65,24.69,30091981.0,25.042500000000015,24.976000000000006,0.4901543795474974,0.56414128072264,26.104282561445288,23.847717438554724,26.668423842167925,23.283576157832087
20180731,BBSE3,BBSEGURIDADE,24.67,24.89,24.17,24.49,61140270.0,25.047000000000015,24.925500000000007,0.48432372818635344,0.511232547818225,25.947965095636455,23.903034904363558,26.459197643454683,23.39180235654533
20180801,BBSE3,BBSEGURIDADE,24.5,24.99,24.42,24.84,92827408.0,25.058000000000014,24.909000000000006,0.47655120672567464,0.5027962833634495,25.914592566726906,23.903407433273106,26.417388850090354,23.400611149909658
20180802,BBSE3,BBSEGURIDADE,24.65,24.95,24.62,24.9,33832187.0,25.073000000000015,24.885250000000006,0.4659805733471722,0.47908560072340756,25.843421201446823,23.92707879855319,26.322506802170228,23.447993197829785
20180803,BBSE3,BBSEGURIDADE,24.9,25.57,24.88,25.4,83114558.0,25.11700000000001,24.888750000000005,0.4523633844367408,0.48239353814185887,25.85353707628372,23.92396292371629,26.335930614425582,23.44156938557443
20180806,BBSE3,BBSEGURIDADE,25.33,25.47,24.79,25.0,117222292.0,25.13700000000001,24.877250000000004,0.4368800871250945,0.4738331822650034,25.82491636453001,23.929583635469996,26.298749546795015,23.455750453204992
20180807,BBSE3,BBSEGURIDADE,25.19,25.33,24.7,24.7,103720765.0,25.132000000000012,24.857250000000004,0.4414879148374087,0.4636476751442435,25.78454535028849,23.92995464971152,26.248193025432734,23.466306974567274
20180808,BBSE3,BBSEGURIDADE,24.8,25.06,24.46,24.64,78615171.0,25.128000000000014,24.838250000000006,0.4457589624805021,0.4563505596943303,25.750951119388667,23.925548880611345,26.207301679082995,23.469198320917016
20180809,BBSE3,BBSEGURIDADE,24.93,24.93,24.44,24.52,113644318.0,25.104000000000013,24.826250000000005,0.4654980354982686,0.4582949867408436,25.742839973481694,23.909660026518317,26.201134960222536,23.451365039777475
20180810,BBSE3,BBSEGURIDADE,23.68,23.68,23.08,23.1,56823188.0,24.999500000000015,24.782750000000004,0.6451150448197213,0.5333829504163651,25.849515900832735,23.715984099167272,26.3828988512491,23.18260114875091
20180813,BBSE3,BBSEGURIDADE,23.08,23.84,22.91,23.8,66020461.0,24.909500000000016,24.761250000000004,0.681464946775939,0.5553386007999588,25.87192720159992,23.650572798400088,26.42726580239988,23.095234197600128
20180814,BBSE3,BBSEGURIDADE,23.9,24.54,23.84,24.39,69478909.0,24.819000000000013,24.757250000000006,0.6183245613413897,0.5574713399555078,25.872192679911024,23.64230732008899,26.42966401986653,23.084835980133484
20180815,BBSE3,BBSEGURIDADE,24.67,25.68,24.67,25.45,183869478.0,24.799500000000016,24.775750000000006,0.5899284077885362,0.5680415635749838,25.911833127149972,23.63966687285004,26.47987469072496,23.071625309275053
20180816,BBSE3,BBSEGURIDADE,25.45,26.23,25.25,26.01,191242759.0,24.82100000000002,24.812250000000006,0.6265687680157372,0.5992152453471167,26.010680490694238,23.613819509305774,26.609895736041356,23.014604263958656
20180817,BBSE3,BBSEGURIDADE,25.7,26.39,25.58,25.9,139530346.0,24.85600000000002,24.856500000000004,0.6670942488451169,0.6127430967086434,26.08198619341729,23.631013806582718,26.694729290125935,23.018270709874074
20180820,BBSE3,BBSEGURIDADE,25.81,26.0,25.17,25.53,110570190.0,24.87100000000002,24.886750000000003,0.6792092926028175,0.615439753138831,26.117629506277666,23.65587049372234,26.733069259416496,23.04043074058351
20180821,BBSE3,BBSEGURIDADE,25.31,25.7,24.94,25.37,127371726.0,24.87950000000002,24.908500000000004,0.6845857372010259,0.616792987754875,26.142085975509755,23.674914024490253,26.75887896326463,23.05812103673538
20180822,BBSE3,BBSEGURIDADE,25.03,25.31,24.86,25.17,64848806.0,24.86750000000002,24.9215,0.6768570944563667,0.6166848923155587,26.15486978463112,23.688130215368883,26.77155467694668,23.071445323053325
20180823,BBSE3,BBSEGURIDADE,25.24,25.4,24.16,24.17,110807744.0,24.841000000000022,24.921,0.6939202138272247,0.6173009904580654,26.15560198091613,23.686398019083867,26.772902971374194,23.069097028625805
20180824,BBSE3,BBSEGURIDADE,24.56,24.59,23.94,24.18,60735670.0,24.81250000000002,24.92175,0.7093872448515144,0.6163577362006213,26.15446547240124,23.689034527598757,26.770823208601865,23.072676791398134
20180827,BBSE3,BBSEGURIDADE,24.49,25.02,24.37,25.02,37721410.0,24.829000000000022,24.93575,0.7102253163610313,0.6119447247536675,26.159639449507335,23.711860550492663,26.771584174261,23.099915825738996
20180828,BBSE3,BBSEGURIDADE,24.87,25.07,24.64,24.92,31759624.0,24.85050000000002,24.948749999999997,0.7059184014273959,0.6057637158886089,26.160277431777214,23.73722256822278,26.766041147665824,23.13145885233417
20180829,BBSE3,BBSEGURIDADE,24.92,25.13,24.78,24.96,35798068.0,24.856500000000025,24.95725,0.7063343102914246,0.6034133145739526,26.164076629147903,23.750423370852094,26.767489943721856,23.14701005627814
20180830,BBSE3,BBSEGURIDADE,24.77,24.94,24.15,24.26,53796200.0,24.82450000000003,24.948749999999997,0.7186498671669496,0.6109227468052718,26.17059549361054,23.726904506389452,26.781518240415814,23.11598175958418
20180831,BBSE3,BBSEGURIDADE,24.15,24.66,23.93,24.48,66443940.0,24.77850000000003,24.94775,0.7092566531236273,0.6116748235325576,26.171099647065116,23.724400352934882,26.782774470597673,23.112725529402326
20180903,BBSE3,BBSEGURIDADE,24.25,24.34,24.05,24.06,35147999.0,24.73150000000003,24.93425,0.724781455264184,0.6253527722362678,26.184955544472533,23.683544455527464,26.810308316708802,23.058191683291195
20180904,BBSE3,BBSEGURIDADE,24.1,24.5,24.0,24.2,54989169.0,24.70650000000003,24.919249999999998,0.734483527815098,0.6357647827415063,26.190779565483012,23.647720434516984,26.826544348224516,23.01195565177548
20180905,BBSE3,BBSEGURIDADE,23.92,24.95,23.92,24.69,71465366.0,24.70900000000003,24.9185,0.7343303429872088,0.6360235038392003,26.1905470076784,23.646452992321603,26.826570511517602,23.0104294884824
20180906,BBSE3,BBSEGURIDADE,24.95,24.98,24.55,24.71,74818153.0,24.718500000000034,24.911250000000003,0.7329843467849166,0.6367231314738312,26.184696262947664,23.63780373705234,26.821419394421497,23.001080605578508
20180910,BBSE3,BBSEGURIDADE,24.99,24.99,24.26,24.58,44425628.0,24.792500000000036,24.896,0.6282044169486657,0.6371804880557549,26.17036097611151,23.62163902388849,26.807541464167265,22.984458535832736
20180911,BBSE3,BBSEGURIDADE,24.1,24.41,23.88,23.96,51684375.0,24.800500000000035,24.855,0.615796232531613,0.6434522276212621,26.141904455242525,23.568095544757476,26.785356682863785,22.924643317136216
20180912,BBSE3,BBSEGURIDADE,24.17,24.3,23.76,23.82,89096208.0,24.772000000000038,24.7955,0.6481357882420395,0.6256850604511741,26.046870120902348,23.544129879097653,26.672555181353523,22.918444818646478
20180913,BBSE3,BBSEGURIDADE,23.85,24.02,23.35,23.57,55534591.0,24.67800000000004,24.738750000000003,0.6801671621161869,0.6314378687181157,26.001625737436235,23.47587426256377,26.63306360615435,22.844436393845655
20180914,BBSE3,BBSEGURIDADE,23.55,23.97,23.21,23.35,62121645.0,24.545000000000037,24.683,0.6659184397666074,0.6533236524662095,25.98964730493242,23.37635269506758,26.642970957398628,22.72302904260137
20180917,BBSE3,BBSEGURIDADE,23.48,23.57,23.21,23.26,58547269.0,24.41300000000004,24.6345,0.6444998060512864,0.6851911580551197,26.004882316110237,23.26411768388976,26.69007347416536,22.57892652583464
20180918,BBSE3,BBSEGURIDADE,23.42,23.49,23.13,23.28,78126599.0,24.30050000000004,24.585749999999997,0.6355724729888823,0.7106331142558131,26.007016228511624,23.16448377148837,26.717649342767437,22.453850657232557
20180919,BBSE3,BBSEGURIDADE,23.21,23.28,22.94,22.94,98685771.0,24.179000000000038,24.529249999999998,0.6524036528989902,0.7493326518155436,26.027915303631083,23.030584696368912,26.77724795544663,22.281252044553366
20180920,BBSE3,BBSEGURIDADE,23.14,23.51,22.81,23.27,152158938.0,24.08400000000004,24.475749999999998,0.6386943919559256,0.761139117645551,25.9980282352911,22.953471764708897,26.75916735293665,22.192332647063346
20180921,BBSE3,BBSEGURIDADE,23.45,24.05,23.35,23.9,104099320.0,24.070500000000035,24.45575,0.6396337356563007,0.76559307494925,25.986936149898497,22.9245638501015,26.75252922484775,22.158970775152248
20180924,BBSE3,BBSEGURIDADE,23.9,23.93,23.49,23.72,60928539.0,24.047500000000035,24.43,0.6437462314658452,0.7727307555111366,25.975461511022274,22.884538488977725,26.748192266533408,22.11180773346659
20180925,BBSE3,BBSEGURIDADE,23.45,24.24,23.37,24.18,54100118.0,24.005500000000033,24.417249999999996,0.6030752331527709,0.7725382323955314,25.962326464791058,22.872173535208933,26.73486469718659,22.0996353028134
20180926,BBSE3,BBSEGURIDADE,24.29,24.78,24.12,24.34,63028628.0,23.976500000000033,24.413499999999996,0.5698132196284346,0.7725400993658494,25.958580198731696,22.868419801268296,26.731120298097544,22.095879701902447
20180927,BBSE3,BBSEGURIDADE,24.37,25.0,24.37,24.57,61804304.0,23.957000000000033,24.406749999999995,0.5402932926711459,0.7698930578416797,25.946536115683354,22.866963884316636,26.716429173525036,22.097070826474955
20180928,BBSE3,BBSEGURIDADE,24.31,24.41,23.86,24.1,69040229.0,23.949000000000034,24.38675,0.5367435926126105,0.7671371605370936,25.921024321074185,22.852475678925813,26.68816148161128,22.085338518388717
20181001,BBSE3,BBSEGURIDADE,24.15,24.23,23.79,23.87,39873119.0,23.918500000000034,24.348499999999998,0.5221138714274969,0.7533397435624651,25.85517948712493,22.841820512875067,26.608519230687392,22.088480769312604
20181002,BBSE3,BBSEGURIDADE,24.38,24.98,24.11,24.9,97322018.0,23.96050000000003,24.345999999999997,0.5660339863333077,0.7512853942342651,25.84857078846853,22.843429211531465,26.59985618270279,22.092143817297202
20181003,BBSE3,BBSEGURIDADE,25.25,25.95,25.25,25.68,136715062.0,24.034500000000033,24.370499999999996,0.6835393570466445,0.7786080611068089,25.927716122213614,22.81328387778638,26.706324183320422,22.03467581667957
20181004,BBSE3,BBSEGURIDADE,25.56,25.9,25.4,25.69,195658387.0,24.084500000000034,24.396749999999997,0.7656540032101562,0.8051736156146966,26.00709723122939,22.786402768770603,26.812270846844086,21.98122915315591
20181005,BBSE3,BBSEGURIDADE,25.99,26.08,25.66,25.75,90831210.0,24.136500000000034,24.4275,0.8418918232798198,0.8330073721470141,26.093514744294026,22.76148525570597,26.926522116441042,21.928477883558955
20181008,BBSE3,BBSEGURIDADE,26.6,27.29,26.53,26.85,459478488.0,24.250000000000036,24.52125,1.035567477280042,0.8889180617541828,26.299086123508363,22.743413876491633,27.188004185262546,21.85449581473745
20181009,BBSE3,BBSEGURIDADE,26.99,27.7,26.73,27.53,107518627.0,24.42850000000004,24.6145,1.265174317092993,1.0000178203540349,26.61453564070807,22.61446435929193,27.614553461062105,21.614446538937894
20181010,BBSE3,BBSEGURIDADE,26.92,27.49,26.82,27.2,76476263.0,24.59750000000004,24.68475,1.3983519435016607,1.0793920119143967,26.843534023828795,22.525965976171207,27.922926035743192,21.44657396425681
20181011,BBSE3,BBSEGURIDADE,27.4,27.49,26.99,27.15,104943523.0,24.77650000000004,24.727249999999998,1.486271474104569,1.1419506197505702,27.01115123950114,22.443348760498857,28.15310185925171,21.301398140748287
20181015,BBSE3,BBSEGURIDADE,27.5,27.8,26.72,27.0,119616949.0,24.959000000000042,24.752,1.5254676590958876,1.180541379502617,27.113082759005234,22.390917240994764,28.29362413850785,21.210375861492146
20181016,BBSE3,BBSEGURIDADE,27.37,27.4,26.51,27.2,129258507.0,25.156000000000045,24.7845,1.5487393855037834,1.2298216464395457,27.244143292879095,22.324856707120908,28.473964939318638,21.095035060681365
20181017,BBSE3,BBSEGURIDADE,27.11,27.25,26.7,27.0,193525556.0,25.34200000000005,24.82125,1.534897905056708,1.2738457570759913,27.36894151415198,22.273558485848017,28.642787271227974,20.999712728772025
20181018,BBSE3,BBSEGURIDADE,26.93,26.95,26.32,26.4,105608146.0,25.515000000000047,24.847,1.4421019016480554,1.2954500257558226,27.437900051511647,22.256099948488355,28.73335007726747,20.960649922732532
20181019,BBSE3,BBSEGURIDADE,26.58,26.65,26.32,26.43,91194593.0,25.673000000000048,24.8785,1.3535804372109141,1.318617282785847,27.51573456557169,22.241265434428307,28.83435184835754,20.92264815164246
20181022,BBSE3,BBSEGURIDADE,26.67,26.84,26.41,26.53,78611524.0,25.804500000000047,24.9375,1.298916451265633,1.3387475011348717,27.614995002269744,22.260004997730256,28.953742503404616,20.921257496595384
20181023,BBSE3,BBSEGURIDADE,26.28,26.73,26.11,26.35,113054610.0,25.936000000000046,24.991750000000003,1.2066281858747736,1.351174014680829,27.694098029361662,22.289401970638345,29.04527204404249,20.938227955957515
20181024,BBSE3,BBSEGURIDADE,26.61,26.61,25.61,25.75,128386669.0,26.014500000000048,25.01,1.1353389245878458,1.3564848993082355,27.72296979861647,22.29703020138353,29.07945469792471,20.940545302075293
20181025,BBSE3,BBSEGURIDADE,25.77,26.54,25.77,26.36,142125278.0,26.115500000000047,25.046,1.0662846218233262,1.3730422892996121,27.792084578599223,22.299915421400776,29.165126867898834,20.926873132101164
20181026,BBSE3,BBSEGURIDADE,26.5,26.6,25.8,26.03,141806140.0,26.188500000000044,25.072750000000003,1.0030074513025762,1.3817194555502739,27.83618891110055,22.309311088899456,29.217908366650825,20.92759163334918
20181029,BBSE3,BBSEGURIDADE,27.1,27.2,25.82,26.02,151508188.0,26.284500000000044,25.116750000000003,0.8764970651766167,1.3831965718618044,27.88314314372361,22.350356856276395,29.266339715585417,20.96716028441459
20181030,BBSE3,BBSEGURIDADE,26.47,26.8,26.18,26.78,95093048.0,26.430000000000042,25.17425,0.6723485937956641,1.4037018594617598,27.98165371892352,22.36684628107648,29.38535557838528,20.96314442161472
20181031,BBSE3,BBSEGURIDADE,26.93,27.0,26.45,26.48,135207307.0,26.509000000000043,25.234750000000002,0.5678111250092471,1.4065943367599343,28.04793867351987,22.421561326480134,29.454533010279803,21.0149669897202
20181101,BBSE3,BBSEGURIDADE,26.5,27.19,26.5,27.15,125159034.0,26.582500000000046,25.308500000000002,0.5497068596797761,1.4281215024083262,28.164743004816653,22.45225699518335,29.59286450722498,21.024135492775024
20181105,BBSE3,BBSEGURIDADE,27.16,28.45,27.15,28.15,174110670.0,26.70550000000004,25.395000000000003,0.6112668036653129,1.4930093513025668,28.381018702605136,22.40898129739487,29.874028053907704,20.915971946092302
20181106,BBSE3,BBSEGURIDADE,26.9,28.37,26.8,27.9,186610899.0,26.813000000000038,25.474750000000007,0.623319635837905,1.5399417030257787,28.554633406051565,22.39486659394845,30.094575109077343,20.85492489092267
20181107,BBSE3,BBSEGURIDADE,28.35,28.36,27.38,27.55,90895754.0,26.848000000000035,25.549000000000003,0.6447896433803595,1.567056361789718,28.683112723579438,22.41488727642057,30.25016908536916,20.847830914630848
20181108,BBSE3,BBSEGURIDADE,27.56,27.79,26.73,26.73,145496802.0,26.80800000000004,25.61825,0.6247576372187894,1.5562032816589673,28.730656563317936,22.505843436682063,30.286859844976902,20.949640155023097
20181109,BBSE3,BBSEGURIDADE,26.95,26.99,26.21,26.61,94118182.0,26.778500000000037,25.688,0.6191783604950278,1.535930687538686,28.75986137507737,22.616138624922627,30.29579206261606,21.08020793738394
20181112,BBSE3,BBSEGURIDADE,26.61,26.69,26.17,26.47,44411567.0,26.744500000000038,25.7605,0.6163686098090523,1.5014487875177243,28.763397575035448,22.757602424964553,30.264846362553172,21.25615363744683
20181113,BBSE3,BBSEGURIDADE,26.63,26.83,26.11,26.43,76084861.0,26.716000000000037,25.837500000000006,0.6171104140734824,1.452849984314643,28.74319996862929,22.93180003137072,30.196049952943934,21.478950047056077
20181114,BBSE3,BBSEGURIDADE,26.43,26.92,26.25,26.92,75470887.0,26.702000000000034,25.92900000000001,0.6086706827177164,1.4006734643899463,28.730346928779902,23.127653071220116,30.131020393169848,21.72697960683017
20181116,BBSE3,BBSEGURIDADE,26.96,27.48,26.84,27.43,101156900.0,26.72350000000003,26.03275000000001,0.6270673177998369,1.3522895826651162,28.737329165330245,23.328170834669777,30.08961874799536,21.975881252004662
20181119,BBSE3,BBSEGURIDADE,27.44,27.45,26.45,26.64,104940433.0,26.73550000000003,26.125250000000012,0.6228328744324065,1.2586133751891821,28.642476750378375,23.60802324962165,29.901090125567556,22.349409874432467
20181121,BBSE3,BBSEGURIDADE,26.2,27.16,26.2,27.12,120863293.0,26.77000000000003,26.22150000000001,0.6241288665855084,1.1793817372043955,28.580263474408802,23.862736525591217,29.759645211613197,22.683354788386822
20181122,BBSE3,BBSEGURIDADE,27.12,27.35,26.65,26.83,56832378.0,26.785000000000036,26.294750000000004,0.6216573772882372,1.1210457286127984,28.536841457225602,24.052658542774406,29.657887185838398,22.93161281416161
20181123,BBSE3,BBSEGURIDADE,26.83,27.65,26.8,27.2,95433363.0,26.827500000000036,26.381750000000004,0.6194044253194428,1.0488134626744414,28.479376925348888,24.28412307465112,29.52819038802333,23.235309611976678
20181126,BBSE3,BBSEGURIDADE,27.31,27.67,26.89,27.0,78159047.0,26.890000000000036,26.452250000000003,0.5656947289093587,0.9901579451836094,28.432565890367222,24.471934109632784,29.42272383555083,23.481776164449176
20181127,BBSE3,BBSEGURIDADE,27.3,27.9,27.02,27.78,94879568.0,26.961000000000034,26.538250000000005,0.584473672361939,0.9505946519456451,28.439439303891294,24.637060696108716,29.39003395583694,23.68646604416307
20181128,BBSE3,BBSEGURIDADE,27.65,28.71,27.48,28.71,124951553.0,27.095000000000038,26.64175000000001,0.6618832779910999,0.956161898907839,28.554073797815686,24.72942620218433,29.510235696723527,23.77326430327649
20181129,BBSE3,BBSEGURIDADE,28.4,28.89,28.1,28.48,89797694.0,27.21800000000004,26.75125000000001,0.6799272406894772,0.9071600867966412,28.565570173593294,24.936929826406725,29.472730260389934,24.029769739610085
20181130,BBSE3,BBSEGURIDADE,28.26,28.78,28.19,28.32,315419463.0,27.295000000000044,26.86250000000001,0.714058084029895,0.8127028346424429,28.487905669284896,25.237094330715127,29.30060850392734,24.424391496072683
20181203,BBSE3,BBSEGURIDADE,28.78,28.78,27.85,27.94,103639817.0,27.368000000000045,26.938500000000012,0.7008611244672472,0.7652301480516451,28.4689602961033,25.408039703896723,29.234190444154947,24.642809555845076
20181204,BBSE3,BBSEGURIDADE,28.0,28.25,27.38,27.5,105666305.0,27.385500000000047,26.98400000000001,0.6994996331965622,0.7422446897668867,28.468489379533782,25.499510620466236,29.21073406930067,24.757265930699347
20181205,BBSE3,BBSEGURIDADE,27.8,28.2,27.54,27.8,74073686.0,27.368000000000045,27.036750000000005,0.6835634186880117,0.7226425420563785,28.482035084112763,25.591464915887247,29.20467762616914,24.86882237383087
20181206,BBSE3,BBSEGURIDADE,27.85,28.5,27.64,28.5,153925060.0,27.398000000000046,27.105500000000006,0.7203186429410534,0.7278804846950908,28.561260969390187,25.649739030609826,29.28914145408528,24.921858545914734
20181207,BBSE3,BBSEGURIDADE,28.8,29.18,28.44,28.69,244435120.0,27.45500000000005,27.15150000000001,0.7759374635680624,0.7683366983629256,28.688173396725862,25.614826603274157,29.456510095088788,24.84648990491123
20181210,BBSE3,BBSEGURIDADE,28.76,28.96,28.25,28.4,105099860.0,27.53850000000005,27.173250000000014,0.7836303841399856,0.7912968501947698,28.755843700389555,25.590656299610473,29.547140550584324,24.799359449415704
20181211,BBSE3,BBSEGURIDADE,28.7,28.87,28.21,28.46,114996756.0,27.63100000000005,27.20475000000001,0.7774242220645303,0.8170490601344728,28.838848120268956,25.570651879731066,29.65589718040343,24.753602819596594
20181212,BBSE3,BBSEGURIDADE,27.0,27.98,27.0,27.16,196137818.0,27.665500000000048,27.205000000000013,0.7374741743917161,0.817033407972739,28.83906681594549,25.570933184054535,29.65610022391823,24.753899776081795
20181213,BBSE3,BBSEGURIDADE,27.44,27.44,26.73,27.29,187654380.0,27.70850000000005,27.21225000000001,0.6848378601806755,0.8164541455555421,28.845158291111098,25.579341708888926,29.661612436666637,24.762887563333386
20181214,BBSE3,BBSEGURIDADE,26.92,27.51,26.9,27.15,68804784.0,27.72000000000005,27.211000000000013,0.6727242337963202,0.816511654571593,28.8440233091432,25.577976690856826,29.66053496371479,24.761465036285234
20181217,BBSE3,BBSEGURIDADE,27.15,27.36,26.75,26.75,84752591.0,27.686000000000053,27.20475000000001,0.7045819962741668,0.8191208154212472,28.842991630842505,25.566508369157518,29.66211244626375,24.74738755373627
20181218,BBSE3,BBSEGURIDADE,27.0,27.35,26.87,27.0,85802352.0,27.704000000000054,27.219750000000012,0.6806452047409479,0.8094426303295558,28.838635260659125,25.6008647393409,29.64807789098868,24.791422109011343
20181219,BBSE3,BBSEGURIDADE,27.28,27.29,26.5,26.5,92860031.0,27.67300000000005,27.22150000000001,0.7215341841849043,0.8077653568919813,28.83703071378397,25.605969286216048,29.64479607067595,24.798203929324067
20181220,BBSE3,BBSEGURIDADE,26.75,26.81,26.02,26.26,102926232.0,27.64450000000005,27.21475000000001,0.7664441133881693,0.8147895355117452,28.8443290710235,25.58517092897652,29.659118606535245,24.770381393464774
20181221,BBSE3,BBSEGURIDADE,26.54,26.93,26.38,26.9,134742467.0,27.629500000000046,27.228500000000015,0.778442946562329,0.804396732069481,28.837293464138977,25.619706535861052,29.641690196208458,24.81530980379157
20181226,BBSE3,BBSEGURIDADE,26.75,27.07,26.45,26.8,104777821.0,27.619500000000045,27.254750000000012,0.7881789470872645,0.7713657135902019,28.797481427180415,25.71201857281961,29.568847140770618,24.940652859229406
20181227,BBSE3,BBSEGURIDADE,26.79,27.19,26.73,27.19,55806138.0,27.59000000000005,27.275500000000015,0.7928828147303665,0.757722464582706,28.790944929165427,25.760055070834603,29.548667393748133,25.002332606251898
20181228,BBSE3,BBSEGURIDADE,27.25,27.89,27.25,27.59,93091944.0,27.53400000000005,27.314500000000017,0.7478910700306522,0.7316716021093679,28.77784320421875,25.851156795781282,29.50951480632812,25.119485193671913
