DATA DO PREGAO,CODIGO DE NEGOGIACAO DO PAPEL,NOME RESUMIDO DA EMPRESA EMISSORA,PRECO DE ABERTURA,PRECO MAXIMO,PRECO MINIMO,PRECO FECHAMENTO,VOLUME TOTAL DE TITULOS NEGOCIADOS NESTE PAPEL,MA_20,MA_40,STD_20,STD_40,BANDA_1_40 SUPERIOR,BANDA_1_40 INFERIOR,BANDA_2_40 SUPERIOR,BANDA_2_40 SUPEROR
20180102,BEEF3,MINERVA,10.77,10.99,10.7,10.89,3452437.0,,,,,,,,
20180103,BEEF3,MINERVA,10.85,10.99,10.78,10.81,3975214.0,,,,,,,,
20180104,BEEF3,MINERVA,10.81,10.9,10.67,10.77,7063808.0,,,,,,,,
20180105,BEEF3,MINERVA,10.71,10.89,10.69,10.89,4395332.0,,,,,,,,
20180108,BEEF3,MINERVA,10.85,10.85,10.52,10.52,10869176.0,,,,,,,,
20180109,BEEF3,MINERVA,10.55,10.59,10.4,10.5,6883322.0,,,,,,,,
20180110,BEEF3,MINERVA,10.38,10.51,10.35,10.5,6308889.0,,,,,,,,
20180111,BEEF3,MINERVA,10.53,10.56,10.39,10.5,4421235.0,,,,,,,,
20180112,BEEF3,MINERVA,10.45,10.45,10.3,10.3,4674069.0,,,,,,,,
20180115,BEEF3,MINERVA,10.33,10.4,10.25,10.3,4565731.0,,,,,,,,
20180116,BEEF3,MINERVA,10.25,10.35,10.21,10.28,5860836.0,,,,,,,,
20180117,BEEF3,MINERVA,10.28,10.28,10.07,10.09,7184097.0,,,,,,,,
20180118,BEEF3,MINERVA,10.11,10.15,9.95,10.0,11035757.0,,,,,,,,
20180119,BEEF3,MINERVA,10.0,10.09,9.91,10.09,6797182.0,,,,,,,,
20180122,BEEF3,MINERVA,10.02,10.1,9.97,10.1,4829447.0,,,,,,,,
20180123,BEEF3,MINERVA,10.1,10.1,9.91,9.95,4515756.0,,,,,,,,
20180124,BEEF3,MINERVA,9.96,10.01,9.8,9.8,8583562.0,,,,,,,,
20180126,BEEF3,MINERVA,9.9,9.92,9.6,9.71,27461054.0,,,,,,,,
20180129,BEEF3,MINERVA,9.72,9.93,9.68,9.72,35006464.0,,,,,,,,
20180130,BEEF3,MINERVA,9.72,9.85,9.65,9.71,23404323.0,10.2715,,0.3942384397397355,,,,,
20180131,BEEF3,MINERVA,9.73,9.84,9.63,9.63,7647749.0,10.2085,,0.39085971369466266,,,,,
20180201,BEEF3,MINERVA,9.67,9.89,9.67,9.77,10606878.0,10.156500000000001,,0.3755035216037821,,,,,
20180202,BEEF3,MINERVA,9.77,9.92,9.69,9.78,9432712.0,10.107000000000001,,0.3550700449800084,,,,,
20180205,BEEF3,MINERVA,9.78,9.8,9.62,9.7,13864095.0,10.0475,,0.3143225798610817,,,,,
20180206,BEEF3,MINERVA,9.71,9.71,9.38,9.5,28129460.0,9.9965,,0.31636546155223344,,,,,
20180207,BEEF3,MINERVA,9.51,9.55,9.3,9.32,9156860.0,9.937499999999998,,0.32736387287414204,,,,,
20180208,BEEF3,MINERVA,9.34,9.4,9.14,9.14,7232312.0,9.869499999999999,,0.345138797404296,,,,,
20180209,BEEF3,MINERVA,9.18,9.18,9.01,9.11,11574059.0,9.8,,0.3513882243481218,,,,,
20180214,BEEF3,MINERVA,9.14,9.35,9.14,9.35,9983915.0,9.7525,,0.3443815967942042,,,,,
20180215,BEEF3,MINERVA,9.36,9.49,9.28,9.49,7690251.0,9.712,,0.3236079499381272,,,,,
20180216,BEEF3,MINERVA,9.59,9.62,9.4,9.41,36575662.0,9.668499999999998,,0.3009157077287501,,,,,
20180219,BEEF3,MINERVA,9.5,9.5,9.34,9.46,3347835.0,9.636999999999999,,0.28712916587267273,,,,,
20180220,BEEF3,MINERVA,9.46,9.5,9.26,9.27,6519972.0,9.6005,,0.2849464400272631,,,,,
20180221,BEEF3,MINERVA,9.3,9.42,9.26,9.3,12347124.0,9.561,,0.2677567631461931,,,,,
20180222,BEEF3,MINERVA,9.29,9.37,9.1,9.19,7488165.0,9.5155,,0.24792772716002798,,,,,
20180223,BEEF3,MINERVA,9.19,9.36,9.14,9.36,13748529.0,9.486,,0.2277903006114004,,,,,
20180226,BEEF3,MINERVA,9.39,9.47,9.21,9.21,7317376.0,9.456500000000002,,0.22314203642759306,,,,,
20180227,BEEF3,MINERVA,9.23,9.24,9.09,9.21,8350931.0,9.431500000000002,,0.22124706361417618,,,,,
20180228,BEEF3,MINERVA,9.21,9.27,9.02,9.08,8856956.0,9.399500000000002,,0.2235944401907416,,,,,
20180301,BEEF3,MINERVA,9.1,9.16,9.06,9.1,6782019.0,9.369000000000002,9.82025,0.22059488947652078,0.5552245445509365,10.930699089101873,8.709800910898126,11.48592363365281,8.15457636634719
20180302,BEEF3,MINERVA,9.12,9.34,9.04,9.34,10551251.0,9.354500000000002,9.7815,0.21189558004381714,0.5322643935257971,10.846028787051594,8.716971212948405,11.37829318057739,8.184706819422608
20180305,BEEF3,MINERVA,9.3,9.3,8.96,9.3,27842118.0,9.331000000000001,9.74375,0.18811810400020532,0.5105536838595566,10.764857367719113,8.722642632280888,11.27541105157867,8.21208894842133
20180306,BEEF3,MINERVA,9.36,9.36,8.55,8.7,32664107.0,9.277000000000001,9.692,0.20655316634299373,0.5087702619917751,10.70954052398355,8.67445947601645,11.218310785975326,8.165689214024674
20180307,BEEF3,MINERVA,8.74,8.74,8.55,8.58,8533383.0,9.221000000000002,9.63425,0.2356156549172949,0.5003326457570565,10.634915291514112,8.633584708485888,11.135247937271169,8.13325206272883
20180308,BEEF3,MINERVA,8.66,8.72,8.45,8.66,5774372.0,9.179000000000002,9.587750000000002,0.25714832909800406,0.502330402557254,10.59241080511451,8.583089194885494,11.094741207671763,8.08075879232824
20180309,BEEF3,MINERVA,8.7,8.82,8.6,8.82,15097000.0,9.154000000000002,9.545750000000002,0.26684117097313986,0.49426914447443165,10.534288288948865,8.557211711051139,11.028557433423297,8.062942566576707
20180312,BEEF3,MINERVA,8.92,8.92,8.52,8.52,12220990.0,9.123000000000001,9.49625,0.3022215987265682,0.4953977293613784,10.487045458722756,8.505454541277244,10.982443188084135,8.010056811915865
20180313,BEEF3,MINERVA,8.57,8.74,8.53,8.74,8449743.0,9.104500000000002,9.452250000000001,0.31414838934222855,0.4819377952200237,10.416125590440048,8.488374409559954,10.898063385660073,8.006436614339929
20180314,BEEF3,MINERVA,8.73,8.73,8.5,8.55,10914737.0,9.064500000000002,9.4085,0.33168588501139157,0.4824379859177852,10.373375971835571,8.443624028164429,10.855813957753355,7.961186042246645
20180315,BEEF3,MINERVA,8.55,8.58,8.3,8.4,6868776.0,9.010000000000002,9.361,0.34727510708370785,0.4859344685163898,10.33286893703278,8.389131062967222,10.81880340554917,7.903196594450831
20180316,BEEF3,MINERVA,8.39,8.4,8.27,8.4,8297188.0,8.959500000000002,9.314,0.3592752207020785,0.48568640299197224,10.285372805983945,8.342627194016055,10.771059208975917,7.856940791024083
20180319,BEEF3,MINERVA,8.41,8.45,8.21,8.32,8192188.0,8.902500000000002,9.26975,0.3660583071185894,0.4937376418446918,10.257225283689383,8.282274716310617,10.750962925534076,7.788537074465925
20180320,BEEF3,MINERVA,8.39,8.39,8.14,8.2,8310948.0,8.849,9.22475,0.38710667644380653,0.5073156479615673,10.239381295923135,8.210118704076866,10.746696943884702,7.7028030561152985
20180321,BEEF3,MINERVA,8.2,8.23,8.02,8.05,18060355.0,8.7865,9.173750000000002,0.4106512799008574,0.5204716179852683,10.214693235970538,8.132806764029466,10.735164853955807,7.612335146044197
20180322,BEEF3,MINERVA,8.05,8.25,7.97,8.22,54513440.0,8.738000000000001,9.126750000000001,0.4177080320032189,0.519567806092913,10.165885612185827,8.087614387814176,10.68545341827874,7.568046581721262
20180323,BEEF3,MINERVA,8.16,8.2,7.93,8.05,10282794.0,8.672500000000003,9.079250000000002,0.4177492952528021,0.529137602674484,10.13752520534897,8.020974794651034,10.666662808023453,7.4918371919765505
20180326,BEEF3,MINERVA,8.07,8.14,8.0,8.06,8239235.0,8.615000000000002,9.035750000000002,0.4190151360160257,0.5397809978510014,10.115311995702005,7.956188004297999,10.655092993553007,7.416407006446997
20180327,BEEF3,MINERVA,8.02,8.1,7.93,8.0,6129528.0,8.5545,8.993000000000002,0.4159260435272272,0.5525753226298513,10.098150645259704,7.8878493547402995,10.650725967889557,7.335274032110448
20180328,BEEF3,MINERVA,8.01,8.01,7.55,7.7,15725680.0,8.4855,8.9425,0.43803959205821685,0.5762288986069168,10.094957797213834,7.790042202786167,10.67118669582075,7.213813304179251
20180329,BEEF3,MINERVA,7.78,7.78,7.51,7.57,12418567.0,8.409,8.889000000000001,0.4582104779522901,0.6019148930384886,10.092829786076978,7.6851702139230245,10.694744679115466,7.083255320884535
20180402,BEEF3,MINERVA,7.6,7.72,7.43,7.45,5824495.0,8.314499999999999,8.834500000000002,0.4509344099813927,0.63108758382774,10.096675167655482,7.572324832344522,10.727762751483223,6.9412372485167815
20180403,BEEF3,MINERVA,7.5,8.15,7.5,8.06,10211857.0,8.2525,8.791750000000002,0.3893432391794425,0.6239694580789837,10.039688916157969,7.5438110838420345,10.663658374236952,6.919841625763051
20180404,BEEF3,MINERVA,8.02,8.08,7.86,7.97,6567750.0,8.216,8.746500000000003,0.3792707684352667,0.6160442458302073,9.978588491660418,7.514411508339588,10.594632737490624,6.898367262509381
20180405,BEEF3,MINERVA,8.15,8.49,8.15,8.43,13841637.0,8.208499999999999,8.714750000000004,0.3731272535857239,0.5981080748750724,9.910966149750148,7.5185338502498595,10.509074224625222,6.920425775374786
20180406,BEEF3,MINERVA,8.4,8.41,8.01,8.01,9030383.0,8.175999999999998,8.677500000000004,0.3598011146526194,0.5943354401216633,9.866170880243331,7.488829119756677,10.460506320364994,6.894493679635014
20180409,BEEF3,MINERVA,8.21,8.56,8.18,8.36,14203495.0,8.153,8.653500000000005,0.3299298170983196,0.5870637496506166,9.827627499301238,7.479372500698771,10.414691248951854,6.892308751048155
20180410,BEEF3,MINERVA,8.5,8.69,8.36,8.47,10628487.0,8.1505,8.636750000000005,0.32718053924884083,0.5823664697835897,9.801482939567183,7.472017060432825,10.383849409350773,6.889650590649236
20180411,BEEF3,MINERVA,8.38,8.46,8.17,8.27,5541422.0,8.126999999999999,8.615750000000004,0.2982069221548305,0.5800039235057353,9.775757847011475,7.455742152988533,10.35576177051721,6.875738229482798
20180412,BEEF3,MINERVA,8.28,8.36,8.05,8.25,6153100.0,8.111999999999998,8.588250000000004,0.2829654991058364,0.5702940649461609,9.728838129892326,7.447661870107682,10.299132194838487,6.877367805161521
20180413,BEEF3,MINERVA,8.18,8.27,8.1,8.22,4678619.0,8.102999999999998,8.556500000000003,0.2761025743794359,0.5539209885339755,9.664341977067954,7.448658022932053,10.21826296560193,6.8947370343980765
20180416,BEEF3,MINERVA,8.22,8.24,8.01,8.12,3147516.0,8.088999999999999,8.524250000000004,0.2672058146231584,0.5403412383356917,9.604932476671387,7.44356752332862,10.145273715007079,6.903226284992929
20180417,BEEF3,MINERVA,8.19,8.19,7.9,8.0,5558352.0,8.072999999999999,8.487750000000004,0.2621791271952189,0.5245925769536455,9.536935153907294,7.438564846092713,10.06152773086094,6.913972269139068
20180418,BEEF3,MINERVA,8.0,8.09,7.9,7.95,5233896.0,8.0605,8.454750000000004,0.2617647598010262,0.515562861446166,9.485875722892336,7.423624277107672,10.001438584338501,6.908061415661506
20180419,BEEF3,MINERVA,8.0,8.02,7.88,7.97,6276215.0,8.056499999999998,8.421500000000005,0.2625437306932324,0.5023715552130452,9.426243110426096,7.416756889573914,9.928614665639142,6.91438533436087
20180420,BEEF3,MINERVA,7.99,8.13,7.91,8.13,5479390.0,8.051999999999998,8.395000000000005,0.26035603153739206,0.4885614676704475,9.3721229353409,7.41787706465911,9.860684403011348,6.929315596988662
20180423,BEEF3,MINERVA,8.16,8.32,8.09,8.09,5816952.0,8.053999999999998,8.363250000000004,0.2604934588531311,0.4649366513231491,9.293123302646302,7.433376697353706,9.758059953969452,6.9684400460305564
20180424,BEEF3,MINERVA,8.19,8.44,8.13,8.3,6558409.0,8.065999999999999,8.340500000000004,0.26624879540128676,0.4442449659181106,9.228989931836225,7.452010068163783,9.673234897754336,7.007765102245672
20180425,BEEF3,MINERVA,8.35,8.35,8.11,8.27,4149001.0,8.0795,8.317000000000004,0.2695507959160053,0.42134217777149247,9.15968435554299,7.474315644457019,9.581026533314482,7.052973466685526
20180426,BEEF3,MINERVA,8.29,8.3,8.12,8.15,3857052.0,8.102,8.293750000000005,0.2545708463070311,0.4034383472105656,9.100626694421136,7.486873305578873,9.504065041631701,7.083434958368308
20180427,BEEF3,MINERVA,8.13,8.24,8.13,8.2,3172796.0,8.1335,8.271250000000004,0.22219657015687186,0.3818389209319216,9.034927841863848,7.507572158136161,9.416766762795769,7.125733237204239
20180430,BEEF3,MINERVA,8.2,8.22,8.03,8.2,4012095.0,8.171,8.242750000000004,0.1534137851488185,0.3403089659525366,8.923367931905078,7.5621320680949315,9.263676897857614,7.221823102142395
20180502,BEEF3,MINERVA,8.2,8.2,7.99,8.0,5145296.0,8.168,8.210250000000004,0.15625889448369598,0.2959338760168411,8.802117752033686,7.618382247966322,9.098051628050527,7.322448371949481
20180503,BEEF3,MINERVA,8.01,8.02,7.7,7.73,8187163.0,8.155999999999999,8.186000000000003,0.17971907903287515,0.29451219991271627,8.775024399825437,7.596975600174571,9.069536599738152,7.302463400261855
20180504,BEEF3,MINERVA,7.7,7.76,7.61,7.74,12323335.0,8.1215,8.165000000000004,0.1902705829518745,0.2956435830609549,8.756287166121915,7.573712833878095,9.051930749182869,7.27806925081714
20180507,BEEF3,MINERVA,7.76,7.95,7.68,7.95,7024813.0,8.1185,8.147250000000003,0.19258012686453907,0.2863294453632783,8.71990889072656,7.574591109273447,9.006238336089838,7.288261663910168
20180508,BEEF3,MINERVA,7.96,7.98,7.75,7.8,5384246.0,8.0905,8.121750000000004,0.19629395250358075,0.2698231852195847,8.661396370439174,7.582103629560835,8.931219555658759,7.3122804443412495
20180509,BEEF3,MINERVA,7.84,7.87,7.67,7.86,5579272.0,8.06,8.105250000000005,0.1810204989846071,0.26498173618725374,8.635213472374513,7.575286527625497,8.900195208561767,7.310304791438244
20180510,BEEF3,MINERVA,7.64,7.64,7.3,7.45,20488797.0,8.019,8.073000000000004,0.2196863793300866,0.2642473588641088,8.601494717728222,7.544505282271786,8.86574207659233,7.280257923407678
20180511,BEEF3,MINERVA,7.5,7.5,7.14,7.2,13698363.0,7.966499999999999,8.039250000000004,0.2790260316095878,0.2869949298220785,8.613239859644162,7.465260140355848,8.90023478946624,7.178265210533769
20180514,BEEF3,MINERVA,7.23,7.28,7.1,7.1,7294774.0,7.910499999999999,8.006750000000006,0.33269988056252964,0.31712156934459623,8.640993138689199,7.372506861310813,8.958114708033794,7.055385291966217
20180515,BEEF3,MINERVA,7.13,7.14,6.96,7.04,7154278.0,7.856499999999999,7.972750000000007,0.38104116368321517,0.3455132748201037,8.663776549640215,7.2817234503598,9.009289824460318,6.936210175539696
20180516,BEEF3,MINERVA,7.08,7.1,6.97,7.1,9359176.0,7.811499999999998,7.942250000000007,0.4148465156885783,0.36723839459066315,8.676726789181332,7.20777321081868,9.043965183771997,6.8405348162280175
20180517,BEEF3,MINERVA,7.16,7.25,6.97,7.06,8197372.0,7.766999999999999,7.913750000000007,0.4457884794620195,0.39023784660520283,8.694225693210413,7.133274306789602,9.084463539815616,6.743036460184399
20180518,BEEF3,MINERVA,7.04,7.04,6.82,6.96,5561287.0,7.716499999999999,7.886500000000007,0.4776507753138288,0.4175787964947932,8.721657592989594,7.051342407010421,9.139236389484386,6.6337636105156275
20180521,BEEF3,MINERVA,7.05,7.12,6.87,6.95,3186559.0,7.657499999999999,7.8547500000000054,0.4963962233199636,0.43928839601312386,8.733326792026253,6.9761732079737575,9.172615188039376,6.536884811960634
20180522,BEEF3,MINERVA,7.0,7.3,6.97,7.3,5397676.0,7.617999999999999,7.836000000000006,0.4915774822473455,0.44668465329264173,8.729369306585289,6.942630693414722,9.176053959877931,6.49594604012208
20180523,BEEF3,MINERVA,7.27,7.28,7.1,7.11,5334043.0,7.5584999999999996,7.812250000000006,0.4764703006152946,0.45953983393645736,8.73132966787292,6.893170332127092,9.190869501809377,6.433630498190634
20180524,BEEF3,MINERVA,7.02,7.25,6.82,7.25,6443466.0,7.5074999999999985,7.793500000000006,0.45016809725866,0.4669241963404689,8.727348392680945,6.859651607319068,9.194272589021413,6.392727410978599
20180525,BEEF3,MINERVA,7.31,7.84,7.28,7.72,14483549.0,7.485999999999999,7.794000000000007,0.42756840019126063,0.46683220507190304,8.727664410143813,6.8603355898562,9.194496615215716,6.393503384784298
20180528,BEEF3,MINERVA,7.55,7.64,7.34,7.51,5698937.0,7.4514999999999985,7.792500000000007,0.3933964787255895,0.4676660544250845,8.727832108850176,6.857167891149838,9.19549816327526,6.389501836724753
20180529,BEEF3,MINERVA,7.6,7.6,7.21,7.29,6067820.0,7.405999999999999,7.788500000000008,0.3527993316618698,0.47134042354945804,8.731180847098925,6.845819152901091,9.202521270648383,6.374478729351634
20180530,BEEF3,MINERVA,7.3,7.33,7.04,7.08,8372018.0,7.359999999999999,7.764000000000007,0.33054978126561596,0.48221072104129636,8.7284214420826,6.799578557917415,9.210632163123897,6.317367836876118
20180601,BEEF3,MINERVA,7.09,7.46,7.04,7.25,6444117.0,7.336,7.746000000000007,0.3195127869939501,0.4877304846336888,8.721460969267385,6.770539030732629,9.209191453901074,6.2828085460989405
20180604,BEEF3,MINERVA,7.3,7.71,7.29,7.65,5115687.0,7.3315,7.726500000000006,0.31411152896955047,0.47511159282952964,8.676723185659066,6.776276814340947,9.151834778488595,6.3011652215114164
20180605,BEEF3,MINERVA,7.6,8.39,7.34,8.0,20707839.0,7.3340000000000005,7.726250000000006,0.31944689040509294,0.4749611994948937,8.676172398989793,6.776327601010218,9.151133598484687,6.301366401515325
20180606,BEEF3,MINERVA,8.09,8.55,7.77,7.99,33169806.0,7.343500000000001,7.717000000000006,0.33640944664126693,0.4658171755373863,8.648634351074778,6.785365648925233,9.114451526612164,6.319548473387847
20180607,BEEF3,MINERVA,7.9,7.9,7.46,7.6,21690664.0,7.330499999999999,7.695250000000006,0.3200242589489104,0.44979190345118847,8.594833806902383,6.795666193097629,9.044625710353571,6.34587428964644
20180608,BEEF3,MINERVA,7.78,7.99,7.64,7.8,17381578.0,7.348000000000001,7.683500000000007,0.3360701681118788,0.4404342262952488,8.564368452590504,6.802631547409509,9.004802678885753,6.362197321114261
20180611,BEEF3,MINERVA,7.92,8.0,7.54,7.58,12490577.0,7.367000000000002,7.666750000000006,0.3379987542798736,0.4309761579460462,8.528702315892097,6.804797684107913,8.959678473838144,6.373821526161867
20180612,BEEF3,MINERVA,7.64,7.69,7.3,7.4,7134345.0,7.382000000000002,7.646250000000005,0.3321318698158577,0.4234212759452025,8.49309255189041,6.7994074481096,8.916513827835612,6.375986172164398
20180613,BEEF3,MINERVA,7.44,7.44,6.91,6.99,16278376.0,7.379500000000003,7.618000000000005,0.3350172815652617,0.42866638752631164,8.475332775052628,6.760667224947381,8.90399916257894,6.33200083742107
20180614,BEEF3,MINERVA,7.02,7.22,6.93,6.99,16674873.0,7.374000000000004,7.592750000000005,0.3407020615388929,0.4352835061993698,8.463317012398745,6.722182987601266,8.898600518598114,6.286899481401896
20180615,BEEF3,MINERVA,6.94,6.98,6.67,6.67,14379448.0,7.354500000000003,7.560750000000006,0.36955841358659547,0.45495216711096154,8.47065433422193,6.650845665778083,8.92560650133289,6.195893498667122
20180618,BEEF3,MINERVA,6.6,6.66,6.35,6.48,12058382.0,7.3305000000000025,7.523500000000006,0.4099098103627049,0.4808462092218909,8.485192418443788,6.561807581556224,8.966038627665679,6.0809613723343325
20180619,BEEF3,MINERVA,6.35,6.56,6.32,6.41,6198837.0,7.303500000000002,7.480500000000006,0.45192308381429297,0.5016738648431387,8.483847729686284,6.477152270313729,8.985521594529423,5.97547840547059
20180620,BEEF3,MINERVA,6.52,6.72,6.38,6.61,9643623.0,7.269000000000003,7.443500000000007,0.47780088343423605,0.5100756605516129,8.463651321103233,6.423348678896781,8.973726981654846,5.913273018345169
20180621,BEEF3,MINERVA,6.64,6.78,6.38,6.47,9282850.0,7.237000000000002,7.397750000000007,0.5093969602951172,0.5133424283243428,8.424434856648693,6.371065143351322,8.937777284973036,5.857722715026979
20180622,BEEF3,MINERVA,6.58,7.05,6.58,6.87,73115203.0,7.218000000000002,7.362750000000008,0.515931451995229,0.49989736126014495,8.362544722520298,6.362955277479719,8.862442083780444,5.8630579162195735
20180625,BEEF3,MINERVA,6.97,6.99,6.61,6.7,5806360.0,7.167000000000002,7.326500000000008,0.5141072998795919,0.49388335589565374,8.314266711791316,6.338733288208701,8.80815006768697,5.844849932313047
20180626,BEEF3,MINERVA,6.78,6.86,6.54,6.6,4389370.0,7.121500000000002,7.286500000000009,0.5223557468965003,0.48605449731378664,8.258608994627583,6.3143910053724355,8.744663491941369,5.82833650805865
20180627,BEEF3,MINERVA,6.64,6.66,6.5,6.5,4159927.0,7.0820000000000025,7.2440000000000095,0.538561436655692,0.47839367974555835,8.200787359491127,6.287212640508892,8.679181039236685,5.808818960763334
20180628,BEEF3,MINERVA,6.54,6.57,6.32,6.33,9624421.0,7.044500000000002,7.202250000000009,0.5642085747216941,0.4835683999558699,8.169386799911749,6.23511320008827,8.65295519986762,5.751544800132399
20180629,BEEF3,MINERVA,6.43,6.48,6.19,6.27,10625476.0,6.9955000000000025,7.165750000000008,0.587496696519278,0.4976090912476279,8.160968182495264,6.170531817504752,8.658577273742893,5.6729227262571245
20180702,BEEF3,MINERVA,6.31,6.44,6.27,6.44,4908291.0,6.935000000000002,7.133250000000008,0.5787872984457398,0.5015789811773979,8.136407962354804,6.130092037645213,8.637986943532201,5.628513056467815
20180703,BEEF3,MINERVA,6.59,7.09,6.58,6.94,21770516.0,6.882000000000002,7.1080000000000085,0.5218650763317564,0.48454154911678593,8.07708309823358,6.138916901766437,8.561624647350367,5.654375352649651
20180704,BEEF3,MINERVA,7.0,7.04,6.82,6.95,9988615.0,6.830000000000001,7.086750000000007,0.4529087278795664,0.47188866298777715,8.030527325975562,6.1429726740244535,8.502415988963339,5.671084011036676
20180705,BEEF3,MINERVA,7.04,7.21,6.91,7.2,19794295.0,6.8100000000000005,7.070250000000007,0.42509441675692283,0.4554090159349652,7.981068031869937,6.159431968130076,8.436477047804903,5.704022952195111
20180706,BEEF3,MINERVA,7.27,7.29,7.12,7.12,6233957.0,6.776000000000001,7.062000000000007,0.3646396923857465,0.45132397823882,7.964647956477648,6.159352043522367,8.415971934716467,5.708028065283548
20180710,BEEF3,MINERVA,7.2,7.24,7.0,7.18,6885016.0,6.756,7.061500000000008,0.3272758373058186,0.45117822960752035,7.963856459215048,6.159143540784967,8.415034688822569,5.707965311177446
20180711,BEEF3,MINERVA,7.15,7.21,7.06,7.15,6801210.0,6.7435,7.0627500000000065,0.305429378520096,0.4513568575091048,7.965463715018216,6.160036284981797,8.416820572527321,5.708679427472692
20180712,BEEF3,MINERVA,7.2,7.21,6.95,7.0,11555256.0,6.744,7.061750000000006,0.3058620259976426,0.451452854113429,7.964655708226864,6.158844291773148,8.416108562340293,5.7073914376597195
20180713,BEEF3,MINERVA,7.04,7.04,6.71,6.77,10360493.0,6.733,7.053500000000005,0.3004575458232319,0.4537453821195906,7.960990764239186,6.146009235760824,8.414736146358777,5.692263853641233
20180716,BEEF3,MINERVA,6.81,6.93,6.77,6.8,4484594.0,6.739500000000001,7.047000000000006,0.3004290791167885,0.45550873221946747,7.9580174644389405,6.135982535561071,8.413526196658408,5.680473803341604
20180717,BEEF3,MINERVA,6.83,6.95,6.74,6.85,3779328.0,6.758000000000001,7.044250000000007,0.2949504864781516,0.4563786523918003,7.957007304783607,6.131492695216407,8.413385957175407,5.675114042824606
20180718,BEEF3,MINERVA,6.86,6.91,6.7,6.7,11075791.0,6.772500000000001,7.0380000000000065,0.2838619938966141,0.4594042965540146,7.956808593108036,6.119191406891977,8.41621288966205,5.6597871103379624
20180719,BEEF3,MINERVA,6.69,6.89,6.65,6.85,7626397.0,6.7844999999999995,7.026750000000007,0.28169552431848577,0.4583324708616388,7.943414941723285,6.110085058276729,8.401747412584923,5.651752587415091
20180720,BEEF3,MINERVA,6.95,7.04,6.9,7.02,9910796.0,6.812,7.024500000000006,0.2761692844691899,0.45813417584470184,7.940768351689409,6.1082316483106025,8.398902527534112,5.6500974724659
20180723,BEEF3,MINERVA,7.05,7.12,6.97,7.03,5260509.0,6.82,7.0190000000000055,0.28022547312742196,0.456675837452346,7.932351674904697,6.105648325095314,8.389027512357043,5.648972487642967
20180724,BEEF3,MINERVA,7.07,7.09,6.92,7.06,5027096.0,6.838000000000001,7.002500000000005,0.28365286419924407,0.4423987643141057,7.887297528628216,6.117702471371794,8.329696292942321,5.6753037070576875
20180725,BEEF3,MINERVA,7.05,7.31,6.99,7.2,12405762.0,6.868,6.994750000000005,0.2888379622228806,0.43594864141169065,7.866647282823386,6.122852717176624,8.302595924235078,5.686904075764933
20180726,BEEF3,MINERVA,7.21,7.44,7.13,7.28,10282774.0,6.907000000000001,6.994500000000004,0.28919306972844416,0.4357778191834557,7.866055638366915,6.122944361633093,8.301833457550371,5.687166542449637
20180727,BEEF3,MINERVA,7.29,7.44,7.22,7.4,6533244.0,6.960500000000001,7.002500000000003,0.27547996392901036,0.44030147014899423,7.8831029402979915,6.121897059702015,8.323404410446987,5.68159558955302
20180730,BEEF3,MINERVA,7.45,7.5,7.25,7.25,7690722.0,7.0095,7.002500000000003,0.22951837445080311,0.44030147014899423,7.8831029402979915,6.121897059702015,8.323404410446987,5.68159558955302
20180731,BEEF3,MINERVA,7.18,7.64,7.02,7.54,41059460.0,7.0645,6.999750000000004,0.2173397776463872,0.43648060725856025,7.872711214517125,6.1267887854828835,8.309191821775684,5.690308178224323
20180801,BEEF3,MINERVA,7.54,7.64,7.37,7.51,29613626.0,7.092999999999999,6.987500000000004,0.23666765505108842,0.4139847018107242,7.815469403621453,6.159530596378556,8.229454105432177,5.745545894567831
20180802,BEEF3,MINERVA,7.52,7.56,7.39,7.39,7625400.0,7.114999999999999,6.972500000000004,0.2430399577284444,0.3867003743043964,7.745900748608797,6.19909925139121,8.132601122913194,5.812398877086815
20180803,BEEF3,MINERVA,7.39,7.45,7.3,7.35,7993328.0,7.1225,6.966250000000004,0.2480635529774616,0.37822586861859203,7.7227017372371884,6.20979826276282,8.10092760585578,5.831572394144228
20180806,BEEF3,MINERVA,7.31,7.45,7.3,7.45,6402088.0,7.1389999999999985,6.957500000000003,0.25863813371299044,0.3621499193739311,7.681799838747866,6.233200161252141,8.043949758121796,5.87105024187821
20180807,BEEF3,MINERVA,7.45,7.55,7.05,7.21,11248883.0,7.1404999999999985,6.948250000000003,0.25897520710436595,0.3503762629531377,7.649002525906279,6.247497474093728,7.999378788859416,5.897121211140591
20180808,BEEF3,MINERVA,7.3,7.33,6.66,6.67,31262280.0,7.116499999999998,6.930000000000004,0.2794783674897743,0.3452163944170953,7.6204327888341945,6.239567211165814,7.965649183251291,5.894350816748718
20180809,BEEF3,MINERVA,6.75,6.78,6.26,6.45,20176939.0,7.088999999999997,6.916500000000004,0.3161928125951864,0.3532744266328953,7.623048853265795,6.209951146734213,7.97632327989869,5.8566767201013175
20180810,BEEF3,MINERVA,6.45,6.56,6.29,6.45,8452215.0,7.072999999999996,6.903000000000003,0.34035739729694353,0.36063476800970845,7.62426953601942,6.181730463980586,7.984904304029128,5.821095695970878
20180813,BEEF3,MINERVA,6.5,6.62,6.35,6.62,3598724.0,7.063999999999996,6.9017500000000025,0.35019393123481857,0.361548574599392,7.624847149198787,6.178652850801218,7.986395723798179,5.817104276201826
20180814,BEEF3,MINERVA,6.63,6.66,6.43,6.5,5253392.0,7.046499999999996,6.902250000000002,0.36965524478899614,0.36096372074252564,7.624177441485053,6.180322558514951,7.985141162227579,5.819358837772425
20180815,BEEF3,MINERVA,6.5,6.5,6.21,6.26,9785487.0,7.024499999999996,6.898500000000001,0.4029558549675688,0.36693847734167434,7.63237695468335,6.164623045316652,7.999315432025024,5.797684567974978
20180816,BEEF3,MINERVA,6.39,6.39,6.05,6.09,12721893.0,6.986499999999997,6.8855,0.4530048797227735,0.38613103926926123,7.657762078538523,6.113237921461478,8.043893117807784,5.727106882192217
20180817,BEEF3,MINERVA,6.1,6.16,5.9,6.09,11511088.0,6.939999999999996,6.8759999999999994,0.49515547797478127,0.40100386851510894,7.678007737030217,6.073992262969782,8.079011605545325,5.672988394454673
20180820,BEEF3,MINERVA,6.14,6.23,5.9,6.02,13961850.0,6.889499999999996,6.854749999999998,0.5353648534558489,0.4232353258243233,7.701220651648645,6.008279348351351,8.124455977472968,5.585044022527028
20180821,BEEF3,MINERVA,6.65,6.85,6.41,6.56,63248579.0,6.864499999999997,6.8512499999999985,0.5386481617023086,0.42512253135613354,7.701495062712265,6.001004937287732,8.1266175940684,5.575882405931598
20180822,BEEF3,MINERVA,6.54,6.54,6.2,6.37,20718586.0,6.822999999999998,6.845499999999999,0.5433918814650422,0.4301338491738453,7.705767698347689,5.985232301652308,8.135901547521534,5.555098452478463
20180823,BEEF3,MINERVA,6.32,6.32,6.08,6.09,14213359.0,6.763499999999998,6.835249999999998,0.5557287770884498,0.44326288721194246,7.721775774423882,5.948724225576113,8.165038661635824,5.50546133836417
20180824,BEEF3,MINERVA,6.14,6.18,5.98,6.05,7802850.0,6.695999999999998,6.828249999999999,0.5563357562517656,0.4535381560291692,7.735326312058337,5.9211736879416605,8.188864468087507,5.467635531912491
20180827,BEEF3,MINERVA,6.1,6.1,6.0,6.02,4928290.0,6.634499999999998,6.821999999999998,0.5598446683068371,0.46305119615048,7.748102392300958,5.895897607699038,8.211153588451438,5.432846411548558
20180828,BEEF3,MINERVA,6.05,6.25,6.0,6.12,7457916.0,6.5634999999999994,6.813999999999998,0.5281075946991872,0.4724882307582997,7.758976461516598,5.869023538483399,8.231464692274898,5.396535307725099
20180829,BEEF3,MINERVA,6.15,6.21,6.08,6.17,11049443.0,6.496499999999999,6.794749999999999,0.4849446522949682,0.4827962754513787,7.760342550902756,5.8291574490972415,8.243138826354135,5.346361173645862
20180830,BEEF3,MINERVA,6.15,6.15,5.93,5.98,10130342.0,6.425999999999999,6.7705,0.4494019417661342,0.49889082100398585,7.768281642007972,5.772718357992028,8.267172463011958,5.273827536988042
20180831,BEEF3,MINERVA,5.95,6.01,5.82,5.82,10119518.0,6.349499999999999,6.736,0.41254632913677053,0.5158552768622671,7.767710553724534,5.704289446275466,8.2835658305868,5.188434169413199
20180903,BEEF3,MINERVA,5.82,5.82,5.61,5.61,8496932.0,6.257499999999999,6.69825,0.355422284050978,0.5416399007193444,7.781529801438689,5.614970198561311,8.323169702158033,5.0733302978419665
20180904,BEEF3,MINERVA,5.65,5.71,5.6,5.64,9868176.0,6.179,6.65975,0.30357345421706,0.5609080892760985,7.781566178552197,5.537933821447803,8.342474267828296,4.977025732171704
20180905,BEEF3,MINERVA,5.64,5.72,5.53,5.58,7417694.0,6.124499999999999,6.6205,0.3085871880548404,0.5803179941712587,7.781135988342517,5.459864011657483,8.361453982513776,4.8795460174862235
20180906,BEEF3,MINERVA,5.65,5.7,5.46,5.63,11429672.0,6.0835,6.58625,0.31741181949938363,0.5975191768191589,7.781288353638318,5.391211646361682,8.378807530457475,4.793692469542523
20180910,BEEF3,MINERVA,5.78,6.01,5.74,5.89,12592922.0,6.0555,6.5642499999999995,0.3079383909674036,0.6067098639171259,7.777669727834251,5.350830272165748,8.384379591751378,4.744120408248621
20180911,BEEF3,MINERVA,5.88,6.0,5.75,5.77,8752321.0,6.013,6.538499999999999,0.28362503044469023,0.6181965084638552,7.7748930169277095,5.302106983072289,8.393089525391565,4.6839104746084335
20180912,BEEF3,MINERVA,5.92,5.94,5.28,5.32,40645126.0,5.953999999999999,6.5002499999999985,0.2992868717116771,0.6451733517792965,7.790596703558592,5.209903296441405,8.435770055337887,4.564729944662109
20180913,BEEF3,MINERVA,5.31,5.4,4.99,5.01,20787967.0,5.891499999999999,6.457999999999998,0.35697965444017254,0.6858130118184292,7.829626023636857,5.08637397636314,8.515439035455286,4.400560964544711
20180914,BEEF3,MINERVA,5.07,5.15,4.88,4.9,12707059.0,5.831999999999999,6.4092499999999974,0.4163829209299052,0.7253978130512007,7.860045626102399,4.958454373897596,8.5854434391536,4.2330565608463955
20180917,BEEF3,MINERVA,4.83,4.99,4.75,4.89,18790965.0,5.771999999999999,6.355999999999996,0.46128653043190965,0.7569093703157413,7.869818740631479,4.842181259368513,8.62672811094722,4.085271889052772
20180918,BEEF3,MINERVA,4.92,5.1,4.92,4.94,14620102.0,5.717999999999999,6.303749999999997,0.49286060802967685,0.780945145649038,7.865640291298074,4.741859708701921,8.646585436947111,3.9609145630528833
20180919,BEEF3,MINERVA,4.98,4.98,4.81,4.84,11842506.0,5.632,6.248249999999997,0.48824713328181374,0.8043563679530628,7.856962735906123,4.639537264093871,8.661319103859185,3.835180896140809
20180920,BEEF3,MINERVA,4.87,4.93,4.68,4.71,12991497.0,5.548999999999999,6.185999999999998,0.4972016428816632,0.8249003047765764,7.835800609553151,4.536199390446845,8.660700914329727,3.711299085670269
20180921,BEEF3,MINERVA,4.72,4.91,4.72,4.89,10700786.0,5.488999999999999,6.126249999999997,0.50087187141919,0.8301673834928471,7.786584766985691,4.465915233014303,8.616752150478538,3.6357478495214557
20180924,BEEF3,MINERVA,4.91,4.95,4.79,4.9,7661115.0,5.431499999999999,6.063749999999997,0.49908627036131953,0.8259095607656308,7.715569121531258,4.411930878468736,8.54147868229689,3.5860213177031044
20180925,BEEF3,MINERVA,4.82,4.89,4.77,4.89,8355655.0,5.374999999999999,6.004749999999997,0.4928808973244781,0.8232860595791782,7.651322119158353,4.358177880841641,8.474608178737531,3.5348918212624625
20180926,BEEF3,MINERVA,4.89,4.94,4.86,4.9,4954369.0,5.313999999999999,5.938749999999997,0.470826820324476,0.8026149170855092,7.543979834171015,4.333520165828979,8.346594751256525,3.530905248743469
20180927,BEEF3,MINERVA,4.93,5.08,4.9,4.98,13187168.0,5.254499999999999,5.875499999999997,0.4304156497839753,0.7748248768228617,7.42514975364572,4.325850246354274,8.199974630468581,3.551025369531412
20180928,BEEF3,MINERVA,4.91,5.15,4.91,5.01,9363510.0,5.2059999999999995,5.815999999999997,0.397775392851178,0.7464026547895551,7.308805309579108,4.323194690420887,8.055207964368662,3.576792035631332
20181001,BEEF3,MINERVA,5.0,5.05,4.83,4.85,5331072.0,5.157499999999999,5.753499999999997,0.377594533301214,0.7188186533543969,7.191137306708791,4.315862693291203,7.909955960063188,3.5970440399368067
20181002,BEEF3,MINERVA,4.97,5.02,4.9,4.96,7295254.0,5.124999999999998,5.691249999999998,0.36433789984459775,0.6745908066452049,7.040431613290409,4.342068386709588,7.715022419935613,3.667477580064384
20181003,BEEF3,MINERVA,5.09,5.09,4.98,5.03,9311572.0,5.094499999999998,5.6367499999999975,0.3439166820765469,0.6356841156358765,6.90811823127175,4.365381768728245,7.543802346907627,3.729697653092368
20181004,BEEF3,MINERVA,5.03,5.03,4.9,5.01,3715115.0,5.065999999999999,5.595249999999998,0.324643934504467,0.6205042924291887,6.836258584858376,4.354241415141621,7.456762877287565,3.7337371227124323
20181005,BEEF3,MINERVA,5.02,5.05,4.92,4.96,4232219.0,5.032499999999999,5.557999999999998,0.29675215602464894,0.6125491084446871,6.783098216889372,4.332901783110624,7.3956473253340596,3.7203526746659366
20181008,BEEF3,MINERVA,5.04,5.33,5.04,5.27,15312841.0,5.001499999999998,5.528499999999999,0.22653627570554954,0.5966983948017165,6.7218967896034325,4.335103210396566,7.318595184405149,3.73840481559485
20181009,BEEF3,MINERVA,5.32,5.54,5.32,5.5,14399844.0,4.987999999999999,5.500499999999999,0.1819947946046051,0.5698400585319207,6.64018011706384,4.360819882936157,7.21002017559576,3.790979824404237
20181010,BEEF3,MINERVA,5.54,5.54,5.21,5.22,7982051.0,4.982999999999999,5.468499999999999,0.17357237228622283,0.5477859866585284,6.564071973317056,4.372928026682942,7.111857959975584,3.8251420400244136
20181011,BEEF3,MINERVA,5.29,5.39,5.17,5.22,5686667.0,4.993499999999998,5.442499999999999,0.1814640750295503,0.5337566429058509,6.5100132858117,4.374986714188298,7.043769928717552,3.841230071282446
20181015,BEEF3,MINERVA,5.3,5.32,5.1,5.1,7523197.0,5.003499999999997,5.417749999999999,0.18155106574652394,0.5258569928441068,6.469463985688213,4.366036014311785,6.99532097853232,3.8401790214676783
20181016,BEEF3,MINERVA,5.1,5.31,5.1,5.27,6443941.0,5.022499999999997,5.397249999999999,0.18878768358581705,0.5148461931140916,6.426942386228182,4.367557613771815,6.941788579342274,3.852711420657724
20181017,BEEF3,MINERVA,5.29,5.41,5.23,5.31,11270734.0,5.040999999999998,5.379499999999998,0.19817323628321173,0.5049699153262354,6.389439830652469,4.369560169347528,6.894409745978704,3.864590254021292
20181018,BEEF3,MINERVA,5.37,5.37,5.15,5.16,6719311.0,5.056999999999997,5.344499999999998,0.19396418551673944,0.4682315337850911,6.28096306757018,4.408036932429816,6.7491946013552715,3.939805398644725
20181019,BEEF3,MINERVA,5.22,5.24,5.1,5.14,10097457.0,5.078499999999997,5.313749999999998,0.17652418948602577,0.4386090338961956,6.190968067792389,4.436531932207607,6.629577101688585,3.997922898311411
20181022,BEEF3,MINERVA,5.21,5.22,5.1,5.11,9089846.0,5.0894999999999975,5.289249999999998,0.17092549931418527,0.42116071297524343,6.131571425950485,4.446928574049512,6.5527321389257285,4.025767861074268
20181023,BEEF3,MINERVA,5.11,5.19,5.02,5.14,7643105.0,5.101499999999997,5.266499999999998,0.1652518014871574,0.40320860542298514,6.072917210845969,4.460082789154027,6.4761258162689535,4.0568741837310425
20181024,BEEF3,MINERVA,5.16,5.2,5.06,5.11,8007407.0,5.112499999999997,5.243749999999998,0.15757621380750564,0.38485886523999296,6.0134677304799835,4.474032269520012,6.398326595719976,4.089173404280019
20181025,BEEF3,MINERVA,5.12,5.22,5.09,5.13,14037738.0,5.123999999999997,5.218999999999998,0.14943401994125513,0.3579557342637164,5.934911468527431,4.503088531472565,6.292867202791147,4.1451327972088485
20181026,BEEF3,MINERVA,5.12,5.17,5.11,5.14,7720487.0,5.131999999999996,5.193249999999997,0.14555158246446065,0.3231447044281686,5.839539408856335,4.54696059114366,6.162684113284503,4.223815886715491
20181029,BEEF3,MINERVA,5.22,5.28,4.86,4.95,11586991.0,5.128999999999996,5.167499999999998,0.14878101180492814,0.29897903193774267,5.765458063875483,4.569541936124512,6.064437095813226,4.27056290418677
20181030,BEEF3,MINERVA,4.99,5.09,4.98,5.07,10285375.0,5.139999999999996,5.148749999999998,0.13451667867636033,0.27991928781753445,5.7085885756350665,4.588911424364929,5.988507863452601,4.308992136547395
20181031,BEEF3,MINERVA,5.09,5.59,5.06,5.49,40558318.0,5.1664999999999965,5.145749999999998,0.1486527213977639,0.27545661392279935,5.696663227845597,4.594836772154399,5.972119841768396,4.3193801582316
20181101,BEEF3,MINERVA,5.58,5.8,5.48,5.53,43177511.0,5.191499999999996,5.142999999999998,0.1655699883814858,0.27090730745171343,5.684814614903425,4.601185385096571,5.9557219223551385,4.3302780776448575
20181105,BEEF3,MINERVA,5.6,5.63,5.43,5.6,15023546.0,5.220999999999996,5.143499999999998,0.18315653357029688,0.2717516777481646,5.687003355496327,4.599996644503668,5.958755033244492,4.328244966755504
20181106,BEEF3,MINERVA,5.6,5.62,5.46,5.5,14853593.0,5.247999999999996,5.140249999999997,0.18245691632767158,0.2665110523516969,5.673272104703392,4.607227895296603,5.939783157055088,4.340716842944906
20181107,BEEF3,MINERVA,5.64,5.68,5.21,5.48,35745058.0,5.258499999999996,5.129999999999997,0.18968880332079857,0.24385788210889245,5.617715764217782,4.6422842357822125,5.861573646326675,4.39842635367332
20181108,BEEF3,MINERVA,5.44,5.58,5.38,5.48,17788047.0,5.257499999999997,5.122749999999997,0.1883969772916886,0.2281473601615537,5.579044720323105,4.66645527967689,5.807192080484659,4.438307919515336
20181109,BEEF3,MINERVA,5.54,5.55,5.37,5.52,13546587.0,5.272499999999996,5.127749999999997,0.1970005343300601,0.2346791317347213,5.59710826346944,4.658391736530555,5.831787395204161,4.423712604795833
20181112,BEEF3,MINERVA,5.53,5.67,5.45,5.55,15903288.0,5.288999999999996,5.141249999999998,0.20598671393029896,0.24311216678931064,5.627474333578619,4.655025666421376,5.87058650036793,4.411913499632066
20181113,BEEF3,MINERVA,5.6,5.64,5.49,5.6,15094011.0,5.3139999999999965,5.158749999999998,0.2120923334181368,0.25038624009864713,5.659522480197292,4.657977519802704,5.909908720295939,4.407591279704056
20181114,BEEF3,MINERVA,5.59,5.77,5.56,5.77,18390426.0,5.338999999999997,5.180749999999998,0.23487734761161153,0.2644334776508687,5.709616955301735,4.651883044698261,5.974050432952604,4.387449567047392
20181116,BEEF3,MINERVA,5.8,5.9,5.7,5.9,15084173.0,5.3684999999999965,5.204749999999999,0.26602878752023573,0.28480301334470653,5.774356026689412,4.635143973310586,6.059159040034118,4.350340959965879
20181119,BEEF3,MINERVA,5.88,5.88,5.75,5.82,10615450.0,5.401499999999997,5.229249999999999,0.27940302903081043,0.29460436311976057,5.81845872623952,4.6400412737604775,6.11306308935928,4.345436910640717
20181121,BEEF3,MINERVA,5.79,5.79,5.64,5.66,7613440.0,5.427499999999997,5.252999999999998,0.27797907910680164,0.28992660432841477,5.832853208656828,4.673146791343169,6.122779812985243,4.383220187014754
20181122,BEEF3,MINERVA,5.69,5.82,5.68,5.71,10815665.0,5.457499999999997,5.2734999999999985,0.27426216808396675,0.2925795968839762,5.858659193767951,4.688340806232046,6.151238790651927,4.39576120934807
20181123,BEEF3,MINERVA,5.74,5.76,5.47,5.5,8619599.0,5.475499999999997,5.288499999999998,0.2639472634727428,0.2882889398164323,5.865077879632863,4.7119221203671335,6.153366819449295,4.423633180550701
20181126,BEEF3,MINERVA,5.53,5.58,5.28,5.33,7750691.0,5.486499999999997,5.299499999999999,0.2522378785361819,0.2809959393811373,5.861491878762274,4.737508121237725,6.142487818143411,4.456512181856588
20181127,BEEF3,MINERVA,5.41,5.44,5.35,5.41,9679549.0,5.500499999999997,5.312249999999999,0.23882332161533337,0.27388456767446095,5.860019135348921,4.764480864651077,6.133903703023382,4.490596296976616
20181128,BEEF3,MINERVA,5.43,5.54,5.4,5.43,11041224.0,5.514999999999997,5.323499999999999,0.22413576712625677,0.26908725112483284,5.861674502249665,4.785325497750334,6.130761753374498,4.516238246625501
20181129,BEEF3,MINERVA,5.45,5.58,5.41,5.53,9701010.0,5.543999999999997,5.336499999999999,0.18044973057106578,0.26609763004942194,5.868695260098843,4.804304739901156,6.134792890148265,4.538207109851733
20181130,BEEF3,MINERVA,5.54,5.54,5.44,5.51,6470519.0,5.565999999999997,5.353,0.14243742855248337,0.25540515827164767,5.8638103165432955,4.842189683456704,6.1192154748149425,4.586784525185057
20181203,BEEF3,MINERVA,5.56,5.74,5.56,5.56,13430710.0,5.569499999999997,5.367999999999999,0.14132735422643342,0.249277931593348,5.866555863186695,4.8694441368133035,6.115833794780043,4.620166205219956
20181204,BEEF3,MINERVA,5.58,5.62,5.4,5.42,10601715.0,5.563999999999997,5.377749999999999,0.14503720030977033,0.24327348227757584,5.864296964555151,4.891203035444847,6.107570446832726,4.6479295531672715
20181205,BEEF3,MINERVA,5.43,5.49,5.38,5.41,4124371.0,5.554499999999997,5.387749999999999,0.1487305936036581,0.23587792909865135,5.859505858197301,4.915994141802696,6.095383787295953,4.6801162127040445
20181206,BEEF3,MINERVA,5.36,5.45,5.35,5.45,4692300.0,5.551999999999998,5.399999999999999,0.15010873252066206,0.2255932350321676,5.8511864700643335,4.948813529935664,6.076779705096501,4.723220294903496
20181207,BEEF3,MINERVA,5.45,5.57,5.44,5.48,7442236.0,5.551999999999998,5.405249999999998,0.15010873252066206,0.2249328959762864,5.855115791952571,4.955384208047425,6.080048687928857,4.730451312071139
20181210,BEEF3,MINERVA,5.5,5.55,5.35,5.37,3129157.0,5.546499999999997,5.401999999999998,0.15482672827869876,0.2244674609506068,5.850934921901212,4.953065078098785,6.075402382851819,4.728597617148178
20181211,BEEF3,MINERVA,5.41,5.47,5.22,5.24,7729930.0,5.532499999999997,5.402499999999998,0.1693291717958398,0.22407359139118896,5.850647182782376,4.95435281721762,6.074720774173565,4.730279225826431
20181212,BEEF3,MINERVA,5.29,5.32,5.22,5.23,3363631.0,5.516499999999998,5.402749999999998,0.18221661487596177,0.22387024057555255,5.850490481151104,4.955009518848893,6.074360721726656,4.731139278273341
20181213,BEEF3,MINERVA,5.27,5.28,5.12,5.14,11576138.0,5.493499999999998,5.403749999999998,0.19934828025874174,0.2225687735832009,5.8488875471664,4.958612452833596,6.071456320749601,4.736043679250395
20181214,BEEF3,MINERVA,5.15,5.19,5.1,5.14,5760842.0,5.461999999999998,5.400499999999997,0.20309707297901758,0.22550171981826828,5.851503439636534,4.94949656036346,6.077005159454802,4.723994840545193
20181217,BEEF3,MINERVA,5.15,5.18,5.05,5.05,6053932.0,5.4194999999999975,5.3939999999999975,0.19540713233767604,0.23183548543668492,5.857670970873367,4.930329029126628,6.089506456310052,4.698493543689943
20181218,BEEF3,MINERVA,5.07,5.09,4.99,5.02,5135969.0,5.3794999999999975,5.390499999999998,0.19093881632334622,0.236469220634871,5.863438441269739,4.917561558730256,6.099907661904611,4.681092338095384
20181219,BEEF3,MINERVA,5.05,5.09,4.97,4.97,5789164.0,5.344999999999997,5.386249999999999,0.19972349307035422,0.24253667446699562,5.8713233489339895,4.901176651066008,6.113860023400985,4.658639976599012
20181220,BEEF3,MINERVA,4.98,5.02,4.87,4.93,6339280.0,5.305999999999998,5.3817499999999985,0.20085082183449593,0.2493672762443167,5.880484552488632,4.883015447511365,6.129851828732948,4.6336481712670485
20181221,BEEF3,MINERVA,4.95,4.99,4.93,4.97,10068937.0,5.279499999999998,5.377499999999999,0.20871726027536788,0.25497863158326306,5.8874572631665245,4.867542736833473,6.142435894749788,4.612564105250209
20181226,BEEF3,MINERVA,4.98,4.98,4.84,4.91,3655365.0,5.258499999999998,5.372499999999998,0.22394254432311056,0.26221688028741225,5.896933760574822,4.848066239425173,6.159150640862235,4.585849359137761
20181227,BEEF3,MINERVA,4.95,4.97,4.85,4.89,3798889.0,5.232499999999998,5.366499999999998,0.23532452396416545,0.27052228686797397,5.9075445737359455,4.82545542626405,6.17806686060392,4.554933139396075
20181228,BEEF3,MINERVA,4.9,4.99,4.89,4.99,7729511.0,5.210499999999998,5.362749999999998,0.236453511621013,0.27474918632197265,5.912248372643944,4.813251627356053,6.186997558965916,4.538502441034081
