DATA DO PREGAO,CODIGO DE NEGOCIACAO DO PAPEL,NOME RESUMIDO DA EMPRESA EMISSORA,PRECO DE ABERTURA,PRECO MAXIMO,PRECO MINIMO,PRECO FECHAMENTO,VOLUME TOTAL DE TITULOS NEGOCIADOS NESTE PAPEL,MA_20,MA_40,STD_20,STD_40,BANDA_1_40 SUPERIOR,BANDA_1_40 INFERIOR,BANDA_2_40 SUPERIOR,BANDA_2_40 INFERIOR,BANDA_3_40 SUPERIOR,BANDA_3_40 INFERIOR
20180102,CAML3,CAMIL,7.85,7.88,7.74,7.82,12189619.0,0.0,0.0,0.0,0.0,0.0,0.0,0.0,0.0,0.0,0.0
20180103,CAML3,CAMIL,7.83,7.91,7.77,7.81,13016758.0,0.0,0.0,0.0,0.0,0.0,0.0,0.0,0.0,0.0,0.0
20180104,CAML3,CAMIL,7.84,8.14,7.84,8.0,17998262.0,0.0,0.0,0.0,0.0,0.0,0.0,0.0,0.0,0.0,0.0
20180105,CAML3,CAMIL,8.01,8.18,8.01,8.18,9455460.0,0.0,0.0,0.0,0.0,0.0,0.0,0.0,0.0,0.0,0.0
20180108,CAML3,CAMIL,8.2,8.2,8.0,8.17,8187770.0,0.0,0.0,0.0,0.0,0.0,0.0,0.0,0.0,0.0,0.0
20180109,CAML3,CAMIL,8.16,8.2,8.02,8.15,7559746.0,0.0,0.0,0.0,0.0,0.0,0.0,0.0,0.0,0.0,0.0
20180110,CAML3,CAMIL,8.14,8.35,8.14,8.31,13076981.0,0.0,0.0,0.0,0.0,0.0,0.0,0.0,0.0,0.0,0.0
20180111,CAML3,CAMIL,8.35,8.52,8.22,8.5,18325111.0,0.0,0.0,0.0,0.0,0.0,0.0,0.0,0.0,0.0,0.0
20180112,CAML3,CAMIL,8.4,8.4,8.0,8.05,32853644.0,0.0,0.0,0.0,0.0,0.0,0.0,0.0,0.0,0.0,0.0
20180115,CAML3,CAMIL,8.05,8.15,8.0,8.15,7876551.0,0.0,0.0,0.0,0.0,0.0,0.0,0.0,0.0,0.0,0.0
20180116,CAML3,CAMIL,8.15,8.23,8.07,8.11,7107715.0,0.0,0.0,0.0,0.0,0.0,0.0,0.0,0.0,0.0,0.0
20180117,CAML3,CAMIL,8.11,8.15,7.85,7.9,18083840.0,0.0,0.0,0.0,0.0,0.0,0.0,0.0,0.0,0.0,0.0
20180118,CAML3,CAMIL,7.95,7.95,7.77,7.77,13125533.0,0.0,0.0,0.0,0.0,0.0,0.0,0.0,0.0,0.0,0.0
20180119,CAML3,CAMIL,7.83,7.92,7.76,7.79,18132465.0,0.0,0.0,0.0,0.0,0.0,0.0,0.0,0.0,0.0,0.0
20180122,CAML3,CAMIL,7.82,7.84,7.65,7.65,10245304.0,0.0,0.0,0.0,0.0,0.0,0.0,0.0,0.0,0.0,0.0
20180123,CAML3,CAMIL,7.65,7.68,7.45,7.5,8421826.0,0.0,0.0,0.0,0.0,0.0,0.0,0.0,0.0,0.0,0.0
20180124,CAML3,CAMIL,7.5,7.76,7.49,7.76,25305051.0,0.0,0.0,0.0,0.0,0.0,0.0,0.0,0.0,0.0,0.0
20180126,CAML3,CAMIL,7.77,8.17,7.72,7.76,23843363.0,0.0,0.0,0.0,0.0,0.0,0.0,0.0,0.0,0.0,0.0
20180129,CAML3,CAMIL,7.82,7.83,7.71,7.71,10406042.0,0.0,0.0,0.0,0.0,0.0,0.0,0.0,0.0,0.0,0.0
20180130,CAML3,CAMIL,7.77,7.77,7.5,7.5,11472782.0,7.9295,0.0,0.2680234671579493,0.0,0.0,0.0,0.0,0.0,0.0,0.0
20180131,CAML3,CAMIL,7.55,7.62,7.43,7.43,17340114.0,7.910000000000001,0.0,0.2897185567154148,0.0,0.0,0.0,0.0,0.0,0.0,0.0
20180201,CAML3,CAMIL,7.44,7.5,7.37,7.5,10699733.0,7.894500000000001,0.0,0.30332325990599507,0.0,0.0,0.0,0.0,0.0,0.0,0.0
20180202,CAML3,CAMIL,7.5,7.54,7.41,7.5,4371735.0,7.8695,0.0,0.3145669537968864,0.0,0.0,0.0,0.0,0.0,0.0,0.0
20180205,CAML3,CAMIL,7.52,7.67,7.39,7.53,11130446.0,7.837000000000001,0.0,0.3143765760659453,0.0,0.0,0.0,0.0,0.0,0.0,0.0
20180206,CAML3,CAMIL,7.49,7.56,7.41,7.47,17522391.0,7.802000000000001,0.0,0.31431797510432624,0.0,0.0,0.0,0.0,0.0,0.0,0.0
20180207,CAML3,CAMIL,7.53,7.69,7.45,7.69,19206778.0,7.779000000000001,0.0,0.30417965605525676,0.0,0.0,0.0,0.0,0.0,0.0,0.0
20180208,CAML3,CAMIL,7.75,7.9,7.7,7.84,11620627.0,7.7555000000000005,0.0,0.2780283022321734,0.0,0.0,0.0,0.0,0.0,0.0,0.0
20180209,CAML3,CAMIL,7.86,7.87,7.7,7.74,12145000.0,7.717500000000001,0.0,0.2159160411875521,0.0,0.0,0.0,0.0,0.0,0.0,0.0
20180214,CAML3,CAMIL,7.76,7.82,7.68,7.82,7947965.0,7.706,0.0,0.20301412966122495,0.0,0.0,0.0,0.0,0.0,0.0,0.0
20180215,CAML3,CAMIL,7.83,7.83,7.66,7.66,8998311.0,7.6815,0.0,0.1741226125766715,0.0,0.0,0.0,0.0,0.0,0.0,0.0
20180216,CAML3,CAMIL,7.7,7.74,7.6,7.69,7663797.0,7.660499999999999,0.0,0.1421072611945279,0.0,0.0,0.0,0.0,0.0,0.0,0.0
20180219,CAML3,CAMIL,7.74,7.84,7.71,7.84,4167398.0,7.657499999999999,0.0,0.1373384218100033,0.0,0.0,0.0,0.0,0.0,0.0,0.0
20180220,CAML3,CAMIL,7.84,7.89,7.75,7.87,7515117.0,7.662499999999999,0.0,0.14333894317867074,0.0,0.0,0.0,0.0,0.0,0.0,0.0
20180221,CAML3,CAMIL,7.88,8.11,7.87,8.05,16257630.0,7.6754999999999995,0.0,0.1655763458824623,0.0,0.0,0.0,0.0,0.0,0.0,0.0
20180222,CAML3,CAMIL,8.05,8.08,7.98,8.03,10847699.0,7.6945,0.0,0.18334537440521612,0.0,0.0,0.0,0.0,0.0,0.0,0.0
20180223,CAML3,CAMIL,8.05,8.16,8.0,8.1,6431105.0,7.724499999999999,0.0,0.19832124391873177,0.0,0.0,0.0,0.0,0.0,0.0,0.0
20180226,CAML3,CAMIL,8.11,8.18,8.05,8.17,9414938.0,7.744999999999999,0.0,0.22196490950740624,0.0,0.0,0.0,0.0,0.0,0.0,0.0
20180227,CAML3,CAMIL,8.1,8.14,8.06,8.13,8050762.0,7.763499999999999,0.0,0.2381126447271269,0.0,0.0,0.0,0.0,0.0,0.0,0.0
20180228,CAML3,CAMIL,8.13,8.15,7.88,8.05,7313997.0,7.780499999999999,0.0,0.24609529604777444,0.0,0.0,0.0,0.0,0.0,0.0,0.0
20180301,CAML3,CAMIL,8.05,8.27,7.98,8.19,15305060.0,7.8149999999999995,7.872250000000001,0.2529718103704539,0.2636964795618881,8.399642959123778,7.344857040876225,8.663339438685664,7.081160561314337,8.927035918247553,6.817464081752449
20180302,CAML3,CAMIL,8.18,8.18,8.0,8.05,21969338.0,7.845999999999999,7.878000000000002,0.2410153958829835,0.26503217027759335,8.408064340555189,7.347935659444815,8.673096510832782,7.082903489167222,8.938128681110376,6.817871318889629
20180305,CAML3,CAMIL,8.1,8.15,8.01,8.01,6296679.0,7.871499999999999,7.883000000000001,0.22916955341084477,0.26560236328883696,8.414204726577674,7.351795273422327,8.679807089866511,7.08619291013349,8.94540945315535,6.820590546844653
20180306,CAML3,CAMIL,8.05,8.1,7.9,7.96,4899357.0,7.894499999999999,7.882000000000001,0.21239176810294347,0.26522559338158774,8.412451186763176,7.351548813236825,8.677676780144765,7.086323219855237,8.942902373526351,6.82109762647365
20180307,CAML3,CAMIL,7.98,8.04,7.73,7.87,7929068.0,7.911499999999999,7.874250000000001,0.19453791404248114,0.2607866551171272,8.395823310234256,7.3526766897657465,8.656609965351382,7.091890034648619,8.917396620468509,6.831103379531492
20180308,CAML3,CAMIL,7.92,7.95,7.7,7.75,9183517.0,7.9254999999999995,7.8637500000000005,0.16956523352695982,0.2570013219560931,8.377752643912187,7.349747356087814,8.63475396586828,7.0927460341317214,8.891755287824372,6.835744712175628
20180309,CAML3,CAMIL,7.73,7.81,7.72,7.75,9898851.0,7.9285,7.853750000000001,0.16566532527961245,0.25333354419694304,8.360417088393886,7.3470829116061145,8.613750632590829,7.093749367409171,8.867084176787772,6.840415823212228
20180312,CAML3,CAMIL,7.79,8.1,7.72,8.05,11357613.0,7.939,7.847250000000001,0.16641419473868851,0.244508795919597,8.336267591839194,7.358232408160807,8.580776387758792,7.11372361224121,8.825285183678389,6.8692148163216125
20180313,CAML3,CAMIL,8.04,8.04,7.81,7.81,6057608.0,7.9425,7.830000000000001,0.1627033141059286,0.22043081361221592,8.270861627224432,7.3891383727755695,8.491292440836649,7.168707559163353,8.711723254448865,6.948276745551137
20180314,CAML3,CAMIL,7.85,7.86,7.72,7.75,3894377.0,7.939,7.822500000000001,0.1661926592843373,0.2178419798962727,8.258183959792547,7.386816040207456,8.47602593968882,7.168974060311182,8.693867919585092,6.95113208041491
20180315,CAML3,CAMIL,7.8,7.81,7.71,7.75,11639667.0,7.9435,7.812500000000002,0.1593167979381427,0.2115116533129542,8.235523306625911,7.389476693374093,8.447034959938865,7.177965040061139,8.658546613251819,6.966453386748185
20180316,CAML3,CAMIL,7.76,7.76,7.6,7.6,18666267.0,7.939,7.799750000000001,0.167894076883705,0.20846800775277266,8.216686015505546,7.382813984494456,8.425154023258319,7.174345976741684,8.633622031011091,6.96587796898891
20180319,CAML3,CAMIL,7.59,7.65,7.54,7.64,7399894.0,7.928999999999999,7.793250000000002,0.1796458504362048,0.20931374438804398,8.211877488776091,7.374622511223914,8.421191233164134,7.16530876683587,8.630504977552178,6.955995022447826
20180320,CAML3,CAMIL,7.64,7.64,7.35,7.36,18275690.0,7.903499999999999,7.783000000000003,0.22010224896624728,0.22023530539763495,8.223470610795273,7.342529389204733,8.443705916192908,7.122294083807098,8.663941221590543,6.902058778409463
20180321,CAML3,CAMIL,7.39,7.47,7.29,7.47,8069398.0,7.874499999999999,7.775000000000003,0.2373200149032611,0.2257182268863499,8.226436453772703,7.323563546227303,8.452154680659053,7.097845319340953,8.677872907545403,6.872127092454603
20180322,CAML3,CAMIL,7.54,7.54,7.36,7.48,25389677.0,7.846999999999999,7.770750000000004,0.24988628992951317,0.22969754360563222,8.230145087211268,7.311354912788739,8.459842630816901,7.081657369183107,8.689540174422532,6.851959825577476
20180323,CAML3,CAMIL,7.47,7.49,7.19,7.29,4416356.0,7.806499999999998,7.765500000000005,0.27143429950425985,0.23828392889414626,8.242067857788298,7.288932142211713,8.480351786682444,7.050648213317566,8.718635715576589,6.81236428442342
20180326,CAML3,CAMIL,7.32,7.4,7.3,7.34,4522452.0,7.764999999999999,7.755000000000004,0.2763388461558325,0.2476039020445601,8.250207804089124,7.259792195910884,8.497811706133685,7.012188293866324,8.745415608178245,6.764584391821764
20180327,CAML3,CAMIL,7.4,7.43,7.24,7.4,10980922.0,7.7284999999999995,7.746000000000004,0.2737896810942373,0.2538806503366973,8.253761300673398,7.238238699326609,8.507641951010097,6.984358048989912,8.761522601346794,6.730477398653215
20180328,CAML3,CAMIL,7.4,7.52,7.27,7.43,16620067.0,7.6975,7.739000000000004,0.27055255350952834,0.25871278996661035,8.256425579933225,7.2215744200667835,8.515138369899836,6.962861630100173,8.773851159866446,6.704148840133563
20180329,CAML3,CAMIL,7.45,7.59,7.43,7.45,44267749.0,7.660499999999999,7.737750000000004,0.2494304037518071,0.2600146692114273,8.257779338422859,7.217720661577149,8.517794007634286,6.957705992365722,8.777808676845712,6.697691323154294
20180402,CAML3,CAMIL,7.45,7.52,7.27,7.35,5559567.0,7.625499999999998,7.735750000000005,0.24086412417749026,0.2627359745213663,8.261221949042737,7.210278050957272,8.523957923564105,6.947542076435906,8.78669389808547,6.684806101914539
20180403,CAML3,CAMIL,7.33,7.53,7.33,7.4,14308967.0,7.594999999999999,7.7332500000000035,0.22788501255538604,0.2654979598163918,8.264245919632787,7.20225408036722,8.529743879449178,6.936756120550828,8.795241839265572,6.671258160734436
20180404,CAML3,CAMIL,7.39,7.55,7.3,7.47,2942347.0,7.570499999999998,7.732500000000004,0.212391768102944,0.26621516264201134,8.264930325284027,7.200069674715982,8.531145487926038,6.93385451207397,8.79736065056805,6.667639349431959
20180405,CAML3,CAMIL,7.55,7.61,7.45,7.5,2832942.0,7.551999999999998,7.731750000000005,0.20072500172073618,0.26684180947155006,8.265433618943105,7.198066381056905,8.532275428414655,6.931224571585355,8.799117237886206,6.664382762113805
20180406,CAML3,CAMIL,7.5,7.59,7.45,7.46,1186807.0,7.537499999999999,7.731500000000004,0.1960900706039798,0.2670978885189506,8.265695777037905,7.197304222962103,8.532793665556856,6.930206334443152,8.799891554075806,6.663108445924202
20180409,CAML3,CAMIL,7.5,7.57,7.35,7.47,2675610.0,7.5234999999999985,7.726000000000004,0.19002146693133629,0.27022118195931066,8.266442363918626,7.185557636081383,8.536663545877936,6.915336454122072,8.806884727837247,6.645115272162762
20180410,CAML3,CAMIL,7.46,7.52,7.29,7.3,3740924.0,7.485999999999999,7.712500000000006,0.15055686108926652,0.2777635039067656,8.268027007813536,7.156972992186475,8.545790511720302,6.8792094882797095,8.823554015627067,6.601445984372943
20180411,CAML3,CAMIL,7.3,7.43,7.25,7.35,3767733.0,7.462999999999998,7.702750000000006,0.13251017835781984,0.2835578672909002,8.269865734581806,7.135634265418206,8.553423601872707,6.852076398127306,8.836981469163607,6.568518530836405
20180412,CAML3,CAMIL,7.35,7.42,7.29,7.4,1802927.0,7.445499999999998,7.692250000000006,0.11450005745804204,0.2868617776685823,8.26597355533717,7.118526444662841,8.552835333005753,6.831664666994259,8.839697110674335,6.544802889325677
20180413,CAML3,CAMIL,7.34,7.6,7.32,7.42,19898400.0,7.428999999999998,7.686250000000006,0.08931906144179036,0.29004586286327577,8.266341725726557,7.106158274273454,8.556387588589832,6.816112411410178,8.846433451453109,6.526066548546902
20180416,CAML3,CAMIL,7.37,7.45,7.28,7.28,2656510.0,7.4129999999999985,7.676000000000005,0.08566151257619946,0.29706944711675753,8.27013889423352,7.08186110576649,8.567208341350277,6.784791658649732,8.864277788467035,6.487722211532974
20180417,CAML3,CAMIL,7.32,7.58,7.26,7.48,3767334.0,7.4049999999999985,7.667000000000006,0.06924403831454058,0.2974265692613282,8.261853138522662,7.07214686147735,8.55927970778399,6.7747202922160215,8.856706277045319,6.477293722954693
20180418,CAML3,CAMIL,7.54,7.54,7.31,7.4,4341380.0,7.406999999999998,7.655250000000005,0.06844898215382775,0.29848323837318425,8.252216476746373,7.058283523253636,8.550699715119558,6.759800284880452,8.849182953492742,6.4613170465072685
20180419,CAML3,CAMIL,7.42,7.61,7.36,7.61,4817643.0,7.413999999999999,7.644250000000005,0.08120150374547641,0.2915905761552722,8.22743115231055,7.0610688476894605,8.519021728465821,6.769478271534188,8.810612304621094,6.477887695378916
20180420,CAML3,CAMIL,7.61,7.65,7.49,7.49,2026780.0,7.414499999999999,7.630750000000006,0.08165878945182291,0.28571446657503335,8.202178933150073,7.0593210668499395,8.487893399725106,6.773606600274906,8.77360786630014,6.487892133699873
20180423,CAML3,CAMIL,7.47,7.58,7.47,7.55,3775599.0,7.4275,7.617000000000006,0.08149103922324503,0.27560841786853935,8.168216835737084,7.065783164262927,8.443825253605624,6.7901747463943884,8.719433671474164,6.514566328525849
20180424,CAML3,CAMIL,7.59,7.87,7.55,7.87,9290573.0,7.454000000000001,7.609500000000006,0.12571479835849061,0.26401194611666173,8.137523892233329,7.081476107766682,8.401535838349991,6.817464161650021,8.665547784466654,6.553452215533359
20180425,CAML3,CAMIL,7.8,7.89,7.67,7.8,9385993.0,7.474000000000001,7.601250000000006,0.14673283993636063,0.2522228105343478,8.105695621068701,7.09680437893131,8.35791843160305,6.844581568396962,8.610141242137397,6.592358757862614
20180426,CAML3,CAMIL,7.8,7.95,7.71,7.79,9164145.0,7.492,7.5947500000000066,0.1623057543488121,0.24356315981796617,8.081876319635938,7.107623680364075,8.325439479453905,6.864060520546108,8.569002639271872,6.620497360728142
20180427,CAML3,CAMIL,7.87,7.89,7.71,7.89,2123322.0,7.514,7.587250000000006,0.1846019900673939,0.22894392438503317,8.045137848770073,7.12936215122994,8.274081773155105,6.900418226844907,8.503025697540139,6.671474302459874
20180430,CAML3,CAMIL,7.81,8.15,7.8,8.1,6662025.0,7.5515,7.588500000000006,0.2219358608152129,0.23165569057193097,8.051811381143867,7.125188618856144,8.2834670717158,6.893532928284213,8.51512276228773,6.661877237712282
20180502,CAML3,CAMIL,8.08,8.08,7.83,7.9,3051323.0,7.5765,7.585750000000006,0.23190912467012426,0.2271324870349152,8.040014974069837,7.131485025930176,8.267147461104752,6.90435253889526,8.494279948139667,6.6772200518603455
20180503,CAML3,CAMIL,7.9,8.08,7.73,7.81,16147829.0,7.593500000000001,7.582000000000006,0.23611493632952324,0.22197481954676693,8.02594963909354,7.1380503609064725,8.247924458640307,6.916075541359705,8.469899278187073,6.694100721812938
20180504,CAML3,CAMIL,7.76,7.94,7.62,7.85,14108767.0,7.611,7.581500000000007,0.24172407061728363,0.2213310549774593,8.024162109954926,7.138837890045089,8.245493164932386,6.91750683506763,8.466824219909844,6.6961757800901704
20180507,CAML3,CAMIL,7.79,7.9,7.63,7.7,2357034.0,7.622999999999999,7.580250000000007,0.23978279645062997,0.22049463625082544,8.021239272501658,7.139260727498356,8.241733908752483,6.91876609124753,8.462228545003308,6.698271454996705
20180508,CAML3,CAMIL,7.68,7.8,7.61,7.69,4460909.0,7.633999999999999,7.5787500000000065,0.23742921382792675,0.21951213388575158,8.01777426777151,7.139725732228503,8.237286401657261,6.920213598342752,8.456798535543014,6.700701464457
20180509,CAML3,CAMIL,7.74,7.77,7.63,7.69,1434237.0,7.653499999999998,7.569750000000006,0.22420092022910798,0.20670166163598222,7.983153323271971,7.156346676728042,8.189854984907953,6.9496450150920595,8.396556646543935,6.742943353456077
20180510,CAML3,CAMIL,7.72,7.78,7.68,7.73,3300986.0,7.672499999999998,7.567750000000006,0.21294612612484598,0.20469473832376603,7.9771394766475385,7.158360523352474,8.181834214971305,6.953665785028709,8.38652895329507,6.748971046704942
20180511,CAML3,CAMIL,7.73,7.76,7.65,7.76,2174890.0,7.6904999999999974,7.568000000000007,0.2037148419779598,0.20492900584323487,7.977858011686476,7.158141988313537,8.182787017529712,6.953212982470302,8.387716023372946,6.748283976627067
20180514,CAML3,CAMIL,7.72,7.9,7.72,7.83,2205608.0,7.7109999999999985,7.570000000000006,0.19552628037118006,0.20712934148150827,7.984258682963022,7.1557413170369895,8.19138802444453,6.9486119755554805,8.398517365926038,6.741482634073972
20180515,CAML3,CAMIL,7.84,7.88,7.56,7.65,9699539.0,7.729499999999999,7.5712500000000045,0.16819396697359745,0.2074656289111195,7.986181257822244,7.156318742177765,8.193646886733363,6.948853113266646,8.401112515644483,6.741387484355527
20180516,CAML3,CAMIL,7.6,7.75,7.53,7.64,2752193.0,7.737499999999999,7.5712500000000045,0.159270541102734,0.2074656289111195,7.986181257822244,7.156318742177765,8.193646886733363,6.948853113266646,8.401112515644483,6.741387484355527
20180517,CAML3,CAMIL,7.64,7.69,7.4,7.41,2685731.0,7.737999999999998,7.572500000000005,0.15816713345465597,0.20630758714312883,7.985115174286263,7.159884825713747,8.191422761429392,6.9535772385706185,8.397730348572521,6.74726965142749
20180518,CAML3,CAMIL,7.39,7.53,7.35,7.43,7005064.0,7.728999999999997,7.571500000000005,0.17047611346800967,0.20691321108879465,7.985326422177594,7.157673577822416,8.19223963326639,6.950760366733621,8.399152844355184,6.7438471556448265
20180521,CAML3,CAMIL,7.52,7.72,7.52,7.69,8079448.0,7.738999999999997,7.576750000000004,0.16133978528493603,0.2071960238703714,7.991142047740746,7.162357952259262,8.198338071611118,6.95516192838889,8.405534095481489,6.7479659045185185
20180522,CAML3,CAMIL,7.73,8.02,7.71,8.0,2645360.0,7.761499999999996,7.594500000000004,0.16493300075134076,0.21234889046578648,8.019197780931577,7.169802219068431,8.231546671397362,6.957453328602644,8.44389556186315,6.745104438136858
20180523,CAML3,CAMIL,7.97,7.97,7.75,7.75,2361442.0,7.755499999999996,7.604750000000005,0.1629489749002807,0.20962711093993783,8.02400422187988,7.185495778120129,8.233631332819819,6.975868667180191,8.443258443759756,6.766241556240253
20180524,CAML3,CAMIL,7.74,7.95,7.65,7.8,3668552.0,7.755499999999996,7.614750000000005,0.1629489749002807,0.20914952938274822,8.033049058765501,7.196450941234509,8.24219858814825,6.98730141185176,8.451348117530998,6.778151882469013
20180525,CAML3,CAMIL,7.76,8.15,7.7,8.09,15695586.0,7.770499999999997,7.631250000000004,0.17928146057320823,0.21995556077978162,8.071161121559568,7.19133887844044,8.291116682339348,6.971383317660659,8.51107224311913,6.751427756880878
20180528,CAML3,CAMIL,8.05,8.05,7.84,7.96,9670147.0,7.773999999999998,7.644000000000004,0.18239344401883612,0.22392535386276308,8.09185070772553,7.196149292274478,8.315776061588293,6.972223938411714,8.539701415451056,6.748298584548952
20180529,CAML3,CAMIL,7.96,8.21,7.71,7.71,7829108.0,7.754499999999998,7.653000000000003,0.1657987048390771,0.21898600821712652,8.090972016434256,7.21502798356575,8.309958024651383,6.996041975348623,8.528944032868509,6.777055967131497
20180530,CAML3,CAMIL,7.72,8.1,7.72,7.92,18876126.0,7.755499999999998,7.666000000000004,0.166779873833113,0.21901644944662216,8.104032898893248,7.22796710110676,8.32304934833987,7.008950651660138,8.542065797786492,6.789934202213515
20180601,CAML3,CAMIL,7.92,8.17,7.81,8.1,9116173.0,7.769999999999998,7.681750000000004,0.18353258709644826,0.2270647428287738,8.13587948565755,7.227620514342456,8.362944228486326,7.000555771513682,8.590008971315099,6.773491028684909
20180604,CAML3,CAMIL,8.09,8.33,8.05,8.33,3834980.0,7.793999999999999,7.702500000000003,0.22191510942131287,0.24707260429855774,8.196645208597118,7.208354791402888,8.443717812895677,6.96128218710433,8.690790417194235,6.714209582805772
20180605,CAML3,CAMIL,8.33,8.36,8.16,8.22,18196675.0,7.8199999999999985,7.721500000000004,0.2400438556422108,0.25697001720743573,8.235440034414875,7.207559965585133,8.492410051622311,6.950589948377697,8.749380068829748,6.693619931170261
20180606,CAML3,CAMIL,8.11,8.31,8.02,8.15,13651738.0,7.842999999999999,7.738500000000004,0.2488097984193414,0.26234201595118833,8.26318403190238,7.213815968097627,8.52552604785357,6.951473952146439,8.787868063804757,6.689131936195251
20180607,CAML3,CAMIL,8.11,8.12,7.38,7.44,10979285.0,7.830499999999999,7.742000000000003,0.26278818767012146,0.25722583113895936,8.256451662277922,7.227548337722084,8.51367749341688,6.970322506583124,8.77090332455584,6.713096675444165
20180608,CAML3,CAMIL,7.44,7.88,7.3,7.81,13182369.0,7.8345,7.7535000000000025,0.2617848654706252,0.24941521348536264,8.252330426970728,7.254669573029277,8.50174564045609,7.0052543595439145,8.751160853941453,6.755839146058552
20180611,CAML3,CAMIL,7.81,7.81,7.47,7.47,4377236.0,7.82,7.755250000000004,0.27388049641365325,0.24710620056763993,8.249462401135284,7.261037598864724,8.496568601702924,7.013931398297084,8.743674802270563,6.766825197729444
20180612,CAML3,CAMIL,7.47,7.65,7.41,7.45,4027278.0,7.800999999999999,7.756000000000003,0.2860603543236795,0.24610608511007087,8.248212170220144,7.2637878297798615,8.494318255330215,7.01768174466979,8.740424340440287,6.771575659559719
20180613,CAML3,CAMIL,7.45,7.49,7.34,7.39,5480659.0,7.7879999999999985,7.758750000000004,0.2989032584210758,0.24121686699540162,8.241183733990807,7.2763162660092,8.482400600986209,7.035099399013799,8.72361746798161,6.793882532018397
20180614,CAML3,CAMIL,7.46,7.64,7.28,7.4,1212551.0,7.775999999999999,7.756750000000002,0.30977750929200376,0.2439040111737956,8.244558022347594,7.2689419776524105,8.488462033521389,7.025037966478616,8.732366044695185,6.78113395530482
20180615,CAML3,CAMIL,7.4,7.5,7.29,7.45,3533368.0,7.777999999999999,7.758000000000003,0.3074102350794106,0.24215062064121048,8.242301241282423,7.273698758717582,8.484451861923635,7.031548138076372,8.726602482564845,6.789397517435161
20180618,CAML3,CAMIL,7.4,7.4,7.17,7.17,2391260.0,7.764999999999998,7.7470000000000026,0.3277274220413884,0.2584887043110599,8.263977408622122,7.230022591377883,8.522466112933182,6.971533887066823,8.780954817244242,6.713045182755763
20180619,CAML3,CAMIL,7.08,7.33,7.05,7.12,4412274.0,7.736499999999998,7.737750000000003,0.3579808139522204,0.27407174336808376,8.285893486736171,7.189606513263835,8.559965230104254,6.915534769895752,8.834036973472339,6.641463026527668
20180620,CAML3,CAMIL,7.22,7.31,6.75,7.21,16127818.0,7.696999999999998,7.729250000000002,0.370733270552747,0.2850945637089744,8.299439127417951,7.159060872582053,8.584533691126925,6.873966308873079,8.8696282548359,6.588871745164105
20180621,CAML3,CAMIL,7.11,7.21,6.97,7.09,21766053.0,7.663999999999999,7.709750000000001,0.39438693263288827,0.3014281178928241,8.31260623578565,7.1068937642143535,8.614034353678473,6.8054656463215295,8.915462471571297,6.5040375284287055
20180622,CAML3,CAMIL,7.2,7.23,6.9,6.95,2786483.0,7.6214999999999975,7.6885,0.42367160818132077,0.32401764750926104,8.336535295018523,7.040464704981479,8.660552942527783,6.716447057472218,8.984570590037045,6.392429409962956
20180625,CAML3,CAMIL,7.08,7.09,6.84,6.91,2796321.0,7.562499999999997,7.666500000000001,0.436949653850417,0.34607358043763287,8.358647160875266,6.974352839124736,8.704720741312899,6.628279258687103,9.050794321750532,6.282205678249469
20180626,CAML3,CAMIL,6.91,6.99,6.87,6.9,2702197.0,7.509499999999997,7.64175,0.4502803220451142,0.36458538094663023,8.370920761893261,6.91257923810674,8.73550614283989,6.547993857160109,9.10009152378652,6.183408476213479
20180627,CAML3,CAMIL,6.86,6.91,6.7,6.77,1852031.0,7.462499999999997,7.608499999999999,0.47654319956603175,0.3819554947896408,8.372410989579281,6.844589010420718,8.754366484368921,6.462633515631077,9.136321979158563,6.080678020841436
20180628,CAML3,CAMIL,6.95,6.95,6.5,6.52,8944364.0,7.392499999999998,7.574,0.5076143894936903,0.41577730725806605,8.405554614516133,6.742445385483868,8.821331921774199,6.326668078225802,9.237109229032264,5.910890770967736
20180629,CAML3,CAMIL,6.6,6.66,6.47,6.6,12859312.0,7.317499999999998,7.54375,0.5083914260737118,0.441394570273203,8.426539140546407,6.660960859453594,8.86793371081961,6.219566289180391,9.309328281092812,5.778171718907188
20180702,CAML3,CAMIL,6.6,6.75,6.58,6.6,6051093.0,7.230999999999997,7.5125,0.4729960498332874,0.46288255142125967,8.43826510284252,6.586734897157481,8.901147654263779,6.123852345736221,9.364030205685038,5.660969794314962
20180703,CAML3,CAMIL,6.76,6.76,6.58,6.6,3312110.0,7.149999999999997,7.485000000000001,0.4316187401423901,0.48366655180333895,8.45233310360668,6.517666896393323,8.935999655410019,6.034000344589984,9.419666207213357,5.550333792786645
20180704,CAML3,CAMIL,6.58,6.75,6.58,6.64,1464226.0,7.074499999999996,7.45875,0.3759685737146805,0.5004571627970472,8.459664325594094,6.457835674405906,8.960121488391142,5.957378511608859,9.46057865118819,5.456921348811811
20180705,CAML3,CAMIL,6.7,6.7,6.51,6.6,3731443.0,7.032499999999996,7.4315000000000015,0.3798874487058095,0.5169464089667206,8.465392817933443,6.39760718206656,8.982339226900164,5.88066077309984,9.499285635866883,5.363714364133119
20180706,CAML3,CAMIL,6.55,6.63,6.48,6.54,4548422.0,6.968999999999996,7.401750000000002,0.34787928940941343,0.5333103560755538,8.46837071215111,6.335129287848894,9.001681068226663,5.80181893177334,9.534991424302216,5.268508575697787
20180710,CAML3,CAMIL,6.55,6.58,6.45,6.5,3192585.0,6.920499999999995,7.370250000000001,0.34192142833974737,0.5485995573813126,8.467449114762626,6.273050885237376,9.016048672143938,5.724451327856063,9.564648229525252,5.17585177047475
20180711,CAML3,CAMIL,6.56,6.62,6.37,6.4,3938919.0,6.867999999999997,7.334500000000001,0.33691479478848424,0.5642419466496369,8.462983893299274,6.206016106700727,9.027225839948912,5.6417741600510904,9.59146778659855,5.0775322134014536
20180712,CAML3,CAMIL,6.38,6.47,6.35,6.4,6055402.0,6.818499999999998,7.303250000000001,0.32881405719726164,0.5806953722775932,8.464640744555187,6.141859255444815,9.04533611683278,5.561163883167222,9.626031489110375,4.9804685108896285
20180713,CAML3,CAMIL,6.4,6.62,6.06,6.11,18068486.0,6.753999999999998,7.265000000000002,0.335204572258726,0.6077069131643058,8.480413826328615,6.049586173671391,9.08812073949292,5.4418792605070845,9.695827652657226,4.834172347342779
20180716,CAML3,CAMIL,6.05,6.19,6.0,6.03,8124917.0,6.682999999999998,7.230500000000001,0.33037618112180683,0.6376959728947253,8.505891945789452,5.95510805421055,9.143587918684178,5.317412081315825,9.781283891578902,4.6797161084211
20180717,CAML3,CAMIL,6.06,6.32,6.06,6.3,11004772.0,6.6395,7.202250000000001,0.31999136501507,0.6534660546771965,8.509182109354395,5.895317890645608,9.16264816403159,5.241851835968411,9.816114218708787,4.588385781291215
20180718,CAML3,CAMIL,6.31,6.38,6.27,6.28,6309663.0,6.597499999999999,7.167,0.3085257815721953,0.6644187743376188,8.495837548675237,5.838162451324762,9.160256323012856,5.173743676987144,9.824675097350475,4.509324902649524
20180719,CAML3,CAMIL,6.29,6.34,6.22,6.31,6649776.0,6.552499999999999,7.124750000000001,0.2786787435475844,0.6638233758756692,8.452396751751339,5.797103248248662,9.116220127627008,5.133279872372993,9.780043503502677,4.469456496497324
20180720,CAML3,CAMIL,6.34,6.42,6.27,6.38,2244283.0,6.516999999999999,7.0905000000000005,0.2503912727586193,0.6660751863312049,8.42265037266241,5.758349627337591,9.088725558993616,5.092274441006386,9.75480074532482,4.426199254675181
20180723,CAML3,CAMIL,6.41,6.46,6.39,6.41,1929039.0,6.489999999999999,7.055750000000001,0.22948454827010428,0.6643673971994213,8.384484794398844,5.727015205601158,9.048852191598264,5.062647808401737,9.713219588797685,4.3982804112023155
20180724,CAML3,CAMIL,6.44,6.47,6.29,6.33,2066084.0,6.461,7.011750000000001,0.209382550924321,0.6522854790303406,8.316320958060682,5.70717904193932,8.968606437091022,5.05489356290898,9.620891916121364,4.402608083878638
20180725,CAML3,CAMIL,6.39,6.46,6.35,6.35,3857094.0,6.4334999999999996,6.971500000000002,0.18316730919542287,0.641862474286689,8.25522494857338,5.687775051426623,8.897087422860068,5.0459125771399345,9.538949897146757,4.404050102853246
20180726,CAML3,CAMIL,6.38,6.54,6.37,6.54,3699417.0,6.421999999999999,6.942250000000003,0.16747662837730068,0.6339557838662174,8.210161567732438,5.674338432267568,8.844117351598655,5.040382648401351,9.478073135464873,4.406426864535133
20180727,CAML3,CAMIL,6.56,6.61,6.4,6.53,3117072.0,6.422499999999998,6.9075000000000015,0.1677992221297981,0.6168520164969912,8.141204032993985,5.673795967006019,8.758056049490975,5.056943950509028,9.374908065987967,4.440091934012036
20180730,CAML3,CAMIL,6.48,6.58,6.3,6.44,1497437.0,6.4144999999999985,6.866000000000001,0.16262565991612388,0.5898143993164454,8.045628798632892,5.686371201367111,8.635443197949337,5.0965568020506655,9.225257597265783,4.50674240273422
20180731,CAML3,CAMIL,6.43,6.47,6.31,6.33,1350825.0,6.400999999999999,6.816000000000001,0.1575436447464539,0.5456438210840225,7.907287642168046,5.724712357831955,8.452931463252067,5.179068536747933,8.998575284336091,4.63342471566391
20180801,CAML3,CAMIL,6.36,6.4,6.32,6.34,2823439.0,6.388,6.769,0.150843243834529,0.5007266514648212,7.770453302929642,5.767546697070358,8.271179954394464,5.266820045605536,8.771906605859286,4.766093394140715
20180802,CAML3,CAMIL,6.35,6.38,6.27,6.34,1421169.0,6.372999999999999,6.72375,0.13890928505208378,0.4521554503509207,7.628060900701842,5.819439099298158,8.080216351052762,5.367283648947238,8.532371801403682,4.915128198596317
20180803,CAML3,CAMIL,6.37,6.49,6.32,6.48,2231630.0,6.367,6.69975,0.13095197994924873,0.43843244955238575,7.576614899104771,5.8228851008952285,8.015047348657157,5.384452651342842,8.453479798209543,4.946020201790457
20180806,CAML3,CAMIL,6.45,6.55,6.41,6.45,962898.0,6.362499999999999,6.66575,0.12615258096530327,0.4012856741869618,7.468321348373924,5.863178651626076,7.869607022560885,5.461892977439115,8.270892696747847,5.060607303252153
20180807,CAML3,CAMIL,6.5,6.54,6.41,6.46,927178.0,6.360499999999999,6.6404999999999985,0.12415927800928267,0.38062667624150925,7.401753352483017,5.87924664751698,7.782380028724527,5.49861997127547,8.163006704966035,5.117993295033962
20180808,CAML3,CAMIL,6.47,6.5,6.36,6.36,1070858.0,6.358499999999999,6.613249999999999,0.123811189019057,0.35962507185634895,7.332500143712696,5.8939998562873015,7.692125215569046,5.534374784430952,8.051750287425396,5.174749712574603
20180809,CAML3,CAMIL,6.32,6.36,6.1,6.2,2973771.0,6.348499999999999,6.583499999999999,0.1282790953966637,0.34253616690944816,7.268572333818895,5.898427666181103,7.611108500728344,5.555891499271654,7.953644667637792,5.213355332362206
20180810,CAML3,CAMIL,6.19,6.19,6.03,6.15,1808141.0,6.3504999999999985,6.552249999999999,0.12462469975679204,0.32257368468502445,7.197397369370048,5.90710263062995,7.519971054055072,5.584528945944926,7.842544738740097,5.261955261259901
20180813,CAML3,CAMIL,6.19,6.19,6.06,6.18,820246.0,6.357999999999999,6.5205,0.10768374749088695,0.293099702997849,7.106699405995698,5.934300594004302,7.399799108993547,5.641200891006453,7.692898811991396,5.348101188008604
20180814,CAML3,CAMIL,6.18,6.26,6.13,6.25,1241809.0,6.355499999999998,6.4975,0.10966336047913106,0.27644955954812117,7.050399119096242,5.944600880903757,7.326848678644363,5.668151321355636,7.603298238192484,5.391701761807515
20180815,CAML3,CAMIL,6.2,6.33,6.2,6.33,1482220.0,6.357999999999999,6.477749999999999,0.1084144096074097,0.2584717164509869,6.994693432901972,5.960806567098025,7.253165149352959,5.702334850647038,7.511636865803946,5.443863134196051
20180816,CAML3,CAMIL,6.31,6.45,6.31,6.45,3388596.0,6.3649999999999975,6.458749999999999,0.10966456031677038,0.22958365326421842,6.9179173065284365,5.999582693471562,7.147500959792655,5.7699990402073436,7.377084613056873,5.540415386943126
20180817,CAML3,CAMIL,6.39,6.45,6.38,6.38,3233628.0,6.3649999999999975,6.441,0.10966456031677038,0.20573570299578642,6.852471405991572,6.029528594008427,7.058207108987359,5.823792891012641,7.263942811983146,5.618057188016854
20180820,CAML3,CAMIL,6.4,6.5,6.32,6.39,2968183.0,6.363999999999997,6.427,0.10932327724398545,0.18854639638490697,6.804092792769813,6.049907207230186,6.992639189154721,5.861360810845278,7.181185585539628,5.672814414460372
20180821,CAML3,CAMIL,6.4,6.42,6.18,6.3,1628760.0,6.362499999999998,6.41175,0.1100179411206097,0.17246162709572116,6.756673254191442,6.066826745808557,6.929134881287164,5.894365118712836,7.101596508382884,5.721903491617115
20180822,CAML3,CAMIL,6.29,6.4,6.21,6.4,1134464.0,6.3649999999999975,6.3992499999999986,0.11028670769740898,0.15321155978343384,6.705673119566867,6.0928268804331305,6.8588846793503,5.939615320649697,7.012096239133734,5.786403760866263
20180823,CAML3,CAMIL,6.4,6.4,6.15,6.33,1357338.0,6.354499999999998,6.388249999999998,0.10246822357249176,0.14123788806701834,6.670725776134035,6.105774223865962,6.811963664201054,5.964536335798943,6.953201552268072,5.823298447731925
20180824,CAML3,CAMIL,6.32,6.37,6.24,6.35,1942595.0,6.345499999999999,6.383999999999999,0.09377885520845,0.1397213343839867,6.663442668767972,6.104557331232025,6.8031640031519585,5.964835996848039,6.942885337535945,5.825114662464052
20180827,CAML3,CAMIL,6.36,6.52,6.31,6.49,7144317.0,6.347999999999999,6.381249999999998,0.09704041480362736,0.13640414122591832,6.654058282451834,6.108441717548161,6.790462423677753,5.972037576322243,6.926866564903671,5.835633435096325
20180828,CAML3,CAMIL,6.45,6.85,6.41,6.82,6446817.0,6.372499999999999,6.386749999999998,0.1431552341083919,0.14927839248038888,6.685306784960776,6.088193215039221,6.834585177441165,5.938914822558832,6.983863569921554,5.789636430078443
20180829,CAML3,CAMIL,6.86,6.91,6.79,6.85,4266703.0,6.397999999999999,6.392999999999999,0.17819563465619243,0.16303531157544807,6.719070623150895,6.066929376849103,6.882105934726344,5.903894065273654,7.0451412463017915,5.740858753698206
20180830,CAML3,CAMIL,6.8,6.85,6.63,6.72,2133812.0,6.416999999999999,6.394999999999999,0.1914515192170676,0.166594856324668,6.728189712649335,6.061810287350663,6.894784568974003,5.895215431025995,7.061379425298671,5.728620574701327
20180831,CAML3,CAMIL,6.75,6.95,6.7,6.88,4654728.0,6.436999999999999,6.401999999999998,0.21750015124010963,0.1807136848648341,6.7634273697296665,6.04057263027033,6.944141054594501,5.859858945405496,7.124854739459335,5.679145260540662
20180903,CAML3,CAMIL,6.92,6.94,6.81,6.86,2564550.0,6.4575000000000005,6.409999999999998,0.2372179765975791,0.1936028183731891,6.7972056367463765,6.02279436325362,6.9908084551195655,5.829191544880431,7.1844112734927545,5.635588726507242
20180904,CAML3,CAMIL,6.83,6.99,6.81,6.96,3934865.0,6.4825,6.421499999999997,0.26249561399844007,0.21188470498155146,6.8452694099631,5.997730590036895,7.057154114944652,5.785845885055343,7.2690388199262035,5.573961180073791
20180905,CAML3,CAMIL,6.93,7.11,6.93,7.1,3009216.0,6.519499999999999,6.438999999999998,0.29451968033606885,0.23743069164142266,6.9138613832828435,5.964138616717153,7.1512920749242666,5.72670792507573,7.388722766565689,5.489277233434308
20180906,CAML3,CAMIL,7.1,7.22,7.01,7.14,7195074.0,6.5665,6.457499999999999,0.31513196901414803,0.2618841983269027,6.981268396653804,5.933731603346193,7.243152594980707,5.671847405019291,7.505036793307609,5.409963206692388
20180910,CAML3,CAMIL,7.2,7.22,7.05,7.13,4902064.0,6.615499999999999,6.482999999999999,0.3230524643720263,0.2764351827398272,7.035870365479653,5.930129634520345,7.312305548219481,5.653694451780517,7.588740730959308,5.37725926904069
20180911,CAML3,CAMIL,7.1,7.15,6.86,7.0,3574181.0,6.6564999999999985,6.507249999999999,0.3168475476014447,0.27821765598638004,7.063685311972759,5.950814688027239,7.34190296795914,5.6725970320408585,7.620120623945519,5.394379376054479
20180912,CAML3,CAMIL,7.0,7.04,6.92,7.0,2885594.0,6.693999999999998,6.524749999999999,0.3105241748365043,0.28673214070419845,7.098214281408396,5.951285718591603,7.384946422112595,5.664553577887403,7.671678562816793,5.377821437183205
20180913,CAML3,CAMIL,7.01,7.09,6.93,7.0,2278478.0,6.727499999999997,6.54275,0.3052845954360021,0.2934934367850316,7.129736873570063,5.955763126429937,7.423230310355095,5.662269689644905,7.716723747140126,5.368776252859874
20180914,CAML3,CAMIL,7.02,7.02,6.72,6.73,2534247.0,6.741499999999998,6.55325,0.29822765941827467,0.29246422091054575,7.138178441821092,5.968321558178909,7.430642662731637,5.675857337268363,7.723106883642183,5.3833931163578175
20180917,CAML3,CAMIL,6.75,7.15,6.74,7.15,5428578.0,6.7799999999999985,6.5725,0.29880463605224217,0.3058049487282029,7.1841098974564055,5.960890102543594,7.489914846184608,5.655085153815391,7.795719794912811,5.349280205087188
20180918,CAML3,CAMIL,7.17,7.25,7.1,7.1,3813162.0,6.815499999999998,6.5897499999999996,0.2921332608678107,0.31570423922820384,7.221158478456407,5.958341521543592,7.5368627176846115,5.642637282315388,7.852566956912815,5.326933043087184
20180919,CAML3,CAMIL,7.1,7.2,6.85,6.85,3393054.0,6.842999999999998,6.60275,0.26574819898384083,0.31544016865325253,7.233630337306505,5.9718696626934955,7.549070505959758,5.656429494040243,7.86451067461301,5.340989325386991
20180920,CAML3,CAMIL,6.92,7.1,6.87,7.07,3688878.0,6.876499999999997,6.620749999999999,0.24864421844961168,0.32113889877696966,7.263027797553939,5.97847220244606,7.584166696330908,5.65733330366909,7.905305595107878,5.336194404892121
20180921,CAML3,CAMIL,7.15,7.15,7.0,7.11,3169137.0,6.915499999999997,6.635,0.21765436143718483,0.3299883447825094,7.2949766895650185,5.975023310434981,7.624965034347528,5.645034965652472,7.954953379130037,5.315046620869962
20180924,CAML3,CAMIL,7.1,7.13,6.83,6.9,2177302.0,6.942999999999998,6.6442499999999995,0.1725078182820075,0.33214831024708324,7.308546620494166,5.979953379505833,7.640694930741249,5.64780506925875,7.9728432409883325,5.315656759011667
20180925,CAML3,CAMIL,6.85,7.05,6.83,6.99,2382452.0,6.967999999999998,6.6579999999999995,0.1357086662864988,0.3348493729486369,7.3276987458972735,5.988301254102725,7.66254811884591,5.653451881154089,7.997397491794548,5.318602508205451
20180926,CAML3,CAMIL,6.96,7.2,6.96,7.14,1991086.0,6.983999999999997,6.67825,0.13620418109355356,0.33897195633190685,7.356193912663814,6.000306087336186,7.695165868995721,5.6613341310042795,8.034137825327628,5.322362174672373
20180927,CAML3,CAMIL,7.11,7.16,7.03,7.07,1037996.0,6.994999999999997,6.6965,0.13367281343874185,0.339943811345034,7.376387622690069,6.016612377309932,7.716331434035102,5.676668565964898,8.056275245380137,5.336724754619865
20180928,CAML3,CAMIL,7.03,7.18,7.01,7.02,1355377.0,7.009999999999998,6.713500000000001,0.11697953037310797,0.33865912065082987,7.390818241301661,6.036181758698341,7.72947736195249,5.697522638047511,8.06813648260332,5.358863517396681
20181001,CAML3,CAMIL,7.02,7.14,6.96,7.03,1144841.0,7.017499999999998,6.72725,0.11294502621791501,0.34009793084359685,7.407445861687194,6.047054138312806,7.74754379253079,5.70695620746921,8.087641723374388,5.366858276625612
20181002,CAML3,CAMIL,7.2,7.48,7.16,7.45,6713114.0,7.046999999999997,6.752249999999999,0.14275853739793332,0.35559619492641853,7.463442389852836,6.0410576101471625,7.819038584779255,5.685461415220743,8.174634779705674,5.329865220294325
20181003,CAML3,CAMIL,7.61,7.75,7.27,7.38,4171137.0,7.067999999999996,6.77525,0.15922840265016616,0.36581477378304794,7.506879547566095,6.043620452433904,7.872694321349144,5.677805678650856,8.23850909513219,5.311990904867808
20181004,CAML3,CAMIL,7.38,7.46,7.3,7.36,1654015.0,7.080999999999998,6.80025,0.1720740354737102,0.37084441066715684,7.5419388213343135,6.058561178665687,7.912783232001471,5.68771676799853,8.283627642668627,5.3168723573313725
20181005,CAML3,CAMIL,7.49,7.53,7.4,7.46,2565496.0,7.096999999999999,6.8317499999999995,0.19161639310158282,0.37206208125484436,7.575874162509688,6.087625837490311,7.9479362437645324,5.715563756235467,8.319998325019377,5.343501674980622
20181008,CAML3,CAMIL,7.65,7.72,7.3,7.42,2539818.0,7.111499999999998,6.8635,0.20476623385293027,0.3665399547955622,7.596579909591124,6.130420090408876,7.9631198643866865,5.763880135613314,8.329659819182249,5.397340180817752
20181009,CAML3,CAMIL,7.4,7.47,7.35,7.42,2436726.0,7.132499999999998,6.894500000000001,0.21405545272686338,0.35962195249726236,7.613743904994525,6.1752560950054765,7.973365857491788,5.815634142508213,8.33298780998905,5.456012190010951
20181010,CAML3,CAMIL,7.63,7.72,7.53,7.56,4439155.0,7.160499999999997,6.927250000000001,0.23170932334783814,0.3590727909919713,7.645395581983943,6.209104418016058,8.004468372975914,5.850031627024087,8.363541163967886,5.4909588360321155
20181011,CAML3,CAMIL,7.6,7.65,7.18,7.45,3155173.0,7.182999999999997,6.955250000000001,0.23708981198559695,0.35495024931273733,7.665150498625476,6.245349501374527,8.020100747938214,5.890399252061789,8.37505099725095,5.535449002749052
20181015,CAML3,CAMIL,7.45,7.46,7.12,7.33,4424743.0,7.212999999999998,6.977250000000001,0.21354402972590072,0.35006949859442044,7.677388997188841,6.27711100281116,8.027458495783263,5.9270415042167395,8.377527994377683,5.576972005622319
20181016,CAML3,CAMIL,7.32,7.34,7.17,7.17,2456044.0,7.213999999999997,6.997000000000002,0.21328014687876837,0.33757202460344227,7.672144049206886,6.321855950793117,8.009716073810328,5.984283926189675,8.34728809841377,5.646711901586233
20181017,CAML3,CAMIL,7.19,7.61,7.18,7.54,5012672.0,7.235999999999997,7.025750000000002,0.2233571602895887,0.33349653056281003,7.692743061125622,6.358756938874382,8.026239591688432,6.025260408311572,8.359736122251242,5.6917638777487625
20181018,CAML3,CAMIL,7.54,7.69,7.48,7.6,4768954.0,7.273499999999997,7.058250000000003,0.21803609068707575,0.3241706380351222,7.706591276070247,6.4099087239297585,8.03076191410537,6.085738085894636,8.354932552140491,5.761567447859514
20181019,CAML3,CAMIL,7.66,7.8,7.47,7.8,8632963.0,7.309999999999998,7.093250000000003,0.24196563479355906,0.32684496050134265,7.746939921002689,6.439560078997317,8.07378488150403,6.112715118495975,8.400629842005374,5.785870157994633
20181022,CAML3,CAMIL,7.8,7.9,7.8,7.8,6556537.0,7.344499999999998,7.130000000000004,0.26043435378531826,0.3214231175768427,7.77284623515369,6.487153764846319,8.094269352730532,6.165730647269476,8.415692470307375,5.8443075296926335
20181023,CAML3,CAMIL,7.71,7.99,7.62,7.9,2752939.0,7.394499999999998,7.168750000000003,0.2665268822227242,0.3183949128249653,7.805539825649934,6.531960174350072,8.1239347384749,6.2135652615251065,8.442329651299865,5.895170348700142
20181024,CAML3,CAMIL,7.9,7.97,7.7,7.82,1619111.0,7.435999999999997,7.202000000000003,0.264841561375054,0.31512472093377064,7.832249441867544,6.571750558132461,8.147374162801315,6.2566258371986905,8.462498883735085,5.94150111626492
20181025,CAML3,CAMIL,7.91,7.91,7.75,7.81,1027676.0,7.469499999999998,7.226750000000003,0.26778772032692655,0.3231288343520908,7.873007668704184,6.5804923312958215,8.196136503056275,6.25736349694373,8.519265337408365,5.934234662591639
20181026,CAML3,CAMIL,7.77,7.85,7.52,7.8,4876948.0,7.5059999999999985,7.250500000000002,0.2601092887715866,0.329575873525739,7.90965174705148,6.591348252948524,8.23922762057722,6.261772379422785,8.568803494102958,5.932196505897046
20181029,CAML3,CAMIL,7.98,8.06,7.8,7.86,3252893.0,7.547999999999999,7.279000000000002,0.244875908423661,0.3318077911327701,7.9426155822655415,6.615384417734462,8.274423373398312,6.2835766266016915,8.606231164531081,5.951768835468921
20181030,CAML3,CAMIL,7.94,8.14,7.88,8.14,6312350.0,7.603499999999999,7.310500000000002,0.24707286374670415,0.3521432546491127,8.014786509298228,6.606213490701776,8.36692976394734,6.254070236052664,8.719073018596452,5.901926981403551
20181031,CAML3,CAMIL,8.15,8.22,7.96,8.22,4399510.0,7.641999999999999,7.344500000000002,0.27972919234972426,0.3725927865852786,8.08968557317056,6.599314426829444,8.462278359755837,6.2267216402441665,8.834871146341117,5.854128853658887
20181101,CAML3,CAMIL,8.22,8.22,7.86,7.88,4592170.0,7.666999999999999,7.367500000000002,0.2774147569406114,0.37662298362536295,8.120745967250729,6.614254032749276,8.49736895087609,6.237631049123913,8.873991934501454,5.861008065498551
20181105,CAML3,CAMIL,7.95,8.12,7.9,8.12,2431287.0,7.704999999999998,7.3930000000000025,0.28509462879615677,0.3922531887729696,8.177506377545942,6.608493622454064,8.569759566318911,6.216240433681094,8.96201275509188,5.823987244908124
20181106,CAML3,CAMIL,8.1,8.17,8.01,8.05,2196424.0,7.734499999999999,7.415750000000003,0.2889085632076941,0.40343326267909113,8.222616525358186,6.608883474641821,8.626049788037276,6.205450211962729,9.029483050716367,5.802016949283638
20181107,CAML3,CAMIL,8.07,8.12,7.93,7.99,2987745.0,7.763,7.437250000000003,0.28432931240857695,0.4106654231166645,8.258580846233333,6.615919153766674,8.669246269349998,6.20525373065001,9.079911692466661,5.7945883075333455
20181108,CAML3,CAMIL,7.98,8.09,7.68,7.68,1574967.0,7.776000000000001,7.454250000000004,0.2735613084368502,0.40615070778701956,8.266551415574042,6.641948584425965,8.672702123361063,6.235797876638944,9.078852831148081,5.829647168851926
20181109,CAML3,CAMIL,7.64,7.94,7.64,7.68,2600237.0,7.782000000000001,7.471250000000003,0.2698654635573991,0.4008464601507468,8.272942920301496,6.669557079698509,8.673789380452243,6.268710619547763,9.07463584060299,5.8678641593970156
20181112,CAML3,CAMIL,7.7,7.85,7.67,7.67,2384515.0,7.793000000000001,7.488000000000004,0.25992104064199634,0.3945994398738013,8.277198879747607,6.698801120252401,8.671798319621407,6.3042016803786005,9.06639775949521,5.909602240504799
20181113,CAML3,CAMIL,7.68,7.76,7.5,7.7,1717764.0,7.8115,7.512250000000003,0.23742644290278817,0.3761988528997356,8.264647705799474,6.759852294200532,8.64084655869921,6.383653441300797,9.017045411598946,6.007454588401061
20181114,CAML3,CAMIL,7.68,7.84,7.65,7.84,2201797.0,7.845000000000001,7.529500000000003,0.1832312315368847,0.3749799994666384,8.27945999893328,6.779540001066726,8.65443999839992,6.404560001600088,9.029419997866556,6.02958000213345
20181116,CAML3,CAMIL,7.83,7.95,7.73,7.85,3091049.0,7.8605,7.548250000000003,0.1686002747078902,0.37168974862211296,8.291629497244228,6.804870502755777,8.663319245866342,6.433180754133664,9.035008994488456,6.061491005511551
20181119,CAML3,CAMIL,7.84,7.84,7.5,7.5,1481546.0,7.855500000000001,7.5645000000000024,0.17795549414034378,0.3541761838841929,8.272852367768389,6.856147632231616,8.62702855165258,6.501971448347424,8.981204735536775,6.14779526446323
20181121,CAML3,CAMIL,7.52,7.6,7.33,7.41,3220187.0,7.836,7.573000000000003,0.20384204411103618,0.345989476644476,8.264978953288955,6.8810210467110515,8.61096842993343,6.535031570066575,8.956957906577907,6.189042093422099
20181122,CAML3,CAMIL,7.41,7.53,7.2,7.3,5625772.0,7.811,7.5777500000000035,0.2365297355291105,0.3407344066827364,8.259218813365477,6.896281186634531,8.599953220048214,6.555546779951794,8.940687626730949,6.214812373269058
20181123,CAML3,CAMIL,7.33,7.37,7.04,7.17,5715257.0,7.774499999999999,7.584500000000004,0.27523148152246324,0.3294513698988148,8.243402739797633,6.925597260202374,8.572854109696449,6.59614589030356,8.902305479595263,6.266694520404744
20181126,CAML3,CAMIL,7.23,7.23,6.87,6.98,4974567.0,7.732499999999999,7.584250000000004,0.3271226230732342,0.32991753048766215,8.244085060975328,6.92441493902468,8.57400259146299,6.594497408537018,8.903920121950653,6.264579878049355
20181127,CAML3,CAMIL,7.05,7.05,6.87,6.95,5773743.0,7.689499999999998,7.579500000000005,0.3700992043393625,0.3377523747757626,8.25500474955153,6.90399525044848,8.592757124327292,6.566242875672717,8.930509499103055,6.228490500896955
20181128,CAML3,CAMIL,6.93,6.93,6.58,6.68,7945684.0,7.633499999999998,7.569750000000004,0.4320486692857377,0.3578675267004079,8.28548505340082,6.854014946599189,8.643352580101228,6.496147419898781,9.001220106801636,6.138279893198373
20181129,CAML3,CAMIL,6.68,6.96,6.68,6.91,3676758.0,7.585999999999997,7.5670000000000055,0.4573194207898641,0.3625918097707406,8.292183619541486,6.841816380458524,8.654775429312227,6.479224570687784,9.017367239082969,6.116632760917043
20181130,CAML3,CAMIL,6.84,7.11,6.81,7.11,3362185.0,7.534499999999997,7.569000000000007,0.4495784575284744,0.35976345505032054,8.288526910100648,6.849473089899366,8.648290365150968,6.489709634849046,9.008053820201289,6.129946179798725
20181203,CAML3,CAMIL,7.16,7.17,6.93,7.04,5893435.0,7.475499999999997,7.558750000000008,0.4319658246715922,0.36896381241497817,8.296677624829965,6.820822375170051,8.665641437244943,6.451858562755073,9.03460524965992,6.082894750340095
20181204,CAML3,CAMIL,7.03,7.09,6.85,6.91,4794480.0,7.426999999999997,7.547000000000009,0.43856344436904504,0.3820538289366152,8.311107657873238,6.782892342126778,8.693161486809855,6.400838513190163,9.075215315746469,6.018784684253548
20181205,CAML3,CAMIL,6.88,6.9,6.7,6.82,4687764.0,7.3619999999999965,7.533500000000008,0.4266219823092478,0.39803717130889904,8.329574342617807,6.73742565738221,8.727611513926705,6.339388486073311,9.125648685235603,5.941351314764412
20181206,CAML3,CAMIL,6.79,6.8,6.5,6.56,12983058.0,7.287499999999996,7.511000000000008,0.4302370827444094,0.4267035240490724,8.364407048098153,6.657592951901863,8.791110572147225,6.230889427852791,9.217814096196298,5.8041859038037185
20181207,CAML3,CAMIL,6.6,6.69,6.45,6.56,6139675.0,7.215999999999996,7.4895000000000085,0.4261504552693977,0.4523043563456254,8.39410871269126,6.584891287308758,8.846413069036885,6.132586930963132,9.29871742538251,5.680282574617507
20181210,CAML3,CAMIL,6.56,6.62,6.38,6.43,9136001.0,7.153499999999996,7.4647500000000075,0.44573150993324195,0.4822967886143259,8.429343577228659,6.500156422771356,8.911640365842985,6.01785963415703,9.393937154457312,5.535562845542704
20181211,CAML3,CAMIL,6.46,6.61,6.36,6.6,7732307.0,7.099499999999995,7.440750000000008,0.44400657889862694,0.5009600398619244,8.442670079723857,6.438829920276159,8.943630119585782,5.937869880414235,9.444590159447706,5.43690984055231
20181212,CAML3,CAMIL,6.65,6.9,6.55,6.9,6358562.0,7.0609999999999955,7.4270000000000085,0.424907420257017,0.5081953995291214,8.443390799058252,6.4106092009417655,8.951586198587373,5.902413801412644,9.459781598116495,5.394218401883522
20181213,CAML3,CAMIL,6.86,7.45,6.86,6.91,32314164.0,7.021499999999996,7.416500000000009,0.3982630048757118,0.5145500897597765,8.445600179519563,6.387399820480456,8.960150269279339,5.872849730720679,9.474700359039115,5.358299640960903
20181214,CAML3,CAMIL,6.99,7.12,6.96,6.98,11022162.0,6.978499999999995,7.411750000000009,0.3485651037882983,0.5177509920256926,8.447251984051395,6.376248015948624,8.965002976077088,5.858497023922931,9.48275396810278,5.340746031897239
20181217,CAML3,CAMIL,7.09,7.16,7.02,7.06,6897714.0,6.938999999999996,7.399750000000009,0.2832499361267169,0.520258749726197,8.440267499452403,6.3592325005476145,8.9605262491786,5.838973750821418,9.480784998904797,5.318715001095221
20181218,CAML3,CAMIL,7.14,7.31,7.11,7.18,7230155.0,6.9229999999999965,7.3892500000000085,0.2577861210587685,0.5203518903046176,8.429953780609244,6.348546219390773,8.950305670913862,5.8281943290861555,9.470657561218479,5.307842438781538
20181219,CAML3,CAMIL,7.25,7.3,7.15,7.21,4658072.0,6.912999999999997,7.374500000000007,0.24124894327556895,0.5167598757941333,8.408019751588274,6.340980248411741,8.924779627382406,5.824220372617607,9.441539503176541,5.307460496823474
20181220,CAML3,CAMIL,7.3,7.3,7.14,7.17,4106935.0,6.906499999999996,7.358750000000008,0.23184102992760902,0.5130461442734414,8.38484228854689,6.332657711453125,8.897888432820332,5.819611567179683,9.410934577093773,5.3065654229062424
20181221,CAML3,CAMIL,7.2,7.29,7.17,7.24,3593166.0,6.909999999999997,7.342250000000009,0.23650970826852524,0.5057540067904691,8.353758013580947,6.330741986419071,8.859512020371415,5.8249879796286015,9.365266027161885,5.319233972838132
20181226,CAML3,CAMIL,7.24,7.3,7.1,7.16,3796804.0,6.918999999999997,7.325750000000009,0.24265852116654923,0.5005068584790958,8.326763716958201,6.324736283041817,8.827270575437296,5.824229424562722,9.327777433916392,5.323722566083626
20181227,CAML3,CAMIL,7.2,7.25,7.02,7.02,3751103.0,6.922499999999998,7.306000000000009,0.2436320564855294,0.49647888379192945,8.298957767583868,6.31304223241615,8.795436651375798,5.8165633486242205,9.291915535167727,5.320084464832291
20181228,CAML3,CAMIL,7.03,7.16,7.03,7.05,7965189.0,6.940999999999998,7.287250000000009,0.238236945298715,0.49148121230753067,8.270212424615071,6.304287575384948,8.761693636922601,5.812806363077417,9.253174849230131,5.321325150769886
