DATA DO PREGAO,CODIGO DE NEGOCIACAO DO PAPEL,NOME RESUMIDO DA EMPRESA EMISSORA,PRECO DE ABERTURA,PRECO MAXIMO,PRECO MINIMO,PRECO FECHAMENTO,VOLUME TOTAL DE TITULOS NEGOCIADOS NESTE PAPEL,MA_20,MA_40,STD_20,STD_40,BANDA_1_40 SUPERIOR,BANDA_1_40 INFERIOR,BANDA_2_40 SUPERIOR,BANDA_2_40 INFERIOR,BANDA_3_40 SUPERIOR,BANDA_3_40 INFERIOR
20180102,CARD3,CSU CARDSYST,9.85,10.48,9.85,10.22,2406059.0,0.0,0.0,0.0,0.0,0.0,0.0,0.0,0.0,0.0,0.0
20180103,CARD3,CSU CARDSYST,10.22,10.36,10.22,10.35,1164952.0,0.0,0.0,0.0,0.0,0.0,0.0,0.0,0.0,0.0,0.0
20180104,CARD3,CSU CARDSYST,10.37,10.71,10.3,10.71,2304839.0,0.0,0.0,0.0,0.0,0.0,0.0,0.0,0.0,0.0,0.0
20180105,CARD3,CSU CARDSYST,10.7,10.9,10.48,10.48,2612616.0,0.0,0.0,0.0,0.0,0.0,0.0,0.0,0.0,0.0,0.0
20180108,CARD3,CSU CARDSYST,10.54,11.05,10.26,11.01,4321836.0,0.0,0.0,0.0,0.0,0.0,0.0,0.0,0.0,0.0,0.0
20180109,CARD3,CSU CARDSYST,11.01,11.1,10.75,10.77,1725999.0,0.0,0.0,0.0,0.0,0.0,0.0,0.0,0.0,0.0,0.0
20180110,CARD3,CSU CARDSYST,10.75,10.75,10.5,10.65,1234548.0,0.0,0.0,0.0,0.0,0.0,0.0,0.0,0.0,0.0,0.0
20180111,CARD3,CSU CARDSYST,10.64,10.95,10.62,10.66,1057046.0,0.0,0.0,0.0,0.0,0.0,0.0,0.0,0.0,0.0,0.0
20180112,CARD3,CSU CARDSYST,10.6,10.66,10.23,10.52,1376285.0,0.0,0.0,0.0,0.0,0.0,0.0,0.0,0.0,0.0,0.0
20180115,CARD3,CSU CARDSYST,10.51,10.74,10.51,10.65,942700.0,0.0,0.0,0.0,0.0,0.0,0.0,0.0,0.0,0.0,0.0
20180116,CARD3,CSU CARDSYST,10.74,10.75,10.52,10.52,817971.0,0.0,0.0,0.0,0.0,0.0,0.0,0.0,0.0,0.0,0.0
20180117,CARD3,CSU CARDSYST,10.57,10.63,10.35,10.44,737398.0,0.0,0.0,0.0,0.0,0.0,0.0,0.0,0.0,0.0,0.0
20180118,CARD3,CSU CARDSYST,10.44,10.57,10.05,10.25,1467149.0,0.0,0.0,0.0,0.0,0.0,0.0,0.0,0.0,0.0,0.0
20180119,CARD3,CSU CARDSYST,10.26,10.35,10.01,10.07,1696297.0,0.0,0.0,0.0,0.0,0.0,0.0,0.0,0.0,0.0,0.0
20180122,CARD3,CSU CARDSYST,10.15,10.3,9.93,9.95,1587653.0,0.0,0.0,0.0,0.0,0.0,0.0,0.0,0.0,0.0,0.0
20180123,CARD3,CSU CARDSYST,9.95,10.28,9.93,10.17,2004374.0,0.0,0.0,0.0,0.0,0.0,0.0,0.0,0.0,0.0,0.0
20180124,CARD3,CSU CARDSYST,10.22,10.5,10.07,10.44,1939847.0,0.0,0.0,0.0,0.0,0.0,0.0,0.0,0.0,0.0,0.0
20180126,CARD3,CSU CARDSYST,10.5,10.86,10.5,10.83,3724933.0,0.0,0.0,0.0,0.0,0.0,0.0,0.0,0.0,0.0,0.0
20180129,CARD3,CSU CARDSYST,10.83,11.08,10.72,11.05,3115352.0,0.0,0.0,0.0,0.0,0.0,0.0,0.0,0.0,0.0,0.0
20180130,CARD3,CSU CARDSYST,11.07,11.4,10.9,11.4,4634162.0,10.557,0.0,0.35334640823210084,0.0,0.0,0.0,0.0,0.0,0.0,0.0
20180131,CARD3,CSU CARDSYST,11.44,11.95,11.32,11.86,4278805.0,10.639,0.0,0.4485051193746441,0.0,0.0,0.0,0.0,0.0,0.0,0.0
20180201,CARD3,CSU CARDSYST,11.91,12.15,11.5,12.04,4056397.0,10.7235,0.0,0.5408791576294061,0.0,0.0,0.0,0.0,0.0,0.0,0.0
20180202,CARD3,CSU CARDSYST,11.98,12.6,11.53,12.6,7138114.0,10.818,0.0,0.6844482987663949,0.0,0.0,0.0,0.0,0.0,0.0,0.0
20180205,CARD3,CSU CARDSYST,12.38,12.65,12.02,12.2,3977607.0,10.904,0.0,0.7451132022790418,0.0,0.0,0.0,0.0,0.0,0.0,0.0
20180206,CARD3,CSU CARDSYST,11.99,12.37,11.71,12.07,3510583.0,10.956999999999999,0.0,0.7894308409427524,0.0,0.0,0.0,0.0,0.0,0.0,0.0
20180207,CARD3,CSU CARDSYST,12.1,12.25,11.81,11.82,1618776.0,11.0095,0.0,0.8109609309818505,0.0,0.0,0.0,0.0,0.0,0.0,0.0
20180208,CARD3,CSU CARDSYST,11.9,12.17,11.64,11.66,1710447.0,11.059999999999999,0.0,0.8188052914235229,0.0,0.0,0.0,0.0,0.0,0.0,0.0
20180209,CARD3,CSU CARDSYST,11.71,11.88,11.4,11.65,2105982.0,11.109499999999999,0.0,0.8232635633482418,0.0,0.0,0.0,0.0,0.0,0.0,0.0
20180214,CARD3,CSU CARDSYST,11.85,12.3,11.85,12.3,2434572.0,11.1985,0.0,0.851897417842265,0.0,0.0,0.0,0.0,0.0,0.0,0.0
20180215,CARD3,CSU CARDSYST,12.33,12.55,12.05,12.07,2245773.0,11.269499999999997,0.0,0.8628805796498408,0.0,0.0,0.0,0.0,0.0,0.0,0.0
20180216,CARD3,CSU CARDSYST,12.07,12.25,11.8,12.05,1844516.0,11.345999999999998,0.0,0.8607548706620395,0.0,0.0,0.0,0.0,0.0,0.0,0.0
20180219,CARD3,CSU CARDSYST,12.05,12.28,11.95,12.19,1380124.0,11.433499999999999,0.0,0.8527187171197307,0.0,0.0,0.0,0.0,0.0,0.0,0.0
20180220,CARD3,CSU CARDSYST,12.17,12.25,11.85,11.98,1453085.0,11.519999999999998,0.0,0.813174416456243,0.0,0.0,0.0,0.0,0.0,0.0,0.0
20180221,CARD3,CSU CARDSYST,12.0,12.2,11.9,11.95,2645717.0,11.613999999999997,0.0,0.742310759155422,0.0,0.0,0.0,0.0,0.0,0.0,0.0
20180222,CARD3,CSU CARDSYST,12.03,12.03,11.75,11.99,2254896.0,11.715999999999998,0.0,0.6338636745347861,0.0,0.0,0.0,0.0,0.0,0.0,0.0
20180223,CARD3,CSU CARDSYST,11.95,12.1,11.82,12.1,2813411.0,11.812499999999998,0.0,0.5233985600205483,0.0,0.0,0.0,0.0,0.0,0.0,0.0
20180226,CARD3,CSU CARDSYST,12.17,12.5,12.17,12.37,2860062.0,11.908999999999999,0.0,0.4258601203508819,0.0,0.0,0.0,0.0,0.0,0.0,0.0
20180227,CARD3,CSU CARDSYST,12.4,12.6,12.22,12.49,1680279.0,11.991999999999999,0.0,0.36138039442350584,0.0,0.0,0.0,0.0,0.0,0.0,0.0
20180228,CARD3,CSU CARDSYST,12.5,12.65,12.11,12.24,2138288.0,12.051499999999999,0.0,0.28879559334734733,0.0,0.0,0.0,0.0,0.0,0.0,0.0
20180301,CARD3,CSU CARDSYST,12.25,12.45,12.12,12.39,1855669.0,12.100999999999997,11.329,0.2539975134565486,0.8387622137900895,13.00652442758018,9.651475572419821,13.845286641370269,8.812713358629733,14.68404885516036,7.973951144839642
20180302,CARD3,CSU CARDSYST,12.39,12.39,11.11,11.11,8532206.0,12.063499999999996,11.35125,0.33416470883620153,0.8201881819717682,12.991626363943537,9.710873636056464,13.811814545915304,8.890685454084696,14.632002727887073,8.070497272112927
20180305,CARD3,CSU CARDSYST,11.2,11.5,11.15,11.35,2109104.0,12.028999999999996,11.37625,0.37037534304654596,0.8039667281672797,12.98418345633456,9.768316543665442,13.78815018450184,8.964349815498162,14.59211691266912,8.160383087330882
20180306,CARD3,CSU CARDSYST,11.44,11.6,11.25,11.25,1213185.0,11.961499999999997,11.389750000000001,0.3836154187121382,0.7969959221978495,12.9837418443957,9.795758155604302,13.78073776659355,8.998762233406453,14.5777336887914,8.201766311208603
20180307,CARD3,CSU CARDSYST,11.25,11.42,11.11,11.23,1603924.0,11.912999999999997,11.4085,0.4121330904095561,0.7837567322738708,12.97601346454774,9.84098653545226,13.759770196821613,9.057229803178387,14.543526929095483,8.273473070904517
20180308,CARD3,CSU CARDSYST,11.55,11.72,11.3,11.69,2543318.0,11.893999999999997,11.425500000000001,0.41327192526293305,0.7822647922079874,12.990029584415977,9.860970415584026,13.772294376623964,9.078705623376038,14.55455916883195,8.296440831168052
20180309,CARD3,CSU CARDSYST,11.69,11.98,11.51,11.98,2125390.0,11.901999999999997,11.455750000000002,0.41331267633724666,0.7796576747160193,13.01506534943204,9.896434650567963,13.794723024148059,9.116776975851945,14.57438069886408,8.337119301135925
20180312,CARD3,CSU CARDSYST,12.0,12.19,11.9,12.11,2207035.0,11.924499999999997,11.492250000000002,0.4116906733535759,0.775131047646552,13.042512095293105,9.941987904706899,13.817643142939659,9.166856857060345,14.59277419058621,8.391725809413794
20180313,CARD3,CSU CARDSYST,12.2,12.31,11.97,12.25,2071980.0,11.954499999999996,11.532000000000002,0.4124952950289948,0.7721206229665522,13.076241245933106,9.987758754066897,13.848361868899659,9.215638131100345,14.62048249186621,8.443517508133793
20180314,CARD3,CSU CARDSYST,12.3,12.4,11.95,11.95,1631261.0,11.936999999999994,11.567750000000002,0.40441120292671967,0.7570200942358948,13.08179018847179,10.053709811528213,13.838810282707687,9.296689717292317,14.595830376943582,8.539669623056422
20180315,CARD3,CSU CARDSYST,12.0,12.08,11.53,11.91,2889933.0,11.928999999999995,11.599250000000003,0.40322254531788826,0.7439547391112941,13.087159478222592,10.111340521777414,13.831114217333885,9.36738578266612,14.575068956445179,8.623431043554827
20180316,CARD3,CSU CARDSYST,11.81,12.11,11.81,12.05,974359.0,11.928999999999995,11.637500000000005,0.40322254531788826,0.7261621984526172,13.08982439690524,10.18517560309477,13.815986595357856,9.459013404642153,14.542148793810473,8.732851206189537
20180319,CARD3,CSU CARDSYST,11.99,12.05,11.85,12.0,1060882.0,11.919499999999996,11.676500000000004,0.3989654384187138,0.7016776599418981,13.079855319883801,10.273144680116207,13.781532979825698,9.57146702017431,14.483210639767597,8.869789360232412
20180320,CARD3,CSU CARDSYST,12.07,12.37,12.07,12.26,2374816.0,11.933499999999995,11.726750000000004,0.4060499709978727,0.6680679663719157,13.062885932743836,10.390614067256173,13.730953899115752,9.722546100884257,14.399021865487667,9.054478134512342
20180321,CARD3,CSU CARDSYST,12.28,12.37,12.16,12.3,1653016.0,11.950999999999997,11.782500000000004,0.41425773823094153,0.617392158132152,13.017284316264309,10.5477156837357,13.63467647439646,9.930323525603548,14.252068632528612,9.312931367471396
20180322,CARD3,CSU CARDSYST,12.34,12.34,12.08,12.12,1051324.0,11.957499999999996,11.836750000000006,0.41591845101502956,0.5431125278878375,12.92297505577568,10.750524944224331,13.466087583663517,10.207412416336494,14.009200111551355,9.664299888448657
20180323,CARD3,CSU CARDSYST,11.96,12.2,11.76,12.0,1932653.0,11.952499999999997,11.882500000000004,0.4147145498951557,0.47146117658365044,12.825422353167305,10.939577646832703,13.296883529750955,10.468116470249052,13.768344706334606,9.996655293665402
20180326,CARD3,CSU CARDSYST,12.0,12.2,11.92,12.09,954333.0,11.938499999999996,11.923750000000004,0.4044785466954297,0.41022000038753303,12.74419000077507,11.103309999224937,13.154410001162603,10.693089998837404,13.564630001550135,10.282869998449872
20180327,CARD3,CSU CARDSYST,12.1,12.19,12.05,12.06,667728.0,11.916999999999996,11.954500000000005,0.3845585302108115,0.37028713737120694,12.695074274742419,11.21392572525759,13.065361412113626,10.843638587886383,13.435648549484833,10.473351450515176
20180328,CARD3,CSU CARDSYST,12.0,12.0,11.8,11.9,692330.0,11.899999999999995,11.975750000000003,0.3769685174625326,0.3402177846992131,12.65618556939843,11.295314430601577,12.996403354097643,10.955096645902364,13.336621138796856,10.61487886120315
20180329,CARD3,CSU CARDSYST,11.9,11.9,11.6,11.9,2479832.0,11.875499999999997,11.988250000000004,0.3589381269068162,0.32746804502549504,12.643186090050994,11.333313909949014,12.97065413507649,11.005845864923518,13.298122180101984,10.678377819898024
20180402,CARD3,CSU CARDSYST,11.72,11.76,11.4,11.44,1197355.0,11.891999999999996,11.977750000000004,0.32816234749860407,0.33824196694840714,12.654233933896819,11.301266066103189,12.992475900845225,10.963024099154783,13.330717867793632,10.624782132206375
20180403,CARD3,CSU CARDSYST,11.43,11.57,11.16,11.26,1252521.0,11.887499999999996,11.958250000000003,0.3364970477699617,0.3565496153484495,12.671349230696903,11.245150769303104,13.027898846045352,10.888601153954655,13.3844484613938,10.532051538606206
20180404,CARD3,CSU CARDSYST,11.2,11.35,10.84,10.86,1591743.0,11.867999999999995,11.914750000000002,0.3834140265945928,0.3815151137914211,12.677780227582844,11.15171977241716,13.059295341374265,10.770204658625739,13.440810455165686,10.388689544834318
20180405,CARD3,CSU CARDSYST,11.21,11.5,11.15,11.4,1133551.0,11.876499999999997,11.894750000000002,0.37018167659166473,0.3871062101655266,12.668962420331056,11.120537579668948,13.056068630496583,10.733431369503421,13.443174840662108,10.346325159337896
20180406,CARD3,CSU CARDSYST,11.48,11.5,11.1,11.3,621159.0,11.856999999999996,11.875500000000002,0.39025093141937495,0.397182061205675,12.669864122411353,11.081135877588652,13.067046183617027,10.683953816382978,13.464228244822703,10.286771755177302
20180409,CARD3,CSU CARDSYST,11.35,11.49,11.15,11.24,290253.0,11.819999999999997,11.861000000000002,0.4124254318566096,0.409651509181106,12.680303018362215,11.04169698163779,13.08995452754332,10.632045472456685,13.499606036724426,10.222393963275579
20180410,CARD3,CSU CARDSYST,11.24,11.32,10.94,10.94,1177035.0,11.761499999999998,11.843000000000002,0.45035979768228324,0.43381551082908065,12.710631021658163,10.97536897834184,13.144446532487244,10.54155346751276,13.578262043316325,10.107737956683678
20180411,CARD3,CSU CARDSYST,11.0,11.12,10.73,10.91,780613.0,11.694499999999998,11.824500000000004,0.47296906541772005,0.4573947966472713,12.739289593294547,10.90971040670546,13.196684389941819,10.45231561005819,13.654079186589088,9.99492081341092
20180412,CARD3,CSU CARDSYST,10.81,10.86,10.7,10.84,871689.0,11.639,11.788000000000002,0.5054221789231009,0.4763385996730269,12.740677199346056,10.835322800653948,13.217015799019082,10.358984200980922,13.69335439869211,9.882645601307894
20180413,CARD3,CSU CARDSYST,10.8,10.83,10.63,10.77,1044226.0,11.581999999999999,11.755500000000001,0.5365739268240446,0.5003483401975668,12.756196680395135,10.754803319604868,13.256545020592702,10.254454979407301,13.756893360790269,9.754106639209734
20180416,CARD3,CSU CARDSYST,10.83,10.84,10.52,10.52,611689.0,11.5055,11.717250000000002,0.5740940231080863,0.5345690212325598,12.786388042465122,10.648111957534882,13.320957063697682,10.113542936302322,13.85552608493024,9.578973915069763
20180417,CARD3,CSU CARDSYST,10.52,10.79,10.42,10.59,786074.0,11.434999999999999,11.67725,0.5963176476024437,0.5576506925233692,12.792551385046739,10.561948614953263,13.350202077570108,10.004297922429894,13.907852770093477,9.446647229906525
20180418,CARD3,CSU CARDSYST,10.67,11.05,10.67,11.05,1125135.0,11.374500000000001,11.654,0.5689646645211734,0.5640549164026026,12.782109832805205,10.525890167194795,13.346164749207809,9.961835250792191,13.910219665610411,9.397780334389589
20180419,CARD3,CSU CARDSYST,11.05,11.29,10.91,11.09,712107.0,11.314,11.6325,0.5282483466982943,0.568852871789875,12.77020574357975,10.494794256420251,13.339058615369625,9.925941384630375,13.9079114871595,9.3570885128405
20180420,CARD3,CSU CARDSYST,11.0,11.2,10.92,11.04,461357.0,11.26,11.60875,0.49571851095684477,0.5733580234695607,12.755466046939121,10.46203395306088,13.328824070408682,9.888675929591319,13.902182093878244,9.315317906121757
20180423,CARD3,CSU CARDSYST,11.1,11.1,10.94,10.99,367490.0,11.2095,11.581,0.4669776845789802,0.5758285001095897,12.732657000219179,10.42934299978082,13.308485500328768,9.853514499671231,13.884314000438359,9.27768599956164
20180424,CARD3,CSU CARDSYST,10.96,10.97,10.69,10.77,603079.0,11.1435,11.541,0.42760378857069226,0.5751869261379282,12.691373852275857,10.390626147724143,13.266560778413785,9.815439221586216,13.841747704551713,9.240252295448288
20180425,CARD3,CSU CARDSYST,10.62,10.77,10.55,10.59,646424.0,11.07,11.4935,0.38610061410276986,0.5732567778346209,12.640013555669242,10.346986444330756,13.213270333503862,9.773729666496136,13.786527111338483,9.200472888661515
20180426,CARD3,CSU CARDSYST,10.59,10.75,10.48,10.62,370952.0,11.006,11.453,0.34519864609115763,0.5763821737843817,12.605764347568762,10.300235652431237,13.182146521353145,9.723853478646854,13.758528695137526,9.147471304862473
20180427,CARD3,CSU CARDSYST,10.61,10.69,10.35,10.35,779896.0,10.9285,11.402,0.3056533123792901,0.5815769896340416,12.565153979268082,10.238846020731916,13.146730968902125,9.657269031097874,13.728307958536165,9.075692041463833
20180430,CARD3,CSU CARDSYST,10.4,10.4,10.01,10.15,1201651.0,10.864,11.377999999999998,0.32737231339708406,0.6129006277425231,12.603801255485045,10.152198744514951,13.216701883227568,9.539298116772429,13.82960251097009,8.926397489029906
20180502,CARD3,CSU CARDSYST,10.13,10.39,10.06,10.38,899612.0,10.82,11.353749999999998,0.3304701594937141,0.6329000711012753,12.619550142202549,10.087949857797447,13.252450213303824,9.455049786696172,13.8853502844051,8.822149715594897
20180503,CARD3,CSU CARDSYST,10.38,10.38,10.1,10.13,842431.0,10.7835,11.325749999999998,0.36439242871562877,0.661726132443758,12.649202264887514,10.002297735112482,13.31092839733127,9.340571602668724,13.97265452977503,8.678845470224966
20180504,CARD3,CSU CARDSYST,10.1,10.36,9.89,9.89,1491903.0,10.708,11.292249999999997,0.38574057276062595,0.6995364307516211,12.69132286150324,9.893177138496755,13.390859292254861,9.193640707745134,14.090395723006482,8.494104276993513
20180507,CARD3,CSU CARDSYST,9.93,10.07,9.9,10.0,782215.0,10.642999999999999,11.249999999999996,0.3902374445871467,0.7254529972934506,12.700905994586897,9.799094005413096,13.426358991880349,9.073641008119644,14.1518119891738,8.348188010826194
20180508,CARD3,CSU CARDSYST,10.0,10.3,10.0,10.13,1054559.0,10.587499999999999,11.203749999999996,0.37965184882442155,0.7366058247296455,12.676961649459287,9.730538350540705,13.413567474188932,8.99393252581106,14.150173298918578,8.257326701081414
20180509,CARD3,CSU CARDSYST,9.65,9.65,8.21,8.7,14079114.0,10.475499999999998,11.118499999999996,0.5584798446158269,0.8214700706191782,12.761440141238353,9.475559858761638,13.58291021185753,8.65408978814246,14.404380282476708,7.832619717523283
20180510,CARD3,CSU CARDSYST,8.69,8.69,7.91,7.99,8930807.0,10.3295,11.011999999999997,0.7776041138617711,0.9387831731309673,12.889566346261931,9.134433653738062,13.828349519392898,8.195650480607096,14.767132692523866,7.256867307476128
20180511,CARD3,CSU CARDSYST,7.99,7.99,7.15,7.15,7309627.0,10.145,10.891999999999996,1.0426812602738813,1.107439180479696,13.106878360959389,8.677121639040603,14.214317541439083,7.569682458560909,15.32175672191878,6.462243278081212
20180514,CARD3,CSU CARDSYST,7.01,7.71,6.72,7.6,11290130.0,9.986499999999998,10.784249999999997,1.1751921455436056,1.2107105087086005,13.205671017417197,8.362828982582796,14.416381526125798,7.152118473874195,15.627092034834398,5.941407965165594
20180515,CARD3,CSU CARDSYST,7.59,7.6,7.11,7.3,3969406.0,9.825499999999998,10.665499999999996,1.3109798464868754,1.3120818259349227,13.28966365186984,8.041336348130152,14.601745477804764,6.7292545221952285,15.913827303739687,5.417172696260305
20180516,CARD3,CSU CARDSYST,7.34,7.68,7.34,7.49,3062561.0,9.670499999999999,10.552749999999996,1.3963164887811506,1.3861512617722584,13.325052523544514,7.780447476455479,14.711203785316771,6.394296214683221,16.09735504708903,5.008144952910962
20180517,CARD3,CSU CARDSYST,7.5,7.6,7.25,7.47,1939847.0,9.491499999999998,10.432999999999996,1.4389809076675046,1.440710650855051,13.314421301710098,7.5515786982898945,14.755131952565149,6.110868047434844,16.1958426034202,4.670157396579793
20180518,CARD3,CSU CARDSYST,7.45,7.45,7.09,7.21,2632782.0,9.297499999999998,10.305749999999996,1.473270172100154,1.4953310027189008,13.296412005437798,7.3150879945621945,14.791743008156699,5.819756991843294,16.2870740108756,4.324425989124393
20180521,CARD3,CSU CARDSYST,7.32,7.47,7.15,7.24,1230495.0,9.107499999999998,10.183749999999996,1.4817304073278708,1.5418648174806449,13.267479634961287,7.100020365038707,14.80934445244193,5.558155547558062,16.351209269922578,4.016290730077417
20180522,CARD3,CSU CARDSYST,7.24,7.36,7.15,7.16,1288847.0,8.915999999999999,10.062749999999998,1.4731005611151988,1.5849872401007077,13.232724480201412,6.892775519798582,14.817711720302121,5.307788279697874,16.40269896040283,3.722801039597167
20180523,CARD3,CSU CARDSYST,7.24,7.24,7.01,7.05,1255374.0,8.729999999999999,9.936749999999998,1.461491667693272,1.6196476152039694,13.176045230407937,6.69745476959206,14.795692845611907,5.07780715438809,16.415340460815877,3.4581595391841207
20180524,CARD3,CSU CARDSYST,7.0,7.05,6.85,6.95,2149571.0,8.547999999999998,9.808999999999997,1.4442175080389852,1.649139324866314,13.107278649732626,6.510721350267369,14.75641797459894,4.861582025401056,16.405557299465254,3.2124427005347416
20180525,CARD3,CSU CARDSYST,6.98,7.06,6.73,6.73,1178932.0,8.353499999999997,9.679749999999999,1.4120693102118347,1.6833003106687308,13.04635062133746,6.313149378662537,14.72965093200619,4.629849067993806,16.41295124267492,2.9465487573250755
20180528,CARD3,CSU CARDSYST,6.7,6.71,6.21,6.3,1901623.0,8.150999999999998,9.53975,1.4010443473202114,1.7262356963888765,12.992221392777752,6.087278607222247,14.71845708916663,4.36104291083337,16.444692785555507,2.6348072144444936
20180529,CARD3,CSU CARDSYST,6.48,6.81,6.3,6.5,1592342.0,7.968499999999997,9.41625,1.3641896572884047,1.763117413225938,12.942484826451876,5.890015173548123,14.705602239677813,4.126897760322186,16.46871965290375,2.363780347096248
20180530,CARD3,CSU CARDSYST,6.51,7.04,6.43,6.79,1609800.0,7.788999999999997,9.3045,1.2625867349049404,1.7847860605829744,12.87407212116595,5.734927878834052,14.658858181748924,3.950141818251078,16.4436442423319,2.1653557576681033
20180601,CARD3,CSU CARDSYST,6.8,7.06,6.65,6.7,1407394.0,7.617499999999997,9.2005,1.156350315705238,1.8128048107977024,12.826109621595405,5.574890378404595,14.638914432393108,3.762085567606893,16.45171924319081,1.9492807568091903
20180604,CARD3,CSU CARDSYST,6.7,6.98,6.7,6.89,594512.0,7.467499999999996,9.08775,1.034173328646719,1.812748992623199,12.713247985246397,5.462252014753602,14.525996977869596,3.6495030221304026,16.338745970492795,1.8367540295072038
20180605,CARD3,CSU CARDSYST,6.89,6.92,6.51,6.6,1281643.0,7.297499999999995,8.97025,0.860898398553281,1.8179933816979226,12.606236763395845,5.334263236604155,14.424230145093768,3.5162698549062323,16.24222352679169,1.6982764732083098
20180606,CARD3,CSU CARDSYST,6.65,6.99,6.34,6.45,1271622.0,7.113499999999995,8.8505,0.5666083303305951,1.8224046526358328,12.495309305271666,5.205690694728334,14.317713957907499,3.383286042092502,16.140118610543333,1.5608813894566689
20180607,CARD3,CSU CARDSYST,6.46,6.49,5.84,6.12,3097450.0,6.984499999999995,8.73,0.47223405213942893,1.8399693419965433,12.409938683993087,5.050061316006914,14.24990802598963,3.2100919740103704,16.089877367986173,1.3701226320138273
20180608,CARD3,CSU CARDSYST,6.05,6.33,5.91,6.11,1995957.0,6.890499999999996,8.61,0.44804223250190195,1.850640914621691,12.31128182924338,4.908718170756618,14.161922743865073,3.0580772561349265,16.012563658486762,1.2074363415132359
20180611,CARD3,CSU CARDSYST,6.14,6.65,6.1,6.31,1214978.0,6.848499999999996,8.49675,0.46160218689624277,1.8492831424705238,12.195316284941049,4.798183715058952,14.044599427411573,2.948900572588429,15.893882569882095,1.0996174301179051
20180612,CARD3,CSU CARDSYST,6.31,6.59,6.21,6.34,613020.0,6.785499999999996,8.386,0.4390716881882122,1.842290658879561,12.070581317759121,4.7014186822408774,13.912871976638682,2.8591280233613166,15.755162635518243,1.0168373644817557
20180613,CARD3,CSU CARDSYST,6.39,6.55,6.26,6.53,514962.0,6.7469999999999954,8.286249999999999,0.4251204163776169,1.8317718583452625,11.949793716690523,4.6227062833094745,13.781565575035787,2.7909344249642114,15.613337433381048,0.9591625666189492
20180614,CARD3,CSU CARDSYST,6.47,6.68,6.33,6.52,858155.0,6.698499999999996,8.1845,0.38975397098010794,1.8134708893904756,11.811441778780951,4.557558221219049,13.624912668171426,2.744087331828573,15.438383557561902,0.9306164424380974
20180615,CARD3,CSU CARDSYST,6.49,6.77,6.13,6.27,894284.0,6.638499999999996,8.065,0.35560585810109424,1.7769276279218045,11.61885525584361,4.5111447441563906,13.395782883765413,2.7342171162345856,15.172710511687217,0.9572894883127816
20180618,CARD3,CSU CARDSYST,6.27,6.4,6.05,6.23,895549.0,6.589499999999996,7.9435,0.3398834939706702,1.7303290779353895,11.404158155870778,4.482841844129221,13.13448723380617,2.7525127661938313,14.864816311741558,1.0221836882584423
20180619,CARD3,CSU CARDSYST,6.1,6.68,6.04,6.36,811917.0,6.545499999999995,7.8265,0.30656801426183994,1.6728534657729994,11.172206931545999,4.480793068454002,12.845060397319,2.807939602681002,14.517913863091998,1.1350861369080025
20180620,CARD3,CSU CARDSYST,6.31,6.59,6.07,6.12,1490718.0,6.493499999999996,7.70475,0.2842399838535733,1.6128537974022599,10.930457594804519,4.4790424051954805,12.543311392206778,2.8661886077932204,14.15616518960904,1.2533348103909603
20180621,CARD3,CSU CARDSYST,6.13,6.23,6.05,6.15,629670.0,6.448499999999996,7.58925,0.26186125293655227,1.551991916943007,10.693233833886014,4.485266166113986,12.245225750829022,2.933274249170979,13.797217667772028,1.381282332227972
20180622,CARD3,CSU CARDSYST,6.08,6.24,6.07,6.11,605856.0,6.406499999999997,7.477250000000001,0.24394293983381518,1.4903140049443786,10.457878009888757,4.496621990111244,11.948192014833136,3.006307985166865,13.438506019777515,1.5159939802224862
20180625,CARD3,CSU CARDSYST,6.12,6.22,6.06,6.22,522189.0,6.380999999999997,7.367250000000001,0.23483252711134667,1.4127641345957296,10.19277826919146,4.541721730808542,11.60554240378719,3.128957596212812,13.01830653838292,1.7161934616170829
20180626,CARD3,CSU CARDSYST,6.22,6.46,6.21,6.3,839266.0,6.380999999999997,7.266000000000001,0.23483252711134667,1.3365892298050253,9.939178459610051,4.59282154038995,11.275767689415076,3.2562323105849247,12.612356919220101,1.9196430807798999
20180627,CARD3,CSU CARDSYST,6.39,6.48,6.24,6.24,333621.0,6.367999999999997,7.168250000000002,0.2350946058169738,1.2611083596867545,9.69046671937351,4.646033280626494,10.951575079060266,3.3849249209397385,12.212683438747021,2.1238165612529842
20180628,CARD3,CSU CARDSYST,6.18,6.29,6.16,6.2,451322.0,6.338499999999995,7.0637500000000015,0.2155598585813391,1.157037967818853,9.377825935637707,4.749674064362296,10.53486390345656,3.5926360965434427,11.691901871275412,2.43559812872459
20180629,CARD3,CSU CARDSYST,6.22,6.4,6.22,6.4,708060.0,6.323499999999995,6.970500000000001,0.19887247963939808,1.0488282839582423,9.068156567916485,4.872843432083517,10.11698485187473,3.824015148125274,11.16581313583297,2.775186864167032
20180702,CARD3,CSU CARDSYST,6.4,6.62,6.31,6.6,797679.0,6.308999999999996,6.888250000000002,0.1626717715622046,0.9370545437426471,8.762359087485295,5.014140912514708,9.699413631227943,4.077086368772061,10.63646817497059,3.1400318250294137
20180703,CARD3,CSU CARDSYST,6.59,7.0,6.57,6.69,1861141.0,6.313499999999996,6.805500000000002,0.17211608689616797,0.7897937088658817,8.385087417731766,5.225912582268238,9.174881126597647,4.436118873402357,9.96467483546353,3.646325164536475
20180704,CARD3,CSU CARDSYST,6.78,7.0,6.71,7.0,1019135.0,6.340999999999996,6.727250000000002,0.2294593187198908,0.5788538077695038,7.88495761553901,5.569542384460995,8.463811423308513,4.9906885766914915,9.042665231078018,4.411834768921987
20180705,CARD3,CSU CARDSYST,7.0,7.29,7.0,7.07,1456995.0,6.388499999999996,6.686500000000002,0.2750937639194973,0.48640781665448923,7.659315633308981,5.713684366691024,8.14572344996347,5.227276550036534,8.632131266617959,4.740868733382046
20180706,CARD3,CSU CARDSYST,7.09,7.38,7.09,7.32,442574.0,6.448999999999995,6.669750000000002,0.3367632308970765,0.4505864412359344,7.570922882471871,5.7685771175281335,8.021509323707805,5.317990676292199,8.47209576494374,4.867404235056265
20180710,CARD3,CSU CARDSYST,7.35,7.49,7.2,7.21,956492.0,6.493999999999995,6.671250000000002,0.37515470493065356,0.45232270928326873,7.57589541856654,5.766604581433465,8.028218127849808,5.314281872150196,8.480540837133077,4.861959162866928
20180711,CARD3,CSU CARDSYST,7.2,7.21,6.85,7.0,1043622.0,6.526999999999996,6.656250000000002,0.3896435618141077,0.4301382455169889,7.5165264910339795,5.795973508966024,7.946664736550969,5.365835263449035,8.376802982067957,4.935697017932046
20180712,CARD3,CSU CARDSYST,7.0,7.32,7.0,7.23,786348.0,6.561999999999995,6.654500000000001,0.4201703915017847,0.4275868482782604,7.509673696556522,5.799326303443481,7.937260544834783,5.37173945516522,8.364847393113044,4.94415260688696
20180713,CARD3,CSU CARDSYST,7.21,7.5,7.21,7.48,827141.0,6.609999999999994,6.654250000000002,0.4673103330426653,0.42708845838078385,7.50842691676157,5.800073083238434,7.935515375142353,5.372984624857651,8.362603833523137,4.945896166476866
20180716,CARD3,CSU CARDSYST,7.46,7.97,7.46,7.87,1730329.0,6.689999999999993,6.664250000000001,0.5376948851102352,0.45070820340371864,7.565666406807438,5.762833593192564,8.016374610211157,5.312125389788845,8.467082813614876,4.861417186385126
20180717,CARD3,CSU CARDSYST,7.95,8.27,7.95,8.08,1603497.0,6.782499999999994,6.686000000000002,0.6088200408210025,0.4963962437098552,7.678792487419712,5.693207512580291,8.175188731129568,5.196811268870436,8.671584974839423,4.700415025160581
20180718,CARD3,CSU CARDSYST,8.1,8.19,7.68,7.7,1429153.0,6.849499999999994,6.697500000000001,0.6331248733568926,0.5145560695570229,7.726612139114047,5.668387860885955,8.24116820867107,5.1538317913289315,8.755724278228092,4.639275721771909
20180719,CARD3,CSU CARDSYST,7.68,8.05,7.51,7.81,1306866.0,6.933999999999993,6.71375,0.6433334242341715,0.53920971373357,7.79216942746714,5.63533057253286,8.33137914120071,5.09612085879929,8.87058885493428,4.556911145065721
20180720,CARD3,CSU CARDSYST,8.0,8.05,7.77,7.77,1144759.0,7.0149999999999935,6.73175,0.6414088112568427,0.5622477212048289,7.856245442409658,5.607254557590342,8.418493163614487,5.045006836385513,8.980740884819316,4.482759115180684
20180723,CARD3,CSU CARDSYST,7.77,7.85,7.48,7.66,815938.0,7.092499999999992,6.7495,0.6195743445471843,0.5802340376620122,7.9099680753240245,5.589031924675976,8.490202112986037,5.008797887013964,9.07043615064805,4.428563849351951
20180724,CARD3,CSU CARDSYST,7.72,7.92,7.72,7.72,485032.0,7.167499999999992,6.77425,0.5988398872205619,0.6001533457888586,7.9745566915777175,5.573943308422283,8.574710037366575,4.9737899626334245,9.174863383155435,4.373636616844566
20180725,CARD3,CSU CARDSYST,7.74,7.86,7.53,7.64,967250.0,7.234499999999992,6.80775,0.5709869110860577,0.6103151245726046,8.02838024914521,5.587119750854791,8.638695373717814,4.976804626282187,9.249010498290419,4.366489501709582
20180726,CARD3,CSU CARDSYST,7.51,7.86,7.51,7.69,1050910.0,7.306999999999991,6.8375,0.5285441773101268,0.6237839451736737,8.085067890347348,5.589932109652652,8.708851835521022,4.966148164478979,9.332635780694694,4.342364219305305
20180727,CARD3,CSU CARDSYST,7.69,8.0,7.69,7.87,827382.0,7.390499999999991,6.8645,0.4735029038981883,0.6446981006840825,8.153896201368164,5.575103798631835,8.798594302052248,4.9304056979477515,9.44329240273633,4.28570759726367
20180730,CARD3,CSU CARDSYST,7.91,7.99,7.7,7.7,697542.0,7.455499999999991,6.8895,0.41612845941711124,0.6574190015429778,8.204338003085956,5.5746619969140445,8.861757004628934,4.917242995371066,9.51917600617191,4.259823993828089
20180731,CARD3,CSU CARDSYST,7.71,7.82,7.31,7.4,1350013.0,7.495499999999991,6.9022499999999996,0.3648572179273694,0.6623558865993739,8.226961773198747,5.577538226801252,8.889317659798122,4.915182340201878,9.551673546397495,4.252826453602504
20180801,CARD3,CSU CARDSYST,7.44,7.69,7.22,7.35,1178739.0,7.528499999999991,6.920999999999999,0.3145468754289583,0.6641933607864826,8.249386721572964,5.592613278427034,8.913580082359447,4.928419917640552,9.57777344314593,4.264226556854069
20180802,CARD3,CSU CARDSYST,7.3,7.49,7.26,7.28,753098.0,7.5424999999999915,6.941749999999999,0.2954367863636098,0.6620631602839341,8.265876320567868,5.617623679432131,8.927939480851801,4.955560519148197,9.590002641135735,4.293497358864263
20180803,CARD3,CSU CARDSYST,7.37,7.69,7.35,7.45,892053.0,7.561499999999991,6.974999999999999,0.2749598056750422,0.6530716378029182,8.281143275605835,5.668856724394162,8.934214913408754,5.015785086591244,9.587286551211673,4.362713448788326
20180806,CARD3,CSU CARDSYST,7.45,7.54,7.06,7.1,1432873.0,7.550499999999991,6.999749999999999,0.28916349409253667,0.6380357979668548,8.275821595933708,5.723678404066289,8.913857393900564,5.085642606099434,9.551893191867418,4.44760680813258
20180807,CARD3,CSU CARDSYST,7.11,7.2,7.01,7.1,1143709.0,7.54499999999999,7.019499999999999,0.296922814709062,0.6282901093750268,8.276080218750053,5.762919781249945,8.90437032812508,5.134629671874919,9.532660437500105,4.506339562499892
20180808,CARD3,CSU CARDSYST,7.19,7.4,6.8,6.83,1336936.0,7.536499999999991,7.03175,0.31521546515629506,0.6194161332689582,8.270582266537916,5.792917733462083,8.889998399806874,5.173501600193125,9.509414533075832,4.5540854669241675
20180809,CARD3,CSU CARDSYST,6.86,6.97,6.52,6.76,1461364.0,7.512999999999991,7.0375,0.35435783282471145,0.615695354238434,8.268890708476867,5.806109291523132,8.884586062715302,5.190413937284697,9.500281416953737,4.5747185830462636
20180810,CARD3,CSU CARDSYST,6.69,6.8,6.5,6.68,946993.0,7.472999999999992,7.041500000000001,0.40043528946965673,0.6127598349962544,8.26701966999251,5.815980330007492,8.879779504988765,5.203220495011237,9.492539339985019,4.590460660014983
20180813,CARD3,CSU CARDSYST,6.68,7.02,6.57,6.92,1028998.0,7.425499999999991,7.057750000000001,0.4071528227246479,0.6002669811991747,8.25828396239835,5.857216037601652,8.858550943597525,5.256949056402478,9.4588179247967,4.656682075203303
20180814,CARD3,CSU CARDSYST,6.92,7.31,6.87,7.02,854237.0,7.372499999999991,7.077500000000001,0.38590802012917236,0.5851396940376572,8.247779388075315,5.907220611924686,8.832919082112973,5.322080917887029,9.41805877615063,4.736941223849372
20180815,CARD3,CSU CARDSYST,7.15,7.15,6.81,6.94,752602.0,7.334499999999991,7.0920000000000005,0.3893648674444294,0.5739838289511799,8.23996765790236,5.944032342097641,8.81395148685354,5.370048513146461,9.38793531580472,4.796064684195281
20180816,CARD3,CSU CARDSYST,6.96,7.08,6.7,6.96,596092.0,7.291999999999992,7.1129999999999995,0.38103184008415025,0.5524732271039821,8.217946454207963,6.008053545792036,8.770419681311946,5.455580318688053,9.322892908415927,4.903107091584071
20180817,CARD3,CSU CARDSYST,6.9,6.98,6.61,6.88,788149.0,7.247499999999991,7.13125,0.3741780465585003,0.5315057830691204,8.194261566138241,6.068238433861759,8.725767349207361,5.536732650792638,9.257273132276481,5.005226867723518
20180820,CARD3,CSU CARDSYST,6.77,7.22,6.77,7.22,1560188.0,7.225499999999991,7.159000000000001,0.3613640095090278,0.5051417673566764,8.169283534713353,6.148716465286648,8.67442530207003,5.643574697929972,9.179567069426707,5.138432930573295
20180821,CARD3,CSU CARDSYST,7.22,7.62,7.02,7.2,3465689.0,7.199499999999991,7.1834999999999996,0.3421060931164314,0.48165074057604973,8.1468014811521,6.2201985188479,8.628452221728148,5.73854777827185,9.110102962304198,5.256897037695801
20180822,CARD3,CSU CARDSYST,7.19,7.19,6.71,6.99,1422572.0,7.166999999999992,7.200749999999999,0.3286671648692311,0.4611156343100389,8.122981268620077,6.278518731379922,8.584096902930115,5.8174030970698825,9.045212537240154,5.356287462759844
20180823,CARD3,CSU CARDSYST,6.97,7.07,6.75,6.78,752511.0,7.121499999999992,7.214249999999998,0.31516537012548973,0.4396728824816978,8.093595764963393,6.3349042350366025,8.533268647445091,5.895231352554905,8.97294152992679,5.455558470073207
20180824,CARD3,CSU CARDSYST,6.95,6.96,6.74,6.9,430947.0,7.0729999999999915,7.231749999999998,0.2644776380956498,0.41128246890767234,8.054314937815343,6.409185062184654,8.465597406723015,5.997902593276981,8.876879875630687,5.5866201243693085
20180827,CARD3,CSU CARDSYST,6.9,7.09,6.69,6.9,1006713.0,7.032999999999992,7.244249999999998,0.22169443171323475,0.3925255993611975,8.029301198722393,6.459198801277603,8.421826798083591,6.066673201916406,8.814352397444788,5.674147602555208
20180828,CARD3,CSU CARDSYST,6.9,6.99,6.67,6.81,682105.0,7.003499999999993,7.249499999999998,0.20919079681885439,0.38502047897584674,8.01954095795169,6.479459042048304,8.404561436927537,6.094438563072457,8.789581915903385,5.709418084096611
20180829,CARD3,CSU CARDSYST,6.81,6.86,6.71,6.81,813405.0,6.976499999999993,7.252499999999998,0.1965833156705407,0.3809956591717464,8.01449131834349,6.490508681656505,8.395486977515237,6.109513022484759,8.776482636686984,5.728517363313012
20180830,CARD3,CSU CARDSYST,6.81,6.83,6.61,6.76,607496.0,6.950499999999993,7.2464999999999975,0.1885533569605073,0.38691780085104105,8.02033560170208,6.4726643982979155,8.40725340255312,6.0857465974468745,8.794171203404161,5.6988287965958335
20180831,CARD3,CSU CARDSYST,6.72,6.99,6.67,6.8,1117180.0,6.917999999999994,7.239749999999998,0.15000350873097396,0.3923923174187436,8.024534634837485,6.454965365162511,8.41692695225623,6.062573047743768,8.809319269674972,5.670180730325024
20180903,CARD3,CSU CARDSYST,6.82,6.92,6.63,6.8,681565.0,6.902999999999994,7.226749999999998,0.14578643356139498,0.3982357728397238,8.023221545679446,6.4302784543205505,8.42145731851917,6.032042681480827,8.819693091358893,5.633806908641104
20180904,CARD3,CSU CARDSYST,6.79,6.8,6.39,6.43,1287379.0,6.869499999999995,7.207249999999999,0.17264124652013307,0.41769813354772384,8.042646267095447,6.371853732904552,8.460344400643171,5.954155599356827,8.878042534190895,5.536457465809104
20180905,CARD3,CSU CARDSYST,6.41,6.77,6.3,6.39,1322024.0,6.847499999999994,7.191999999999998,0.2032596213817103,0.43618509362134017,8.064370187242679,6.319629812757318,8.500555280864019,5.883444719135978,8.936740374485359,5.447259625514638
20180906,CARD3,CSU CARDSYST,6.39,6.74,6.39,6.5,597681.0,6.834499999999994,7.173749999999998,0.21700048508319442,0.4496191408235343,8.072988281647067,6.2745117183529295,8.522607422470601,5.824892577529395,8.972226563294136,5.375273436705861
20180910,CARD3,CSU CARDSYST,6.67,6.78,6.47,6.6,835854.0,6.830499999999994,7.151749999999998,0.2207040170860528,0.4557377085280309,8.06322541705606,6.240274582943936,8.51896312558409,5.784536874415905,8.974700834112122,5.328799165887874
20180911,CARD3,CSU CARDSYST,6.53,6.55,6.34,6.45,889503.0,6.806999999999993,7.116249999999998,0.23521770431045144,0.4536557347163675,8.023561469432734,6.208938530567263,8.4772172041491,5.755282795850896,8.930872938865468,5.301627061134528
20180912,CARD3,CSU CARDSYST,6.55,6.68,6.35,6.35,1492403.0,6.773499999999993,7.072999999999999,0.25050002626331525,0.44172853944942714,7.956457078898853,6.189542921101144,8.398185618348279,5.747814381651717,8.839914157797708,5.30608584220229
20180913,CARD3,CSU CARDSYST,6.38,6.44,6.23,6.3,883555.0,6.741499999999993,7.037999999999999,0.2683531647897206,0.44621599920749094,7.930431998414981,6.145568001585017,8.376647997622472,5.699352002377527,8.822863996829962,5.253136003170035
20180914,CARD3,CSU CARDSYST,6.34,6.45,6.2,6.29,717395.0,6.707999999999993,7.0,0.2811555104433478,0.44350006504208006,7.88700013008416,6.11299986991584,8.330500195126241,5.66949980487376,8.77400026016832,5.22599973983168
20180917,CARD3,CSU CARDSYST,6.27,6.61,6.23,6.36,1440971.0,6.681999999999993,6.96475,0.28836380530599637,0.43671258811191394,7.838175176223828,6.091324823776173,8.274887764335743,5.654612235664258,8.711600352447656,5.217899647552345
20180918,CARD3,CSU CARDSYST,6.37,6.48,6.32,6.33,819052.0,6.637499999999994,6.9315,0.2689917823045854,0.4330366834701083,7.797573366940217,6.065426633059783,8.230610050410325,5.632389949589674,8.663646733880434,5.199353266119567
20180919,CARD3,CSU CARDSYST,6.31,6.44,6.24,6.3,539483.0,6.592499999999996,6.895999999999999,0.24406373197013018,0.4248667966219724,7.745733593243944,6.046266406756054,8.170600389865916,5.621399610134082,8.59546718648789,5.19653281351211
20180920,CARD3,CSU CARDSYST,6.35,6.5,6.22,6.32,674835.0,6.558999999999995,6.8629999999999995,0.23233143295058512,0.4167837784136273,7.6965675568272545,6.029432443172745,8.113351335240882,5.612648664759117,8.53013511365451,5.195864886345491
20180921,CARD3,CSU CARDSYST,6.32,6.46,6.29,6.38,865160.0,6.538999999999994,6.8302499999999995,0.229505188566572,0.4013150658165025,7.632880131633004,6.027619868366995,8.034195197449506,5.626304802550492,8.435510263266009,5.224989736733989
20180924,CARD3,CSU CARDSYST,6.45,6.45,6.28,6.28,1023177.0,6.507999999999994,6.790499999999999,0.21984683663627777,0.373465750326169,7.537431500652337,6.043568499347661,7.910897250978506,5.670102749021492,8.284363001304675,5.296636998695323
20180925,CARD3,CSU CARDSYST,6.27,6.3,6.11,6.26,902525.0,6.475999999999994,6.754499999999998,0.20592282662771272,0.3523543525254251,7.459208705050848,6.049791294949149,7.811563057576274,5.697436942423723,8.163917410101698,5.345082589898298
20180926,CARD3,CSU CARDSYST,6.26,6.33,6.19,6.24,445391.0,6.447499999999994,6.725499999999999,0.1964922658181423,0.3455352592495262,7.416570518499052,6.034429481500947,7.7621057777485785,5.68889422225142,8.107641036998103,5.3433589630018945
20180927,CARD3,CSU CARDSYST,6.24,6.35,6.23,6.3,614119.0,6.421999999999994,6.699249999999999,0.1793144841069968,0.33664549946154676,7.372540998923093,6.025959001076906,7.709186498384639,5.689313501615359,8.045831997846186,5.352668002153813
20180928,CARD3,CSU CARDSYST,6.31,6.35,6.24,6.27,357771.0,6.397499999999995,6.6739999999999995,0.1634778272428173,0.32977692537963077,7.333553850759261,6.014446149240738,7.663330776138892,5.684669223861107,7.993107701518523,5.354892298481476
20181001,CARD3,CSU CARDSYST,6.33,6.33,6.15,6.16,589590.0,6.3654999999999955,6.64175,0.14173641214010158,0.3146743330770051,7.2710986661540105,6.01240133384599,7.585772999231016,5.697727000768984,7.900447332308021,5.383052667691979
20181002,CARD3,CSU CARDSYST,6.32,6.5,6.22,6.43,1411598.0,6.346999999999995,6.625,0.10005787798770106,0.3074043524374013,7.239808704874802,6.010191295125198,7.547213057312204,5.702786942687796,7.854617409749605,5.395382590250395
20181003,CARD3,CSU CARDSYST,6.55,6.7,6.43,6.5,1360747.0,6.350499999999994,6.609999999999999,0.10425045752786911,0.29813092976421196,7.206261859528423,6.013738140471576,7.504392789292635,5.715607210707364,7.802523719056847,5.417476280943152
20181004,CARD3,CSU CARDSYST,6.67,6.67,6.31,6.6,983937.0,6.3609999999999935,6.60425,0.11809452057359275,0.2959893232655558,7.196228646531112,6.012271353468889,7.492217969796668,5.716282030203333,7.788207293062223,5.4202927069377775
20181005,CARD3,CSU CARDSYST,6.61,6.69,6.44,6.57,979905.0,6.364499999999994,6.599500000000001,0.1233512315131976,0.29494849615591806,7.189396992311837,6.009603007688165,7.4843454884677545,5.714654511532247,7.779293984623673,5.419706015376328
20181008,CARD3,CSU CARDSYST,6.81,6.94,6.77,6.87,1327159.0,6.377999999999995,6.60425,0.15985519763385594,0.29779434910521146,7.199838698210423,6.008661301789577,7.4976330473156345,5.710866952684366,7.7954273964208465,5.413072603579154
20181009,CARD3,CSU CARDSYST,6.87,7.32,6.87,7.22,2070020.0,6.416499999999995,6.611750000000001,0.2470515607808273,0.30949824986046176,7.230746499720924,5.992753500279077,7.540244749581386,5.683255250418616,7.8497429994418475,5.373757000558154
20181010,CARD3,CSU CARDSYST,7.37,7.4,7.03,7.15,1166071.0,6.456499999999996,6.615,0.29569320872188165,0.31453669632231385,7.244073392644628,5.985926607355372,7.558610088966942,5.671389911033058,7.873146785289256,5.356853214710744
20181011,CARD3,CSU CARDSYST,7.15,7.27,6.85,7.0,1173744.0,6.491499999999995,6.6165,0.31686415817645464,0.316264657104387,7.249029314208775,5.983970685791226,7.565293971313161,5.6677060286868395,7.881558628417548,5.351441371582452
20181015,CARD3,CSU CARDSYST,7.01,7.2,6.72,7.16,1593684.0,6.534999999999995,6.621500000000002,0.3461137628614844,0.3233363732344884,7.268172746468979,5.974827253531025,7.591509119703467,5.651490880296537,7.914845492937955,5.328154507062049
20181016,CARD3,CSU CARDSYST,7.41,7.73,7.41,7.63,2884132.0,6.598499999999994,6.640250000000002,0.42076715651299307,0.35854039932585,7.357330798651702,5.923169201348301,7.715871197977552,5.564628802022452,8.074411597303403,5.206088402696602
20181017,CARD3,CSU CARDSYST,7.7,7.7,7.43,7.6,1716597.0,6.661999999999994,6.649750000000002,0.4709520033652187,0.37875969988428315,7.407269399768568,5.892230600231436,7.786029099652851,5.513470900347152,8.164788799537135,5.134711200462869
20181018,CARD3,CSU CARDSYST,7.69,7.69,7.47,7.55,814465.0,6.724499999999994,6.658500000000002,0.5022839938982164,0.3954714810295608,7.449442962059123,5.86755703794088,7.844914443088684,5.47208555691132,8.240385924118245,5.076614075881759
20181019,CARD3,CSU CARDSYST,7.65,7.65,7.21,7.63,1886640.0,6.789999999999994,6.674500000000002,0.5313339716917326,0.42132848504191384,7.517156970083829,5.8318430299161745,7.938485455125743,5.41051454487426,8.359813940167657,4.989186059832346
20181022,CARD3,CSU CARDSYST,7.7,7.7,7.43,7.59,1250474.0,6.850499999999994,6.694750000000002,0.5507265536018133,0.4453116885957765,7.585373377191555,5.8041266228084485,8.030685065787331,5.358814934212672,8.475996754383107,4.913503245616896
20181023,CARD3,CSU CARDSYST,7.56,7.66,7.38,7.55,1063946.0,6.913999999999994,6.711000000000003,0.5546872044106179,0.4644423179111572,7.639884635822318,5.782115364177688,8.104326953733475,5.317673046266531,8.568769271644632,4.853230728355374
20181024,CARD3,CSU CARDSYST,7.55,7.66,7.12,7.19,1708842.0,6.960499999999994,6.718250000000003,0.5356302239811801,0.4697019649708287,7.65765392994166,5.7788460700583455,8.127355894912489,5.309144105087517,8.597057859883318,4.839442140116688
20181025,CARD3,CSU CARDSYST,7.45,7.45,7.26,7.33,1119556.0,7.014999999999995,6.731250000000003,0.5134557839826972,0.47940233892225037,7.690054677844504,5.772445322155502,8.169457016766755,5.293042983233252,8.648859355689005,4.813640644311001
20181026,CARD3,CSU CARDSYST,7.4,7.47,7.21,7.33,799790.0,7.066499999999995,6.744250000000003,0.4890406828411175,0.48855562893505194,7.7213612578701065,5.767138742129899,8.209916886805159,5.278583113194847,8.69847251574021,4.790027484259795
20181029,CARD3,CSU CARDSYST,7.5,7.7,7.02,7.08,993192.0,7.106999999999995,6.752250000000002,0.4517230171361073,0.49143164743694084,7.735113294873884,5.76938670512612,8.226544942310824,5.277955057689179,8.717976589747765,4.786523410252238
20181030,CARD3,CSU CARDSYST,7.19,7.5,7.11,7.39,1109699.0,7.1684999999999945,6.767000000000001,0.396342156807951,0.5016495865565218,7.770299173113045,5.763700826886957,8.271948759669566,5.262051240330436,8.773598346226088,4.760401653773914
20181031,CARD3,CSU CARDSYST,7.44,7.62,7.33,7.4,695005.0,7.216999999999994,6.782000000000001,0.358785964637794,0.5115346442888437,7.8050692885776884,5.758930711422313,8.316603932866531,5.2473960671334705,8.828138577155375,4.735861422844627
20181101,CARD3,CSU CARDSYST,7.44,7.81,7.44,7.81,2265682.0,7.282499999999994,6.8165000000000004,0.3400909321126952,0.5332606520989004,7.8830213041978014,5.7499786958021994,8.416281956296702,5.216718043703299,8.949542608395602,4.683457391604399
20181105,CARD3,CSU CARDSYST,7.84,8.35,7.84,8.31,4729749.0,7.367999999999995,6.864500000000001,0.3728496239843626,0.578388344387314,8.021276688774629,5.707723311225373,8.599665033161944,5.1293349668380595,9.178053377549258,4.550946622450745
20181106,CARD3,CSU CARDSYST,8.3,8.63,8.01,8.63,4419746.0,7.470999999999995,6.917750000000001,0.42208629698828115,0.6388591093022644,8.19546821860453,5.6400317813954715,8.834327327906793,5.001172672093207,9.473186437209058,4.362313562790943
20181107,CARD3,CSU CARDSYST,8.63,8.65,7.8,7.8,4832755.0,7.517499999999996,6.947750000000001,0.40319611265880734,0.6516034955282517,8.250956991056505,5.644543008943497,8.902560486584756,4.992939513415246,9.554163982113007,4.341336017886994
20181108,CARD3,CSU CARDSYST,7.7,7.7,6.63,6.99,8274230.0,7.505999999999996,6.9612500000000015,0.4152285356789935,0.646601321705106,8.254452643410213,5.668047356589789,8.90105396511532,5.021446034884684,9.547655286820426,4.374844713179577
20181109,CARD3,CSU CARDSYST,6.97,7.15,6.81,6.94,1284901.0,7.495499999999995,6.976000000000001,0.42718755895546845,0.638984771697698,8.253969543395396,5.698030456604605,8.892954315093094,5.059045684906907,9.531939086790793,4.420060913209209
20181112,CARD3,CSU CARDSYST,6.94,7.07,6.73,6.74,1661622.0,7.482499999999996,6.987,0.44657615605617695,0.6307838022081939,8.248567604416388,5.725432395583613,8.879351406624583,5.094648593375418,9.510135208832775,4.463864791167225
20181113,CARD3,CSU CARDSYST,6.75,7.05,6.75,6.81,1395846.0,7.464999999999996,7.0,0.4663012353675246,0.6213385055358785,8.242677011071757,5.757322988928243,8.864015516607635,5.135984483392365,9.485354022143515,4.514645977856485
20181114,CARD3,CSU CARDSYST,6.83,7.04,6.83,6.92,717345.0,7.4294999999999956,7.014,0.4799065150192396,0.6127985405352004,8.239597081070402,5.7884029189296,8.852395621605602,5.175604378394398,9.465194162140802,4.562805837859198
20181116,CARD3,CSU CARDSYST,6.93,7.15,6.93,7.02,1063770.0,7.4004999999999965,7.03125,0.48653960730212037,0.6026785829602664,8.236607165920534,5.825892834079467,8.8392857488808,5.223214251119201,9.441964331841065,4.620535668158935
20181119,CARD3,CSU CARDSYST,7.01,7.22,6.95,7.03,873613.0,7.374499999999996,7.049499999999999,0.4919935279848354,0.5909052160532978,8.231310432106595,5.867689567893404,8.822215648159894,5.276784351840106,9.413120864213191,4.6858791357868075
20181121,CARD3,CSU CARDSYST,6.96,7.12,6.88,6.92,1455480.0,7.338999999999996,7.0645,0.49816399751594936,0.5794159304962547,8.22333186099251,5.90566813900749,8.802747791488764,5.326252208511235,9.38216372198502,4.746836278014981
20181122,CARD3,CSU CARDSYST,6.92,7.08,6.92,7.04,500474.0,7.311499999999995,7.081,0.498759250013173,0.5687223647836862,8.218444729567373,5.943555270432628,8.787167094351059,5.374832905648942,9.355889459134746,4.806110540865255
20181123,CARD3,CSU CARDSYST,7.06,7.07,6.92,7.04,602455.0,7.285999999999994,7.100000000000001,0.49896102579577983,0.5537749241945563,8.207549848389114,5.992450151610889,8.76132477258367,5.438675227416333,9.315099696778226,4.884900303221777
20181126,CARD3,CSU CARDSYST,7.01,7.14,6.77,7.0,1090331.0,7.276499999999994,7.118500000000002,0.5026799232744202,0.5371031033142178,8.192706206628438,6.044293793371566,8.729809309942656,5.507190690057348,9.266912413256874,4.97008758674313
20181127,CARD3,CSU CARDSYST,7.01,7.01,6.85,6.91,1191983.0,7.255499999999993,7.135250000000002,0.5090597628032318,0.5191511192469919,8.173552238493986,6.096947761506018,8.692703357740978,5.577796642259026,9.21185447698797,5.058645523012034
20181128,CARD3,CSU CARDSYST,6.91,7.03,6.83,6.85,2184614.0,7.2314999999999925,7.149000000000003,0.5166213619073132,0.503509733055947,8.156019466111896,6.141980533888109,8.659529199167844,5.638470800832161,9.163038932223792,5.1349610677762145
20181129,CARD3,CSU CARDSYST,6.85,7.11,6.84,7.01,1339896.0,7.227999999999992,7.167500000000002,0.5179372040782945,0.48358569892537956,8.134671397850761,6.200328602149243,8.61825709677614,5.716742903223864,9.10184279570152,5.233157204298484
20181130,CARD3,CSU CARDSYST,7.01,7.07,6.91,6.94,1295257.0,7.205499999999992,7.187000000000002,0.5202982444309368,0.45690822733361647,8.100816454667235,6.273183545332769,8.55772468200085,5.816275317999152,9.014632909334468,5.359367090665536
20181203,CARD3,CSU CARDSYST,7.01,7.78,7.0,7.74,4873101.0,7.222499999999992,7.219750000000002,0.5324014611075871,0.4481213634834605,8.115992726966923,6.323507273033081,8.564114090450383,5.875385909549621,9.012235453933844,5.42726454606616
20181204,CARD3,CSU CARDSYST,7.74,7.74,7.21,7.42,3591932.0,7.202999999999991,7.242750000000003,0.5166603282010942,0.4336073344776812,8.109964668955365,6.37553533104464,8.543572003433047,5.941927996566959,8.977179337910727,5.508320662089278
20181205,CARD3,CSU CARDSYST,7.38,7.57,7.27,7.35,1246037.0,7.154999999999991,7.2615000000000025,0.4485004253944117,0.4211373489334397,8.103774697866882,6.419225302133123,8.52491204680032,5.998087953199684,8.94604939573376,5.576950604266244
20181206,CARD3,CSU CARDSYST,7.34,7.43,7.06,7.39,1355749.0,7.092999999999991,7.282000000000002,0.29241462991699885,0.4063104787329809,8.094620957465963,6.46937904253404,8.500931436198945,6.063068563801059,8.907241914931925,5.656758085068079
20181207,CARD3,CSU CARDSYST,7.38,7.65,7.33,7.5,1263514.0,7.0779999999999905,7.297750000000002,0.2601538006641878,0.4021193055517912,8.101988611103584,6.49351138889642,8.504107916655375,6.091392083344629,8.906227222207168,5.689272777792837
20181210,CARD3,CSU CARDSYST,7.31,7.54,7.01,7.51,2254006.0,7.103999999999989,7.3050000000000015,0.2763750312433423,0.4032941282069114,8.111588256413825,6.498411743586178,8.514882384620735,6.095117615379268,8.918176512827648,5.691823487172356
20181211,CARD3,CSU CARDSYST,7.5,7.64,7.34,7.39,1214457.0,7.1264999999999885,7.311000000000002,0.2806060171167512,0.40271387055635466,8.11642774111271,6.505572258887293,8.519141611669065,6.1028583883309375,8.921855482225421,5.700144517774583
20181212,CARD3,CSU CARDSYST,7.52,7.6,7.32,7.54,1306662.0,7.166499999999988,7.324500000000002,0.27962898351400045,0.4010687644858081,8.126637528971619,6.522362471028386,8.527706293457427,6.121293706542578,8.928775057943234,5.72022494205677
20181213,CARD3,CSU CARDSYST,7.55,7.56,7.37,7.38,705066.0,7.194999999999988,7.330000000000001,0.2702727667025901,0.40026273422625186,8.130525468452504,6.529474531547497,8.530788202678757,6.129211797321245,8.931050936905008,5.728949063094993
20181214,CARD3,CSU CARDSYST,7.44,7.44,7.03,7.03,1420316.0,7.200499999999988,7.315,0.26545839202171934,0.399974358152502,8.114948716305005,6.515051283694996,8.514923074457506,6.115076925542494,8.914897432610008,5.715102567389993
20181217,CARD3,CSU CARDSYST,7.11,7.14,6.69,6.8,2174420.0,7.189499999999988,7.295,0.27761152334648675,0.4053235491396945,8.10564709827939,6.4843529017206105,8.510970647419084,6.079029352580917,8.916294196558777,5.673705803441222
20181218,CARD3,CSU CARDSYST,6.82,7.0,6.82,6.87,878012.0,7.181499999999988,7.2780000000000005,0.28466554706221614,0.40860111575336006,8.09520223150672,6.46079776849328,8.503803347260082,6.05219665273992,8.912404463013441,5.6435955369865605
20181219,CARD3,CSU CARDSYST,6.88,7.02,6.88,6.92,436981.0,7.181499999999988,7.260250000000001,0.28466554706221614,0.40833927258895947,8.07692854517792,6.443571454822082,8.485267817766879,6.0352321822331225,8.89360709035584,5.626892909644163
20181220,CARD3,CSU CARDSYST,7.0,7.0,6.82,6.91,387586.0,7.174999999999988,7.2432500000000015,0.28950956715401405,0.4084139899409743,8.06007797988195,6.426422020118053,8.468491969822924,6.018008030177079,8.8769059597639,5.609594040236105
20181221,CARD3,CSU CARDSYST,6.94,7.09,6.82,6.82,541661.0,7.163999999999989,7.225000000000001,0.29893495155832545,0.4106592573424405,8.046318514684883,6.40368148531512,8.456977772027322,5.99302222797268,8.867637029369764,5.582362970630239
20181226,CARD3,CSU CARDSYST,6.8,6.99,6.76,6.95,425978.0,7.161499999999988,7.219000000000001,0.30058320504964225,0.4129307385891901,8.044861477178381,6.393138522821621,8.457792215767572,5.980207784232431,8.870722954356761,5.567277045643241
20181227,CARD3,CSU CARDSYST,7.0,7.01,6.82,6.86,283875.0,7.158999999999989,7.207250000000002,0.302983411044964,0.4163639156512358,8.039977831302474,6.37452216869753,8.45634174695371,5.958158253046294,8.872705662604945,5.541794337395059
20181228,CARD3,CSU CARDSYST,7.0,7.04,6.86,6.89,678523.0,7.160999999999989,7.196250000000002,0.3009616167169206,0.4188426514416671,8.033935302883336,6.358564697116668,8.452777954325004,5.939722045675,8.87162060576667,5.520879394233333
