DATA DO PREGAO,CODIGO DE NEGOGIACAO DO PAPEL,NOME RESUMIDO DA EMPRESA EMISSORA,PRECO DE ABERTURA,PRECO MAXIMO,PRECO MINIMO,PRECO FECHAMENTO,VOLUME TOTAL DE TITULOS NEGOCIADOS NESTE PAPEL,MA_20,MA_40,STD_20,STD_40,BANDA_1_40 SUPERIOR,BANDA_1_40 INFERIOR,BANDA_2_40 SUPERIOR,BANDA_2_40 INFERIOR
20180102,CMIG4,CEMIG,6.88,6.99,6.87,6.96,51232157.0,0.0,0.0,0.0,0.0,0.0,0.0,0.0,0.0
20180103,CMIG4,CEMIG,6.94,7.02,6.9,6.9,54710274.0,0.0,0.0,0.0,0.0,0.0,0.0,0.0,0.0
20180104,CMIG4,CEMIG,6.93,7.04,6.81,6.82,52964613.0,0.0,0.0,0.0,0.0,0.0,0.0,0.0,0.0
20180105,CMIG4,CEMIG,6.87,6.92,6.78,6.83,35017848.0,0.0,0.0,0.0,0.0,0.0,0.0,0.0,0.0
20180108,CMIG4,CEMIG,6.83,6.89,6.81,6.85,28747548.0,0.0,0.0,0.0,0.0,0.0,0.0,0.0,0.0
20180109,CMIG4,CEMIG,6.86,6.88,6.71,6.71,57579315.0,0.0,0.0,0.0,0.0,0.0,0.0,0.0,0.0
20180110,CMIG4,CEMIG,6.7,6.9,6.68,6.81,90744848.0,0.0,0.0,0.0,0.0,0.0,0.0,0.0,0.0
20180111,CMIG4,CEMIG,6.88,6.95,6.85,6.95,58350387.0,0.0,0.0,0.0,0.0,0.0,0.0,0.0,0.0
20180112,CMIG4,CEMIG,6.88,6.97,6.85,6.88,53915951.0,0.0,0.0,0.0,0.0,0.0,0.0,0.0,0.0
20180115,CMIG4,CEMIG,6.9,6.94,6.85,6.85,40092178.0,0.0,0.0,0.0,0.0,0.0,0.0,0.0,0.0
20180116,CMIG4,CEMIG,6.88,6.91,6.85,6.87,50902369.0,0.0,0.0,0.0,0.0,0.0,0.0,0.0,0.0
20180117,CMIG4,CEMIG,6.88,6.89,6.71,6.76,80500390.0,0.0,0.0,0.0,0.0,0.0,0.0,0.0,0.0
20180118,CMIG4,CEMIG,6.8,6.84,6.61,6.64,81341794.0,0.0,0.0,0.0,0.0,0.0,0.0,0.0,0.0
20180119,CMIG4,CEMIG,6.67,6.71,6.64,6.66,51203568.0,0.0,0.0,0.0,0.0,0.0,0.0,0.0,0.0
20180122,CMIG4,CEMIG,6.68,6.71,6.56,6.56,60469312.0,0.0,0.0,0.0,0.0,0.0,0.0,0.0,0.0
20180123,CMIG4,CEMIG,6.54,6.6,6.46,6.54,87564343.0,0.0,0.0,0.0,0.0,0.0,0.0,0.0,0.0
20180124,CMIG4,CEMIG,6.59,6.76,6.58,6.75,131257227.0,0.0,0.0,0.0,0.0,0.0,0.0,0.0,0.0
20180126,CMIG4,CEMIG,6.82,7.43,6.82,7.43,218911756.0,0.0,0.0,0.0,0.0,0.0,0.0,0.0,0.0
20180129,CMIG4,CEMIG,7.45,7.77,7.28,7.51,236137739.0,0.0,0.0,0.0,0.0,0.0,0.0,0.0,0.0
20180130,CMIG4,CEMIG,7.54,7.61,7.31,7.54,113367978.0,6.891,0.0,0.2848249693371258,0.0,0.0,0.0,0.0,0.0
20180131,CMIG4,CEMIG,7.65,7.74,7.42,7.5,133177269.0,6.917999999999999,0.0,0.31563803386324096,0.0,0.0,0.0,0.0,0.0
20180201,CMIG4,CEMIG,7.48,7.66,7.47,7.66,78640670.0,6.955999999999999,0.0,0.3564651012666631,0.0,0.0,0.0,0.0,0.0
20180202,CMIG4,CEMIG,7.55,7.58,7.42,7.45,56151637.0,6.987499999999999,0.0,0.37134003427132817,0.0,0.0,0.0,0.0,0.0
20180205,CMIG4,CEMIG,7.39,7.53,7.19,7.2,83793401.0,7.005999999999998,0.0,0.3722958642347714,0.0,0.0,0.0,0.0,0.0
20180206,CMIG4,CEMIG,7.12,7.55,7.03,7.55,83689819.0,7.040999999999999,0.0,0.3893706122503468,0.0,0.0,0.0,0.0,0.0
20180207,CMIG4,CEMIG,7.55,7.61,7.45,7.53,89899903.0,7.081999999999998,0.0,0.3958016515483737,0.0,0.0,0.0,0.0,0.0
20180208,CMIG4,CEMIG,7.57,7.61,7.26,7.3,59986881.0,7.106499999999999,0.0,0.39323590080791143,0.0,0.0,0.0,0.0,0.0
20180209,CMIG4,CEMIG,7.29,7.45,7.16,7.27,72406247.0,7.1225,0.0,0.39304312070921826,0.0,0.0,0.0,0.0,0.0
20180214,CMIG4,CEMIG,7.36,7.56,7.35,7.52,74993198.0,7.1545000000000005,0.0,0.39827886289831876,0.0,0.0,0.0,0.0,0.0
20180215,CMIG4,CEMIG,7.69,7.93,7.65,7.92,154808648.0,7.208,0.0,0.42611587255358596,0.0,0.0,0.0,0.0,0.0
20180216,CMIG4,CEMIG,7.95,8.1,7.9,8.09,116152803.0,7.269,0.0,0.4610731189872493,0.0,0.0,0.0,0.0,0.0
20180219,CMIG4,CEMIG,8.09,8.19,8.03,8.13,61176116.0,7.3375,0.0,0.48273208217177066,0.0,0.0,0.0,0.0,0.0
20180220,CMIG4,CEMIG,8.07,8.2,7.85,7.95,94956474.0,7.4030000000000005,0.0,0.47186193341964383,0.0,0.0,0.0,0.0,0.0
20180221,CMIG4,CEMIG,8.0,8.04,7.81,7.81,118532456.0,7.460500000000001,0.0,0.4459109540562624,0.0,0.0,0.0,0.0,0.0
20180222,CMIG4,CEMIG,7.88,8.1,7.85,8.05,102625347.0,7.535000000000001,0.0,0.41061571226378113,0.0,0.0,0.0,0.0,0.0
20180223,CMIG4,CEMIG,8.08,8.25,8.0,8.25,89750951.0,7.620500000000002,0.0,0.3683887391844273,0.0,0.0,0.0,0.0,0.0
20180226,CMIG4,CEMIG,8.3,8.45,8.3,8.45,107647185.0,7.705500000000001,0.0,0.35275569300489684,0.0,0.0,0.0,0.0,0.0
20180227,CMIG4,CEMIG,8.48,8.49,8.26,8.39,99331635.0,7.7535,0.0,0.37772553388322183,0.0,0.0,0.0,0.0,0.0
20180228,CMIG4,CEMIG,8.41,8.53,8.17,8.21,112519500.0,7.788500000000001,0.0,0.3863087802318334,0.0,0.0,0.0,0.0,0.0
20180301,CMIG4,CEMIG,8.26,8.3,8.04,8.04,79412046.0,7.8135,7.35225,0.38555871967287403,0.5745878679094416,8.501425735818883,6.203074264181117,9.076013603728324,5.628486396271675
20180302,CMIG4,CEMIG,8.03,8.26,7.95,8.25,107123465.0,7.851000000000001,7.3845,0.3899109210009199,0.5880517594522372,8.560603518904475,6.208396481095526,9.148655278356712,5.6203447216432885
20180305,CMIG4,CEMIG,8.25,8.33,8.12,8.23,44247862.0,7.8795,7.417750000000001,0.3959994019134189,0.5974796960395284,8.612709392079058,6.222790607920944,9.210189088118586,5.6253109118814155
20180306,CMIG4,CEMIG,8.32,8.38,8.11,8.11,66762127.0,7.9125,7.450000000000001,0.38568974441559134,0.5992003217964972,8.648400643592996,6.251599356407007,9.247600965389493,5.652399034610509
20180307,CMIG4,CEMIG,8.13,8.26,8.02,8.26,61069716.0,7.9655000000000005,7.485750000000001,0.3541702682995339,0.6039013652694943,8.69355273053899,6.277947269461013,9.297454095808485,5.674045904191518
20180308,CMIG4,CEMIG,8.26,8.58,8.14,8.49,181199891.0,8.0125,7.526750000000002,0.35847447240831,0.6151980606651438,8.757146121330289,6.296353878669714,9.372344181995434,5.68115581800457
20180309,CMIG4,CEMIG,8.57,8.6,8.36,8.37,111260918.0,8.0545,7.568250000000002,0.34802412197099075,0.6146789343288839,8.797607868657769,6.338892131342234,9.412286802986653,5.72421319701335
20180312,CMIG4,CEMIG,8.45,8.5,8.34,8.45,49853273.0,8.111999999999998,7.609250000000001,0.30969594596533356,0.6174944721023201,8.84423894420464,6.374261055795361,9.461733416306961,5.756766583693041
20180313,CMIG4,CEMIG,8.38,8.46,8.11,8.19,144677961.0,8.157999999999998,7.640250000000002,0.2380977242977841,0.61466892276687,8.869587845533742,6.410912154466262,9.484256768300611,5.796243231699392
20180314,CMIG4,CEMIG,8.21,8.25,7.95,8.0,84289123.0,8.181999999999999,7.668250000000002,0.1896700736597613,0.6045760858566466,8.877402171713296,6.459097828286709,9.481978257569942,5.854521742430062
20180315,CMIG4,CEMIG,7.95,8.28,7.9,8.2,117095788.0,8.195999999999998,7.702000000000001,0.1793673091144017,0.5953374393288786,8.892674878657758,6.511325121342244,9.488012317986637,5.915987682013365
20180316,CMIG4,CEMIG,8.16,8.32,8.11,8.29,86882623.0,8.205999999999998,7.737500000000002,0.17872059934874013,0.5867282164682379,8.910956432936477,6.564043567063526,9.497684649404714,5.977315350595288
20180319,CMIG4,CEMIG,8.26,8.55,8.26,8.5,158130739.0,8.224499999999997,7.7810000000000015,0.18927771298167365,0.5768161952276674,8.934632390455336,6.627367609544667,9.511448585683004,6.050551414316999
20180320,CMIG4,CEMIG,8.46,8.59,8.44,8.5,68865145.0,8.251999999999999,7.827500000000002,0.18724034652930702,0.5571113685099922,8.941722737019987,6.713277262980018,9.49883410552998,6.156165894470026
20180321,CMIG4,CEMIG,8.47,8.6,8.42,8.6,66813930.0,8.291499999999997,7.876000000000002,0.171779387281276,0.5369467337378954,8.949893467475793,6.802106532524212,9.486840201213688,6.265159798786316
20180322,CMIG4,CEMIG,8.6,8.7,8.45,8.59,80954839.0,8.318499999999997,7.926750000000001,0.17424347756423464,0.5043166867285078,8.935383373457016,6.918116626542986,9.439700060185524,6.413799939814478
20180323,CMIG4,CEMIG,8.49,8.65,8.44,8.55,46772942.0,8.333499999999997,7.977000000000001,0.1808248643824768,0.4608642939476835,8.898728587895368,7.055271412104634,9.359592881843051,6.59440711815695
20180326,CMIG4,CEMIG,8.59,8.74,8.58,8.73,46140409.0,8.347499999999998,8.026500000000002,0.20012824835456747,0.4310663581494205,8.888632716298844,7.164367283701161,9.319699074448264,6.733300925551741
20180327,CMIG4,CEMIG,8.71,8.77,8.51,8.56,74155373.0,8.355999999999998,8.054750000000002,0.20556469080378795,0.4279886620832312,8.910727324166464,7.198772675833539,9.338715986249696,6.770784013750308
20180328,CMIG4,CEMIG,8.52,8.58,8.18,8.29,91990073.0,8.359999999999996,8.074250000000003,0.20334052331261085,0.42023123976186516,8.914712479523732,7.233787520476272,9.334943719285597,6.813556280714407
20180329,CMIG4,CEMIG,8.35,8.57,8.34,8.56,77215461.0,8.385999999999997,8.099750000000002,0.19326556586045604,0.4179221342025445,8.93559426840509,7.263905731594913,9.353516402607635,6.845983597392369
20180402,CMIG4,CEMIG,8.56,8.64,8.27,8.31,106894008.0,8.388999999999998,8.120000000000001,0.19150099628707215,0.40761344181554815,8.935226883631097,7.304773116368905,9.342840325446645,6.8971596745533565
20180403,CMIG4,CEMIG,8.4,8.48,8.24,8.39,47008440.0,8.396999999999998,8.138250000000001,0.18781569913641177,0.40280355649895194,8.943857112997906,7.332642887002097,9.346660669496856,6.929839330503145
20180404,CMIG4,CEMIG,8.18,8.3,8.02,8.29,56961448.0,8.405999999999997,8.159250000000002,0.1773607682247037,0.3876119358591941,8.93447387171839,7.384026128281613,9.322085807577585,6.996414192422419
20180405,CMIG4,CEMIG,8.52,8.52,8.25,8.31,41728409.0,8.408499999999998,8.187000000000001,0.17553752035569345,0.355586911010586,8.898173822021173,7.4758261779788295,9.25376073303176,7.120239266968243
20180406,CMIG4,CEMIG,8.3,8.35,8.17,8.23,53115101.0,8.395499999999997,8.204000000000002,0.1787816957544479,0.3402774132215023,8.884554826443008,7.523445173556998,9.22483223966451,7.183167760335495
20180409,CMIG4,CEMIG,8.26,8.34,8.01,8.03,69563741.0,8.378499999999997,8.216500000000002,0.19661008701433227,0.32366134564798704,8.863822691295976,7.5691773087040275,9.187484036943962,7.24551596305604
20180410,CMIG4,CEMIG,8.15,8.16,7.94,8.05,71339714.0,8.358499999999998,8.235250000000002,0.208913857845749,0.2890833213221851,8.813416642644373,7.657083357355632,9.102499963966558,7.368000036033447
20180411,CMIG4,CEMIG,8.05,8.25,8.0,8.21,40670483.0,8.359499999999999,8.258750000000003,0.20811117980033783,0.24316489604107266,8.745079792082148,7.7724202079178575,8.98824468812322,7.529255311876785
20180412,CMIG4,CEMIG,8.21,8.45,8.21,8.4,54794898.0,8.379499999999998,8.280750000000001,0.19019311515568976,0.21248695284229605,8.705723905684593,7.855776094315409,8.918210858526889,7.6432891414731134
20180413,CMIG4,CEMIG,8.35,8.4,8.16,8.18,73469868.0,8.378499999999999,8.287250000000002,0.19123628261778036,0.2050139144746135,8.697277828949229,7.877222171050775,8.902291743423843,7.672208256576162
20180416,CMIG4,CEMIG,8.17,8.27,7.93,7.93,81978873.0,8.3605,8.283250000000002,0.2154181979313583,0.21044991486495235,8.704149829729907,7.862350170270098,8.91459974459486,7.651900255405145
20180417,CMIG4,CEMIG,8.03,8.21,8.0,8.1,55566573.0,8.3405,8.282500000000002,0.22029824281974544,0.21106263501016692,8.704625270020337,7.860374729979669,8.915687905030502,7.649312094969502
20180418,CMIG4,CEMIG,8.19,8.3,8.12,8.24,87351200.0,8.3275,8.289750000000003,0.21805057356396187,0.204218177698664,8.69818635539733,7.881313644602676,8.902404533095995,7.677095466904011
20180419,CMIG4,CEMIG,8.22,8.48,8.14,8.44,119897554.0,8.319500000000001,8.305500000000004,0.2103249365799553,0.19007353502775592,8.685647070055516,7.925352929944492,8.875720605083272,7.735279394916736
20180420,CMIG4,CEMIG,8.35,8.5,8.31,8.42,57080044.0,8.311,8.314750000000004,0.20209169362339635,0.1862860703326977,8.6873221406654,7.942177859334608,8.873608210998096,7.755891789001911
20180423,CMIG4,CEMIG,8.44,8.45,8.29,8.4,42808877.0,8.3035,8.318500000000004,0.19542867860436033,0.18645890452569394,8.691417809051392,7.945582190948616,8.877876713577086,7.759123286422922
20180424,CMIG4,CEMIG,8.44,8.55,8.16,8.22,80489534.0,8.278,8.312750000000005,0.16822916700611876,0.1858450898891231,8.684440179778251,7.941059820221758,8.870285269667374,7.755214730332636
20180425,CMIG4,CEMIG,8.14,8.24,8.11,8.17,35812756.0,8.2585,8.307250000000005,0.15597823734838578,0.18675347111729362,8.680756942234593,7.933743057765418,8.867510413351885,7.746989586648124
20180426,CMIG4,CEMIG,8.17,8.4,8.17,8.33,57652170.0,8.2605,8.310250000000005,0.15665836110867737,0.18611393670517062,8.682477873410347,7.938022126589664,8.868591810115516,7.751908189884493
20180427,CMIG4,CEMIG,8.4,8.45,8.32,8.45,89213397.0,8.254999999999999,8.320500000000004,0.14723772399903023,0.18209535400090987,8.684690708001824,7.956309291998185,8.866786062002735,7.774213937997275
20180430,CMIG4,CEMIG,8.48,8.53,8.4,8.46,65882048.0,8.2625,8.325750000000003,0.15385827381407285,0.18303548065740122,8.691820961314805,7.9596790386852,8.874856441972206,7.776643558027799
20180502,CMIG4,CEMIG,8.0,8.02,7.72,7.73,113578995.0,8.229499999999998,8.313250000000004,0.19129682089413852,0.20544370368695686,8.724137407373917,7.90236259262609,8.929581111060875,7.696918888939133
20180503,CMIG4,CEMIG,7.8,7.84,7.57,7.65,90387079.0,8.1975,8.301750000000002,0.2302144309345528,0.22867385239512972,8.75909770479026,7.8444022952097425,8.987771557185392,7.615728442814612
20180504,CMIG4,CEMIG,7.59,8.1,7.58,7.89,145847688.0,8.176499999999999,8.292500000000002,0.23842189496770977,0.2377107701733541,8.76792154034671,7.817078459653294,9.005632310520065,7.57936768947994
20180507,CMIG4,CEMIG,7.94,8.05,7.83,7.87,41656738.0,8.1585,8.277000000000003,0.24758358503531883,0.2446158684078409,8.766231736815685,7.787768263184321,9.010847605223525,7.54315239477648
20180508,CMIG4,CEMIG,7.9,7.95,7.73,7.83,38442767.0,8.1485,8.263500000000002,0.2569102853854544,0.25406994797011634,8.771639895940234,7.755360104059769,9.025709843910352,7.501290156089653
20180509,CMIG4,CEMIG,7.88,7.9,7.73,7.79,36115311.0,8.135499999999999,8.247000000000003,0.2684747366336725,0.26292438222658254,8.772848764453169,7.721151235546838,9.035773146679752,7.458226853320256
20180510,CMIG4,CEMIG,7.85,7.97,7.79,7.93,46344753.0,8.1215,8.240500000000003,0.2716668819286509,0.2675429512605969,8.775585902521197,7.705414097478808,9.043128853781793,7.437871146218212
20180511,CMIG4,CEMIG,7.94,8.02,7.8,7.91,56405016.0,8.096999999999998,8.238250000000004,0.2672885292988276,0.2699846861754017,8.778219372350808,7.698280627649201,9.04820405852621,7.428295941473799
20180514,CMIG4,CEMIG,7.97,8.06,7.79,7.89,87516825.0,8.082499999999998,8.230500000000003,0.2703968817945279,0.27550373444348647,8.781507468886975,7.67949253111303,9.057011203330463,7.403988796669544
20180515,CMIG4,CEMIG,7.8,7.88,7.66,7.81,88072633.0,8.076499999999998,8.218500000000002,0.2752467792248941,0.2831919707684026,8.784883941536808,7.652116058463197,9.06807591230521,7.368924087694794
20180516,CMIG4,CEMIG,7.93,8.17,7.93,8.04,101776966.0,8.073499999999997,8.207000000000004,0.27530413803836296,0.28079739935971465,8.768594798719434,7.645405201280575,9.049392198079149,7.36460780192086
20180517,CMIG4,CEMIG,8.08,8.11,7.79,7.81,95819499.0,8.051999999999996,8.189750000000004,0.27839010871719616,0.2835171726359567,8.756784345271917,7.62271565472809,9.040301517907874,7.339198482092133
20180518,CMIG4,CEMIG,7.78,7.85,7.5,7.66,89411978.0,8.012999999999996,8.166250000000003,0.27579740848367157,0.2875688323398994,8.741387664679802,7.591112335320204,9.028956497019701,7.303543502980305
20180521,CMIG4,CEMIG,7.81,7.92,7.69,7.75,151715265.0,7.979499999999997,8.145250000000004,0.26420635874254306,0.28649954132509026,8.718249082650185,7.572250917349824,9.004748623975274,7.285751376024733
20180522,CMIG4,CEMIG,7.84,8.19,7.82,8.15,170694666.0,7.966999999999997,8.135250000000003,0.24872517067299235,0.2788896252586729,8.693029250517348,7.577470749482657,8.971918875776021,7.298581124223984
20180523,CMIG4,CEMIG,8.16,8.36,8.13,8.14,157135569.0,7.962999999999998,8.120500000000003,0.24505853221326468,0.26170006319625333,8.64390012639251,7.597099873607497,8.905600189588764,7.335399810411244
20180524,CMIG4,CEMIG,8.05,8.18,7.97,8.16,105947016.0,7.962499999999999,8.110500000000004,0.24462377127678656,0.2519355839526016,8.614371167905206,7.606628832094801,8.866306751857808,7.3546932481421985
20180525,CMIG4,CEMIG,8.2,8.27,7.7,7.77,110100994.0,7.934499999999998,8.097500000000002,0.23207247053224717,0.25582195330907737,8.609143906618156,7.585856093381847,8.864965859927235,7.33003414007277
20180528,CMIG4,CEMIG,7.73,7.75,7.26,7.29,71405178.0,7.876499999999998,8.065750000000003,0.24123094416149443,0.2750374100428468,8.615824820085697,7.515675179914309,8.890862230128544,7.240637769871462
20180529,CMIG4,CEMIG,7.5,7.64,7.35,7.46,95400501.0,7.8264999999999985,8.044500000000003,0.21626676996123795,0.2882035427458903,8.620907085491783,7.468092914508222,8.909110628237674,7.179889371762332
20180530,CMIG4,CEMIG,7.4,7.67,7.38,7.67,134054861.0,7.823499999999998,8.026500000000002,0.21808436320304475,0.2885556427699156,8.603611285539833,7.449388714460171,8.892166928309749,7.160833071690256
20180601,CMIG4,CEMIG,7.7,7.8,7.43,7.6,98399872.0,7.820999999999998,8.009250000000003,0.22045168942064017,0.2929897827920165,8.595229565584036,7.42327043441597,8.888219348376053,7.130280651623954
20180604,CMIG4,CEMIG,7.66,7.71,7.56,7.67,39711454.0,7.809999999999998,7.993250000000003,0.22230846279791575,0.2936192152937947,8.580488430587593,7.406011569412414,8.874107645881388,7.112392354118619
20180605,CMIG4,CEMIG,7.65,7.82,7.2,7.32,105717244.0,7.782499999999997,7.970500000000003,0.24712824286399543,0.30962301312468754,8.589746026249378,7.351253973750628,8.899369039374065,7.04163096062594
20180606,CMIG4,CEMIG,7.31,7.4,6.9,7.02,155892610.0,7.741999999999997,7.945250000000003,0.299712142598604,0.343928939440425,8.633107878880853,7.257392121119153,8.977036818321277,6.913463181678728
20180607,CMIG4,CEMIG,6.84,6.98,6.57,6.81,112095794.0,7.692999999999998,7.914250000000003,0.36454874773297125,0.3873836467167786,8.68901729343356,7.1394827065664455,9.07640094015034,6.752099059849667
20180608,CMIG4,CEMIG,6.83,6.89,6.55,6.81,80960519.0,7.636999999999998,7.879250000000003,0.4094810579771653,0.4217022129539476,8.722654425907898,7.035845574092108,9.144356638861847,6.614143361138161
20180611,CMIG4,CEMIG,6.86,6.97,6.66,6.74,43617598.0,7.578499999999998,7.837750000000004,0.4499973684133503,0.449880254723125,8.737510509446254,6.937989490553754,9.187390764169379,6.488109235830629
20180612,CMIG4,CEMIG,6.71,6.81,6.59,6.63,54774927.0,7.5154999999999985,7.799000000000004,0.4904721141276386,0.4850260368374636,8.769052073674931,6.8289479263250765,9.254078110512395,6.343921889487613
20180613,CMIG4,CEMIG,6.71,6.77,6.56,6.71,45138606.0,7.460499999999999,7.768500000000003,0.5166845214798246,0.5140664927559071,8.796632985511817,6.740367014488189,9.310699478267724,6.2263005217322815
20180614,CMIG4,CEMIG,6.74,6.81,6.6,6.69,73372613.0,7.392999999999999,7.733250000000003,0.5251075077894386,0.5385135643364605,8.810277128672924,6.656222871327081,9.348790693009384,6.117709306990621
20180615,CMIG4,CEMIG,6.63,6.8,6.52,6.8,93711155.0,7.342499999999999,7.697250000000002,0.5314218762210577,0.5517384529945514,8.800726905989105,6.593773094010899,9.352465358983656,6.042034641016349
20180618,CMIG4,CEMIG,6.7,6.75,6.52,6.56,48622651.0,7.2875,7.650250000000002,0.5533046652899037,0.5667156275982715,8.783681255196546,6.51681874480346,9.350396882794817,5.950103117205188
20180619,CMIG4,CEMIG,6.52,6.82,6.46,6.77,59055329.0,7.2385,7.609000000000002,0.5535842540352671,0.5692946603090623,8.747589320618125,6.470410679381877,9.316883980927189,5.9011160190728145
20180620,CMIG4,CEMIG,6.83,6.89,6.67,6.88,47459481.0,7.175,7.571000000000002,0.5150217164557689,0.5658612677670869,8.702722535534177,6.439277464465828,9.268583803301263,5.8734161966987415
20180621,CMIG4,CEMIG,6.84,6.86,6.61,6.61,33122826.0,7.098500000000001,7.530750000000002,0.4763156295434386,0.5756886066224276,8.682127213244858,6.379372786755146,9.257815819867284,5.803684180132719
20180622,CMIG4,CEMIG,6.69,6.72,6.53,6.59,31112071.0,7.020000000000001,7.491250000000001,0.4179649947568565,0.5848347892945761,8.660919578589153,6.321580421410848,9.245754367883729,5.736745632116273
20180625,CMIG4,CEMIG,6.62,6.9,6.61,6.86,53131067.0,6.974500000000002,7.454500000000001,0.3798126269345732,0.5769102049846102,8.608320409969222,6.30067959003078,9.185230614953833,5.723769385046171
20180626,CMIG4,CEMIG,6.9,7.36,6.88,7.34,128494787.0,6.977000000000002,7.426750000000001,0.38215593400434167,0.5540405775197895,8.53483115503958,6.318668844960422,9.088871732559369,5.764628267440632
20180627,CMIG4,CEMIG,7.29,7.33,6.96,7.04,56568234.0,6.956000000000001,7.391250000000002,0.36538948217512296,0.531158325423472,8.453566650846946,6.328933349153058,8.984724976270417,5.797775023729586
20180628,CMIG4,CEMIG,6.99,7.22,6.97,7.2,53817513.0,6.932500000000002,7.378000000000002,0.3305000199060339,0.5290979260823233,8.436195852164648,6.319804147835355,8.965293778246972,5.790706221753032
20180629,CMIG4,CEMIG,7.23,7.32,7.11,7.3,55550951.0,6.917500000000002,7.369250000000003,0.30438678648960416,0.5273756385182808,8.424001277036565,6.314498722963441,8.951376915554846,5.78712308444516
20180702,CMIG4,CEMIG,7.23,7.44,7.19,7.44,40550419.0,6.906000000000003,7.358000000000002,0.27762905960442313,0.5207401044765582,8.399480208953118,6.316519791046886,8.920220313429677,5.795779686570327
20180703,CMIG4,CEMIG,7.4,7.6,7.38,7.45,45084724.0,6.912500000000003,7.347500000000002,0.28911616678202384,0.5143467352891087,8.376193470578219,6.318806529421785,8.890540205867328,5.804459794132676
20180704,CMIG4,CEMIG,7.51,7.6,7.43,7.6,23450225.0,6.941500000000002,7.341750000000003,0.32706469664191484,0.5100823839945257,8.361914767989054,6.321585232010952,8.87199715198358,5.811502848016426
20180705,CMIG4,CEMIG,7.7,7.79,7.49,7.67,62674035.0,6.9845000000000015,7.338750000000003,0.36338286319411356,0.5077258875841149,8.354201775168232,6.323298224831773,8.861927662752347,5.815572337247659
20180706,CMIG4,CEMIG,7.72,7.74,7.56,7.73,31806669.0,7.030500000000001,7.333750000000004,0.3968225773500428,0.5027141079768646,8.339178215953734,6.328321784046275,8.841892323930598,5.82560767606941
20180710,CMIG4,CEMIG,7.74,7.8,7.63,7.8,43341649.0,7.083500000000001,7.331000000000003,0.42571642402449555,0.4997732819322514,8.330546563864505,6.3314534361355,8.830319845796758,5.831680154203249
20180711,CMIG4,CEMIG,7.74,7.79,7.61,7.61,37039825.0,7.132500000000002,7.324000000000003,0.42716784572465893,0.49366655413007976,8.311333108260163,6.336666891739844,8.804999662390243,5.843000337609764
20180712,CMIG4,CEMIG,7.65,7.75,7.59,7.69,38974840.0,7.1815000000000015,7.321000000000003,0.43232876135497855,0.49099480387871497,8.302989607757434,6.339010392242574,8.79398441163615,5.848015588363858
20180713,CMIG4,CEMIG,7.7,7.95,7.56,7.88,77070666.0,7.241000000000001,7.317000000000003,0.4428840884356387,0.485609318543632,8.288218637087267,6.345781362912739,8.7738279556309,5.860172044369107
20180716,CMIG4,CEMIG,7.87,8.02,7.8,7.85,60007433.0,7.2935,7.318000000000003,0.45003245496998145,0.48669055087159097,8.291381101743186,6.3446188982568215,8.778071652614777,5.85792834738523
20180717,CMIG4,CEMIG,7.81,7.96,7.81,7.87,53678193.0,7.359,7.323250000000003,0.43265277192296325,0.49158241346774156,8.306414826935487,6.34008517306452,8.797997240403229,5.848502759596778
20180718,CMIG4,CEMIG,7.91,7.95,7.7,7.72,39358178.0,7.406499999999999,7.322500000000003,0.4164293710254158,0.4909370945133716,8.304374189026747,6.34062581097326,8.795311283540117,5.849688716459888
20180719,CMIG4,CEMIG,7.71,7.91,7.65,7.91,91682360.0,7.458,7.316500000000005,0.4115516211146504,0.4819487684231756,8.280397536846356,6.352602463153653,8.762346305269531,5.870653694730478
20180720,CMIG4,CEMIG,8.04,8.22,7.97,8.06,94293778.0,7.530499999999999,7.314500000000005,0.3808781404789832,0.47859811308252587,8.271696226165057,6.357303773834953,8.750294339247583,5.878705660752427
20180723,CMIG4,CEMIG,8.04,8.16,7.98,8.01,32534649.0,7.601499999999999,7.310750000000004,0.3245121845088836,0.4723503018865427,8.25545060377309,6.366049396226918,8.727800905659633,5.893699094340376
20180724,CMIG4,CEMIG,8.1,8.28,8.07,8.18,59599923.0,7.667499999999999,7.321000000000005,0.29899612741725745,0.4867990687473977,8.2945981374948,6.34740186250521,8.781397206242199,5.860602793757812
20180725,CMIG4,CEMIG,8.22,8.47,8.2,8.39,83718678.0,7.719999999999997,7.348500000000004,0.32912963371514264,0.5152422880399237,8.378984576079851,6.318015423920157,8.894226864119775,5.8027731358802335
20180726,CMIG4,CEMIG,8.35,8.44,8.1,8.18,42528855.0,7.776999999999998,7.366500000000005,0.30283050670212164,0.5315557717319404,8.429611543463885,6.3033884565361245,8.961167315195826,5.771832684804184
20180727,CMIG4,CEMIG,8.21,8.32,8.07,8.15,52448908.0,7.824499999999999,7.378500000000004,0.2813028897637981,0.5438587203422482,8.4662174406845,6.290782559315508,9.010076161026749,5.7469238389732595
20180730,CMIG4,CEMIG,8.17,8.26,8.1,8.19,33140419.0,7.868999999999998,7.393250000000004,0.2638161241630438,0.5578410190763159,8.508932038152636,6.277567961847372,9.066773057228952,5.7197269427710555
20180731,CMIG4,CEMIG,8.15,8.37,8.09,8.23,47366567.0,7.908499999999998,7.407250000000003,0.2552042525631285,0.5718166619396422,8.550883323879287,6.263616676120718,9.12269998581893,5.6918000141810765
20180801,CMIG4,CEMIG,8.24,8.26,8.09,8.14,52075596.0,7.942999999999998,7.427750000000003,0.2358657066615162,0.5831940676248522,8.594138135249707,6.261361864750299,9.17733220287456,5.678167797125447
20180802,CMIG4,CEMIG,8.11,8.23,8.06,8.13,31548174.0,7.969499999999998,7.455500000000003,0.22481512872858903,0.5896672247102054,8.634834449420413,6.276165550579592,9.22450167413062,5.686498325869387
20180803,CMIG4,CEMIG,8.17,8.38,8.16,8.35,48529099.0,8.003499999999999,7.494000000000004,0.22852559455870505,0.5966736856770934,8.68734737135419,6.3006526286458175,9.284021057031286,5.703978942968724
20180806,CMIG4,CEMIG,8.4,8.54,8.31,8.36,50038908.0,8.034999999999998,7.5327500000000045,0.23223173544405315,0.6014256033876976,8.7356012067754,6.32989879322461,9.337026810163097,5.728473189836912
20180807,CMIG4,CEMIG,8.45,8.57,8.3,8.41,81623134.0,8.065499999999997,7.574500000000005,0.23968125763844342,0.6029455475690428,8.780391095138091,6.368608904861919,9.383336642707134,5.765663357292876
20180808,CMIG4,CEMIG,8.42,8.54,8.26,8.31,61503116.0,8.100499999999997,7.616500000000005,0.21996351372081896,0.5939116311716963,8.804323262343397,6.4286767376566125,9.398234893515093,5.834765106484916
20180809,CMIG4,CEMIG,8.41,8.42,8.0,8.1,73034122.0,8.120999999999997,7.651250000000006,0.19766798319134807,0.5800140913407582,8.811278182681523,6.49122181731849,9.39129227402228,5.911207725977732
20180810,CMIG4,CEMIG,8.0,8.02,7.75,7.77,55908395.0,8.115499999999997,7.678250000000006,0.20607803836101649,0.5588719751565503,8.795993950313106,6.560506049686905,9.354865925469657,6.0016340745303545
20180813,CMIG4,CEMIG,7.72,7.87,7.66,7.87,47216552.0,8.116499999999998,7.705000000000005,0.2047662338529073,0.5410815380044212,8.787163076008849,6.622836923991163,9.328244614013268,6.081755385986742
20180814,CMIG4,CEMIG,7.91,8.03,7.81,8.0,57945907.0,8.122999999999998,7.741000000000005,0.19849698393569265,0.5099562575509625,8.76091251510193,6.72108748489808,9.270868772652893,6.211131227347117
20180815,CMIG4,CEMIG,7.78,8.0,7.76,7.9,60155313.0,8.131999999999998,7.769250000000005,0.18271634617045712,0.48549941244782,8.740248824895644,6.798251175104365,9.225748237343465,6.312751762656545
20180816,CMIG4,CEMIG,7.95,8.35,7.93,8.25,124758536.0,8.148999999999997,7.803500000000005,0.17669182210840265,0.469208553488388,8.74191710697678,6.865082893023229,9.21112566046517,6.395874339534841
20180817,CMIG4,CEMIG,8.22,8.38,7.95,8.2,105134314.0,8.155999999999997,7.843250000000005,0.1757510200613895,0.4313270369690631,8.70590407393813,6.980595926061879,9.137231110907194,6.549268889092815
20180820,CMIG4,CEMIG,8.12,8.15,7.95,8.12,76465017.0,8.161499999999998,7.881500000000005,0.17263514919282638,0.38240500747713585,8.646310014954278,7.116689985045734,9.028715022431413,6.734284977568597
20180821,CMIG4,CEMIG,8.05,8.09,7.65,7.66,85861427.0,8.135499999999997,7.901500000000006,0.2056945870894085,0.34688023500322984,8.595260470006465,7.207739529993546,8.942140705009695,6.860859294990316
20180822,CMIG4,CEMIG,7.66,7.84,7.41,7.81,164995600.0,8.106499999999997,7.913250000000007,0.2087878550611612,0.3351340145259897,8.583518029051985,7.242981970948027,8.918652043577975,6.907847956422038
20180823,CMIG4,CEMIG,7.8,7.82,7.43,7.43,109291129.0,8.068999999999997,7.923000000000006,0.2567386547485467,0.3140896491327058,8.551179298265417,7.2948207017345945,8.865268947398123,6.980731052601889
20180824,CMIG4,CEMIG,7.53,7.56,7.27,7.39,245437649.0,8.030999999999995,7.927750000000006,0.29717795483866866,0.304154882103988,8.536059764207982,7.31944023579203,8.84021464631197,7.015285353688042
20180827,CMIG4,CEMIG,7.43,7.64,7.41,7.58,75791376.0,8.000499999999997,7.9347500000000055,0.3109827377168764,0.29232917431184435,8.519408348623694,7.350091651376317,8.81173752293554,7.057762477064473
20180828,CMIG4,CEMIG,7.59,7.65,7.37,7.48,63475585.0,7.9629999999999965,7.935750000000006,0.32667543847870195,0.2906569702569902,8.517063940513987,7.354436059486026,8.807720910770977,7.063779089229035
20180829,CMIG4,CEMIG,7.47,7.68,7.43,7.55,75403938.0,7.933499999999998,7.938250000000006,0.33634686043771117,0.28677595561334507,8.511801911226696,7.364698088773316,8.798577866840041,7.077922133159971
20180830,CMIG4,CEMIG,7.52,7.59,7.3,7.36,83699420.0,7.894999999999999,7.932250000000006,0.3561563819743265,0.2963840846621562,8.52501816932432,7.339481830675694,8.821402253986475,7.0430977460135376
20180831,CMIG4,CEMIG,7.35,7.54,7.31,7.46,86345734.0,7.850499999999999,7.927000000000005,0.3518892618872718,0.3029360599371672,8.53287211987434,7.321127880125671,8.835808179811506,7.018191820188504
20180903,CMIG4,CEMIG,7.48,7.59,7.33,7.37,81259327.0,7.800999999999999,7.918000000000005,0.346028596323591,0.31408148542564246,8.54616297085129,7.289837029148719,8.860244456276932,6.975755543723077
20180904,CMIG4,CEMIG,7.39,7.39,7.02,7.06,112811693.0,7.733499999999999,7.899500000000005,0.3525885480422152,0.34178228187711374,8.583064563754233,7.215935436245777,8.924846845631347,6.874153154368663
20180905,CMIG4,CEMIG,7.05,7.31,7.0,7.24,74981732.0,7.68,7.890250000000004,0.3415136585077675,0.3545852579115547,8.599420515823114,7.181079484176895,8.954005773734668,6.82649422626534
20180906,CMIG4,CEMIG,7.34,7.37,7.1,7.25,65152409.0,7.6375,7.879250000000004,0.33937830157353815,0.36754478185204226,8.614339563704089,7.14416043629592,8.98188434555613,6.776615654443877
20180910,CMIG4,CEMIG,7.35,7.43,7.18,7.24,59230277.0,7.611,7.863250000000005,0.3490422987487071,0.38118834095765564,8.625626681915316,7.100873318084694,9.006815022872972,6.719684977127038
20180911,CMIG4,CEMIG,7.13,7.21,7.0,7.02,73968240.0,7.5685,7.842500000000004,0.36712646609207544,0.40384529914439304,8.65019059828879,7.034809401711218,9.054035897433183,6.630964102566825
20180912,CMIG4,CEMIG,7.12,7.16,7.04,7.04,58688269.0,7.5205,7.821750000000004,0.3704829707003284,0.42325289463925875,8.668255789278522,6.9752442107214865,9.09150868391778,6.551991316082228
20180913,CMIG4,CEMIG,7.12,7.14,6.81,6.81,68293944.0,7.465999999999999,7.799000000000004,0.39130550724465096,0.45232051263881995,8.703641025277644,6.894358974722364,9.155961537916465,6.442038462083544
20180914,CMIG4,CEMIG,6.89,6.93,6.65,6.8,69086255.0,7.3935,7.771250000000004,0.3722658218333472,0.4786208150669833,8.72849163013397,6.814008369866038,9.207112445200954,6.335387554799054
20180917,CMIG4,CEMIG,6.81,7.0,6.78,6.96,50486537.0,7.331500000000001,7.743750000000003,0.3319523586616722,0.4929902870005877,8.729730574001179,6.757769425998828,9.222720861001767,6.2647791389982395
20180918,CMIG4,CEMIG,7.02,7.29,6.91,7.29,118980512.0,7.290000000000001,7.725750000000003,0.27522239810932525,0.49615386106141773,8.718057722122838,6.733442277877168,9.214211583184257,6.23728841681575
20180919,CMIG4,CEMIG,7.19,7.28,7.08,7.15,71402562.0,7.264500000000001,7.700000000000003,0.2624675418529141,0.4986957347896959,8.697391469579395,6.702608530420611,9.19608720436909,6.203912795630915
20180920,CMIG4,CEMIG,7.22,7.27,7.11,7.17,40990879.0,7.2325,7.669500000000004,0.2293899231485571,0.4926846913881168,8.654869382776237,6.68413061722377,9.147554074164354,6.191445925835653
20180921,CMIG4,CEMIG,7.2,7.49,7.16,7.4,91632594.0,7.231,7.650000000000003,0.22812508111028615,0.48736865423230075,8.624737308464605,6.675262691535401,9.112105962696905,6.187894037303101
20180924,CMIG4,CEMIG,7.39,7.4,7.16,7.18,63900196.0,7.220500000000001,7.625750000000004,0.22523613340108073,0.48598241764122396,8.597714835282451,6.653785164717556,9.083697252923676,6.1678027470763315
20180925,CMIG4,CEMIG,7.09,7.23,6.96,7.15,82698969.0,7.199000000000001,7.599750000000003,0.209055520200524,0.48283079533422024,8.565411590668443,6.634088409331563,9.048242386002663,6.151257613997342
20180926,CMIG4,CEMIG,7.16,7.25,7.13,7.16,57191327.0,7.183000000000002,7.573000000000003,0.19839089537682186,0.47661843040856794,8.52623686081714,6.619763139182867,9.002855291225707,6.143144708774299
20180927,CMIG4,CEMIG,7.21,7.33,7.15,7.17,67123941.0,7.164,7.548750000000004,0.17860276416790774,0.4716810498848894,8.492112099769782,6.605387900230225,8.963793149654672,6.133706850345336
20180928,CMIG4,CEMIG,7.11,7.24,7.07,7.16,64804647.0,7.153999999999999,7.524500000000005,0.17254747630418601,0.46593138044356913,8.456362760887144,6.592637239112867,8.922294141330713,6.126705858669298
20181001,CMIG4,CEMIG,7.2,7.2,6.97,7.01,42343351.0,7.131499999999998,7.491000000000004,0.159382855843527,0.4530511942544499,8.397102388508904,6.584897611491105,8.850153582763355,6.1318464172366545
20181002,CMIG4,CEMIG,7.18,7.53,7.17,7.52,126137606.0,7.1389999999999985,7.470000000000003,0.17405080927856276,0.43065245669975827,8.33130491339952,6.608695086600487,8.761957370099278,6.1780426299007285
20181003,CMIG4,CEMIG,7.9,8.12,7.74,7.89,175521049.0,7.180499999999998,7.4570000000000025,0.24049236775283384,0.40884577996461025,8.274691559929224,6.639308440070782,8.683537339893833,6.230462660106172
20181004,CMIG4,CEMIG,7.67,8.1,7.67,8.05,106883734.0,7.220999999999998,7.450500000000003,0.309377983770825,0.3968268368716223,8.244153673743247,6.656846326256758,8.64098051061487,6.260019489385136
20181005,CMIG4,CEMIG,8.35,8.97,8.31,8.65,373478727.0,7.290999999999999,7.464250000000002,0.44495889816097256,0.42819769876865055,8.320645397537303,6.607854602462701,8.748843096305954,6.17965690369405
20181008,CMIG4,CEMIG,10.8,10.8,9.83,10.19,672867919.0,7.438499999999998,7.524750000000002,0.7856695100023687,0.6063890073254354,8.737528014650874,6.311971985349131,9.343917021976308,5.7055829780236955
20181009,CMIG4,CEMIG,10.05,10.5,9.91,10.41,407405598.0,7.607999999999997,7.588250000000002,1.0210500271263545,0.7576071896742749,9.103464379348551,6.073035620651453,9.861071569022826,5.315428430977177
20181010,CMIG4,CEMIG,10.25,10.28,9.73,9.88,305700766.0,7.749999999999997,7.635250000000002,1.129611018285308,0.8378696658329837,9.310989331665969,5.959510668334034,10.148858997498953,5.12164100250105
20181011,CMIG4,CEMIG,10.15,10.32,9.85,10.15,265062704.0,7.916999999999997,7.691500000000002,1.226098218783982,0.9268959778994366,9.545291955798875,5.837708044201129,10.472187933698311,4.910812066301693
20181015,CMIG4,CEMIG,10.5,10.75,10.24,10.3,348651282.0,8.091999999999997,7.742750000000003,1.3054847859380736,1.0113914951245415,9.765532990249085,5.71996700975092,10.776924485373627,4.708575514626379
20181016,CMIG4,CEMIG,10.52,10.69,10.45,10.69,215177190.0,8.278499999999998,7.805000000000002,1.398383559309589,1.1118914353940148,10.028782870788032,5.581217129211973,11.140674306182046,4.469325693817958
20181017,CMIG4,CEMIG,10.0,10.73,9.95,10.6,350043790.0,8.443999999999997,7.867000000000003,1.4693084660550477,1.195877963073198,10.2587559261464,5.475244073853607,11.454633889219597,4.279366110780408
20181018,CMIG4,CEMIG,10.65,10.65,10.34,10.36,184309714.0,8.604499999999998,7.9345000000000026,1.495605756523875,1.2584564212171043,10.45141284243421,5.417587157565794,11.709869263651315,4.15913073634869
20181019,CMIG4,CEMIG,10.56,10.67,10.13,10.55,229412542.0,8.773499999999999,8.003000000000004,1.5158088860233503,1.324352188033348,10.6517043760667,5.354295623933307,11.976056564100048,4.02994343589996
20181022,CMIG4,CEMIG,10.69,10.77,10.45,10.55,235726604.0,8.931,8.081000000000003,1.5291755604693735,1.3804306277204648,10.841861255440932,5.320138744559074,12.222291883161397,3.9397081168386086
20181023,CMIG4,CEMIG,10.4,10.72,10.32,10.7,208928339.0,9.106999999999998,8.163750000000004,1.519574386395563,1.4360356532607037,11.035821306521411,5.291678693478596,12.471856959782116,3.8556430402178927
20181024,CMIG4,CEMIG,10.7,10.83,10.46,10.54,227712025.0,9.276499999999997,8.237750000000004,1.4783001440132006,1.480752559013706,11.199255118027416,5.276244881972591,12.680007677041122,3.7954923229588857
20181025,CMIG4,CEMIG,10.62,11.34,10.58,11.29,333179799.0,9.482999999999997,8.333000000000004,1.4553679223734657,1.551604958975688,11.43620991795138,5.229790082048628,12.987814876927068,3.6781851230729394
20181026,CMIG4,CEMIG,11.35,12.25,11.29,12.05,452536073.0,9.726999999999999,8.445500000000004,1.4562500508244751,1.6531895357234871,11.751879071446979,5.13912092855303,13.405068607170467,3.485931392829543
20181029,CMIG4,CEMIG,12.46,12.46,11.21,11.39,520361098.0,9.938499999999998,8.546250000000004,1.3683269653889363,1.7072555386815917,11.960761077363188,5.131738922636821,13.66801661604478,3.424483383955229
20181030,CMIG4,CEMIG,11.39,11.47,10.86,11.26,379671568.0,10.150999999999998,8.641250000000003,1.2105062012058678,1.7504405123223938,12.14213102464479,5.140368975355216,13.892571536967186,3.3899284630328212
20181031,CMIG4,CEMIG,11.31,11.39,10.96,11.03,197215668.0,10.326499999999998,8.732750000000003,1.0532070071927762,1.7777311779416027,12.288212355883209,5.177287644116797,14.06594353382481,3.399556466175195
20181101,CMIG4,CEMIG,11.1,11.33,10.95,10.99,243575390.0,10.481499999999999,8.831000000000003,0.8914463410364818,1.7914595109818072,12.413919021963618,5.248080978036389,14.205378532945424,3.456621467054582
20181105,CMIG4,CEMIG,11.23,11.68,11.15,11.5,242127854.0,10.653999999999998,8.937500000000004,0.7118870401227281,1.8208363110930286,12.57917262218606,5.295827377813946,14.40000893327909,3.474991066720918
20181106,CMIG4,CEMIG,11.47,11.69,11.32,11.55,121236828.0,10.798999999999998,9.045000000000003,0.5617257244186393,1.8454212221548454,12.735842444309695,5.354157555690312,14.58126366646454,3.5087363335354675
20181107,CMIG4,CEMIG,11.7,11.87,11.44,11.46,160480006.0,10.862499999999999,9.150500000000003,0.5610410905300238,1.8601529438083768,12.870805887616756,5.43019411238325,14.730958831425134,3.570041168574872
20181108,CMIG4,CEMIG,11.61,11.81,11.11,11.15,202929857.0,10.8995,9.253750000000002,0.5539853218651787,1.8534730912532815,12.960696182506565,5.546803817493439,14.814169273759846,3.6933307262401573
20181109,CMIG4,CEMIG,11.2,11.33,10.85,11.29,143243675.0,10.969999999999999,9.360000000000003,0.504964824204786,1.845112740631591,13.050225481263185,5.669774518736821,14.895338221894775,3.82466177810523
20181112,CMIG4,CEMIG,11.47,11.61,11.35,11.42,160815927.0,11.033499999999998,9.475250000000003,0.4754086884487822,1.825622461462081,13.126494922924165,5.8240050770758405,14.952117384386245,3.9983826156137594
20181113,CMIG4,CEMIG,11.42,11.61,11.26,11.34,98367753.0,11.085499999999998,9.588750000000001,0.44698375102924043,1.795921572583778,13.180593145167556,5.996906854832445,14.976514717751336,4.200985282248666
20181114,CMIG4,CEMIG,11.45,11.49,11.0,11.42,136168836.0,11.121999999999996,9.700250000000002,0.4427735550511015,1.7667433280415927,13.233736656083188,6.166763343916816,15.00047998412478,4.400020015875224
20181116,CMIG4,CEMIG,11.5,11.83,11.47,11.77,178365711.0,11.180499999999999,9.812250000000002,0.4474427337659638,1.751971032865554,13.31619206573111,6.308307934268894,15.068163098596663,4.55633690140334
20181119,CMIG4,CEMIG,11.8,11.8,11.54,11.65,85598483.0,11.245,9.924750000000001,0.414722481717671,1.7208390730642456,13.366428146128492,6.48307185387151,15.087267219192737,4.762232780807265
20181121,CMIG4,CEMIG,11.4,11.63,11.3,11.59,94631366.0,11.296999999999999,10.035250000000001,0.3872861039538443,1.6808590409027795,13.39696808180556,6.673531918194442,15.077827122708339,4.992672877291663
20181122,CMIG4,CEMIG,11.64,12.35,11.58,12.22,277295775.0,11.380499999999998,10.155750000000001,0.3976440487089455,1.6597341268392563,13.475218253678513,6.836281746321489,15.13495238051777,5.176547619482232
20181123,CMIG4,CEMIG,12.22,12.54,12.1,12.3,197473688.0,11.4605,10.283750000000001,0.41413797599091545,1.6213427286017414,13.526435457203483,7.041064542796518,15.147778185805226,5.4197218141947765
20181126,CMIG4,CEMIG,12.4,12.7,12.03,12.1,193323021.0,11.538499999999999,10.407500000000002,0.37687461268194666,1.563913155828787,13.535326311657577,7.279673688342428,15.099239467486363,5.715760532513642
20181127,CMIG4,CEMIG,11.73,12.56,11.6,12.41,249764118.0,11.5945,10.538750000000004,0.4188766304998453,1.50351585821282,13.545781716425644,7.531718283574364,15.049297574638464,6.028202425361544
20181128,CMIG4,CEMIG,12.48,12.6,12.34,12.47,167329828.0,11.615499999999999,10.671250000000004,0.4521233529864897,1.4308043058149003,13.532858611629806,7.809641388370204,14.963662917444704,6.378837082555304
20181129,CMIG4,CEMIG,12.4,12.74,12.39,12.63,116239653.0,11.677499999999998,10.808000000000003,0.5018583884974118,1.3454637938320073,13.498927587664017,8.11707241233599,14.844391381496026,6.771608618503981
20181130,CMIG4,CEMIG,12.65,12.88,12.54,12.71,178489868.0,11.749999999999998,10.950500000000002,0.5415377714386066,1.2297716068962574,13.410043213792516,8.490956786207487,14.639814820688773,7.261185179311229
20181203,CMIG4,CEMIG,12.81,12.95,12.65,12.65,298519271.0,11.831,11.078750000000003,0.5492760786037119,1.1259552924129888,13.330660584825981,8.826839415174025,14.456615877238969,7.700884122761037
20181204,CMIG4,CEMIG,12.73,12.78,12.44,12.53,150904884.0,11.907999999999998,11.194750000000003,0.5328730469919464,1.0233554349070733,13.24146086981415,9.148039130185856,14.264816304721222,8.124683695278783
20181205,CMIG4,CEMIG,12.57,12.63,12.26,12.42,100174153.0,11.953999999999997,11.304000000000002,0.5355017322690119,0.9055011362181206,13.115002272436243,9.492997727563761,14.020503408654363,8.58749659134564
20181206,CMIG4,CEMIG,12.32,12.38,12.04,12.33,109288941.0,11.992999999999999,11.396000000000003,0.5329273674219808,0.8109468982583707,13.017893796516745,9.77410620348326,13.828840694775115,8.96315930522489
20181207,CMIG4,CEMIG,12.31,12.5,12.12,12.2,160789885.0,12.029999999999998,11.446250000000003,0.5194936806261273,0.7964462333165392,13.03914246663308,9.853357533366925,13.835588699949621,9.056911300050384
20181210,CMIG4,CEMIG,12.19,12.4,12.08,12.19,92225486.0,12.081999999999997,11.490750000000002,0.4770920687930344,0.7867309431585093,13.06421188631702,9.917288113682984,13.85094282947553,9.130557170524474
20181211,CMIG4,CEMIG,12.33,12.45,12.15,12.35,97742620.0,12.134999999999996,11.552500000000002,0.44207048735402815,0.7532859640201355,13.059071928040273,10.04592807195973,13.812357892060408,9.292642107939596
20181212,CMIG4,CEMIG,12.45,12.79,12.42,12.59,154330230.0,12.193499999999997,11.613500000000002,0.4193011102448758,0.7353825099208151,13.084265019841633,10.142734980158371,13.819647529762447,9.407352470237557
20181213,CMIG4,CEMIG,12.6,12.82,12.51,12.78,107776302.0,12.265499999999996,11.675500000000001,0.38745424178041693,0.7262900105930011,13.128080021186003,10.222919978814,13.854370031779006,9.496629968220997
20181214,CMIG4,CEMIG,12.72,12.98,12.65,12.87,98445251.0,12.337999999999996,11.73,0.3552404671115573,0.732211262774164,13.194422525548328,10.265577474451673,13.926633788322492,9.533366211677508
20181217,CMIG4,CEMIG,12.9,12.97,12.53,12.53,106536068.0,12.375999999999994,11.77825,0.3311129557622857,0.7193155133126982,13.216881026625396,10.339618973374604,13.936196539938095,9.620303460061905
20181218,CMIG4,CEMIG,12.54,12.91,12.53,12.65,93225161.0,12.425999999999995,11.8355,0.2884696463097257,0.694236160217724,13.223972320435447,10.447027679564552,13.918208480653172,9.752791519346827
20181219,CMIG4,CEMIG,12.76,13.33,12.7,13.02,239377627.0,12.497499999999995,11.897249999999998,0.24417153159624871,0.6867724121962455,13.270794824392489,10.523705175607507,13.957567236588734,9.836932763411262
20181220,CMIG4,CEMIG,13.12,13.87,13.12,13.53,247182330.0,12.562999999999995,11.971749999999997,0.3273514126567556,0.69841170541194,13.368573410823876,10.574926589176117,14.066985116235816,9.876514883764177
20181221,CMIG4,CEMIG,13.56,13.8,13.23,13.38,275502899.0,12.616999999999996,12.038749999999997,0.36821189551663336,0.7018224901585245,13.442394980317045,10.635105019682948,14.14421747047557,9.933282529524423
20181226,CMIG4,CEMIG,13.21,13.36,13.03,13.21,96672504.0,12.672499999999996,12.105499999999996,0.36983460029978166,0.6823223916550382,13.470144783310072,10.74085521668992,14.15246717496511,10.05853282503488
20181227,CMIG4,CEMIG,13.22,13.74,13.2,13.43,132850731.0,12.723499999999994,12.158999999999995,0.4007660427887861,0.7003984214130939,13.559796842826183,10.758203157173808,14.260195264239277,10.057804735760714
20181228,CMIG4,CEMIG,13.56,13.86,13.5,13.86,142683573.0,12.792999999999994,12.204249999999996,0.4691773315293524,0.7498953345771117,13.70404066915422,10.704459330845774,14.453936003731332,9.95456399626866
