DATA DO PREGAO,CODIGO DE NEGOGIACAO DO PAPEL,NOME RESUMIDO DA EMPRESA EMISSORA,PRECO DE ABERTURA,PRECO MAXIMO,PRECO MINIMO,PRECO FECHAMENTO,VOLUME TOTAL DE TITULOS NEGOCIADOS NESTE PAPEL,MA_20,MA_40,STD_20,STD_40,BANDA_1_40 SUPERIOR,BANDA_1_40 INFERIOR,BANDA_2_40 SUPERIOR,BANDA_2_40 INFERIOR
20180102,CPFE3,CPFL ENERGIA,19.45,19.57,19.23,19.43,14444626.0,0.0,0.0,0.0,0.0,0.0,0.0,0.0,0.0
20180103,CPFE3,CPFL ENERGIA,19.5,19.54,19.06,19.19,28431095.0,0.0,0.0,0.0,0.0,0.0,0.0,0.0,0.0
20180104,CPFE3,CPFL ENERGIA,19.3,19.36,19.01,19.05,9975148.0,0.0,0.0,0.0,0.0,0.0,0.0,0.0,0.0
20180105,CPFE3,CPFL ENERGIA,19.16,19.16,18.65,18.74,8135541.0,0.0,0.0,0.0,0.0,0.0,0.0,0.0,0.0
20180108,CPFE3,CPFL ENERGIA,18.84,19.31,18.56,19.04,19963633.0,0.0,0.0,0.0,0.0,0.0,0.0,0.0,0.0
20180109,CPFE3,CPFL ENERGIA,19.19,19.32,18.92,19.1,10022997.0,0.0,0.0,0.0,0.0,0.0,0.0,0.0,0.0
20180110,CPFE3,CPFL ENERGIA,19.0,20.21,19.0,20.0,38327276.0,0.0,0.0,0.0,0.0,0.0,0.0,0.0,0.0
20180111,CPFE3,CPFL ENERGIA,20.25,20.8,20.22,20.65,35240818.0,0.0,0.0,0.0,0.0,0.0,0.0,0.0,0.0
20180112,CPFE3,CPFL ENERGIA,20.52,20.85,19.82,20.18,24205691.0,0.0,0.0,0.0,0.0,0.0,0.0,0.0,0.0
20180115,CPFE3,CPFL ENERGIA,20.5,21.36,20.47,21.0,21905613.0,0.0,0.0,0.0,0.0,0.0,0.0,0.0,0.0
20180116,CPFE3,CPFL ENERGIA,21.19,21.3,20.63,20.74,21750900.0,0.0,0.0,0.0,0.0,0.0,0.0,0.0,0.0
20180117,CPFE3,CPFL ENERGIA,20.9,20.9,20.52,20.71,12758640.0,0.0,0.0,0.0,0.0,0.0,0.0,0.0,0.0
20180118,CPFE3,CPFL ENERGIA,20.65,20.87,20.5,20.85,16582456.0,0.0,0.0,0.0,0.0,0.0,0.0,0.0,0.0
20180119,CPFE3,CPFL ENERGIA,20.9,20.95,20.5,20.6,13086219.0,0.0,0.0,0.0,0.0,0.0,0.0,0.0,0.0
20180122,CPFE3,CPFL ENERGIA,20.74,20.74,20.26,20.4,14849439.0,0.0,0.0,0.0,0.0,0.0,0.0,0.0,0.0
20180123,CPFE3,CPFL ENERGIA,20.29,20.35,20.15,20.2,12567153.0,0.0,0.0,0.0,0.0,0.0,0.0,0.0,0.0
20180124,CPFE3,CPFL ENERGIA,20.2,20.7,20.2,20.67,20643662.0,0.0,0.0,0.0,0.0,0.0,0.0,0.0,0.0
20180126,CPFE3,CPFL ENERGIA,20.9,21.0,20.61,20.9,14167331.0,0.0,0.0,0.0,0.0,0.0,0.0,0.0,0.0
20180129,CPFE3,CPFL ENERGIA,20.65,21.35,20.65,21.24,12570522.0,0.0,0.0,0.0,0.0,0.0,0.0,0.0,0.0
20180130,CPFE3,CPFL ENERGIA,21.33,21.33,21.01,21.33,6624932.0,20.201,0.0,0.8191516792903566,0.0,0.0,0.0,0.0,0.0
20180131,CPFE3,CPFL ENERGIA,21.36,21.77,21.29,21.45,10827588.0,20.302,0.0,0.8432618373410421,0.0,0.0,0.0,0.0,0.0
20180201,CPFE3,CPFL ENERGIA,21.55,22.0,21.5,21.78,16552557.0,20.431499999999996,0.0,0.8621654194679332,0.0,0.0,0.0,0.0,0.0
20180202,CPFE3,CPFL ENERGIA,21.73,21.92,21.36,21.53,15220241.0,20.5555,0.0,0.8307857726273375,0.0,0.0,0.0,0.0,0.0
20180205,CPFE3,CPFL ENERGIA,21.41,21.85,21.28,21.5,11235271.0,20.693499999999997,0.0,0.7373157218479837,0.0,0.0,0.0,0.0,0.0
20180206,CPFE3,CPFL ENERGIA,21.38,21.85,21.09,21.8,15909592.0,20.8315,0.0,0.6664301992904568,0.0,0.0,0.0,0.0,0.0
20180207,CPFE3,CPFL ENERGIA,21.88,22.44,21.88,22.37,24802138.0,20.994999999999997,0.0,0.6186870648482387,0.0,0.0,0.0,0.0,0.0
20180208,CPFE3,CPFL ENERGIA,22.46,22.5,22.13,22.32,10074001.0,21.110999999999997,0.0,0.6394561834295742,0.0,0.0,0.0,0.0,0.0
20180209,CPFE3,CPFL ENERGIA,22.33,22.39,21.84,22.08,15105822.0,21.182499999999997,0.0,0.6646477104055722,0.0,0.0,0.0,0.0,0.0
20180214,CPFE3,CPFL ENERGIA,22.01,22.36,22.01,22.18,7001583.0,21.282499999999995,0.0,0.6562803877676233,0.0,0.0,0.0,0.0,0.0
20180215,CPFE3,CPFL ENERGIA,22.46,23.05,22.18,22.32,22519383.0,21.348499999999994,0.0,0.6917884906454241,0.0,0.0,0.0,0.0,0.0
20180216,CPFE3,CPFL ENERGIA,22.51,22.72,22.09,22.48,10293314.0,21.435499999999998,0.0,0.7200692583648501,0.0,0.0,0.0,0.0,0.0
20180219,CPFE3,CPFL ENERGIA,22.75,23.12,22.52,22.96,15010880.0,21.547999999999995,0.0,0.774464840695615,0.0,0.0,0.0,0.0,0.0
20180220,CPFE3,CPFL ENERGIA,23.12,23.27,22.65,22.9,13368515.0,21.650499999999994,0.0,0.8119727439034546,0.0,0.0,0.0,0.0,0.0
20180221,CPFE3,CPFL ENERGIA,23.2,23.57,23.02,23.41,27067894.0,21.790999999999993,0.0,0.8621936526887929,0.0,0.0,0.0,0.0,0.0
20180222,CPFE3,CPFL ENERGIA,23.58,24.0,23.38,23.7,18188745.0,21.955999999999996,0.0,0.8970442692825326,0.0,0.0,0.0,0.0,0.0
20180223,CPFE3,CPFL ENERGIA,23.88,24.18,23.59,24.08,18981503.0,22.149999999999995,0.0,0.916635725155626,0.0,0.0,0.0,0.0,0.0
20180226,CPFE3,CPFL ENERGIA,24.24,24.5,23.83,24.2,13535319.0,22.326499999999992,0.0,0.955682588795212,0.0,0.0,0.0,0.0,0.0
20180227,CPFE3,CPFL ENERGIA,24.3,24.41,24.09,24.25,10141380.0,22.493999999999993,0.0,0.9856090823231579,0.0,0.0,0.0,0.0,0.0
20180228,CPFE3,CPFL ENERGIA,24.42,24.5,24.06,24.07,16435007.0,22.635499999999993,0.0,0.9991547743757705,0.0,0.0,0.0,0.0,0.0
20180301,CPFE3,CPFL ENERGIA,24.1,24.33,23.51,23.85,12706827.0,22.761499999999995,21.481250000000006,0.9846467440286983,1.5748979413412885,24.631045882682585,18.331454117317428,26.205943824023873,16.75655617597614
20180302,CPFE3,CPFL ENERGIA,23.86,24.15,23.53,24.15,15035302.0,22.896499999999996,21.599250000000005,0.9804525002585074,1.5939748534193807,24.787199706838766,18.411300293161244,26.381174560258145,16.817325439741865
20180305,CPFE3,CPFL ENERGIA,24.15,24.29,23.69,24.2,11819949.0,23.017499999999995,21.724500000000006,0.984730126000333,1.596642229886337,24.91778445977268,18.531215540227333,26.514426689659018,16.934573310340994
20180306,CPFE3,CPFL ENERGIA,24.2,24.58,23.84,24.23,16096362.0,23.152499999999996,21.854000000000006,0.9546885686745676,1.5841778584425081,25.022355716885023,18.68564428311499,26.606533575327532,17.10146642467248
20180307,CPFE3,CPFL ENERGIA,24.26,24.48,23.77,24.17,8211468.0,23.285999999999998,21.989750000000008,0.8963457979338573,1.542599350580137,25.07494870116028,18.904551298839735,26.61754805174042,17.361951948259595
20180308,CPFE3,CPFL ENERGIA,24.35,24.39,24.0,24.2,27137223.0,23.406,22.11875000000001,0.8461827599034932,1.5048931940975179,25.128536388195045,19.108963611804974,26.633429582292564,17.604070417707455
20180309,CPFE3,CPFL ENERGIA,24.22,24.69,24.22,24.46,24247063.0,23.510499999999997,22.25275000000001,0.8405416486753596,1.4673698561957031,25.187489712391415,19.318010287608605,26.65485956858712,17.8506404314129
20180312,CPFE3,CPFL ENERGIA,24.3,24.78,24.3,24.57,14270081.0,23.622999999999998,22.36700000000001,0.8232100198868453,1.4653820714696282,25.29776414293927,19.436235857060755,26.763146214408895,17.970853785591128
20180313,CPFE3,CPFL ENERGIA,24.59,24.84,24.25,24.51,8665774.0,23.744499999999995,22.46350000000001,0.7604186866111072,1.4764676314320841,25.41643526286418,19.51056473713584,26.892902894296263,18.034097105703758
20180314,CPFE3,CPFL ENERGIA,24.7,24.72,23.97,24.3,13117178.0,23.850499999999997,22.566500000000012,0.6736661284579843,1.4566585401404493,25.47981708028091,19.653182919719114,26.936475620421362,18.196524379578662
20180315,CPFE3,CPFL ENERGIA,24.44,24.44,24.0,24.07,9916620.0,23.937999999999995,22.643250000000013,0.5701024838616751,1.4528775823278337,25.54900516465568,19.737494835344346,27.00188274698351,18.284617253016513
20180316,CPFE3,CPFL ENERGIA,24.27,24.31,23.76,24.01,55459722.0,24.014499999999995,22.725000000000012,0.45524400629019185,1.434926961421865,25.594853922843743,19.85514607715628,27.029780884265605,18.42021911573442
20180319,CPFE3,CPFL ENERGIA,24.05,24.15,23.77,23.95,6056704.0,24.063999999999997,22.80600000000001,0.38257300644862996,1.4094876319483565,25.624975263896726,19.987024736103297,27.03446289584508,18.577537104154942
20180320,CPFE3,CPFL ENERGIA,24.1,24.2,23.65,23.76,7463371.0,24.106999999999996,22.87875000000001,0.27923014465525614,1.3807470803880058,25.64024416077602,20.117255839224,27.020991241164026,18.736508758835996
20180321,CPFE3,CPFL ENERGIA,23.93,24.09,23.73,23.99,9822612.0,24.135999999999996,22.96350000000001,0.22855150289085535,1.3407509376924107,25.645001875384832,20.28199812461519,26.98575281307724,18.94124718692278
20180322,CPFE3,CPFL ENERGIA,24.0,24.53,23.78,23.93,7701005.0,24.147499999999997,23.05175000000001,0.21053503271423563,1.2826052963222352,25.616960592644478,20.48653940735554,26.899565888966713,19.203934111033305
20180323,CPFE3,CPFL ENERGIA,23.74,24.33,23.74,23.97,8031363.0,24.142,23.146000000000008,0.21380266356468247,1.2037692938518223,25.553538587703652,20.738461412296363,26.757307881555477,19.53469211844454
20180326,CPFE3,CPFL ENERGIA,24.01,24.2,23.88,24.13,4102429.0,24.1385,23.23250000000001,0.21337574962094505,1.144123782975091,25.52074756595019,20.944252434049826,26.66487134892528,19.800128651074736
20180327,CPFE3,CPFL ENERGIA,24.29,24.45,24.13,24.4,8711867.0,24.145999999999997,23.32000000000001,0.22003349027384336,1.0938991656525692,25.50779833130515,21.132201668694872,26.60169749695772,20.038302503042303
20180328,CPFE3,CPFL ENERGIA,24.76,25.05,24.51,24.73,13680698.0,24.179,23.407250000000012,0.25478370599802674,1.0624741022484834,25.53219820449698,21.282301795503045,26.594672306745462,20.21982769325456
20180329,CPFE3,CPFL ENERGIA,24.91,24.98,24.62,24.91,5927785.0,24.232,23.49675000000001,0.2904914166681656,1.0333921922856424,25.563534384571295,21.429965615428724,26.596926576856937,20.39657342314308
20180402,CPFE3,CPFL ENERGIA,24.9,24.9,24.57,24.59,4956595.0,24.253999999999998,23.575250000000008,0.30044528357262507,0.9923760337229511,25.56000206744591,21.590497932554104,26.552378101168863,20.598121898831153
20180403,CPFE3,CPFL ENERGIA,24.77,24.92,24.45,24.68,2988655.0,24.278,23.64775000000001,0.31473631402874874,0.9633661271146079,25.574482254229224,21.721017745770794,26.53784838134383,20.757651618656187
20180404,CPFE3,CPFL ENERGIA,24.53,24.53,24.2,24.52,6580082.0,24.292499999999997,23.722500000000007,0.31905906069332707,0.9093157472545674,25.54113149450914,21.903868505490873,26.450447241763708,20.994552758236306
20180405,CPFE3,CPFL ENERGIA,24.79,24.84,24.35,24.64,6720470.0,24.315999999999995,23.80100000000001,0.3267769237487832,0.8458520207611052,25.49270404152222,22.109295958477798,26.338556062283324,21.263443937716694
20180406,CPFE3,CPFL ENERGIA,24.57,24.71,24.23,24.68,10386581.0,24.339999999999996,23.873000000000008,0.33532388114051576,0.7920185183020266,25.45703703660406,22.288962963395957,26.24905555490609,21.496944445093927
20180409,CPFE3,CPFL ENERGIA,24.72,24.89,24.33,24.39,6477385.0,24.336499999999997,23.923500000000008,0.3343693986249684,0.7573690967539889,25.438238193507985,22.40876180649203,26.195607290261975,21.65139270973804
20180410,CPFE3,CPFL ENERGIA,24.6,24.6,24.21,24.5,5379600.0,24.333,23.978000000000005,0.3321556388517793,0.7163482894478606,25.410696578895728,22.545303421104283,26.12704486834359,21.82895513165642
20180411,CPFE3,CPFL ENERGIA,24.5,24.65,24.22,24.42,6943600.0,24.3285,24.036500000000004,0.3302355618581539,0.6498344956947696,25.336168991389542,22.736831008610466,25.98600348708431,22.086996512915697
20180412,CPFE3,CPFL ENERGIA,24.5,24.55,24.3,24.5,5515764.0,24.3385,24.094500000000004,0.33234850129911864,0.5796283070718493,25.253756614143704,22.935243385856303,25.83338492121555,22.355615078784457
20180413,CPFE3,CPFL ENERGIA,24.41,24.64,24.31,24.45,11463828.0,24.357499999999998,24.147750000000006,0.3270099789238391,0.5055308836846453,25.158811767369297,23.136688232630714,25.664342651053943,22.63115734894607
20180416,CPFE3,CPFL ENERGIA,24.51,24.55,24.22,24.27,5378360.0,24.3705,24.192500000000003,0.317498031489929,0.42728570877468036,25.047071417549365,23.33792858245064,25.474357126324044,22.91064287367596
20180417,CPFE3,CPFL ENERGIA,24.28,24.46,24.2,24.34,3087670.0,24.389999999999997,24.227000000000004,0.30190622454833865,0.3781005157362313,24.983201031472465,23.470798968527543,25.361301547208697,23.09269845279131
20180418,CPFE3,CPFL ENERGIA,24.4,24.6,24.36,24.44,5715394.0,24.424,24.265500000000007,0.2630069040518246,0.31217146833275705,24.88984293666552,23.641157063334493,25.202014404998277,23.328985595001736
20180419,CPFE3,CPFL ENERGIA,24.44,24.45,24.23,24.3,5201544.0,24.4395,24.287750000000006,0.24457212906577747,0.27965626795252096,24.84706253590505,23.728437464094963,25.126718803857568,23.448781196142445
20180420,CPFE3,CPFL ENERGIA,24.23,24.65,24.08,24.2,7410581.0,24.453,24.300250000000005,0.22131425620591513,0.2634143416456655,24.827078683291337,23.773421316708674,25.090493024937,23.51000697506301
20180423,CPFE3,CPFL ENERGIA,24.04,24.23,24.0,24.1,3636268.0,24.4595,24.300750000000004,0.20788344406365458,0.26300421659874945,24.826758433197504,23.774741566802504,25.089762649796253,23.511737350203756
20180424,CPFE3,CPFL ENERGIA,24.23,24.23,24.0,24.12,3064278.0,24.458999999999996,24.298750000000005,0.20872797709226645,0.2640919371772929,24.82693387435459,23.77056612564542,25.091025811531885,23.506474188468125
20180425,CPFE3,CPFL ENERGIA,24.07,24.07,23.75,23.93,3820892.0,24.435499999999998,24.290750000000003,0.23985686521225846,0.27037853332329326,24.83150706664659,23.749992933353415,25.101885599969883,23.479614400030123
20180426,CPFE3,CPFL ENERGIA,23.83,24.44,23.83,24.29,9206553.0,24.413499999999992,24.29625,0.2314547813060949,0.26800007175659923,24.8322501435132,23.7602498564868,25.1002502152698,23.492249784730202
20180427,CPFE3,CPFL ENERGIA,24.49,24.57,24.35,24.53,5357923.0,24.39449999999999,24.31325,0.20231489265363742,0.2604275331066281,24.834105066213255,23.792394933786746,25.094532599319884,23.531967400680116
20180430,CPFE3,CPFL ENERGIA,24.25,24.25,23.85,24.19,9206563.0,24.37449999999999,24.31425,0.20174175780458845,0.2598607862012506,24.833971572402504,23.7945284275975,25.093832358603752,23.53466764139625
20180502,CPFE3,CPFL ENERGIA,24.14,24.2,23.85,24.0,11759826.0,24.34049999999999,24.30925,0.20482277319925607,0.264006483020639,24.837262966041276,23.78123703395872,25.101269449061917,23.51723055093808
20180503,CPFE3,CPFL ENERGIA,23.92,23.98,22.91,23.39,21007774.0,24.283999999999992,24.288249999999998,0.2905964827547944,0.30125283273485276,24.890755665469705,23.68574433453029,25.192008498204558,23.384491501795438
20180504,CPFE3,CPFL ENERGIA,23.38,23.4,22.7,23.0,30460971.0,24.20199999999999,24.259,0.39682423525308735,0.36341542238982283,24.985830844779645,23.532169155220355,25.34924626716947,23.16875373283053
20180507,CPFE3,CPFL ENERGIA,22.82,23.49,22.8,23.17,6576844.0,24.126499999999993,24.233249999999998,0.44215114110328585,0.40213142066640795,25.037512841332813,23.428987158667184,25.439644261999224,23.026855738000773
20180508,CPFE3,CPFL ENERGIA,23.02,23.31,22.83,22.92,7151208.0,24.052999999999994,24.194749999999996,0.5126104502292202,0.45065756799342394,25.096065135986844,23.293434864013147,25.54672270398027,22.842777296019722
20180509,CPFE3,CPFL ENERGIA,22.81,22.98,22.5,22.67,5567015.0,23.961499999999994,24.147249999999993,0.5866073285382092,0.5067340753066909,25.160718150613373,23.13378184938661,25.667452225920066,22.62704777407992
20180510,CPFE3,CPFL ENERGIA,22.69,23.12,22.65,23.12,9154502.0,23.896499999999996,24.112499999999994,0.6048686242743786,0.5284168420616087,25.16933368412321,23.055666315876778,25.69775052618482,22.527249473815168
20180511,CPFE3,CPFL ENERGIA,23.2,23.2,22.65,22.65,11597277.0,23.803999999999995,24.071249999999996,0.6476630052898323,0.5756921697912687,25.222634339582534,22.919865660417457,25.7983265093738,22.34417349062619
20180514,CPFE3,CPFL ENERGIA,22.84,23.03,22.02,22.36,8637903.0,23.699499999999993,24.028499999999994,0.7040968459104627,0.6361081588406132,25.30071631768122,22.756283682318767,25.936824476521835,22.120175523478153
20180515,CPFE3,CPFL ENERGIA,22.29,22.29,21.65,21.9,8081119.0,23.580999999999996,23.975749999999994,0.7964123502174996,0.7196790149888977,25.41510802997779,22.536391970022198,26.134787044966686,21.816712955033303
20180516,CPFE3,CPFL ENERGIA,22.1,22.4,21.77,22.09,11618153.0,23.468499999999995,23.929249999999993,0.8412101245730634,0.7790276236832324,25.487305247366457,22.371194752633528,26.26633287104969,21.592167128950294
20180517,CPFE3,CPFL ENERGIA,21.95,22.06,21.52,21.82,15328908.0,23.337499999999995,23.880749999999995,0.8848304922413239,0.8472380088202779,25.575226017640553,22.186273982359438,26.42246402646083,21.33903597353916
20180518,CPFE3,CPFL ENERGIA,21.77,21.88,21.4,21.79,9524976.0,23.211999999999996,23.825749999999992,0.9184918989414557,0.9091130856852236,25.64397617137044,22.007523828629544,26.553089257055664,21.09841074294432
20180521,CPFE3,CPFL ENERGIA,21.9,22.02,21.3,21.63,10332515.0,23.083499999999994,23.768249999999995,0.9521514419571533,0.972851709521012,25.713953419042017,21.822546580957972,26.68680512856303,20.84969487143696
20180522,CPFE3,CPFL ENERGIA,21.85,22.4,21.72,22.4,12616687.0,22.998499999999993,23.728999999999992,0.9323048688176465,0.9959013440996524,25.720802688199296,21.73719731180069,26.71670403229895,20.741295967701035
20180523,CPFE3,CPFL ENERGIA,22.31,22.58,22.03,22.24,7873963.0,22.90449999999999,23.681749999999994,0.9077298172103151,1.020909316900057,25.723568633800106,21.639931366199882,26.744477950700166,20.619022049299822
20180524,CPFE3,CPFL ENERGIA,22.01,22.87,21.91,22.87,17082725.0,22.851499999999994,23.643499999999996,0.8750595468460179,1.021970319203714,25.687440638407423,21.59955936159257,26.709410957611137,20.577589042388855
20180525,CPFE3,CPFL ENERGIA,22.95,23.0,22.55,22.75,10234588.0,22.774499999999993,23.593999999999994,0.8069205595805138,1.0159290304306705,25.625858060861336,21.56214193913865,26.641787091292006,20.546212908707982
20180528,CPFE3,CPFL ENERGIA,22.75,22.75,21.91,22.39,8916340.0,22.66749999999999,23.530999999999995,0.6961690281745685,1.0103485054990233,25.55169701099804,21.51030298900195,26.562045516497065,20.499954483502925
20180529,CPFE3,CPFL ENERGIA,22.3,22.44,21.96,22.23,11716361.0,22.56949999999999,23.471999999999994,0.602175660680372,1.01581393410307,25.503627868206134,21.440372131793854,26.519441802309203,20.424558197690786
20180530,CPFE3,CPFL ENERGIA,22.28,22.9,22.02,22.9,17027783.0,22.51449999999999,23.427499999999995,0.5074235747485347,1.0004095315265837,25.428319063053163,21.426680936946827,26.428728594579745,20.426271405420245
20180601,CPFE3,CPFL ENERGIA,23.0,23.61,22.51,23.61,12048507.0,22.52549999999999,23.404749999999996,0.5293141043394616,0.9851590721482018,25.3750681442964,21.434431855703593,26.360227216444603,20.44927278355539
20180604,CPFE3,CPFL ENERGIA,23.8,23.9,23.3,23.69,5612843.0,22.55999999999999,23.380999999999997,0.5817577719835046,0.9658789009405163,25.31275780188103,21.449242198118963,26.278636702821544,20.48336329717845
20180605,CPFE3,CPFL ENERGIA,23.43,23.85,23.17,23.3,11030370.0,22.56649999999999,23.3465,0.5896053541855465,0.9426573187075085,25.231814637415017,21.46118536258498,26.174471956122524,20.518528043877474
20180606,CPFE3,CPFL ENERGIA,23.36,23.36,22.82,23.09,9500654.0,22.57499999999999,23.314,0.5961587566730422,0.9280550381556919,25.170110076311385,21.457889923688615,26.098165114467076,20.529834885532924
20180607,CPFE3,CPFL ENERGIA,22.95,23.07,21.75,22.39,15177634.0,22.560999999999986,23.261249999999997,0.5970973648894693,0.9188347902614926,25.09891958052298,21.423580419477013,26.017754370784473,20.50474562921552
20180608,CPFE3,CPFL ENERGIA,22.61,22.75,22.0,22.4,8231098.0,22.524999999999984,23.210749999999997,0.5831628823651895,0.9089734629846276,25.028696925969253,21.39280307403074,25.93767038895388,20.483829611046115
20180611,CPFE3,CPFL ENERGIA,22.2,22.5,22.03,22.31,6623674.0,22.50799999999999,23.156,0.5842818353825064,0.8951773925332199,24.94635478506644,21.365645214933558,25.84153217759966,20.470467822400337
20180612,CPFE3,CPFL ENERGIA,22.04,22.38,22.04,22.17,5184027.0,22.498499999999986,23.098999999999997,0.5883453604456745,0.8831784092492941,24.865356818498586,21.332643181501407,25.74853522774788,20.449464772252114
20180613,CPFE3,CPFL ENERGIA,22.04,22.46,21.81,22.1,7597151.0,22.50849999999999,23.044749999999997,0.579267005065842,0.8760224429275955,24.79679488585519,21.292705114144805,25.672817328782784,20.41668267121721
20180614,CPFE3,CPFL ENERGIA,21.97,22.29,21.81,21.86,5406130.0,22.496999999999993,22.982749999999996,0.5901926536488815,0.8697390929144225,24.72222818582884,21.243271814171152,25.59196727874326,20.37353272125673
20180615,CPFE3,CPFL ENERGIA,21.99,22.1,21.5,21.52,6935864.0,22.481999999999992,22.909749999999995,0.6117240519952851,0.8668288433074647,24.643407686614925,21.176092313385066,25.510236529922388,20.309263470077603
20180618,CPFE3,CPFL ENERGIA,21.5,22.09,21.29,21.85,6332713.0,22.484999999999992,22.848499999999994,0.6082892317588242,0.8525152829670102,24.553530565934015,21.143469434065974,25.406045848901023,20.290954151098965
20180619,CPFE3,CPFL ENERGIA,21.86,22.27,21.72,22.05,8407022.0,22.505999999999993,22.794749999999993,0.583982696210889,0.832666361294116,24.460082722588226,21.12941727741176,25.29274908388234,20.296750916117645
20180620,CPFE3,CPFL ENERGIA,22.32,22.32,21.85,22.15,47770701.0,22.49349999999999,22.74599999999999,0.5890248408666231,0.8110923308913628,24.368184661782717,21.123815338217266,25.17927699267408,20.312723007325904
20180621,CPFE3,CPFL ENERGIA,22.0,22.19,21.84,21.91,7906733.0,22.476999999999993,22.69074999999999,0.6010000437867169,0.790096999887219,24.270943999774428,21.110556000225554,25.06104099966165,20.32045900033833
20180622,CPFE3,CPFL ENERGIA,21.83,22.04,21.51,21.9,3443354.0,22.428499999999993,22.639999999999993,0.6067278502018719,0.7734769981497069,24.18695399629941,21.09304600370058,24.960430994449116,20.31956900555087
20180625,CPFE3,CPFL ENERGIA,22.0,22.0,21.7,21.81,2827914.0,22.381499999999992,22.577999999999992,0.6168363683046085,0.7363290791626581,24.05065815832531,21.105341841674676,24.786987237487967,20.369012762512018
20180626,CPFE3,CPFL ENERGIA,22.0,22.0,21.44,21.68,3742449.0,22.345999999999993,22.50674999999999,0.6364407608767099,0.6781966566772653,23.86314331335452,21.15035668664546,24.541339970031785,20.472160029968194
20180627,CPFE3,CPFL ENERGIA,21.51,21.81,21.46,21.64,3461742.0,22.31649999999999,22.44299999999999,0.6554891704915059,0.634346827402733,23.711693654805458,21.174306345194523,24.34604048220819,20.539959517791793
20180628,CPFE3,CPFL ENERGIA,21.45,21.75,21.44,21.47,7058745.0,22.244999999999994,22.37974999999999,0.6663924874790292,0.6003395940675107,23.580429188135014,21.179070811864968,24.180768782202524,20.578731217797458
20180629,CPFE3,CPFL ENERGIA,21.73,21.73,21.3,21.67,6941517.0,22.147999999999993,22.336749999999988,0.5945683971987077,0.587586927557032,23.511923855114052,21.161576144885924,24.099510782671082,20.573989217328894
20180702,CPFE3,CPFL ENERGIA,21.65,21.79,21.38,21.53,6769518.0,22.039999999999996,22.29999999999999,0.4859932856370413,0.5910008894088625,23.482001778817715,21.117998221182265,24.07300266822658,20.5269973317734
20180703,CPFE3,CPFL ENERGIA,21.53,21.81,21.48,21.53,3980112.0,21.951499999999996,22.25899999999999,0.3975884542431382,0.5859631562759178,23.430926312551826,21.087073687448154,24.016889468827742,20.501110531172237
20180704,CPFE3,CPFL ENERGIA,21.45,21.95,21.4,21.95,2405372.0,21.894499999999997,22.23474999999999,0.29400098460285873,0.5779228388741207,23.390595677748234,21.07890432225175,23.968518516622353,20.50098148337763
20180705,CPFE3,CPFL ENERGIA,21.9,22.36,21.68,21.87,15516411.0,21.868499999999997,22.21474999999999,0.2698786276908449,0.5763144952505642,23.36737899050112,21.062121009498863,23.943693485751684,20.4858065142483
20180706,CPFE3,CPFL ENERGIA,21.69,22.2,21.69,21.94,4306713.0,21.845499999999998,22.185249999999993,0.24016386949458213,0.5587210096879139,23.302692019375822,21.067807980624163,23.861413029063733,20.509086970936252
20180710,CPFE3,CPFL ENERGIA,22.0,22.0,21.61,21.66,12923649.0,21.813,22.160499999999992,0.2168458098816848,0.5595325429916317,23.279565085983254,21.04143491401673,23.839097628974887,20.481902371025097
20180711,CPFE3,CPFL ENERGIA,21.7,21.9,21.54,21.72,3995072.0,21.7905,22.144499999999994,0.20059057542032063,0.5628223293002775,23.27014465860055,21.018855341399437,23.832966987900825,20.456033012099162
20180712,CPFE3,CPFL ENERGIA,21.71,22.0,21.49,21.9,6704501.0,21.780499999999996,22.144499999999994,0.188999443051485,0.5628223293002775,23.27014465860055,21.018855341399437,23.832966987900825,20.456033012099162
20180713,CPFE3,CPFL ENERGIA,21.95,22.19,21.66,22.05,4007798.0,21.79,22.143499999999992,0.19777712070351092,0.5629571646500157,23.269414329300023,21.01758567069996,23.83237149395004,20.454628506049946
20180716,CPFE3,CPFL ENERGIA,21.97,22.1,21.82,22.09,3468663.0,21.818499999999997,22.150249999999993,0.19789085242569926,0.5605925779579624,23.271435155915917,21.02906484408407,23.83202773387388,20.468472266126106
20180717,CPFE3,CPFL ENERGIA,22.07,22.4,21.92,22.31,5134699.0,21.841499999999996,22.16324999999999,0.22642008000984243,0.5580478221397226,23.279345644279434,21.047154355720547,23.837393466419158,20.489106533580824
20180718,CPFE3,CPFL ENERGIA,22.28,22.4,22.18,22.23,3555102.0,21.850499999999997,22.17824999999999,0.23840423433205318,0.5513707278113295,23.28099145562265,21.075508544377332,23.83236218343398,20.524137816566004
20180719,CPFE3,CPFL ENERGIA,22.14,22.29,22.05,22.24,7078249.0,21.854999999999997,22.174249999999994,0.2451100719442286,0.550300092956296,23.274850185912584,21.073649814087403,23.825150278868882,20.523349721131105
20180720,CPFE3,CPFL ENERGIA,22.43,22.64,22.25,22.29,7880019.0,21.874,22.175499999999992,0.26362653009229564,0.5505100199372376,23.276520039874466,21.07447996012552,23.827030059811705,20.52396994018828
20180723,CPFE3,CPFL ENERGIA,22.28,22.45,22.11,22.23,2948742.0,21.8905,22.15949999999999,0.2754035316825843,0.5389874171977037,23.2374748343954,21.08152516560458,23.776462251593102,20.54253774840688
20180724,CPFE3,CPFL ENERGIA,22.39,22.51,22.23,22.4,5772799.0,21.919999999999998,22.15074999999999,0.2970734447557174,0.5319503904958935,23.21465078099178,21.086849219008204,23.746601171487672,20.55489882851231
20180725,CPFE3,CPFL ENERGIA,22.37,22.54,22.05,22.37,6480052.0,21.9545,22.150249999999993,0.3076134792749798,0.5317290976929407,23.213708195385873,21.086791804614112,23.745437293078815,20.55506270692117
20180726,CPFE3,CPFL ENERGIA,22.27,22.45,22.02,22.21,8858518.0,21.982999999999997,22.14974999999999,0.30331675296899974,0.5316615826459102,23.21307316529181,21.08642683470817,23.74473474793772,20.55476525206226
20180727,CPFE3,CPFL ENERGIA,22.27,22.45,21.88,22.12,10954622.0,22.015499999999996,22.130249999999993,0.27933143867394494,0.517555831250653,23.165361662501297,21.09513833749869,23.68291749375195,20.577582506248035
20180730,CPFE3,CPFL ENERGIA,22.25,22.41,21.92,21.96,10476544.0,22.029999999999994,22.08899999999999,0.2677390717216898,0.4590391302241447,23.00707826044828,21.1709217395517,23.466117390672427,20.711882609327557
20180731,CPFE3,CPFL ENERGIA,22.08,22.12,21.62,21.75,13866112.0,22.040999999999997,22.04049999999999,0.2500505212111557,0.3814812560506284,22.803462512101248,21.277537487898734,23.184943768151875,20.896056231848107
20180801,CPFE3,CPFL ENERGIA,21.74,21.96,21.57,21.85,11550141.0,22.057,22.004249999999992,0.2245721077494319,0.32316454092743047,22.650579081854854,21.35792091814513,22.973743622782283,21.0347563772177
20180802,CPFE3,CPFL ENERGIA,21.72,21.98,21.67,21.95,7552281.0,22.057,21.975749999999994,0.2245721077494319,0.2710179055491016,22.517785811098197,21.433714188901792,22.788803716647298,21.16269628335269
20180803,CPFE3,CPFL ENERGIA,21.95,22.14,21.81,21.98,6486138.0,22.0625,21.965499999999995,0.2210709578871171,0.2625706254198097,22.490641250839616,21.440358749160374,22.753211876259424,21.177788123740566
20180806,CPFE3,CPFL ENERGIA,22.05,22.1,21.85,21.9,4373118.0,22.060499999999998,21.952999999999996,0.22241438329121582,0.25308557385264857,22.459171147705295,21.446828852294697,22.712256721557942,21.19374327844205
20180807,CPFE3,CPFL ENERGIA,22.05,22.05,21.8,21.89,5120330.0,22.071999999999996,21.942499999999995,0.2059534950063668,0.24652196032624302,22.43554392065248,21.44945607934751,22.682065880978726,21.202934119021265
20180808,CPFE3,CPFL ENERGIA,21.89,21.96,21.65,21.75,11325493.0,22.073499999999996,21.931999999999995,0.20334764114188544,0.2455261226898143,22.423052245379623,21.440947754620368,22.668578368069436,21.195421631930554
20180809,CPFE3,CPFL ENERGIA,21.68,21.78,21.55,21.6,6208786.0,22.0585,21.919499999999996,0.226559507693654,0.24945016459285307,22.4184003291857,21.42059967081429,22.667850493778555,21.171149506221436
20180810,CPFE3,CPFL ENERGIA,21.41,21.51,21.3,21.3,9605283.0,22.020999999999997,21.905499999999996,0.283064061932934,0.2679068915950455,22.441313783190086,21.369686216809907,22.709220674785133,21.10177932521486
20180813,CPFE3,CPFL ENERGIA,21.28,21.48,21.15,21.45,4447641.0,21.988999999999997,21.903749999999995,0.3097690141142945,0.270703617851638,22.44515723570327,21.36234276429672,22.715860853554908,21.091639146445083
20180814,CPFE3,CPFL ENERGIA,21.46,21.9,21.46,21.9,12841519.0,21.9685,21.904999999999994,0.30084573770425427,0.27056446219920516,22.446128924398405,21.363871075601583,22.71669338659761,21.09330661340238
20180815,CPFE3,CPFL ENERGIA,21.84,21.9,21.63,21.8,8956794.0,21.946999999999996,21.898749999999996,0.29650774375274686,0.2700160251654905,22.43878205033098,21.358717949669014,22.708798075496468,21.088701924503525
20180816,CPFE3,CPFL ENERGIA,21.81,21.94,21.57,21.79,4666032.0,21.9245,21.889749999999996,0.29010841893493017,0.2674138969980978,22.424577793996193,21.3549222060038,22.69199169099429,21.087508309005703
20180817,CPFE3,CPFL ENERGIA,21.6,21.85,21.6,21.85,5310410.0,21.902499999999996,21.888249999999996,0.2773345879696483,0.26746566997542237,22.42318133995084,21.35331866004915,22.690647009926263,21.08585299007373
20180820,CPFE3,CPFL ENERGIA,21.85,21.87,21.65,21.85,6467057.0,21.883499999999998,21.886999999999997,0.2665229327549428,0.2675261789251163,22.42205235785023,21.351947642149764,22.689578536775347,21.084421463224647
20180821,CPFE3,CPFL ENERGIA,21.76,21.83,21.53,21.71,10859299.0,21.848999999999997,21.8845,0.23942694743487453,0.2687287260512823,22.421957452102564,21.347042547897434,22.690686178153847,21.07831382184615
20180822,CPFE3,CPFL ENERGIA,21.65,21.98,21.55,21.91,10616411.0,21.826,21.89025,0.20658628884059768,0.266693788684877,22.423637577369757,21.356862422630247,22.690331366054632,21.09016863394537
20180823,CPFE3,CPFL ENERGIA,21.93,21.93,21.55,21.66,11309484.0,21.7985,21.89075,0.18860359431772225,0.2662309340712066,22.423211868142413,21.358288131857588,22.68944280221362,21.09205719778638
20180824,CPFE3,CPFL ENERGIA,21.63,21.93,21.63,21.72,8437506.0,21.7785,21.897,0.17330456913856015,0.2589347012032115,22.41486940240642,21.379130597593576,22.673804103609633,21.120195896390364
20180827,CPFE3,CPFL ENERGIA,21.72,21.84,21.6,21.75,5967899.0,21.768000000000004,21.899,0.16801002476383578,0.25744105623601377,22.413882112472027,21.384117887527974,22.671323168708042,21.12667683129196
20180828,CPFE3,CPFL ENERGIA,21.71,21.84,21.45,21.63,8891379.0,21.762000000000004,21.901500000000002,0.17080613818653506,0.2542313704946869,22.409962740989375,21.39303725901063,22.66419411148406,21.138805888515943
20180829,CPFE3,CPFL ENERGIA,21.64,22.07,21.6,21.96,11001291.0,21.767500000000002,21.912250000000004,0.17549553900489445,0.24711138877347502,22.406472777546952,21.418027222453055,22.653584166320428,21.17091583367958
20180830,CPFE3,CPFL ENERGIA,21.86,22.09,21.76,21.9,13143563.0,21.765,21.911,0.1730986940875901,0.24704198750366438,22.40508397500733,21.416916024992673,22.652125962510993,21.16987403748901
20180831,CPFE3,CPFL ENERGIA,21.84,22.1,21.53,22.1,47537748.0,21.771,21.91675,0.18275378893066208,0.24873410270039556,22.414218205400793,21.419281794599208,22.662952308101186,21.170547691898815
20180903,CPFE3,CPFL ENERGIA,22.0,23.21,21.89,23.0,14197531.0,21.826,21.94325,0.3299026969786285,0.30203062758603955,22.54731125517208,21.33918874482792,22.849341882758118,21.03715811724188
20180904,CPFE3,CPFL ENERGIA,22.99,23.19,22.46,22.8,13845137.0,21.871500000000005,21.97175,0.3954381314308973,0.32734273969463,22.62643547938926,21.31706452061074,22.95377821908389,20.98972178091611
20180905,CPFE3,CPFL ENERGIA,22.7,23.49,22.59,23.28,13039535.0,21.948,22.010749999999998,0.5038337236159496,0.3845169297063347,22.779783859412667,21.24171614058733,23.164300789119004,20.857199210880992
20180906,CPFE3,CPFL ENERGIA,23.31,23.5,23.0,23.23,6374554.0,22.029500000000002,22.044,0.5718251020797334,0.42956029993711975,22.90312059987424,21.184879400125762,23.33268089981136,20.75531910018864
20180910,CPFE3,CPFL ENERGIA,23.45,23.55,23.04,23.31,8259863.0,22.130000000000003,22.075499999999998,0.612080146110972,0.4739195539221403,23.02333910784428,21.127660892155717,23.49725866176642,20.653741338233576
20180911,CPFE3,CPFL ENERGIA,23.26,23.31,23.0,23.2,11766757.0,22.2175,22.10325,0.6344319879770306,0.5061893205166865,23.11562864103337,21.090871358966627,23.621817961550057,20.58468203844994
20180912,CPFE3,CPFL ENERGIA,23.21,23.52,23.16,23.49,13453814.0,22.297000000000004,22.13275,0.6897604465930702,0.5509524969052867,23.234654993810576,21.030845006189427,23.78560749071586,20.47989250928414
20180913,CPFE3,CPFL ENERGIA,23.73,24.28,23.53,24.28,16272215.0,22.421,22.184,0.8084221148567926,0.6471745296246508,23.478349059249304,20.8896509407507,24.125523588873953,20.24247641112605
20180914,CPFE3,CPFL ENERGIA,24.24,24.39,23.72,24.08,11987985.0,22.5355,22.23,0.8738690435432571,0.7132734218790087,23.65654684375802,20.803453156241982,24.369820265637028,20.090179734362973
20180917,CPFE3,CPFL ENERGIA,24.19,24.19,23.77,23.98,8764322.0,22.642,22.272250000000003,0.9147654286612104,0.7650891937277576,23.802428387455517,20.74207161254449,24.567517581183274,19.976982418816732
20180918,CPFE3,CPFL ENERGIA,23.98,24.04,23.46,23.72,12292322.0,22.735499999999995,22.309500000000003,0.9250631557387321,0.7985209083209137,23.90654181664183,20.712458183358176,24.705062724962744,19.913937275037263
20180919,CPFE3,CPFL ENERGIA,23.65,23.71,23.35,23.64,5110353.0,22.831999999999997,22.340500000000002,0.9130434935164181,0.8257302906037353,23.991960581207472,20.689039418792532,24.81769087181121,19.863309128188796
20180920,CPFE3,CPFL ENERGIA,23.68,23.87,23.59,23.85,5206997.0,22.928999999999995,22.377500000000005,0.9129875770181668,0.8595519106950457,24.096603821390097,20.658396178609912,24.956155732085143,19.798844267914866
20180921,CPFE3,CPFL ENERGIA,23.91,24.1,23.6,23.76,10040105.0,23.033999999999995,22.41625,0.879505842115795,0.8863283164919201,24.18890663298384,20.643593367016162,25.075234949475764,19.75726505052424
20180924,CPFE3,CPFL ENERGIA,23.82,23.82,23.41,23.7,6733055.0,23.132999999999992,22.455750000000002,0.8340774922978768,0.9077356655224887,24.27122133104498,20.640278668955023,25.178956996567468,19.732543003432536
20180925,CPFE3,CPFL ENERGIA,23.6,23.83,23.34,23.73,8557943.0,23.231999999999992,22.500000000000004,0.7768262015202859,0.9259091166565483,24.3518182333131,20.648181766686907,25.27772734996965,19.72227265003036
20180926,CPFE3,CPFL ENERGIA,23.8,23.81,23.5,23.81,4728425.0,23.340999999999994,22.5515,0.6880858269599559,0.9403015064738225,24.432103012947646,20.670896987052355,25.37240451942147,19.730595480578533
20180927,CPFE3,CPFL ENERGIA,23.78,23.95,23.72,23.79,4407059.0,23.432499999999997,22.6,0.6122768121828939,0.953135177541299,24.5062703550826,20.693729644917404,25.459405532623897,19.740594467376106
20180928,CPFE3,CPFL ENERGIA,23.65,24.12,23.38,23.87,13045565.0,23.531,22.648,0.5011345023780388,0.967794744078869,24.583589488157738,20.71241051184226,25.551384232236607,19.744615767763392
20181001,CPFE3,CPFL ENERGIA,23.84,23.98,23.5,23.67,4907157.0,23.609499999999997,22.69025,0.37133436486044824,0.9747491130200376,24.639748226040073,20.740751773959925,25.61449733906011,19.766002660939886
20181002,CPFE3,CPFL ENERGIA,23.74,23.9,23.68,23.89,4935907.0,23.653999999999996,22.74,0.34697793043725533,0.9841200677215786,24.708240135443155,20.77175986455684,25.692360203164736,19.78763979683526
20181003,CPFE3,CPFL ENERGIA,24.0,24.84,24.0,24.66,26153998.0,23.746999999999996,22.80925,0.35520342577768066,1.0195936533485945,24.84843730669719,20.77006269330281,25.868030960045783,19.750469039954215
20181004,CPFE3,CPFL ENERGIA,24.88,25.71,24.5,25.5,22111769.0,23.857999999999997,22.903,0.5132825219783007,1.0896934407767216,25.082386881553443,20.723613118446554,26.172080322330164,19.633919677669834
20181005,CPFE3,CPFL ENERGIA,25.6,25.74,25.36,25.53,31141650.0,23.972999999999995,23.001249999999995,0.6131205771340911,1.1449671084739486,25.291184216947894,20.711315783052097,26.43615132542184,19.56634867457815
20181008,CPFE3,CPFL ENERGIA,25.9,26.19,24.91,25.09,16392752.0,24.061999999999994,23.095999999999997,0.6403995463359899,1.1573240576256025,25.410648115251202,20.78135188474879,26.567972172876804,19.62402782712319
20181009,CPFE3,CPFL ENERGIA,25.21,25.33,24.58,24.66,11629151.0,24.134999999999998,23.176249999999996,0.6198514253219509,1.151540078018158,25.479330156036312,20.87316984396368,26.63087023405447,19.721629765945522
20181010,CPFE3,CPFL ENERGIA,24.81,24.81,23.9,24.33,9140488.0,24.176999999999996,23.237,0.6020500066657948,1.1465717014939274,25.530143402987854,20.943856597012143,26.67671510448178,19.797284895518217
20181011,CPFE3,CPFL ENERGIA,24.71,24.89,24.42,24.77,14864500.0,24.201499999999992,23.311249999999998,0.6162644254743491,1.147293777905435,25.60583755581087,21.016662444189127,26.753131333716304,19.86936866628369
20181015,CPFE3,CPFL ENERGIA,24.86,25.4,24.53,25.15,6128779.0,24.254999999999992,23.395249999999997,0.6506474508235021,1.1560276536041205,25.707305307208237,21.083194692791757,26.863332960812357,19.927167039187637
20181016,CPFE3,CPFL ENERGIA,25.37,25.59,25.21,25.4,6298472.0,24.32599999999999,23.483999999999998,0.6950229076118448,1.1705330803987148,25.825066160797427,21.14293383920257,26.995599241196143,19.972400758803854
20181017,CPFE3,CPFL ENERGIA,25.2,25.81,25.02,25.81,14788437.0,24.430499999999988,23.582999999999995,0.7537518438486353,1.1959765883996272,25.97495317679925,21.19104682320074,27.170929765198878,19.995070234801112
20181018,CPFE3,CPFL ENERGIA,25.75,25.93,25.05,25.3,16867200.0,24.513499999999986,23.672749999999994,0.7535199854157834,1.1864815200566372,26.045713040113267,21.29978695988672,27.232194560169905,20.113305439830082
20181019,CPFE3,CPFL ENERGIA,25.98,25.98,25.12,25.3,9241474.0,24.585999999999984,23.757499999999993,0.7560729566579004,1.1783860105006343,26.114272021001263,21.400727978998724,27.292658031501897,20.22234196849809
20181022,CPFE3,CPFL ENERGIA,25.77,25.77,25.1,25.3,9281904.0,24.662999999999982,23.848499999999994,0.7458735606126512,1.1525190915599914,26.153538183119977,21.54346181688001,27.30605727467997,20.39094272532002
20181023,CPFE3,CPFL ENERGIA,25.21,25.35,24.93,25.07,8685876.0,24.731499999999986,23.932249999999993,0.7150507895100077,1.1149876106015184,26.16222522120303,21.702274778796955,27.277212831804547,20.587287168195438
20181024,CPFE3,CPFL ENERGIA,25.23,25.31,24.82,25.0,6669026.0,24.79499999999998,24.013499999999993,0.6767997449296036,1.069369692137172,26.15223938427434,21.87476061572565,27.22160907641151,20.805390923588476
20181025,CPFE3,CPFL ENERGIA,25.01,25.26,24.95,25.0,6605886.0,24.85449999999998,24.097749999999994,0.6367720818396934,1.007748156115335,26.113246312230665,22.082253687769324,27.120994468345998,21.07450553165399
20181026,CPFE3,CPFL ENERGIA,25.16,25.3,24.9,25.3,6840028.0,24.929999999999982,24.18124999999999,0.5918481313024838,0.963477109756974,26.10820421951394,22.254295780486043,27.071681329270913,21.29081867072907
20181029,CPFE3,CPFL ENERGIA,25.69,25.87,24.67,24.9,13510909.0,24.981499999999983,24.25624999999999,0.5370315584179065,0.8957268571189061,26.0477037142378,22.46479628576218,26.943430571356707,21.569069428643274
20181030,CPFE3,CPFL ENERGIA,25.19,25.2,24.66,24.88,7965684.0,25.04199999999998,24.325749999999992,0.44109433291104017,0.8295376763054632,25.98482535261092,22.666674647389065,26.814363028916382,21.837136971083602
20181031,CPFE3,CPFL ENERGIA,24.75,25.25,24.75,25.15,10730422.0,25.104999999999983,24.37949999999999,0.34806986594484607,0.8108778086202824,26.001255617240552,22.757744382759427,26.812133425860836,21.946866574139143
20181101,CPFE3,CPFL ENERGIA,25.25,25.68,25.16,25.68,8032724.0,25.15599999999998,24.45149999999999,0.35410970646176704,0.7947344339544065,26.040968867908802,22.862031132091175,26.83570330186321,22.06729669813677
20181105,CPFE3,CPFL ENERGIA,25.59,26.39,25.4,26.03,10857754.0,25.182499999999983,24.52024999999999,0.39828414876543344,0.8096010017603066,26.139452003520603,22.901047996479377,26.94905300528091,22.09144699471907
20181106,CPFE3,CPFL ENERGIA,25.9,26.17,25.76,26.0,4544742.0,25.20599999999998,24.58949999999999,0.43228158464242095,0.8148586474871728,26.219217294974335,22.959782705025646,27.03407594246151,22.14492405753847
20181107,CPFE3,CPFL ENERGIA,26.14,26.19,25.69,25.82,4995981.0,25.242499999999986,24.65224999999999,0.45232586064742586,0.8104335259600315,26.273117051920053,23.03138294807993,27.083550577880086,22.220949422119897
20181108,CPFE3,CPFL ENERGIA,26.0,26.21,25.84,26.0,4319053.0,25.309499999999982,24.722249999999992,0.460668564496965,0.8026669887766673,26.327583977553328,23.116916022446656,27.130250966329996,22.314249033669988
20181109,CPFE3,CPFL ENERGIA,26.05,26.12,25.65,25.91,5770586.0,25.388499999999986,24.78274999999999,0.4172879228137528,0.7985980905664734,26.379946181132937,23.185553818867042,27.17854427169941,22.38695572830057
20181112,CPFE3,CPFL ENERGIA,25.91,26.1,25.74,25.95,6475136.0,25.447499999999984,24.824499999999993,0.4085645603817073,0.8151229260764237,26.45474585215284,23.194254147847147,27.269868778229263,22.379131221770724
20181113,CPFE3,CPFL ENERGIA,26.06,26.19,25.73,26.14,12454041.0,25.496999999999986,24.87599999999999,0.430031822567758,0.8317846121596905,26.539569224319372,23.21243077568061,27.371353836479063,22.380646163520918
20181114,CPFE3,CPFL ENERGIA,26.27,26.49,26.1,26.49,9474964.0,25.551499999999987,24.93874999999999,0.48291085589033306,0.8567595105829661,26.652269021165925,23.22523097883406,27.50902853174889,22.368471468251094
20181116,CPFE3,CPFL ENERGIA,26.29,26.89,26.29,26.6,7572981.0,25.590999999999987,25.01074999999999,0.5347001127045006,0.8725805744883175,26.755911148976626,23.265588851023356,27.628491723464943,22.39300827653504
20181119,CPFE3,CPFL ENERGIA,26.65,26.8,26.38,26.6,4161437.0,25.655999999999988,25.08474999999999,0.5749636144093143,0.878842442341937,26.84243488468386,23.327065115316117,27.7212773270258,22.44822267297418
20181121,CPFE3,CPFL ENERGIA,26.59,26.8,26.01,26.3,10046972.0,25.70599999999999,25.14599999999999,0.5857554726027691,0.8759516436717745,26.89790328734354,23.39409671265644,27.773854931015315,22.518145068984666
20181122,CPFE3,CPFL ENERGIA,26.63,26.63,26.11,26.29,5723258.0,25.75549999999999,25.20924999999999,0.5914431502687977,0.8645745581883997,26.93839911637679,23.48010088362319,27.802973674565187,22.615526325434793
20181123,CPFE3,CPFL ENERGIA,26.39,26.47,25.82,26.19,7869750.0,25.811499999999988,25.271499999999993,0.5759411062726925,0.8424797037804826,26.956459407560956,23.58654059243903,27.79893911134144,22.744060888658545
20181126,CPFE3,CPFL ENERGIA,26.38,26.44,25.79,25.99,4376490.0,25.86099999999999,25.327999999999992,0.5441932706211521,0.8116687463775795,26.95133749275515,23.704662507244834,27.763006239132732,22.892993760867252
20181127,CPFE3,CPFL ENERGIA,26.0,26.2,25.45,25.69,10785016.0,25.89549999999999,25.374999999999993,0.5073613370327503,0.7751228190521687,26.92524563810433,23.824754361895657,27.7003684571565,23.049631542843485
20181128,CPFE3,CPFL ENERGIA,25.69,26.13,25.51,26.0,25056753.0,25.930499999999995,25.430249999999994,0.48788992503149414,0.737078388831233,26.90440677766246,23.95609322233753,27.641485166493695,23.219014833506293
20181129,CPFE3,CPFL ENERGIA,26.01,27.41,25.82,27.19,23849308.0,26.044999999999998,25.513249999999996,0.5018334804545475,0.7437754951458675,27.00080099029173,24.025699009708262,27.744576485437598,23.281923514562394
20181130,CPFE3,CPFL ENERGIA,27.24,27.4,26.71,26.9,9025065.0,26.145999999999997,25.593999999999998,0.4562247830088083,0.7132367535865338,27.020473507173065,24.16752649282693,27.7337102607596,23.454289739240394
20181203,CPFE3,CPFL ENERGIA,27.25,27.4,26.8,26.94,4100360.0,26.235500000000002,25.670249999999992,0.4250631532024113,0.689018207120523,27.048286414241037,24.292213585758947,27.73730462136156,23.603195378638425
20181204,CPFE3,CPFL ENERGIA,27.0,27.0,26.76,26.93,10124235.0,26.298000000000002,25.726999999999993,0.43094266317831054,0.6971119911499996,27.12122398229999,24.332776017699995,27.81833597344999,23.635664026549996
20181205,CPFE3,CPFL ENERGIA,26.97,27.15,26.81,26.94,11375497.0,26.343500000000006,25.762999999999995,0.4488262470041648,0.7218324260394786,27.20666485207895,24.319335147921038,27.92849727811843,23.597502721881558
20181206,CPFE3,CPFL ENERGIA,26.81,27.1,26.56,26.78,12290960.0,26.382500000000004,25.794249999999995,0.4512890892821415,0.738355370973992,27.270960741947977,24.31753925805201,28.009316112921972,23.579183887078017
20181207,CPFE3,CPFL ENERGIA,26.95,27.0,26.51,26.67,7431494.0,26.425,25.83375,0.435267612781701,0.7419678875489376,27.317685775097875,24.349814224902122,28.05965366264681,23.607846337353187
20181210,CPFE3,CPFL ENERGIA,26.54,26.59,26.31,26.49,4966085.0,26.4495,25.879499999999997,0.4237237804337869,0.7239384801741848,27.327376960348367,24.431623039651626,28.05131544052255,23.707684559477443
20181211,CPFE3,CPFL ENERGIA,26.54,26.83,26.25,26.65,5848726.0,26.4865,25.9375,0.40607589386564386,0.6886916246377167,27.314883249275432,24.560116750724568,28.003574873913152,23.871425126086848
20181212,CPFE3,CPFL ENERGIA,26.66,27.0,26.5,27.0,10346629.0,26.538999999999998,25.99325,0.4009055539122965,0.68198574126006,27.35722148252012,24.62927851747988,28.03920722378018,23.947292776219818
20181213,CPFE3,CPFL ENERGIA,27.01,27.24,26.71,27.1,7394913.0,26.587,26.041999999999994,0.4080260569592613,0.6898130553142877,27.42162611062857,24.66237388937142,28.11143916594286,23.97256083405713
20181214,CPFE3,CPFL ENERGIA,27.0,27.2,26.82,27.2,8647717.0,26.622500000000002,26.086999999999996,0.4294657023250042,0.7053938706995491,27.497787741399094,24.6762122586009,28.203181612098643,23.97081838790135
20181217,CPFE3,CPFL ENERGIA,27.2,27.4,26.81,26.99,8500495.0,26.642000000000003,26.116499999999995,0.43717514254927775,0.7180727411191986,27.552645482238393,24.680354517761597,28.27071822335759,23.9622817766424
20181218,CPFE3,CPFL ENERGIA,27.14,27.29,26.81,26.98,9753114.0,26.661,26.158499999999997,0.44346601365040383,0.7182226995534341,27.594945399106866,24.722054600893127,28.3131680986603,24.003831901339694
20181219,CPFE3,CPFL ENERGIA,26.98,27.89,26.75,27.49,20624598.0,26.720500000000005,26.21325,0.47143091250253916,0.7343910350131371,27.682032070026274,24.744467929973723,28.41642310503941,24.010076894960587
20181220,CPFE3,CPFL ENERGIA,27.77,27.92,27.1,27.72,18521680.0,26.79200000000001,26.27375,0.5095983970889275,0.7565735427841752,27.78689708556835,24.76060291443165,28.543470628352527,24.004029371647473
20181221,CPFE3,CPFL ENERGIA,28.0,28.0,27.64,27.99,12562643.0,26.882000000000005,26.346750000000004,0.5546416576681393,0.7780165033514066,27.902783006702816,24.790716993297192,28.68079951005422,24.012700489945786
20181226,CPFE3,CPFL ENERGIA,27.93,28.2,27.61,28.2,18136604.0,26.992500000000007,26.426750000000006,0.5867921267363784,0.8001903219122424,28.027130643824492,24.82636935617552,28.82732096573673,24.02617903426328
20181227,CPFE3,CPFL ENERGIA,28.19,28.54,28.12,28.48,18196489.0,27.132000000000005,26.513750000000005,0.5924578599269891,0.8297255879397815,28.17320117587957,24.85429882412044,29.00292676381935,24.02457323618066
20181228,CPFE3,CPFL ENERGIA,28.51,28.89,28.26,28.85,14673744.0,27.274500000000007,26.602500000000003,0.6461666315968817,0.8846142140460265,28.371728428092055,24.83327157190795,29.256342642138083,23.948657357861922
