DATA DO PREGAO,CODIGO DE NEGOCIACAO DO PAPEL,NOME RESUMIDO DA EMPRESA EMISSORA,PRECO DE ABERTURA,PRECO MAXIMO,PRECO MINIMO,PRECO FECHAMENTO,VOLUME TOTAL DE TITULOS NEGOCIADOS NESTE PAPEL,MA_20,MA_40,STD_20,STD_40,BANDA_1_40 SUPERIOR,BANDA_1_40 INFERIOR,BANDA_2_40 SUPERIOR,BANDA_2_40 INFERIOR,BANDA_3_40 SUPERIOR,BANDA_3_40 INFERIOR
20180102,DMMO3,DOMMO,1.06,1.06,1.03,1.04,588329.0,0.0,0.0,0.0,0.0,0.0,0.0,0.0,0.0,0.0,0.0
20180103,DMMO3,DOMMO,1.04,1.04,1.02,1.03,201655.0,0.0,0.0,0.0,0.0,0.0,0.0,0.0,0.0,0.0,0.0
20180104,DMMO3,DOMMO,1.03,1.05,1.02,1.03,667845.0,0.0,0.0,0.0,0.0,0.0,0.0,0.0,0.0,0.0,0.0
20180105,DMMO3,DOMMO,1.03,1.05,1.02,1.04,413707.0,0.0,0.0,0.0,0.0,0.0,0.0,0.0,0.0,0.0,0.0
20180108,DMMO3,DOMMO,1.04,1.16,1.04,1.15,2331678.0,0.0,0.0,0.0,0.0,0.0,0.0,0.0,0.0,0.0,0.0
20180109,DMMO3,DOMMO,1.17,1.21,1.08,1.08,3672017.0,0.0,0.0,0.0,0.0,0.0,0.0,0.0,0.0,0.0,0.0
20180110,DMMO3,DOMMO,1.09,1.09,1.06,1.07,723585.0,0.0,0.0,0.0,0.0,0.0,0.0,0.0,0.0,0.0,0.0
20180111,DMMO3,DOMMO,1.14,1.2,1.13,1.13,6495955.0,0.0,0.0,0.0,0.0,0.0,0.0,0.0,0.0,0.0,0.0
20180112,DMMO3,DOMMO,1.14,1.15,1.09,1.12,2440554.0,0.0,0.0,0.0,0.0,0.0,0.0,0.0,0.0,0.0,0.0
20180115,DMMO3,DOMMO,1.13,1.14,1.11,1.12,631760.0,0.0,0.0,0.0,0.0,0.0,0.0,0.0,0.0,0.0,0.0
20180116,DMMO3,DOMMO,1.14,1.15,1.07,1.1,1906658.0,0.0,0.0,0.0,0.0,0.0,0.0,0.0,0.0,0.0,0.0
20180117,DMMO3,DOMMO,1.09,1.12,1.08,1.09,689544.0,0.0,0.0,0.0,0.0,0.0,0.0,0.0,0.0,0.0,0.0
20180118,DMMO3,DOMMO,1.1,1.11,1.07,1.08,606507.0,0.0,0.0,0.0,0.0,0.0,0.0,0.0,0.0,0.0,0.0
20180119,DMMO3,DOMMO,1.09,1.09,1.06,1.07,444943.0,0.0,0.0,0.0,0.0,0.0,0.0,0.0,0.0,0.0,0.0
20180122,DMMO3,DOMMO,1.08,1.08,1.05,1.05,524353.0,0.0,0.0,0.0,0.0,0.0,0.0,0.0,0.0,0.0,0.0
20180123,DMMO3,DOMMO,1.05,1.08,1.05,1.06,616916.0,0.0,0.0,0.0,0.0,0.0,0.0,0.0,0.0,0.0,0.0
20180124,DMMO3,DOMMO,1.07,1.12,1.07,1.09,1429487.0,0.0,0.0,0.0,0.0,0.0,0.0,0.0,0.0,0.0,0.0
20180126,DMMO3,DOMMO,1.1,1.11,1.08,1.08,739117.0,0.0,0.0,0.0,0.0,0.0,0.0,0.0,0.0,0.0,0.0
20180129,DMMO3,DOMMO,1.08,1.1,1.07,1.07,619399.0,0.0,0.0,0.0,0.0,0.0,0.0,0.0,0.0,0.0,0.0
20180130,DMMO3,DOMMO,1.07,1.13,1.07,1.11,1377698.0,1.0805,0.0,0.033946552417773286,0.0,0.0,0.0,0.0,0.0,0.0,0.0
20180131,DMMO3,DOMMO,1.12,1.14,1.1,1.1,2386569.0,1.0835000000000001,0.0,0.03281126250799284,0.0,0.0,0.0,0.0,0.0,0.0,0.0
20180201,DMMO3,DOMMO,1.11,1.11,1.08,1.08,925110.0,1.0859999999999999,0.0,0.030331501776206103,0.0,0.0,0.0,0.0,0.0,0.0,0.0
20180202,DMMO3,DOMMO,1.08,1.11,1.07,1.08,1218759.0,1.0884999999999998,0.0,0.027390932037715143,0.0,0.0,0.0,0.0,0.0,0.0,0.0
20180205,DMMO3,DOMMO,1.08,1.1,1.08,1.09,781894.0,1.0909999999999997,0.0,0.0248997991959773,0.0,0.0,0.0,0.0,0.0,0.0,0.0
20180206,DMMO3,DOMMO,1.09,1.1,1.07,1.08,930438.0,1.0875,0.0,0.02074278568309305,0.0,0.0,0.0,0.0,0.0,0.0,0.0
20180207,DMMO3,DOMMO,1.08,1.09,1.06,1.08,485587.0,1.0875,0.0,0.02074278568309305,0.0,0.0,0.0,0.0,0.0,0.0,0.0
20180208,DMMO3,DOMMO,1.07,1.09,1.04,1.05,1025279.0,1.0865,0.0,0.022070461326349485,0.0,0.0,0.0,0.0,0.0,0.0,0.0
20180209,DMMO3,DOMMO,1.07,1.09,1.05,1.08,1296650.0,1.084,0.0,0.019574419397183563,0.0,0.0,0.0,0.0,0.0,0.0,0.0
20180214,DMMO3,DOMMO,1.08,1.08,1.05,1.06,659426.0,1.081,0.0,0.018324559303956094,0.0,0.0,0.0,0.0,0.0,0.0,0.0
20180215,DMMO3,DOMMO,1.06,1.09,1.06,1.07,635907.0,1.0785,0.0,0.01598519051464402,0.0,0.0,0.0,0.0,0.0,0.0,0.0
20180216,DMMO3,DOMMO,1.07,1.09,1.06,1.09,712747.0,1.0779999999999998,0.0,0.015423836644690474,0.0,0.0,0.0,0.0,0.0,0.0,0.0
20180219,DMMO3,DOMMO,1.08,1.11,1.07,1.08,877522.0,1.0775000000000001,0.0,0.01517442446667182,0.0,0.0,0.0,0.0,0.0,0.0,0.0
20180220,DMMO3,DOMMO,1.09,1.1,1.07,1.07,633704.0,1.077,0.0,0.015252264715358175,0.0,0.0,0.0,0.0,0.0,0.0,0.0
20180221,DMMO3,DOMMO,1.08,1.08,1.05,1.06,444617.0,1.0764999999999998,0.0,0.015652475842498265,0.0,0.0,0.0,0.0,0.0,0.0,0.0
20180222,DMMO3,DOMMO,1.06,1.07,1.0,1.04,2037353.0,1.0759999999999998,0.0,0.016670175069329572,0.0,0.0,0.0,0.0,0.0,0.0,0.0
20180223,DMMO3,DOMMO,1.04,1.04,1.02,1.03,759554.0,1.0745,0.0,0.019324105480760866,0.0,0.0,0.0,0.0,0.0,0.0,0.0
20180226,DMMO3,DOMMO,1.04,1.05,1.02,1.02,521464.0,1.071,0.0,0.022454632624823445,0.0,0.0,0.0,0.0,0.0,0.0,0.0
20180227,DMMO3,DOMMO,1.02,1.03,0.98,1.02,1002448.0,1.068,0.0,0.02504732363053242,0.0,0.0,0.0,0.0,0.0,0.0,0.0
20180228,DMMO3,DOMMO,1.02,1.04,1.0,1.01,372734.0,1.065,0.0,0.028191077349141145,0.0,0.0,0.0,0.0,0.0,0.0,0.0
20180301,DMMO3,DOMMO,1.01,1.22,1.0,1.2,12786405.0,1.0695000000000001,1.0750000000000002,0.04032434291565013,0.03721042037676254,1.1494208407535254,1.000579159246475,1.1866312611302878,0.9633687388697125,1.2238416815070503,0.92615831849295
20180302,DMMO3,DOMMO,1.21,1.33,1.12,1.23,18471553.0,1.076,1.0797500000000002,0.05374403271649398,0.044114507178361816,1.167979014356724,0.9915209856432766,1.2120935215350856,0.9474064784649148,1.2562080287134474,0.9032919712865529
20180305,DMMO3,DOMMO,1.2,1.48,1.18,1.48,21676546.0,1.096,1.091,0.10515151974775808,0.07655398631366495,1.2441079726273299,0.9378920273726701,1.320661958940995,0.8613380410590051,1.3972159452546598,0.7847840547453402
20180306,DMMO3,DOMMO,1.48,1.84,1.4,1.71,40689929.0,1.1275000000000002,1.108,0.17274486815440918,0.12366621742955221,1.3553324348591045,0.8606675651408957,1.4789986522886567,0.7370013477113435,1.6026648697182089,0.6133351302817913
20180307,DMMO3,DOMMO,1.71,2.04,1.66,2.0,45584068.0,1.1730000000000003,1.1320000000000001,0.26010321837787076,0.18704448942869434,1.5060889788573888,0.7579110211426114,1.6931334682860832,0.5708665317139171,1.8801779577147775,0.38382204228522276
20180308,DMMO3,DOMMO,2.09,2.33,1.77,1.8,51447469.0,1.2090000000000003,1.14825,0.29415176891852063,0.21482118383818885,1.5778923676763776,0.7186076323236223,1.7927135515145665,0.5037864484854334,2.0075347353527553,0.2889652646472446
20180309,DMMO3,DOMMO,1.75,2.03,1.67,2.01,20621437.0,1.2555000000000003,1.1715,0.34225990432018644,0.25399929335657784,1.6794985867131556,0.6635014132868443,1.9334978800697336,0.4095021199302664,2.187497173426311,0.15550282657368864
20180312,DMMO3,DOMMO,2.1,2.25,2.04,2.25,26639538.0,1.3155000000000003,1.201,0.40396032895374895,0.30525987247522324,1.8115197449504465,0.5904802550495536,2.11677961742567,0.28522038257433036,2.422039489900893,-0.020039489900892882
20180313,DMMO3,DOMMO,2.3,2.4,2.08,2.25,25076657.0,1.374,1.2289999999999999,0.4501391597693926,0.3470816057149108,1.9231632114298214,0.5348367885701782,2.2702448171447323,0.1877551828552675,2.617326422859643,-0.15932642285964338
20180314,DMMO3,DOMMO,2.28,2.33,2.17,2.26,13792222.0,1.4340000000000002,1.2574999999999998,0.4847288987291328,0.3828620291088332,2.023224058217666,0.4917759417823334,2.4060860873264995,0.10891391267350015,2.788948116435333,-0.273948116435333
20180315,DMMO3,DOMMO,2.2,2.28,2.13,2.2,8023358.0,1.4905000000000002,1.2845,0.5054802302344719,0.41003408238577976,2.1045681647715595,0.46443183522844045,2.514602247157339,0.054397752842660685,2.924636329543119,-0.3556363295431191
20180316,DMMO3,DOMMO,2.21,2.3,2.04,2.1,108561293.0,1.5410000000000001,1.3095,0.5137468145630532,0.4285631928390607,2.1666263856781214,0.4523736143218787,2.595189578517182,0.02381042148281809,3.023752771356243,-0.40475277135624266
20180319,DMMO3,DOMMO,2.1,2.16,1.92,1.95,12437117.0,1.5845000000000002,1.331,0.5094731540884584,0.43872075108877295,2.208441502177546,0.45355849782245405,2.647162253266319,0.0148377467336811,3.0858830043550918,-0.42388300435509185
20180320,DMMO3,DOMMO,1.95,1.98,1.39,1.39,16543822.0,1.6005000000000003,1.33875,0.4973453211009957,0.4369074742158123,2.2125649484316248,0.46493505156837556,2.649472422647437,0.028027577352563338,3.0863798968632494,-0.408879896863249
20180321,DMMO3,DOMMO,1.45,1.6,1.35,1.47,12048886.0,1.621,1.3487500000000001,0.4821104918126024,0.43517274789768273,2.2190954957953655,0.47840450420463465,2.654268243693048,0.043231756306951974,3.089440991590731,-0.3919409915907308
20180322,DMMO3,DOMMO,1.5,1.59,1.42,1.47,6741345.0,1.6425,1.35925,0.4640879567268981,0.4328402766936145,2.224930553387229,0.493569446612771,2.6577708300808434,0.060729169919156556,3.090611106774458,-0.372111106774458
20180323,DMMO3,DOMMO,1.49,1.5,1.37,1.41,4091365.0,1.6614999999999998,1.3679999999999999,0.44508160103395333,0.43016514419702917,2.228330288394058,0.5076697116059415,2.6584954325910877,0.07750456740891232,3.088660576788117,-0.3526605767881168
20180326,DMMO3,DOMMO,1.42,1.42,1.25,1.25,3378542.0,1.6729999999999996,1.3719999999999999,0.43036214859972094,0.4282534595785833,2.2285069191571667,0.5154930808428333,2.6567603787357497,0.08723962126425011,3.085013838314333,-0.3410138383143333
20180327,DMMO3,DOMMO,1.26,1.38,1.26,1.37,2506183.0,1.6904999999999994,1.3792499999999999,0.40899716895172533,0.4256300759326826,2.230510151865365,0.5279898481346347,2.6561402277980477,0.10235977220195203,3.08177030373073,-0.3232703037307305
20180328,DMMO3,DOMMO,1.5,1.52,1.29,1.31,5595518.0,1.7054999999999996,1.3852499999999999,0.38767152400752314,0.4228413504995784,2.2309327009991566,0.5395672990008431,2.6537740514987354,0.11672594850126461,3.076615401998313,-0.30611540199831366
20180329,DMMO3,DOMMO,1.28,1.31,1.24,1.3,1692080.0,1.7104999999999992,1.39,0.38140288134037037,0.42073196291152426,2.231463925823048,0.5485360741769514,2.652195888734573,0.12780411126542712,3.0729278516460967,-0.29292785164609714
20180402,DMMO3,DOMMO,1.29,1.34,1.26,1.27,1230045.0,1.7124999999999997,1.39425,0.3788469347902921,0.4185805531641181,2.231411106328236,0.5570888936717638,2.649991659492354,0.1385083405076457,3.0685722126564725,-0.2800722126564723
20180403,DMMO3,DOMMO,1.28,1.3,1.26,1.27,800999.0,1.702,1.399,0.38841919839808425,0.41599309658966216,2.2309861931793242,0.5670138068206757,2.6469792897689866,0.1510207102310135,3.0629723863586484,-0.2649723863586486
20180404,DMMO3,DOMMO,1.26,1.27,1.2,1.22,1022682.0,1.6774999999999998,1.4025,0.40306555559271373,0.4138236339311707,2.2301472678623417,0.5748527321376586,2.6439709017935122,0.16102909820648792,3.0577945357246827,-0.2527945357246828
20180405,DMMO3,DOMMO,1.27,1.35,1.24,1.32,3054544.0,1.6435,1.40825,0.4031099497394566,0.4109581518404303,2.2301663036808606,0.5863336963191395,2.6411244555212905,0.1753755444787093,3.0520826073617213,-0.2355826073617211
20180406,DMMO3,DOMMO,1.36,1.38,1.26,1.28,2802979.0,1.6175000000000002,1.4132500000000001,0.40920815704171093,0.4080685431363651,2.2293870862727303,0.5971129137272699,2.6374556294090956,0.18904437059090484,3.0455241725454605,-0.21902417254546025
20180409,DMMO3,DOMMO,1.27,1.27,1.23,1.24,574290.0,1.5790000000000002,1.4172500000000001,0.40655031409991155,0.4054942378420148,2.2282384756840297,0.6062615243159705,2.6337327135260447,0.2007672864739556,3.039226951368059,-0.20472695136805918
20180410,DMMO3,DOMMO,1.25,1.29,1.22,1.26,1055127.0,1.5295,1.4225,0.37995117414852403,0.401961536621449,2.226423073242898,0.6185769267571021,2.628384609864347,0.21661539013565312,3.030346146485796,-0.18534614648579595
20180411,DMMO3,DOMMO,1.26,1.34,1.25,1.28,1867396.0,1.4810000000000003,1.4275000000000002,0.3432798459443533,0.3988235905889419,2.225147181177884,0.6298528188221164,2.623970771766826,0.2310292282331745,3.022794362355768,-0.1677943623557674
20180412,DMMO3,DOMMO,1.28,1.31,1.27,1.28,1104626.0,1.4320000000000004,1.4330000000000003,0.29240563030075006,0.3951254263700352,2.2232508527400707,0.6427491472599298,2.618376279110106,0.2476237208898946,3.013501705480141,-0.14750170548014063
20180413,DMMO3,DOMMO,1.28,1.31,1.26,1.31,965304.0,1.3875000000000004,1.4390000000000003,0.23055710561023357,0.3912753637228005,2.2215507274456012,0.6564492725543993,2.612826091168402,0.26517390883159897,3.0041014548912024,-0.12610145489120161
20180416,DMMO3,DOMMO,1.3,1.42,1.3,1.34,8151617.0,1.3495000000000004,1.4452500000000001,0.1582295135155525,0.3875365160627458,2.2203230321254916,0.6701769678745085,2.6078595481882374,0.28264045181176267,2.9953960642509836,-0.10489606425098308
20180417,DMMO3,DOMMO,1.33,1.36,1.27,1.27,2572988.0,1.3155000000000003,1.4500000000000004,0.07192649756961322,0.38409400558744033,2.218188011174881,0.6818119888251197,2.602282016762321,0.2977179832376795,2.986376022349762,-0.08637602234976094
20180418,DMMO3,DOMMO,1.29,1.37,1.28,1.33,2121542.0,1.3125000000000004,1.4565000000000003,0.06987771273333226,0.37967293617209275,2.215845872344186,0.6971541276558149,2.5955188085162786,0.3174811914837221,2.975191744688371,-0.06219174468837063
20180419,DMMO3,DOMMO,1.35,1.48,1.31,1.34,4849212.0,1.3060000000000005,1.4635000000000002,0.059771494702302475,0.3747241720628717,2.212948344125744,0.7140516558742569,2.5876725161886154,0.3393274838113851,2.962396688251487,-0.03539668825148645
20180420,DMMO3,DOMMO,1.36,1.36,1.32,1.33,2562441.0,1.2990000000000006,1.4707500000000002,0.04621460238587171,0.36908332392564086,2.208916647851282,0.7325833521487185,2.577999971776923,0.3635000282230776,2.947083295702564,-0.005583295702563218
20180423,DMMO3,DOMMO,1.33,1.37,1.32,1.35,1753887.0,1.2960000000000007,1.4787500000000002,0.04018378829957766,0.36269777982113294,2.2041455596422663,0.7533544403577344,2.566843339463399,0.3906566605366013,2.929541119284532,0.02795888071546848
20180424,DMMO3,DOMMO,1.4,1.41,1.35,1.36,2407532.0,1.3015000000000005,1.4872500000000002,0.041074386948047104,0.3555853786904926,2.1984207573809855,0.776079242619015,2.554006136071478,0.4204938639285223,2.9095915147619706,0.06490848523802972
20180425,DMMO3,DOMMO,1.35,1.36,1.31,1.32,1278379.0,1.2990000000000006,1.4947500000000002,0.0380995924829706,0.34857208723591093,2.1918941744718223,0.7976058255281784,2.540466261707733,0.44903373829226734,2.889038348943644,0.10046165105635652
20180426,DMMO3,DOMMO,1.34,1.35,1.32,1.34,594124.0,1.3005000000000007,1.5030000000000003,0.039132030224276526,0.34061934540119404,2.1842386908023883,0.8217613091976123,2.5248580362035824,0.48114196379641827,2.8654773816047765,0.14052261839522417
20180427,DMMO3,DOMMO,1.34,1.37,1.32,1.34,1179605.0,1.3025000000000007,1.5065000000000004,0.04011496636313927,0.3381362947779391,2.1827725895558787,0.8302274104441222,2.5209088843338177,0.49209111566618313,2.8590451791117566,0.15395482088824397
20180430,DMMO3,DOMMO,1.35,1.39,1.34,1.36,835254.0,1.3070000000000006,1.5097500000000004,0.041307575448986174,0.3360287495331612,2.1818074990663225,0.837692500933678,2.517836248599484,0.5016637514005167,2.853864998132645,0.16563500186735558
20180502,DMMO3,DOMMO,1.36,1.37,1.32,1.33,894652.0,1.3100000000000007,1.5060000000000004,0.04065257161542633,0.3372041913539423,2.180408382707885,0.8315916172921158,2.517612574061827,0.49438742593817353,2.8548167654157695,0.15718323458423122
20180503,DMMO3,DOMMO,1.34,1.36,1.3,1.35,1595329.0,1.316500000000001,1.4970000000000003,0.035581633346137155,0.33642311576422973,2.1698462315284597,0.8241537684715409,2.5062693472926894,0.4877306527073111,2.8426924630569195,0.1513075369430814
20180504,DMMO3,DOMMO,1.34,1.36,1.31,1.31,978235.0,1.3160000000000007,1.4797500000000006,0.03560011827301455,0.3275432052142905,2.1348364104285817,0.8246635895714196,2.462379615642872,0.49712038435712913,2.7899228208571625,0.16957717914283865
20180507,DMMO3,DOMMO,1.33,1.35,1.3,1.3,907020.0,1.3170000000000006,1.4672500000000004,0.03480774263534498,0.3245350717881079,2.1163201435762162,0.8181798564237845,2.440855215364324,0.4936447846356766,2.765390287152432,0.1691097128475687
20180508,DMMO3,DOMMO,1.3,1.32,1.28,1.3,855929.0,1.3200000000000007,1.4495000000000005,0.03008759142727653,0.3133111012298251,2.0761222024596506,0.8228777975403503,2.3894333036894757,0.5095666963105252,2.702744404919301,0.19625559508070012
20180509,DMMO3,DOMMO,1.3,1.33,1.3,1.32,671992.0,1.3230000000000008,1.4262500000000005,0.026576602293627908,0.28567228400065947,1.9975945680013194,0.8549054319986815,2.283266852001979,0.569233147998022,2.5689391360026383,0.2835608639973626
20180510,DMMO3,DOMMO,1.32,1.32,1.28,1.29,1068959.0,1.3235000000000006,1.4022500000000004,0.02580799549711156,0.2531695236246008,1.908589047249202,0.8959109527507988,2.161758570873803,0.6427414291261979,2.4149280944984035,0.38957190550159715
20180511,DMMO3,DOMMO,1.29,1.3,1.28,1.28,666144.0,1.3235000000000006,1.3777500000000005,0.02580799549711156,0.21212583952661562,1.8020016790532316,0.9534983209467692,2.0141275185798473,0.7413724814201537,2.226253358106463,0.529246641893538
20180514,DMMO3,DOMMO,1.29,1.6,1.29,1.6,7977406.0,1.3380000000000007,1.3627500000000006,0.0667753500059791,0.16940298638120727,1.701555972762415,1.0239440272375862,1.8709589591436224,0.8545410408563787,2.04036194552483,0.6851380544751715
20180515,DMMO3,DOMMO,1.52,1.98,1.46,1.79,34250065.0,1.3605000000000007,1.3550000000000004,0.12115561980579456,0.13921022656215631,1.633420453124313,1.0765795468756878,1.7726306796864693,0.9373693203135315,1.9118409062486257,0.7981590937513752
20180516,DMMO3,DOMMO,1.85,1.95,1.61,1.61,26711371.0,1.3775000000000008,1.3465000000000003,0.13122399491748893,0.10906478902527586,1.564629578050552,1.1283704219494486,1.6736943670758277,1.0193056329241728,1.7827591561011036,0.9102408438988968
20180517,DMMO3,DOMMO,1.62,1.9,1.57,1.77,27369518.0,1.3995000000000009,1.3560000000000003,0.15716149923599335,0.12787814712772555,1.6117562942554513,1.1002437057445493,1.739634441383177,0.9723655586168236,1.8675125885109025,0.8444874114890981
20180518,DMMO3,DOMMO,1.8,1.88,1.75,1.82,16131995.0,1.4235000000000009,1.3647500000000004,0.18224549665940012,0.14649735273708547,1.6577447054741712,1.0717552945258295,1.8042420582112568,0.9252579417887439,1.9507394109483422,0.7787605890516585
20180521,DMMO3,DOMMO,1.87,1.97,1.81,1.95,17547354.0,1.4545000000000008,1.3767500000000006,0.21524710402110747,0.17266222398006822,1.722074447960137,1.031425552039864,1.8947366719402052,0.8587633280597959,2.0673988959202734,0.6861011040797277
20180522,DMMO3,DOMMO,2.04,2.17,1.98,2.1,19409799.0,1.4920000000000009,1.3940000000000006,0.25730587981908504,0.20710210537626522,1.808204210752531,0.9797957892474701,2.0153063161287963,0.7726936838712049,2.2224084215050617,0.5655915784949397
20180523,DMMO3,DOMMO,2.07,2.22,2.02,2.08,20871145.0,1.528000000000001,1.4147500000000006,0.2865695469919259,0.2323457580461732,1.879441516092347,0.9500584839076542,2.1117872741385204,0.717712725861481,2.3441330321846934,0.48536696781530786
20180524,DMMO3,DOMMO,2.03,2.06,1.76,1.8,15930240.0,1.5520000000000007,1.4255000000000007,0.2883272993993927,0.2400421971451185,1.9055843942902377,0.9454156057097636,2.1456265914353563,0.7053734085646451,2.3856687885804746,0.4653312114195266
20180525,DMMO3,DOMMO,1.85,1.95,1.75,1.83,10347090.0,1.5765000000000007,1.4385000000000006,0.29017735048904447,0.24758888587789218,1.933677771755785,0.9433222282442162,2.181266657633677,0.695733342366324,2.4288555435115695,0.4481444564884318
20180528,DMMO3,DOMMO,1.77,1.78,1.69,1.72,3424767.0,1.5955000000000008,1.4490000000000005,0.2862916253348004,0.2504539468388929,1.9499078936777863,0.9480921063222147,2.2003618405166794,0.6976381594833219,2.4508157873555723,0.447184212644429
20180529,DMMO3,DOMMO,1.79,1.83,1.73,1.78,4784352.0,1.6165000000000007,1.4617500000000005,0.2834983523575989,0.2540632618574368,1.969876523714874,0.953623476285127,2.223939785572311,0.6995602144276902,2.4780030474297474,0.44549695257025346
20180530,DMMO3,DOMMO,1.79,1.81,1.65,1.65,28487870.0,1.6325000000000007,1.4712500000000004,0.2753920650158312,0.2538138576968834,1.9788777153937671,0.9636222846062336,2.2326915730906505,0.7098084269093501,2.486505430787534,0.4559945692124667
20180601,DMMO3,DOMMO,1.68,1.71,1.42,1.45,10548905.0,1.6375000000000006,1.4770000000000005,0.27086362853502033,0.25056039755019593,1.9781207951003923,0.9758792048996087,2.2286811926505883,0.7253188073494128,2.4792415902007843,0.4747584097992168
20180604,DMMO3,DOMMO,1.49,1.5,1.36,1.43,4127765.0,1.6435000000000006,1.4797500000000006,0.26448112060768025,0.24939400913989734,1.9785380182797954,0.9809619817202059,2.2279320274196923,0.7315679725803086,2.4773260365595897,0.4821739634404112
20180605,DMMO3,DOMMO,1.4,1.42,1.33,1.36,3026641.0,1.6465000000000007,1.4817500000000003,0.2606929026147122,0.24806830635005356,1.9778866127001073,0.9856133872998932,2.225954919050161,0.7375450809498396,2.474023225400215,0.4894767745997861
20180606,DMMO3,DOMMO,1.36,1.36,1.26,1.3,2655818.0,1.6465000000000007,1.4832500000000004,0.2606929026147122,0.24674691175684016,1.9767438235136807,0.9897561764863201,2.223490735270521,0.7430092647294799,2.470237647027361,0.49626235297263976
20180607,DMMO3,DOMMO,1.27,1.31,1.22,1.31,3487412.0,1.6460000000000008,1.4845000000000004,0.26136081130156086,0.24571142131391036,1.975922842627821,0.9930771573721797,2.2216342639417315,0.7473657360582693,2.467345685255642,0.501654314744359
20180608,DMMO3,DOMMO,1.31,1.39,1.27,1.36,3042738.0,1.6495000000000009,1.4865000000000004,0.2567709403134889,0.24432586478948068,1.9751517295789618,0.997848270421039,2.2194775943684424,0.7535224056315584,2.463803459157923,0.5091965408420777
20180611,DMMO3,DOMMO,1.38,1.43,1.34,1.34,2387653.0,1.652500000000001,1.4880000000000004,0.25254233621107364,0.24320720299724466,1.9744144059944897,1.0015855940055112,2.2176216089917347,0.7583783910082664,2.460828811988979,0.5151711880110218
20180612,DMMO3,DOMMO,1.33,1.36,1.3,1.36,2606339.0,1.6405000000000007,1.4892500000000004,0.2607373148753754,0.24239602582000536,1.9740420516400112,1.0044579483599896,2.2164380774600163,0.7620619225399843,2.458834103280022,0.519665896719979
20180613,DMMO3,DOMMO,1.39,1.48,1.34,1.43,5205761.0,1.622500000000001,1.4915000000000003,0.262295032759917,0.24139073548810144,1.974281470976203,1.0087185290237974,2.215672206464305,0.7673277935356959,2.457062941952406,0.5259370580475945
20180614,DMMO3,DOMMO,1.44,1.58,1.44,1.58,4849689.0,1.6210000000000009,1.4992500000000002,0.26245601135187674,0.2390621365423736,1.9773742730847474,1.021125726915253,2.216436409627121,0.7820635903728794,2.4554985461694945,0.5430014538305058
20180615,DMMO3,DOMMO,1.65,1.68,1.52,1.64,6983755.0,1.6145000000000007,1.5070000000000001,0.26017150214102125,0.23845872620343217,1.9839174524068643,1.0300825475931359,2.222376178610297,0.7916238213897036,2.460834904813729,0.5531650951862714
20180618,DMMO3,DOMMO,1.63,1.71,1.56,1.65,3996525.0,1.6060000000000005,1.51475,0.25584534802349407,0.23792896483549794,1.990607929670996,1.038892070329004,2.228536894506494,0.8009631054935062,2.4664658593419917,0.5630341406580083
20180619,DMMO3,DOMMO,1.64,1.68,1.48,1.48,4602890.0,1.5825000000000005,1.5185,0.2438911534616248,0.23611763691333557,1.990735273826671,1.0462647261733289,2.2268529107400066,0.8101470892599932,2.462970547653342,0.5740294523466577
20180620,DMMO3,DOMMO,1.53,1.53,1.38,1.4,3628815.0,1.5475000000000005,1.51975,0.2141292034951642,0.23533377823739302,1.990417556474786,1.049082443525214,2.225751334712179,0.8137486652878209,2.461085112949572,0.5784148870504279
20180621,DMMO3,DOMMO,1.41,1.42,1.33,1.34,1732131.0,1.5105000000000008,1.51925,0.17819194263785457,0.2357028496504288,1.9906556993008575,1.0478443006991425,2.2263585489512865,0.8121414510487136,2.462061398601715,0.5764386013982848
20180622,DMMO3,DOMMO,1.37,1.41,1.35,1.36,1339883.0,1.4885000000000006,1.52025,0.16740354646309288,0.23491938060665551,1.9900887612133111,1.050411238786689,2.2250081418199668,0.8154918581800336,2.4599275224266224,0.580572477573378
20180625,DMMO3,DOMMO,1.36,1.43,1.36,1.39,1671674.0,1.4665000000000006,1.5215,0.1479429121761424,0.23406716108295753,1.9896343221659152,1.053365677834085,2.2237014832488726,0.8192985167511275,2.4577686443318303,0.58523135566817
20180626,DMMO3,DOMMO,1.4,1.41,1.36,1.36,1537491.0,1.4485000000000006,1.5219999999999998,0.1369700312976679,0.2336905690251135,1.9893811380502269,1.0546188619497727,2.2230717070753405,0.8209282929246593,2.456762276100454,0.5872377238995458
20180627,DMMO3,DOMMO,1.36,1.39,1.35,1.36,902926.0,1.4275000000000007,1.5219999999999998,0.11368817000902048,0.2336905690251135,1.9893811380502269,1.0546188619497727,2.2230717070753405,0.8209282929246593,2.456762276100454,0.5872377238995458
20180628,DMMO3,DOMMO,1.37,1.5,1.34,1.42,3582625.0,1.4160000000000008,1.5242499999999999,0.10091163409011278,0.23222322925393896,1.988696458507878,1.0598035414921219,2.2209196877618167,0.8275803122381831,2.4531429170157555,0.5953570829842441
20180629,DMMO3,DOMMO,1.46,1.51,1.42,1.42,3171302.0,1.4145000000000008,1.526,0.10060213453840919,0.23113765462298577,1.9882753092459715,1.0637246907540285,2.2194129638689573,0.8325870361310427,2.4505506184919432,0.6014493815080569
20180702,DMMO3,DOMMO,1.36,1.39,1.34,1.37,2207573.0,1.4115000000000009,1.5274999999999999,0.1010093794498416,0.2298912786514514,1.9872825573029027,1.067717442697097,2.217173835954354,0.8378261640456457,2.4470651146058056,0.6079348853941943
20180703,DMMO3,DOMMO,1.38,1.39,1.35,1.36,1275957.0,1.4115000000000009,1.529,0.1010093794498416,0.22856071403458486,1.9861214280691697,1.0718785719308301,2.2146821421037544,0.8433178578962454,2.4432428561383395,0.6147571438616605
20180704,DMMO3,DOMMO,1.37,1.44,1.37,1.39,2001105.0,1.4160000000000008,1.53125,0.09773217969209726,0.22668387001080645,1.984617740021613,1.077882259978387,2.2113016100324194,0.8511983899675807,2.437985480043226,0.6245145199567742
20180705,DMMO3,DOMMO,1.43,1.48,1.38,1.4,2659133.0,1.420500000000001,1.53325,0.09461695630833086,0.22511976869304376,1.9834895373860875,1.0830104626139125,2.2086093060791314,0.8578906939208687,2.433729074772175,0.632770925227825
20180706,DMMO3,DOMMO,1.42,1.42,1.37,1.37,726829.0,1.421000000000001,1.53525,0.09430633176264612,0.22325089370137086,1.9817517874027417,1.0887482125972583,2.2050026811041126,0.8654973188958874,2.4282535748054834,0.6422464251945166
20180710,DMMO3,DOMMO,1.39,1.45,1.38,1.4,2074111.0,1.4240000000000008,1.53825,0.09253164465823491,0.22052254376297123,1.9792950875259423,1.0972049124740575,2.1998176312889135,0.8766823687110862,2.420340175051885,0.656159824948115
20180711,DMMO3,DOMMO,1.41,1.41,1.33,1.33,4118808.0,1.4225000000000008,1.5314999999999999,0.0938573946277849,0.22270539353076202,1.976910787061524,1.0860892129384758,2.199616180592286,0.8633838194077138,2.422321574123048,0.6406784258769518
20180712,DMMO3,DOMMO,1.35,1.37,1.32,1.36,884684.0,1.419000000000001,1.5207499999999998,0.09486278178727954,0.22027241292870786,1.9612948258574154,1.0802051741425842,2.1815672387861236,0.8599327612138763,2.4018396517148313,0.6396603482851684
20180713,DMMO3,DOMMO,1.37,1.38,1.34,1.34,1282199.0,1.4070000000000007,1.5139999999999998,0.08838313723425072,0.2216002406737546,1.957200481347509,1.0707995186524906,2.1788007220212635,0.849199277978736,2.4004009626950182,0.6275990373049813
20180716,DMMO3,DOMMO,1.35,1.38,1.34,1.37,720399.0,1.3935000000000008,1.5039999999999998,0.06953037957763868,0.2187587360892907,1.9415174721785813,1.0664825278214183,2.160276208267872,0.8477237917321276,2.3790349443571626,0.628965055642837
20180717,DMMO3,DOMMO,1.37,1.38,1.35,1.37,1275134.0,1.3795000000000008,1.4927499999999996,0.03456115860631019,0.21360144410344298,1.9199528882068855,1.0655471117931137,2.1335543323103288,0.8519456676896706,2.3471557764137714,0.6383442235862277
20180718,DMMO3,DOMMO,1.37,1.41,1.36,1.38,1647369.0,1.3745000000000007,1.4784999999999997,0.025230516193063265,0.2009534963425794,1.8804069926851585,1.0765930073148409,2.081360489027738,0.8756395109722616,2.282313985370317,0.6746860146296821
20180719,DMMO3,DOMMO,1.38,1.63,1.36,1.49,10186128.0,1.379000000000001,1.4632499999999997,0.03582119337399084,0.17390518342048414,1.811060366840968,1.1154396331590315,1.9849655502614523,0.9415344497385473,2.1588707336819364,0.7676292663180632
20180720,DMMO3,DOMMO,1.53,1.57,1.39,1.39,7034787.0,1.3815000000000008,1.4459999999999997,0.03468277291166476,0.14255543231336618,1.7311108646267321,1.1608891353732673,1.8736662969400983,1.0183337030599011,2.0162217292534645,0.875778270746535
20180723,DMMO3,DOMMO,1.41,1.43,1.39,1.4,2108642.0,1.3835000000000008,1.4359999999999997,0.03453068810569277,0.13061589803891518,1.69723179607783,1.1747682039221694,1.8278476941167452,1.0441523058832543,1.9584635921556606,0.913536407844339
20180724,DMMO3,DOMMO,1.41,1.47,1.4,1.4,5259505.0,1.3840000000000008,1.4252499999999997,0.034701736646971855,0.11399477046034692,1.6532395409206935,1.197260459079306,1.7672343113810405,1.0832656886189589,1.8812290818413873,0.969270918158612
20180725,DMMO3,DOMMO,1.42,1.43,1.37,1.37,4395031.0,1.3845000000000007,1.4164999999999996,0.034408536272574175,0.10376378499709128,1.6240275699941822,1.2089724300058171,1.7277913549912736,1.1052086450087257,1.8315551399883647,1.0014448600116346
20180726,DMMO3,DOMMO,1.39,1.4,1.35,1.36,2169375.0,1.3845000000000007,1.4059999999999997,0.034408536272574175,0.08571868120597655,1.5774373624119529,1.2345626375880465,1.6631560436179293,1.14884395638207,1.7488747248239058,1.0631252751760936
20180727,DMMO3,DOMMO,1.36,1.39,1.36,1.38,1211508.0,1.3825000000000007,1.3992499999999999,0.03338373382667863,0.07610342153431943,1.5514568430686388,1.247043156931361,1.627560264602958,1.1709397353970417,1.7036636861372776,1.0948363138627222
20180730,DMMO3,DOMMO,1.39,1.4,1.36,1.38,970705.0,1.3805000000000007,1.3974999999999997,0.032195946132524536,0.07571031159657732,1.5489206231931543,1.2460793768068452,1.6246309347897316,1.1703690652102678,1.700341246386309,1.0946587536136905
20180731,DMMO3,DOMMO,1.39,1.39,1.36,1.37,2014784.0,1.3805000000000007,1.3959999999999997,0.032195946132524536,0.07564424156570568,1.547288483131411,1.2447115168685883,1.6229327246971168,1.1690672753028826,1.6985769662628223,1.093423033737177
20180801,DMMO3,DOMMO,1.38,1.46,1.36,1.4,6289168.0,1.3825000000000007,1.3969999999999998,0.032097712658299145,0.07542019045457707,1.5478403809091539,1.2461596190908457,1.623260571363731,1.1707394286362687,1.698680761818308,1.0953192381816916
20180802,DMMO3,DOMMO,1.4,1.41,1.37,1.37,1954060.0,1.3815000000000006,1.3987499999999997,0.0321632349773857,0.07390872749546935,1.5465674549909385,1.250932545009061,1.6204761824864078,1.1770238175135916,1.694384909981877,1.1031150900181224
20180803,DMMO3,DOMMO,1.39,1.42,1.37,1.38,2749376.0,1.3805000000000007,1.4004999999999996,0.03186732363706552,0.07257003690511533,1.5456400738102303,1.255359926189769,1.6182101107153457,1.1827898892846536,1.690780147620461,1.1102198523795384
20180806,DMMO3,DOMMO,1.37,1.4,1.35,1.37,2449870.0,1.3805000000000007,1.4007499999999997,0.03186732363706552,0.07244405445335435,1.5456381089067084,1.255861891093291,1.6180821633600628,1.1834178366399366,1.690526217813417,1.1109737821865824
20180807,DMMO3,DOMMO,1.38,1.4,1.34,1.36,2276123.0,1.3785000000000007,1.4012499999999997,0.03183427480926147,0.07208212908434987,1.5454142581686994,1.2570857418313,1.6174963872530492,1.18500361274695,1.689578516337399,1.1129214836626002
20180808,DMMO3,DOMMO,1.37,1.37,1.35,1.36,1485255.0,1.3800000000000008,1.4012499999999997,0.030087591427276756,0.07208212908434987,1.5454142581686994,1.2570857418313,1.6174963872530492,1.18500361274695,1.689578516337399,1.1129214836626002
20180809,DMMO3,DOMMO,1.36,1.38,1.35,1.35,1336374.0,1.3795000000000008,1.3992499999999997,0.030517466957034375,0.07237323134546476,1.5439964626909293,1.25450353730907,1.6163696940363939,1.1821303059636055,1.6887429253818587,1.1097570746181407
20180810,DMMO3,DOMMO,1.34,1.34,1.2,1.23,6264960.0,1.374000000000001,1.3904999999999996,0.04465069104197961,0.0711066371455816,1.5327132742911629,1.2482867257088364,1.6038199114367444,1.1771800885632548,1.674926548582326,1.1060734514176733
20180813,DMMO3,DOMMO,1.23,1.32,1.17,1.31,4446836.0,1.3710000000000009,1.3822499999999995,0.04689293516534294,0.05963510839971475,1.501520216799429,1.26297978320057,1.5611553251991437,1.2033446748008554,1.6207904335988585,1.1437095664011405
20180814,DMMO3,DOMMO,1.33,1.43,1.31,1.4,8249377.0,1.3725000000000007,1.3759999999999997,0.0473369778680918,0.041062803681110614,1.4581256073622209,1.2938743926377785,1.4991884110433316,1.2528115889566678,1.540251214724442,1.2117487852755573
20180815,DMMO3,DOMMO,1.49,1.51,1.3,1.35,13350467.0,1.3710000000000009,1.3727499999999997,0.0475615944135381,0.037620745777032394,1.4479914915540646,1.2975085084459348,1.485612237331097,1.2598877626689025,1.5232329831081293,1.2222670168918701
20180816,DMMO3,DOMMO,1.35,1.36,1.3,1.3,2944648.0,1.3615000000000008,1.3702499999999997,0.04107438694804711,0.03905863442411312,1.448367268848226,1.2921327311517734,1.4874259032723391,1.2530740967276603,1.5264845376964522,1.2140154623035473
20180817,DMMO3,DOMMO,1.3,1.38,1.25,1.35,5398850.0,1.359500000000001,1.3704999999999996,0.04058454463410797,0.03889169709030057,1.4482833941806008,1.2927166058193984,1.4871750912709012,1.253824908729098,1.5260667883612018,1.2149332116387974
20180820,DMMO3,DOMMO,1.34,1.39,1.31,1.33,2738681.0,1.356000000000001,1.3697499999999996,0.03992097456884441,0.03938550429685446,1.4485210085937086,1.2909789914062906,1.4879065128905629,1.2515934871094363,1.5272920171874174,1.2122079828125818
20180821,DMMO3,DOMMO,1.34,1.34,1.29,1.31,2564114.0,1.351500000000001,1.3677499999999996,0.03977237867242998,0.04035022956118863,1.4484504591223768,1.2870495408776224,1.4888006886835654,1.2466993113164337,1.529150918244754,1.2063490817552451
20180822,DMMO3,DOMMO,1.3,1.33,1.29,1.33,1412337.0,1.349500000000001,1.3669999999999995,0.03979883626968327,0.04077455214424431,1.4485491042884882,1.285450895711511,1.4893236564327326,1.2446763435672665,1.5300982085769768,1.2039017914230223
20180823,DMMO3,DOMMO,1.33,1.35,1.29,1.33,2219376.0,1.3480000000000012,1.3662499999999995,0.03994733374937824,0.04118049700201456,1.4486109940040286,1.2838890059959704,1.4897914910060432,1.2427085089939558,1.5309719880080577,1.2015280119919414
20180824,DMMO3,DOMMO,1.34,1.34,1.31,1.31,1415068.0,1.3445000000000011,1.3634999999999997,0.0400624512480203,0.04117193467797944,1.4458438693559585,1.2811561306440409,1.487015804033938,1.2399841959660614,1.5281877387119174,1.198812261288082
20180827,DMMO3,DOMMO,1.31,1.34,1.3,1.32,1175430.0,1.3415000000000012,1.3609999999999995,0.039506828190633225,0.04068641807021378,1.442372836140427,1.279627163859572,1.4830592542106409,1.2389407457893582,1.5237456722808547,1.1982543277191444
20180828,DMMO3,DOMMO,1.33,1.33,1.3,1.32,1313649.0,1.339000000000001,1.3597499999999996,0.03918914994847695,0.041168042123803955,1.4420860842476075,1.2774139157523916,1.4832541263714114,1.2362458736285877,1.5244221684952155,1.1950778315047836
20180829,DMMO3,DOMMO,1.33,1.33,1.3,1.3,1123869.0,1.3340000000000012,1.3582499999999995,0.037332080179469214,0.042237879463084646,1.4427257589261688,1.2737742410738302,1.4849636383892535,1.2315363616107455,1.5272015178523382,1.1892984821476609
20180830,DMMO3,DOMMO,1.3,1.38,1.3,1.38,4251780.0,1.3345000000000011,1.3579999999999997,0.037902228791568744,0.04207441515049279,1.4421488303009853,1.273851169699014,1.484223245451478,1.2317767545485212,1.526297660601971,1.1897023393980284
20180831,DMMO3,DOMMO,1.38,2.0,1.35,2.0,20568599.0,1.3655000000000013,1.3729999999999998,0.1537076856620349,0.10982970500990931,1.5926594100198184,1.1533405899801812,1.7024891150297277,1.043510884970272,1.812318820039637,0.9336811799603626
20180903,DMMO3,DOMMO,1.72,1.89,1.5,1.5,26052703.0,1.3720000000000012,1.3762499999999998,0.15662896149482494,0.11164705147277151,1.5995441029455428,1.1529558970544567,1.7111911544183143,1.0413088455816852,1.822838205891086,0.9296617941089137
20180904,DMMO3,DOMMO,1.53,1.56,1.38,1.42,9232216.0,1.375000000000001,1.37675,0.15696127581433308,0.11180081876678125,1.6003516375335625,1.1531483624664374,1.7121524563003436,1.0413475436996562,1.823953275067125,0.9295467249328749
20180905,DMMO3,DOMMO,1.43,1.45,1.38,1.41,4170914.0,1.377500000000001,1.3787499999999997,0.15710790793859514,0.1116585339556623,1.6020670679113242,1.1554329320886751,1.7137256018669866,1.0437743981330128,1.8253841358226488,0.9321158641773505
20180906,DMMO3,DOMMO,1.41,1.55,1.4,1.46,7016096.0,1.3830000000000011,1.3812499999999999,0.15801732083607326,0.11234533527910247,1.6059406705582049,1.1565593294417948,1.7182860058373073,1.0442139941626924,1.8306313411164097,0.93186865888359
20180910,DMMO3,DOMMO,1.47,1.49,1.41,1.41,2710428.0,1.392000000000001,1.3829999999999996,0.153917271012026,0.1122314458424956,1.6074628916849907,1.1585371083150084,1.7196943375274865,1.0463056624725127,1.831925783369982,0.9340742166300171
20180911,DMMO3,DOMMO,1.41,1.41,1.37,1.38,2474358.0,1.395500000000001,1.3832499999999999,0.15274591905996598,0.1122128814763722,1.6076757629527443,1.1588242370472555,1.7198886444291164,1.0466113555708834,1.8321015259054887,0.934398474094511
20180912,DMMO3,DOMMO,1.39,1.41,1.37,1.39,1459387.0,1.3950000000000011,1.3837499999999998,0.1527467804811886,0.11219688509776289,1.6081437701955257,1.159356229804474,1.7203406552932885,1.0471593447067111,1.8325375403910513,0.9349624596089483
20180913,DMMO3,DOMMO,1.39,1.43,1.37,1.38,2385907.0,1.396500000000001,1.3837499999999998,0.15242858552191096,0.11219688509776289,1.6081437701955257,1.159356229804474,1.7203406552932885,1.0471593447067111,1.8325375403910513,0.9349624596089483
20180914,DMMO3,DOMMO,1.39,1.41,1.37,1.39,1821005.0,1.4010000000000011,1.3812499999999999,0.150749007153927,0.11087501626051208,1.603000032521024,1.1594999674789757,1.713875048781536,1.0486249512184638,1.824750065042048,0.9377499349579516
20180917,DMMO3,DOMMO,1.4,1.41,1.38,1.39,1336114.0,1.403000000000001,1.3812499999999999,0.15030145147599033,0.11087501626051208,1.603000032521024,1.1594999674789757,1.713875048781536,1.0486249512184638,1.824750065042048,0.9377499349579516
20180918,DMMO3,DOMMO,1.4,1.45,1.39,1.4,3287532.0,1.4065000000000007,1.3812499999999999,0.14932391495988634,0.11087501626051208,1.603000032521024,1.1594999674789757,1.713875048781536,1.0486249512184638,1.824750065042048,0.9377499349579516
20180919,DMMO3,DOMMO,1.4,1.43,1.39,1.42,2787633.0,1.412000000000001,1.3817499999999998,0.1475983169209417,0.11100675655111984,1.6037635131022394,1.1597364868977602,1.7147702696533593,1.0487297303466403,1.8257770262044792,0.9377229737955204
20180920,DMMO3,DOMMO,1.43,1.43,1.39,1.4,2135356.0,1.4155000000000009,1.3824999999999998,0.14637640735985752,0.11102667732091537,1.6045533546418307,1.160446645358169,1.7155800319627459,1.0494199680372538,1.8266067092836613,0.9383932907163384
20180921,DMMO3,DOMMO,1.41,1.55,1.4,1.55,8587126.0,1.4265000000000008,1.3872499999999999,0.1478717438579087,0.11406222997860374,1.6153744599572073,1.1591255400427924,1.7294366899358111,1.0450633100641886,1.8434989199144147,0.9310010800855849
20180924,DMMO3,DOMMO,1.52,1.72,1.46,1.66,17024887.0,1.4440000000000008,1.3942499999999998,0.15394462435701045,0.12192657521471406,1.638103150429428,1.1503968495705716,1.760029725644142,1.0284702743558576,1.881956300858856,0.9065436991411435
20180925,DMMO3,DOMMO,1.64,1.8,1.6,1.68,24353443.0,1.4620000000000009,1.4017499999999996,0.15962455951387935,0.12998791857076006,1.6617258371415198,1.1417741628584794,1.7917137557122798,1.0117862442877195,1.9217016742830397,0.8817983257169594
20180926,DMMO3,DOMMO,1.65,1.69,1.4,1.4,25713112.0,1.4660000000000006,1.4024999999999996,0.1568572935069192,0.12988653825748225,1.662273076514964,1.1427269234850352,1.7921596147724463,1.012840385227553,1.9220461530299287,0.8829538469700706
20180927,DMMO3,DOMMO,1.38,1.46,1.38,1.4,5179621.0,1.4710000000000005,1.4024999999999996,0.15282945431186742,0.12988653825748225,1.662273076514964,1.1427269234850352,1.7921596147724463,1.012840385227553,1.9220461530299287,0.8829538469700706
20180928,DMMO3,DOMMO,1.42,1.44,1.4,1.42,3027707.0,1.4730000000000005,1.4037499999999998,0.1518343973232888,0.12980631528234313,1.663362630564686,1.1441373694353136,1.7931689458470292,1.0143310541529704,1.9229752611293724,0.8845247388706273
20181001,DMMO3,DOMMO,1.42,1.43,1.39,1.41,4028148.0,1.4435000000000007,1.4044999999999996,0.08791592874056328,0.12975222936674577,1.6640044587334912,1.144995541266508,1.793756688100237,1.0152433118997624,1.9235089174669828,0.8854910825330166
20181002,DMMO3,DOMMO,1.41,1.42,1.39,1.4,5767471.0,1.4385000000000006,1.4052499999999997,0.08737547530177182,0.12963434769598556,1.6645186953919708,1.1459813046080285,1.7941530430879564,1.016346956912043,1.923787390783942,0.8867126092160574
20181003,DMMO3,DOMMO,1.41,1.45,1.4,1.42,13909671.0,1.4385000000000006,1.4067499999999997,0.08737547530177182,0.12944432522645752,1.6656386504529148,1.1478613495470846,1.7950829756793723,1.0184170243206272,1.92452730090583,0.8889726990941696
20181004,DMMO3,DOMMO,1.43,1.48,1.41,1.47,13726022.0,1.4415000000000004,1.4094999999999998,0.08737547530177184,0.12959404069869476,1.6686880813973892,1.1503119186026103,1.798282122096084,1.0207178779039154,1.927876162794779,0.8911238372052207
20181005,DMMO3,DOMMO,1.49,1.52,1.42,1.44,5467655.0,1.4405000000000006,1.4117499999999996,0.08726698296486185,0.12931550564413985,1.6703810112882793,1.15311898871172,1.799696516932419,1.0238034830675802,1.929012022576559,0.8944879774234402
20181008,DMMO3,DOMMO,1.46,1.5,1.44,1.44,2448948.0,1.4420000000000006,1.4169999999999996,0.08697246993339791,0.1259670286531038,1.6689340573062073,1.165065942693792,1.794901085959311,1.039098914040688,1.9208681146124147,0.9131318853875844
20181009,DMMO3,DOMMO,1.46,1.48,1.4,1.42,11854380.0,1.4440000000000006,1.4197499999999996,0.0859253041585356,0.12476619159091987,1.6692823831818393,1.17021761681816,1.7940485747727593,1.04545142522724,1.918814766363679,0.9206852336363202
20181010,DMMO3,DOMMO,1.42,1.49,1.4,1.46,8097298.0,1.4475000000000007,1.4212499999999997,0.0850309541161026,0.12488327883801295,1.6710165576760256,1.1714834423239737,1.7958998365140384,1.046600163485961,1.9207831153520516,0.9217168846479479
20181011,DMMO3,DOMMO,1.47,1.6,1.44,1.57,11585376.0,1.4570000000000007,1.4267499999999997,0.08766563270686378,0.12649896117947662,1.679747922358953,1.1737520776410464,1.8062468835384295,1.04725311646157,1.9327458447179062,0.9207541552820933
20181015,DMMO3,DOMMO,1.57,1.63,1.46,1.46,10614881.0,1.4605000000000008,1.4307499999999997,0.08623560139158552,0.12490791479921011,1.68056582959842,1.1809341704015794,1.80547374439763,1.0560262556023694,1.9303816591968401,0.9311183408031594
20181016,DMMO3,DOMMO,1.45,1.55,1.45,1.51,6258635.0,1.4665000000000008,1.4347499999999997,0.08524114400674679,0.12481755916906331,1.6843851183381264,1.185114881661873,1.8092026775071897,1.0602973224928098,1.9340202366762531,0.9354797633237465
20181017,DMMO3,DOMMO,1.53,1.57,1.47,1.48,4526259.0,1.4705000000000008,1.4384999999999997,0.08382155230952802,0.12383922579761787,1.6861784515952354,1.190821548404764,1.8100176773928534,1.066982322607146,1.933856903190471,0.9431430968095282
20181018,DMMO3,DOMMO,1.5,1.51,1.48,1.49,2414497.0,1.4740000000000009,1.4429999999999996,0.08305990228998011,0.12231107881136334,1.6876221576227264,1.1983778423772729,1.8099332364340897,1.0760667635659096,1.932244315245453,0.9537556847545463
20181019,DMMO3,DOMMO,1.49,1.51,1.47,1.48,2026373.0,1.478000000000001,1.4467499999999995,0.0812144659139257,0.12105068868357902,1.6888513773671576,1.2046486226328414,1.8099020660507366,1.0835979339492625,1.9309527547343155,0.9625472452656835
20181022,DMMO3,DOMMO,1.49,1.51,1.47,1.48,2129406.0,1.474500000000001,1.4504999999999995,0.07943716484048714,0.11965655981889099,1.6898131196377815,1.2111868803622174,1.8094696794566725,1.0915303205433264,1.9291262392755635,0.9718737607244354
20181023,DMMO3,DOMMO,1.49,1.49,1.46,1.47,1977656.0,1.465000000000001,1.4544999999999995,0.06637215649573801,0.11749413515095687,1.6894882703019132,1.2195117296980857,1.80698240545287,1.1020175945471289,1.924476540603827,0.984523459396172
20181024,DMMO3,DOMMO,1.46,1.48,1.42,1.48,4019239.0,1.455000000000001,1.4584999999999995,0.04334682650922735,0.11550446766805851,1.6895089353361166,1.2274910646638824,1.8050134030041751,1.1119865969958238,1.9205178706722335,0.9964821293277655
20181025,DMMO3,DOMMO,1.48,1.49,1.44,1.48,3286214.0,1.459000000000001,1.4624999999999992,0.0416628068387646,0.11333521868718176,1.6891704373743628,1.2358295626256357,1.8025056560615444,1.122494343938454,1.9158408747487263,1.0091591252512722
20181026,DMMO3,DOMMO,1.48,1.57,1.45,1.51,4497527.0,1.4645000000000012,1.4677499999999992,0.0407140218959926,0.11044171220544939,1.688633424410898,1.2468665755891004,1.7990751366163473,1.1364248633836511,1.9095168488217968,1.0259831511782016
20181029,DMMO3,DOMMO,1.53,1.55,1.47,1.47,3156412.0,1.4670000000000012,1.4699999999999993,0.039349981609037306,0.1095211020528524,1.689042204105704,1.2509577958942946,1.7985633061585564,1.1414366938414422,1.9080844082114088,1.0319155917885898
20181030,DMMO3,DOMMO,1.48,1.56,1.47,1.52,4104503.0,1.4725000000000013,1.4579999999999993,0.03864480628275381,0.0686200987227319,1.595240197445463,1.3207598025545355,1.663860296168195,1.2521397038318036,1.7324803948909269,1.1835196051090717
20181031,DMMO3,DOMMO,1.53,1.6,1.52,1.52,5252907.0,1.4785000000000013,1.4584999999999995,0.03602265369107826,0.06900575970014673,1.596511519400293,1.320488480599706,1.6655172791004396,1.2514827208995594,1.7345230388005863,1.1824769611994126
20181101,DMMO3,DOMMO,1.54,1.56,1.52,1.54,3074293.0,1.4845000000000013,1.4614999999999994,0.03575869419492687,0.06989185785820345,1.6012837157164062,1.3217162842835926,1.6711755735746097,1.251824426425389,1.7410674314328132,1.1819325685671855
20181105,DMMO3,DOMMO,1.54,1.72,1.54,1.63,11995485.0,1.4925000000000013,1.4669999999999994,0.04810897716861689,0.07425527694275787,1.6155105538855152,1.3184894461144836,1.689765830828273,1.2442341691717258,1.7640211077710308,1.169978892228968
20181106,DMMO3,DOMMO,1.62,1.7,1.61,1.66,5163913.0,1.5035000000000012,1.4719999999999993,0.05931849804678369,0.08026239020893154,1.6325247804178624,1.3114752195821362,1.7127871706267939,1.2312128293732048,1.7930495608357255,1.150950439164273
20181107,DMMO3,DOMMO,1.65,1.78,1.64,1.65,9208359.0,1.5140000000000011,1.4779999999999993,0.06572670690061959,0.08437401471409228,1.646748029428184,1.3092519705718146,1.731122044142276,1.2248779558577225,1.8154960588563684,1.1405039411436302
20181108,DMMO3,DOMMO,1.67,1.68,1.58,1.64,3267179.0,1.525000000000001,1.4844999999999993,0.06755115021031685,0.08661586282146698,1.6577317256429331,1.3112682743570654,1.7443475884644002,1.2246524115355983,1.8309634512858672,1.1380365487141313
20181109,DMMO3,DOMMO,1.64,1.67,1.6,1.62,1996197.0,1.5330000000000008,1.4902499999999992,0.06890878792020305,0.08780770073115339,1.665865401462306,1.3146345985376924,1.7536731021934593,1.226826897806539,1.8414808029246128,1.1390191970753856
20181112,DMMO3,DOMMO,1.64,1.7,1.62,1.66,2287899.0,1.5375000000000008,1.497249999999999,0.07418859325004748,0.08992839031482143,1.677106780629642,1.3173932193703561,1.7670351709444634,1.2274648290555348,1.8569635612592847,1.1375364387407134
20181113,DMMO3,DOMMO,1.67,1.72,1.65,1.67,4025054.0,1.5480000000000007,1.5042499999999992,0.07743248332375857,0.09223402509169197,1.6887180501833832,1.3197819498166152,1.7809520752750752,1.2275479247249232,1.8731861003667671,1.1353138996332313
20181114,DMMO3,DOMMO,1.67,1.68,1.59,1.63,2967692.0,1.5540000000000007,1.5102499999999992,0.07896701509924349,0.09241732271853051,1.6950846454370603,1.3254153545629381,1.7875019681555906,1.2329980318444078,1.8799192908741214,1.140580709125877
20181116,DMMO3,DOMMO,1.64,1.67,1.6,1.63,3783407.0,1.5615000000000008,1.5159999999999993,0.07869160324362802,0.09253689492886823,1.7010737898577357,1.330926210142263,1.793610684786604,1.2383893152133947,1.8861475797154723,1.1458524202845264
20181119,DMMO3,DOMMO,1.63,1.66,1.61,1.61,2846471.0,1.567500000000001,1.5207499999999992,0.077519097816704,0.09235904020555749,1.7054680804111142,1.3360319195888841,1.7978271206166716,1.2436728793833267,1.8901861608222292,1.151313839177769
20181121,DMMO3,DOMMO,1.61,1.62,1.58,1.58,2247641.0,1.5725000000000011,1.5252499999999993,0.07475398246740286,0.09069496636019224,1.7066399327203838,1.3438600672796148,1.797334899080576,1.2531651009194227,1.8880298654407683,1.1624701345592303
20181122,DMMO3,DOMMO,1.59,1.61,1.55,1.59,2226134.0,1.578000000000001,1.5262499999999994,0.07156888474160977,0.0911940028392527,1.7086380056785049,1.343861994321494,1.7998320085177575,1.2526679914822414,1.8910260113570103,1.1614739886429886
20181123,DMMO3,DOMMO,1.58,1.61,1.56,1.56,1685554.0,1.582500000000001,1.5237499999999995,0.0671114548227125,0.08877189148569606,1.7012937829713917,1.3462062170286073,1.7900656744570878,1.2574343255429112,1.8788375659427836,1.1686624340572154
20181126,DMMO3,DOMMO,1.58,1.63,1.58,1.59,2865051.0,1.5880000000000012,1.5214999999999996,0.06262671365446074,0.08580090251153745,1.6931018050230746,1.3498981949769246,1.778902707534612,1.2640972924653873,1.8647036100461494,1.1782963899538499
20181127,DMMO3,DOMMO,1.6,1.6,1.56,1.56,1199090.0,1.592000000000001,1.5254999999999996,0.057728949227811945,0.08369511213249718,1.692890224264994,1.3581097757350054,1.776585336397491,1.2744146636025082,1.8602804485299884,1.1907195514700109
20181128,DMMO3,DOMMO,1.57,1.59,1.55,1.58,1547821.0,1.595500000000001,1.5299999999999998,0.05452908446537038,0.08158682648816375,1.6931736529763273,1.3668263470236723,1.7747604794644911,1.2852395205355085,1.8563473059526547,1.2036526940473449
20181129,DMMO3,DOMMO,1.58,1.58,1.55,1.57,997941.0,1.600500000000001,1.5337499999999997,0.04639362478889256,0.07982954597300357,1.6934090919460068,1.3740909080539927,1.7732386379190104,1.294261362080989,1.853068183892014,1.2144318161079855
20181130,DMMO3,DOMMO,1.58,1.6,1.56,1.56,2245126.0,1.602500000000001,1.5374999999999999,0.04351345829317054,0.07735200923914527,1.6922040184782905,1.3827959815217092,1.7695560277174356,1.3054439722825641,1.846908036956581,1.2280919630434188
20181203,DMMO3,DOMMO,1.58,1.58,1.55,1.56,1146207.0,1.604500000000001,1.5414999999999999,0.040324342915649104,0.07412913195989611,1.6897582639197921,1.3932417360802076,1.7638873958796881,1.3191126041203116,1.8380165278395844,1.2449834721604154
20181204,DMMO3,DOMMO,1.56,1.68,1.55,1.57,7247897.0,1.606000000000001,1.5452499999999998,0.03830624519647604,0.07157522490717236,1.6884004498143446,1.402099550185655,1.759975674721517,1.3305243252784826,1.8315508996286893,1.2589491003713102
20181205,DMMO3,DOMMO,1.58,1.63,1.56,1.57,3043068.0,1.6030000000000009,1.54775,0.03867543760171465,0.07061951135921907,1.688989022718438,1.4065109772815618,1.7596085340776573,1.3358914659223426,1.8302280454368762,1.2652719545631237
20181206,DMMO3,DOMMO,1.57,1.58,1.48,1.5,5490199.0,1.5950000000000009,1.54925,0.04261208131133859,0.06888814791440113,1.6870262958288023,1.4114737041711978,1.7559144437432035,1.3425855562567965,1.8248025916576045,1.2736974083423955
20181207,DMMO3,DOMMO,1.51,1.54,1.45,1.45,2423037.0,1.5850000000000009,1.5495,0.05155477414209119,0.06849854948866267,1.6864970989773254,1.4125029010226748,1.754995648465988,1.344004351534012,1.8234941979546508,1.2755058020453494
20181210,DMMO3,DOMMO,1.43,1.46,1.31,1.31,6078533.0,1.568500000000001,1.54675,0.07869160324362809,0.07566415335258558,1.6980783067051712,1.395421693294829,1.7737424600577567,1.3197575399422434,1.8494066134103424,1.2440933865896577
20181211,DMMO3,DOMMO,1.33,1.37,1.3,1.33,6006862.0,1.5540000000000007,1.5435,0.09394287177798373,0.08201156891498247,1.7075231378299651,1.379476862170035,1.7895347067449476,1.2974652932550526,1.87154627565993,1.2154537243400703
20181212,DMMO3,DOMMO,1.33,1.35,1.2,1.2,9214276.0,1.5310000000000008,1.5342500000000001,0.11946811950870972,0.09821189807287303,1.7306737961457461,1.337826203854254,1.8288856942186191,1.239614305781381,1.9270975922914921,1.141402407708508
20181213,DMMO3,DOMMO,1.2,1.22,1.08,1.13,6902073.0,1.5040000000000007,1.5260000000000002,0.14474660254171232,0.1167245277763627,1.7594490555527256,1.292550944447275,1.8761735833290882,1.1758264166709123,1.9928981111054511,1.0591018888945494
20181214,DMMO3,DOMMO,1.15,1.24,1.15,1.18,5888002.0,1.4815000000000007,1.5177500000000002,0.1584555391734126,0.12891037435126815,1.7755707487025365,1.2599292512974638,1.9044811230538046,1.1310188769461957,2.0333914974050726,1.0021085025949277
20181217,DMMO3,DOMMO,1.18,1.19,1.13,1.14,1427505.0,1.4570000000000007,1.5092500000000002,0.17162075693378823,0.14200735806143716,1.7932647161228745,1.2252352838771259,1.9352720741843117,1.0832279258156887,2.077279432245749,0.9412205677542516
20181218,DMMO3,DOMMO,1.14,1.16,1.12,1.14,720787.0,1.4335000000000009,1.5005000000000002,0.1814640750295108,0.15353860284665236,1.8075772056933048,1.1934227943066955,1.9611158085399572,1.0398841914600432,2.1146544113866095,0.8863455886133907
20181219,DMMO3,DOMMO,1.15,1.17,1.12,1.12,1624073.0,1.4105000000000008,1.4915000000000003,0.19082852594879426,0.16490168010837114,1.8213033602167426,1.161696639783258,1.9862050403251137,0.9967949596748868,2.151106720433485,0.8318932795665157
20181220,DMMO3,DOMMO,1.14,1.14,1.06,1.06,2932101.0,1.3840000000000008,1.4810000000000003,0.20111269425243622,0.1784664013484215,1.8379328026968433,1.1240671973031573,2.016399204045265,0.9456007959547358,2.1948656053936864,0.7671343946063143
20181221,DMMO3,DOMMO,1.06,1.09,0.99,1.0,3828921.0,1.3560000000000008,1.4692500000000004,0.21389618731377302,0.19400485719533953,1.8572597143906795,1.0812402856093213,2.051264571586019,0.8872354284139818,2.2452694287813584,0.6932305712186423
20181226,DMMO3,DOMMO,0.99,1.02,0.96,1.0,3211939.0,1.3265000000000007,1.4572500000000006,0.22050838389599012,0.20768550558661691,1.8726210111732344,1.0418789888267668,2.080306516759851,0.8341934832401499,2.2879920223464683,0.6265079776535329
20181227,DMMO3,DOMMO,1.01,1.03,0.98,0.99,3185772.0,1.2980000000000007,1.4450000000000007,0.2255192838061114,0.22037264477267143,1.8857452895453437,1.0042547104546578,2.106117934318015,0.7838820656819865,2.3264905790906862,0.563509420909315
20181228,DMMO3,DOMMO,1.0,1.01,0.98,0.98,3021335.0,1.2680000000000007,1.4317500000000005,0.22593897639104232,0.2319912409929206,1.8957324819858417,0.9677675180141594,2.127723722978762,0.7357762770212387,2.359714963971683,0.5037850360283181
