DATA DO PREGAO,CODIGO DE NEGOCIACAO DO PAPEL,NOME RESUMIDO DA EMPRESA EMISSORA,PRECO DE ABERTURA,PRECO MAXIMO,PRECO MINIMO,PRECO FECHAMENTO,VOLUME TOTAL DE TITULOS NEGOCIADOS NESTE PAPEL,MA_20,MA_40,STD_20,STD_40,BANDA_1_40 SUPERIOR,BANDA_1_40 INFERIOR,BANDA_2_40 SUPERIOR,BANDA_2_40 INFERIOR,BANDA_3_40 SUPERIOR,BANDA_3_40 INFERIOR
20180102,FESA4,FERBASA,20.1,21.5,20.1,21.48,7793755.0,0.0,0.0,0.0,0.0,0.0,0.0,0.0,0.0,0.0,0.0
20180103,FESA4,FERBASA,21.3,22.9,21.25,22.9,6940457.0,0.0,0.0,0.0,0.0,0.0,0.0,0.0,0.0,0.0,0.0
20180104,FESA4,FERBASA,23.0,25.0,23.0,25.0,20306048.0,0.0,0.0,0.0,0.0,0.0,0.0,0.0,0.0,0.0,0.0
20180105,FESA4,FERBASA,25.05,25.97,24.3,25.4,25218251.0,0.0,0.0,0.0,0.0,0.0,0.0,0.0,0.0,0.0,0.0
20180108,FESA4,FERBASA,25.2,25.83,24.95,25.4,10460486.0,0.0,0.0,0.0,0.0,0.0,0.0,0.0,0.0,0.0,0.0
20180109,FESA4,FERBASA,25.49,25.93,25.28,25.5,8523011.0,0.0,0.0,0.0,0.0,0.0,0.0,0.0,0.0,0.0,0.0
20180110,FESA4,FERBASA,25.3,25.48,24.66,25.45,6464619.0,0.0,0.0,0.0,0.0,0.0,0.0,0.0,0.0,0.0,0.0
20180111,FESA4,FERBASA,25.36,25.95,25.26,25.56,5945133.0,0.0,0.0,0.0,0.0,0.0,0.0,0.0,0.0,0.0,0.0
20180112,FESA4,FERBASA,25.49,26.8,25.25,26.79,10830747.0,0.0,0.0,0.0,0.0,0.0,0.0,0.0,0.0,0.0,0.0
20180115,FESA4,FERBASA,27.0,27.75,26.1,26.57,8526349.0,0.0,0.0,0.0,0.0,0.0,0.0,0.0,0.0,0.0,0.0
20180116,FESA4,FERBASA,25.75,26.4,23.61,23.73,28864376.0,0.0,0.0,0.0,0.0,0.0,0.0,0.0,0.0,0.0,0.0
20180117,FESA4,FERBASA,23.44,24.58,22.51,24.3,17812647.0,0.0,0.0,0.0,0.0,0.0,0.0,0.0,0.0,0.0,0.0
20180118,FESA4,FERBASA,24.29,25.02,23.41,23.79,10829236.0,0.0,0.0,0.0,0.0,0.0,0.0,0.0,0.0,0.0,0.0
20180119,FESA4,FERBASA,24.03,24.15,23.07,23.33,4867063.0,0.0,0.0,0.0,0.0,0.0,0.0,0.0,0.0,0.0,0.0
20180122,FESA4,FERBASA,23.4,23.68,22.63,23.15,3472379.0,0.0,0.0,0.0,0.0,0.0,0.0,0.0,0.0,0.0,0.0
20180123,FESA4,FERBASA,23.29,23.29,22.1,22.1,9107737.0,0.0,0.0,0.0,0.0,0.0,0.0,0.0,0.0,0.0,0.0
20180124,FESA4,FERBASA,22.14,23.41,22.11,23.35,4826665.0,0.0,0.0,0.0,0.0,0.0,0.0,0.0,0.0,0.0,0.0
20180126,FESA4,FERBASA,23.35,24.34,23.35,24.16,6111762.0,0.0,0.0,0.0,0.0,0.0,0.0,0.0,0.0,0.0,0.0
20180129,FESA4,FERBASA,24.42,24.42,23.61,23.7,3153444.0,0.0,0.0,0.0,0.0,0.0,0.0,0.0,0.0,0.0,0.0
20180130,FESA4,FERBASA,23.72,23.93,23.1,23.25,3100641.0,24.2455,0.0,1.424209753179856,0.0,0.0,0.0,0.0,0.0,0.0,0.0
20180131,FESA4,FERBASA,23.4,24.2,23.4,23.49,5698358.0,24.346,0.0,1.282675657407304,0.0,0.0,0.0,0.0,0.0,0.0,0.0
20180201,FESA4,FERBASA,23.29,24.04,23.29,23.65,4838643.0,24.3835,0.0,1.248688891345005,0.0,0.0,0.0,0.0,0.0,0.0,0.0
20180202,FESA4,FERBASA,23.55,23.75,23.21,23.4,3973193.0,24.3035,0.0,1.2583291971582988,0.0,0.0,0.0,0.0,0.0,0.0,0.0
20180205,FESA4,FERBASA,23.3,23.4,22.29,22.29,4882364.0,24.148000000000003,0.0,1.306919238031501,0.0,0.0,0.0,0.0,0.0,0.0,0.0
20180206,FESA4,FERBASA,22.15,22.86,21.36,22.57,5076743.0,24.006500000000003,0.0,1.3173908623527502,0.0,0.0,0.0,0.0,0.0,0.0,0.0
20180207,FESA4,FERBASA,22.59,22.99,22.35,22.49,3219555.0,23.856,0.0,1.3097022562399427,0.0,0.0,0.0,0.0,0.0,0.0,0.0
20180208,FESA4,FERBASA,22.5,22.75,21.71,22.21,3278274.0,23.694000000000003,0.0,1.302521441383271,0.0,0.0,0.0,0.0,0.0,0.0,0.0
20180209,FESA4,FERBASA,22.0,22.2,21.02,21.69,4090141.0,23.500500000000002,0.0,1.2981747307581302,0.0,0.0,0.0,0.0,0.0,0.0,0.0
20180214,FESA4,FERBASA,22.0,22.79,22.0,22.6,2414537.0,23.291000000000004,0.0,1.054618414403995,0.0,0.0,0.0,0.0,0.0,0.0,0.0
20180215,FESA4,FERBASA,22.61,23.34,22.29,22.34,3836627.0,23.079500000000003,0.0,0.7394911123625173,0.0,0.0,0.0,0.0,0.0,0.0,0.0
20180216,FESA4,FERBASA,22.01,22.84,21.9,22.58,1738677.0,23.022,0.0,0.7309085910160367,0.0,0.0,0.0,0.0,0.0,0.0,0.0
20180219,FESA4,FERBASA,22.36,22.8,22.11,22.35,1919327.0,22.924500000000002,0.0,0.6797249830862284,0.0,0.0,0.0,0.0,0.0,0.0,0.0
20180220,FESA4,FERBASA,22.62,22.8,22.43,22.8,2808838.0,22.875,0.0,0.6487193862566908,0.0,0.0,0.0,0.0,0.0,0.0,0.0
20180221,FESA4,FERBASA,22.8,23.42,22.7,23.22,4438302.0,22.869500000000002,0.0,0.6451150448196245,0.0,0.0,0.0,0.0,0.0,0.0,0.0
20180222,FESA4,FERBASA,23.25,23.78,23.02,23.35,3847058.0,22.879500000000004,0.0,0.6512132401990312,0.0,0.0,0.0,0.0,0.0,0.0,0.0
20180223,FESA4,FERBASA,23.68,24.5,23.42,24.5,6709324.0,22.999500000000005,0.0,0.7177411569786472,0.0,0.0,0.0,0.0,0.0,0.0,0.0
20180226,FESA4,FERBASA,24.7,25.27,24.64,25.16,7494363.0,23.090000000000003,0.0,0.8635605607629715,0.0,0.0,0.0,0.0,0.0,0.0,0.0
20180227,FESA4,FERBASA,25.28,25.57,24.04,24.33,5426456.0,23.0985,0.0,0.8754023135257927,0.0,0.0,0.0,0.0,0.0,0.0,0.0
20180228,FESA4,FERBASA,24.65,24.65,23.54,23.55,6019788.0,23.091,0.0,0.8706071686502803,0.0,0.0,0.0,0.0,0.0,0.0,0.0
20180301,FESA4,FERBASA,23.7,24.25,23.14,23.55,4649626.0,23.106,23.675750000000004,0.8760581571658566,1.3019293129419243,26.279608625883853,21.071891374116156,27.581537938825775,19.769962061174233,28.8834672517677,18.468032748232307
20180302,FESA4,FERBASA,23.52,24.96,22.9,24.96,7486173.0,23.1795,23.762750000000004,0.9669239070915858,1.2672501776762581,26.29725035535252,21.228249644647487,27.564500533028777,19.96099946697123,28.831750710705037,18.69374928929497
20180305,FESA4,FERBASA,24.95,26.3,24.6,25.64,13348155.0,23.279000000000003,23.831250000000004,1.1097315939119288,1.2932074763637398,26.417664952727485,21.244835047272524,27.710872429091225,19.951627570908784,29.004079905454965,18.658420094545043
20180306,FESA4,FERBASA,25.81,26.3,23.71,24.65,14745617.0,23.341500000000003,23.822500000000005,1.1513254375535569,1.2862622255281029,26.395024451056212,21.249975548943798,27.681286676584314,19.963713323415696,28.967548902112416,18.677451097887594
20180307,FESA4,FERBASA,24.68,24.95,23.91,24.4,4809300.0,23.447,23.797500000000007,1.1465651219827693,1.2643468973834169,26.32619379476684,21.268806205233172,27.590540692150256,20.004459307849757,28.854887589533675,18.740112410466338
20180308,FESA4,FERBASA,24.59,24.71,23.8,24.7,4344268.0,23.5535,23.78000000000001,1.1596654463113123,1.246313538359201,26.27262707671841,21.287372923281605,27.51894061507761,20.041059384922406,28.765254153436814,18.794745846563202
20180309,FESA4,FERBASA,24.41,24.68,23.93,24.5,4715244.0,23.654,23.755000000000006,1.1497020208915436,1.2206933716918038,26.196386743383613,21.3136132566164,27.417080115075418,20.092919884924594,28.637773486767223,18.87222651323279
20180312,FESA4,FERBASA,24.5,24.5,23.22,23.33,16904905.0,23.71,23.702000000000005,1.1019504239493263,1.19087169107985,26.083743382159707,21.320256617840304,27.274615073239556,20.129384926760455,28.465486764319405,18.938513235680606
20180313,FESA4,FERBASA,23.3,23.77,22.82,23.01,5896083.0,23.776,23.638250000000006,1.0103173029457495,1.1566194939763688,25.951488987952743,21.32501101204727,27.10810848192911,20.1683915180709,28.26472797590548,19.011772024094533
20180314,FESA4,FERBASA,23.02,23.64,22.7,22.83,5593761.0,23.787499999999998,23.53925000000001,0.9974539957733417,1.0439161659532152,25.62708233190644,21.45141766809358,26.670998497859657,20.407501502140363,27.71491466381287,19.36358533618715
20180315,FESA4,FERBASA,22.95,22.97,22.2,22.3,6177797.0,23.7855,23.432500000000008,1.0005444570464177,0.93910964379934,25.310719287598687,21.55428071240133,26.249828931398028,20.61517106860199,27.18893857519737,19.676061424802647
20180316,FESA4,FERBASA,22.38,22.45,21.5,21.84,12961960.0,23.7485,23.385250000000006,1.0594202734465057,0.9707702136408535,25.326790427281715,21.443709572718298,26.297560640922566,20.472939359077447,27.26833085456342,19.502169145436593
20180319,FESA4,FERBASA,21.84,22.29,21.21,22.2,5385842.0,23.740999999999996,23.33275000000001,1.0703167263650688,0.9767974555816423,25.286344911163297,21.379155088836725,26.263142366744937,20.402357633255086,27.23993982232658,19.425560177673443
20180320,FESA4,FERBASA,22.21,22.6,22.0,22.15,2873499.0,23.708499999999994,23.29175000000001,1.1095436472997149,0.9914218939456976,25.274593787891405,21.308906212108617,26.266015681837104,20.31748431816292,27.257437575782802,19.32606242421722
20180321,FESA4,FERBASA,22.15,22.36,21.88,21.88,2438218.0,23.641499999999997,23.25550000000001,1.178885624557985,1.016186814038464,25.287873628076937,21.22312637192308,26.3040604421154,20.206939557884617,27.320247256153863,19.190752743846154
20180322,FESA4,FERBASA,21.88,22.29,21.56,21.9,4541579.0,23.568999999999996,23.22425000000001,1.2407209279498066,1.0384897503290367,25.30122950065808,21.147270499341936,26.33971925098712,20.108780749012897,27.378209001316154,19.070290998683863
20180323,FESA4,FERBASA,21.93,21.93,21.43,21.61,2526697.0,23.424499999999995,23.21200000000001,1.293743954982063,1.0548525234144583,25.321705046828928,21.102294953171093,26.376557570243385,20.047442429756636,27.431410093657846,18.992589906342175
20180326,FESA4,FERBASA,21.61,21.86,21.52,21.67,2673564.0,23.249999999999993,23.17000000000001,1.2826576029150525,1.0823052320785573,25.334610464157123,21.005389535842895,26.41691569623568,19.923084303764337,27.499220928314237,18.84077907168578
20180327,FESA4,FERBASA,21.71,21.78,21.16,21.5,5474077.0,23.108499999999996,23.103500000000007,1.312984847790071,1.1014665049553103,25.306433009910627,20.900566990089388,26.40789951486594,19.799100485134076,27.50936601982125,18.697633980178765
20180328,FESA4,FERBASA,21.49,21.62,20.99,21.06,3815178.0,22.983999999999995,23.037500000000005,1.384996294883891,1.1431148404519749,25.323729680903956,20.751270319096054,26.46684452135593,19.60815547864408,27.609959361807903,18.465040638192107
20180329,FESA4,FERBASA,21.01,21.82,21.01,21.21,6931930.0,22.866999999999994,22.986500000000007,1.4326827981098964,1.17835511168356,25.343210223367127,20.629789776632887,26.52156533505069,19.451434664949325,27.699920446734247,18.273079553265767
20180402,FESA4,FERBASA,21.56,21.65,20.6,21.06,5865136.0,22.671999999999993,22.925750000000004,1.3978012809597202,1.213836654198962,25.35342330839793,20.49807669160208,26.56725996259689,19.28424003740312,27.781096616795853,18.070403383204155
20180403,FESA4,FERBASA,21.19,21.21,20.76,20.79,4627851.0,22.429499999999997,22.854250000000004,1.2707207859280008,1.2536610745108097,25.361572149021622,20.346927850978386,26.61523322353243,19.093266776467576,27.868894298043244,17.839605701956764
20180404,FESA4,FERBASA,20.7,20.7,20.23,20.37,3787614.0,22.2155,22.778500000000005,1.2370358246950448,1.3101097037643241,25.398719407528652,20.158280592471357,26.708829111292978,18.84817088870703,28.0189388150573,17.53806118494271
20180405,FESA4,FERBASA,20.65,21.13,19.81,20.01,9123595.0,21.996,22.721500000000006,1.218356960915203,1.379660957980028,25.480821915960064,19.962178084039948,26.86048287394009,18.582517126059923,28.24014383192012,17.202856168079894
20180406,FESA4,FERBASA,19.99,19.99,19.12,19.22,9519968.0,21.722,22.637750000000004,1.1942079515641129,1.4866249634831559,25.610999926966315,19.664500073033693,27.097624890449474,18.177875109550534,28.584249853932626,16.691250146067382
20180409,FESA4,FERBASA,19.26,19.35,18.75,18.9,4837194.0,21.442,22.548000000000005,1.1647208836635992,1.5998304397333645,25.747660879466736,19.348339120533275,27.3474913192001,17.74850868079991,28.947321758933462,16.14867824106655
20180410,FESA4,FERBASA,19.0,19.16,18.34,18.51,6704794.0,21.201,22.455500000000004,1.2491129484136922,1.7221616559518407,25.899823311903685,19.011176688096324,27.621984967855525,17.289015032144484,29.34414662380737,15.566853376192642
20180411,FESA4,FERBASA,18.53,18.96,18.31,18.9,4654981.0,20.9955,22.38575,1.2736787788052992,1.8083054647504035,26.00236092950081,18.769139070499193,27.810666394251214,16.96083360574879,29.618971859001615,15.152528140998388
20180412,FESA4,FERBASA,18.96,19.06,18.6,18.94,3446347.0,20.801,22.29425,1.2758068654364372,1.8880269004765526,26.070303800953106,18.518196199046898,27.95833070142966,16.630169298570344,29.846357601906213,14.74214239809379
20180413,FESA4,FERBASA,19.0,19.02,18.57,18.63,4695308.0,20.6175,22.201500000000003,1.3122655179016534,1.9748528669634786,26.15120573392696,18.251794266073045,28.12605860089044,16.276941399109567,30.10091146785392,14.302088532146088
20180416,FESA4,FERBASA,18.74,18.74,17.99,18.1,4359760.0,20.430500000000002,22.0895,1.3928897451360873,2.077220714665614,26.24394142933123,17.935058570668772,28.321162143996844,15.85783785600316,30.39838285866246,13.780617141337546
20180417,FESA4,FERBASA,18.26,19.28,17.91,19.26,6946422.0,20.2835,22.01225,1.3508175886827751,2.124210245401028,26.260670490802056,17.763829509197947,28.384880736203087,15.639619263796916,30.509090981604114,13.51540901839589
20180418,FESA4,FERBASA,19.7,20.22,19.51,20.2,7175367.0,20.186,21.947250000000004,1.2773838396050814,2.139213835345444,26.225677670690892,17.668822329309116,28.364891506036336,15.529608493963671,30.50410534138178,13.390394658618227
20180419,FESA4,FERBASA,20.2,20.67,19.53,19.9,7004994.0,20.087,21.864250000000002,1.2143575299417904,2.1529286999758077,26.17010739995162,17.558392600048386,28.323036099927425,15.40546390007258,30.47596479990323,13.252535200096771
20180420,FESA4,FERBASA,20.0,20.5,19.65,20.5,4870432.0,20.017000000000003,21.793,1.142578340052841,2.149654951441381,26.09230990288276,17.493690097117238,28.241964854324145,15.344035145675855,30.391619805765522,13.194380194234475
20180423,FESA4,FERBASA,20.47,20.64,20.01,20.6,4018537.0,19.966500000000003,21.695500000000003,1.0895545927241677,2.111839579668979,25.91917915933796,17.471820840662044,28.03101873900694,15.359981260993067,30.14285831867592,13.248141681324087
20180424,FESA4,FERBASA,20.66,21.27,20.41,21.23,4122003.0,19.9445,21.597250000000003,1.0573127556016269,2.036604750622087,25.670459501244174,17.52404049875583,27.707064251866264,15.487435748133741,29.74366900248835,13.450830997511655
20180425,FESA4,FERBASA,21.09,21.19,20.83,21.0,3860182.0,19.919500000000003,21.514000000000003,1.0239833212046345,1.9895506514969254,25.493101302993853,17.534898697006152,27.48265195449078,15.545348045509225,29.472202605987704,13.555797394012302
20180426,FESA4,FERBASA,21.0,21.49,20.95,21.27,4846868.0,19.93,21.457,1.0372839026692997,1.9621968326996295,25.38139366539926,17.532606334600743,27.34359049809889,15.570409501901112,29.30578733079852,13.608212669201482
20180427,FESA4,FERBASA,21.29,21.49,20.9,20.99,4688099.0,19.919000000000004,21.393000000000004,1.0240780192317844,1.9337225956489021,25.26044519129781,17.5255548087022,27.19416778694671,15.591832213053298,29.127890382595613,13.658109617404396
20180430,FESA4,FERBASA,20.93,21.14,20.31,20.81,4894001.0,19.9065,21.289250000000003,1.010858285658391,1.8468120661540963,24.982874132308197,17.59562586769181,26.82968619846229,15.748813801537715,28.676498264616388,13.902001735383617
20180502,FESA4,FERBASA,20.88,20.88,20.16,20.4,2885476.0,19.887,21.158250000000002,0.9965788848275994,1.7111487931526443,24.58054758630529,17.735952413694715,26.291696379457935,16.02480362054207,28.00284517261058,14.313654827389424
20180503,FESA4,FERBASA,20.4,20.4,19.82,20.0,2956200.0,19.8685,21.042,0.9905568609306854,1.62355924295502,24.28911848591004,17.794881514089962,25.912677728865063,16.17132227113494,27.53623697182008,14.547763028179922
20180504,FESA4,FERBASA,19.86,20.37,19.62,20.15,4862331.0,19.8755,20.935750000000002,0.9921028968281203,1.534807909972087,24.005365819944178,17.866134180055827,25.540173729916262,16.331326270083743,27.07498163988835,14.796518360111655
20180507,FESA4,FERBASA,20.35,20.69,20.04,20.1,2328359.0,19.9195,20.82075,0.9809526787234679,1.4130316335581334,23.64681326711627,17.994686732883732,25.0598449006744,16.5816550993256,26.472876534232533,15.168623465767467
20180508,FESA4,FERBASA,20.3,21.2,20.05,21.2,5159691.0,20.0345,20.73825,0.9899201190526802,1.283069012073654,23.304388024147308,18.172111975852694,24.58745703622096,16.88904296377904,25.870526048294618,15.605973951705383
20180509,FESA4,FERBASA,21.22,22.54,21.2,22.47,8039220.0,20.232499999999998,20.71675,1.0623304818330244,1.2451719837961515,23.207093967592304,18.2264060324077,24.452265951388455,16.981234048611547,25.697437935184606,15.736062064815396
20180510,FESA4,FERBASA,22.74,23.25,22.05,22.4,7412874.0,20.4075,20.701500000000003,1.118089889051862,1.219843516656247,23.141187033312498,18.261812966687508,24.361030549968746,17.04196945003126,25.58087406662499,15.822125933375016
20180511,FESA4,FERBASA,22.61,22.96,22.1,22.43,5333747.0,20.582,20.691499999999998,1.1489198588697418,1.2034769074090044,23.098453814818008,18.284546185181988,24.301930722227013,17.081069277772983,25.505407629636014,15.877592370363981
20180514,FESA4,FERBASA,22.21,22.21,20.03,20.03,20140658.0,20.651999999999997,20.63475,1.0631809273169497,1.1789543117656618,22.992658623531323,18.276841376468678,24.171612935296984,17.097887064703016,25.35056724706265,15.918932752937353
20180515,FESA4,FERBASA,19.97,19.97,18.99,19.27,14109612.0,20.710499999999996,20.5705,0.9404784616577395,1.1816133039197207,22.93372660783944,18.20727339216056,24.11533991175916,17.025660088240837,25.296953215678883,15.844046784321115
20180516,FESA4,FERBASA,19.6,21.1,19.44,21.1,7507188.0,20.8025,20.543,0.8791136385437821,1.1552227002528848,22.85344540050577,18.23255459949423,24.008668100758655,17.077331899241344,25.16389080101154,15.92210919898846
20180517,FESA4,FERBASA,20.8,20.95,20.34,20.92,4170983.0,20.8385,20.512249999999998,0.8678119793935495,1.1273851922900848,22.767020384580167,18.25747961541983,23.894405576870252,17.130094423129744,25.021790769160337,16.00270923083966
20180518,FESA4,FERBASA,20.85,20.89,20.09,20.6,4803046.0,20.8735,20.480249999999998,0.8416917488011881,1.105521080294012,22.691292160588024,18.269207839411973,23.796813240882035,17.16368675911796,24.902334321176046,16.05816567882395
20180521,FESA4,FERBASA,20.61,21.51,20.61,21.17,4369301.0,20.907000000000004,20.461999999999996,0.8393738267617318,1.0873590683807373,22.63671813676147,18.287281863238523,23.72407720514221,17.199922794857784,24.811436273522943,16.11256372647705
20180522,FESA4,FERBASA,21.11,21.45,20.75,20.91,3295137.0,20.922500000000003,20.444499999999998,0.8362628332741995,1.0739597232576132,22.592419446515223,18.296580553484773,23.66637916977284,17.222620830227157,24.74033889303045,16.148661106969545
20180523,FESA4,FERBASA,20.85,21.19,20.62,21.07,3734997.0,20.9145,20.429499999999997,0.8339284015713643,1.0605101578353116,22.55052031567062,18.308479684329374,23.61103047350593,17.247969526494064,24.671540631341244,16.18745936865875
20180524,FESA4,FERBASA,20.98,21.0,19.82,19.95,8073250.0,20.862000000000002,20.39075,0.8608783763966726,1.0486435377337968,22.488037075467595,18.293462924532406,23.53668061320139,17.24481938679861,24.585324150935186,16.196175849064815
20180525,FESA4,FERBASA,20.0,20.37,19.47,19.8,4813136.0,20.788500000000003,20.35925,0.8865799159514187,1.0469476696936708,22.45314533938734,18.265354660612658,23.500093009081013,17.218406990918986,24.54704067877468,16.171459321225317
20180528,FESA4,FERBASA,19.4,19.4,18.69,18.71,4819904.0,20.674500000000002,20.29675,0.9987912431376367,1.069242213091354,22.435234426182706,18.158265573817292,23.50447663927406,17.08902336072594,24.573718852365417,16.019781147634582
20180529,FESA4,FERBASA,18.93,19.43,18.56,18.95,4467280.0,20.5815,20.244000000000003,1.0695954719819156,1.082586646026051,22.409173292052106,18.0788267079479,23.491759938078157,16.99624006192185,24.574346584104205,15.9136534158958
20180530,FESA4,FERBASA,19.14,19.38,18.95,19.0,4888488.0,20.5115,20.199250000000003,1.1264021671256097,1.096346818371785,22.391943636743573,18.006556363256433,23.488290455115358,16.910209544884648,24.584637273487143,15.813862726512863
20180601,FESA4,FERBASA,19.06,19.7,19.06,19.31,3666031.0,20.477,20.17275,1.1531426168244974,1.10489119431831,22.38253238863662,17.962967611363382,23.487423582954932,16.85807641704507,24.59231477727324,15.75318522272676
20180604,FESA4,FERBASA,19.31,20.12,19.26,20.1,2212626.0,20.474500000000003,20.175000000000004,1.153942783403245,1.1046428823090237,22.384285764618053,17.965714235381956,23.488928646927075,16.861071353072933,24.5935715292361,15.75642847076391
20180605,FESA4,FERBASA,20.05,20.38,19.75,19.75,3540701.0,20.457,20.188250000000004,1.162543038252555,1.0960392270259203,22.380328454051845,17.99617154594816,23.476367681077765,16.900132318922243,24.572406908103684,15.804093091896323
20180606,FESA4,FERBASA,19.7,20.25,19.53,19.91,3534117.0,20.392500000000005,20.213500000000003,1.1549111380717187,1.0770699808228954,22.367639961645793,18.059360038354214,23.44470994246869,16.982290057531316,24.521779923291586,15.90522007670842
20180607,FESA4,FERBASA,19.79,19.8,18.6,19.2,5665644.0,20.229000000000003,20.230750000000004,1.0739494254484518,1.0543740092026832,22.339498018405372,18.122001981594636,23.393872027608055,17.067627972391954,24.448246036810737,16.01325396318927
20180608,FESA4,FERBASA,19.2,19.2,18.03,18.49,5729140.0,20.033500000000004,20.220500000000005,1.012044699449693,1.069526494798989,22.359552989597983,18.081447010402027,23.429079484396972,17.011920515603038,24.49860597919596,15.942394020804048
20180611,FESA4,FERBASA,18.71,18.82,17.8,18.1,3092477.0,19.817000000000004,20.199500000000004,0.9324054911893268,1.1030353226787495,22.405570645357503,17.993429354642505,23.508605968036253,16.890394031963755,24.611641290715003,15.787358709285005
20180612,FESA4,FERBASA,18.09,18.59,18.06,18.5,2778360.0,19.740500000000004,20.196250000000003,0.9757667700191961,1.107958824329833,22.41216764865967,17.980332351340337,23.520126472989503,16.872373527010502,24.628085297319334,15.764414702680671
20180613,FESA4,FERBASA,18.7,18.93,18.27,18.39,3018913.0,19.696500000000004,20.203500000000002,1.01706634364157,1.0947603648334854,22.393020729666972,18.01397927033303,23.48778109450046,16.919218905499545,24.582541459333942,15.824458540666061
20180614,FESA4,FERBASA,18.5,18.74,17.84,17.86,5628048.0,19.5345,20.1685,1.0395367136120686,1.1468385753665633,22.46217715073313,17.874822849266874,23.609015726099692,16.72798427390031,24.755854301466254,15.58114569853375
20180615,FESA4,FERBASA,17.8,17.9,17.21,17.69,6556699.0,19.373,20.105750000000004,1.0635843073999265,1.2118938082869284,22.52953761657386,17.681962383426146,23.74143142486079,16.47006857513922,24.953325233147716,15.25817476685229
20180618,FESA4,FERBASA,17.3,17.92,17.16,17.79,1937724.0,19.2325,20.053000000000004,1.0784632097280167,1.2658010537570272,22.58460210751406,17.52139789248595,23.850403161271085,16.255596838728923,25.116204215028112,14.989795784971896
20180619,FESA4,FERBASA,17.6,18.23,17.4,17.73,2513405.0,19.0605,19.983750000000004,1.0262475078500488,1.315514304223059,22.614778608446123,17.352721391553885,23.93029291266918,16.037207087330827,25.24580721689224,14.721692783107768
20180620,FESA4,FERBASA,17.75,18.44,17.75,18.2,2328087.0,18.925,19.923750000000005,0.9448781597868166,1.3411680471772829,22.60608609435457,17.24141390564544,23.947254141531854,15.900245858468157,25.288422188709138,14.559077811290873
20180621,FESA4,FERBASA,18.05,18.5,17.65,17.65,2130089.0,18.753999999999998,19.834250000000004,0.839889717071309,1.3708857093883597,22.576021418776723,17.092478581223286,23.946907128165083,15.721592871834925,25.317792837553444,14.350707162446565
20180622,FESA4,FERBASA,17.95,17.99,17.4,17.7,4072852.0,18.6415,19.751750000000005,0.8217521396062122,1.3979616800808452,22.547673360161696,16.955826639838314,23.94563504024254,15.55786495975747,25.343596720323387,14.159903279676623
20180625,FESA4,FERBASA,17.92,17.92,17.3,17.35,3686292.0,18.519,19.653750000000006,0.822575544443068,1.4259206427733917,22.50559128554679,16.801908714453223,23.93151192832018,15.375988071679831,25.35743257109357,13.95006742890644
20180626,FESA4,FERBASA,17.5,17.74,17.26,17.63,1944139.0,18.465,19.569750000000006,0.8445335056143624,1.4440372313902199,22.457824462780447,16.681675537219565,23.901861694170666,15.237638305829346,25.345898925560885,13.793601074439128
20180627,FESA4,FERBASA,17.7,17.85,17.27,17.44,1324704.0,18.3895,19.48550000000001,0.8661133692658686,1.4679323501495198,22.421364700299048,16.54963529970097,23.88929705044857,15.081702949551449,25.357229400598086,13.61377059940193
20180628,FESA4,FERBASA,17.5,17.79,17.36,17.6,2052412.0,18.3195,19.41550000000001,0.8707375881219575,1.4898028608183949,22.3951057216368,16.435894278363218,23.884908582455193,14.946091417544825,25.37471144327359,13.45628855672643
20180629,FESA4,FERBASA,17.68,18.64,17.51,18.2,2730100.0,18.264000000000003,19.37050000000001,0.8390809508654611,1.4988524670389773,22.368204934077966,16.372795065922055,23.86705740111694,14.87394259888308,25.36590986815592,13.3750901318441
20180702,FESA4,FERBASA,17.81,18.49,17.76,18.25,1082411.0,18.1715,19.32300000000001,0.7194755034051017,1.5036147897309162,22.330229579461843,16.31577042053818,23.83384436919276,14.812155630807261,25.337459158923675,13.308540841076347
20180703,FESA4,FERBASA,18.25,18.84,18.2,18.66,2715900.0,18.117,19.28700000000001,0.6292359610963659,1.501771944856837,22.290543889713682,16.283456110286338,23.79231583457052,14.7816841654295,25.294087779427358,13.279912220572662
20180704,FESA4,FERBASA,18.8,19.26,18.71,19.1,2621366.0,18.076500000000003,19.234500000000008,0.5252295237623308,1.4695419659688875,22.173583931937785,16.29541606806223,23.64312589790667,14.825874102093344,25.112667863875558,13.356332136124458
20180705,FESA4,FERBASA,19.3,19.48,19.11,19.11,3328679.0,18.072000000000003,19.150500000000008,0.5153905009030323,1.372695177846184,21.895890355692377,16.40510964430764,23.26858553353856,15.032414466461457,24.641280711384745,13.659719288615271
20180706,FESA4,FERBASA,19.24,19.3,19.12,19.3,924627.0,18.112500000000004,19.073000000000008,0.5779899379929364,1.2680516045473027,21.609103209094613,16.536896790905402,22.877154813641916,15.2688451863581,24.14520641818922,14.000793581810797
20180710,FESA4,FERBASA,19.34,20.0,19.3,19.78,3374509.0,18.196500000000004,19.006750000000007,0.6877367534931431,1.152089267152202,21.310928534304413,16.702571465695602,22.463017801456616,15.550482198543401,23.615107068608815,14.3983929313912
20180711,FESA4,FERBASA,19.71,20.19,19.65,20.19,2716453.0,18.281000000000002,19.01075000000001,0.818399593558591,1.1560041422603966,21.322758284520802,16.698741715479215,22.4787624267812,15.542737573218819,23.634766569041595,14.386733430958422
20180712,FESA4,FERBASA,20.11,20.64,19.99,20.59,3599628.0,18.391000000000002,19.04375000000001,0.9679979338821049,1.1821399272896695,21.40802985457935,16.67947014542067,22.59016978186902,15.497330218131001,23.772309709158687,14.315190290841333
20180713,FESA4,FERBASA,20.66,21.2,20.62,21.07,3869131.0,18.5515,19.043000000000013,1.128185665011245,1.1808106732893142,21.404621346578644,16.681378653421383,22.585432019867955,15.500567980132072,23.76624269315727,14.319757306842757
20180716,FESA4,FERBASA,21.2,21.59,20.81,20.91,4871410.0,18.712500000000002,19.042750000000012,1.224426288856184,1.1804040757517738,21.40355815150356,16.681941848496464,22.583962227255334,15.50153777274469,23.764366303007108,14.321133696992916
20180717,FESA4,FERBASA,20.88,21.1,20.42,20.75,2376622.0,18.860500000000002,19.046500000000012,1.2844719373714466,1.185704486035726,21.417908972071466,16.67509102792856,22.60361345810719,15.489386541892834,23.789317944142915,14.30368205585711
20180718,FESA4,FERBASA,20.76,21.4,20.54,20.72,2640048.0,19.01,19.035250000000012,1.3194935232485066,1.167027755476021,21.369305510952053,16.70119448904797,22.536333266428073,15.534166733571949,23.703361021904094,14.367138978095928
20180719,FESA4,FERBASA,20.83,20.83,19.95,20.09,4073472.0,19.1045,19.014750000000014,1.3260923005106786,1.1401439124188484,21.29503782483771,16.734462175162317,22.43518173725656,15.594318262743467,23.575325649675406,14.454174350324621
20180720,FESA4,FERBASA,20.09,20.25,19.71,19.83,5469227.0,19.213500000000003,18.983750000000015,1.2893297932606276,1.0989428194919602,21.181635638983934,16.785864361016095,22.280578458475894,15.686921541524134,23.379521277967854,14.587978722032174
20180723,FESA4,FERBASA,19.98,19.98,19.66,19.69,1750292.0,19.313000000000002,18.977250000000016,1.2423115127603301,1.0938381905837837,21.164926381167582,16.78957361883245,22.258764571751367,15.695735428248664,23.352602762335152,14.60189723766488
20180724,FESA4,FERBASA,19.95,20.34,19.53,19.53,3944928.0,19.422000000000004,18.970500000000015,1.15347347287729,1.0894551684684797,21.149410336936974,16.791589663063057,22.238865505405453,15.702134494594576,23.328320673873932,14.612679326126097
20180725,FESA4,FERBASA,19.55,19.82,19.14,19.2,3416312.0,19.500500000000002,18.982750000000017,1.075915644316146,1.0892057503827206,21.16116150076546,16.804338499234575,22.25036725114818,15.715132748851856,23.3395730015309,14.625926998469135
20180726,FESA4,FERBASA,19.0,19.35,18.78,19.17,3811537.0,19.587000000000003,18.988250000000015,0.9654074678328239,1.0895915195555157,21.167433039111046,16.809066960888984,22.25702455866656,15.719475441333469,23.346616078222077,14.629883921777953
20180727,FESA4,FERBASA,19.36,19.5,19.11,19.17,1424617.0,19.6655,18.992500000000014,0.8525718058970414,1.0899700066445561,21.172440013289126,16.8125599867109,22.262410019933682,15.722589980066346,23.35238002657824,14.63261997342179
20180730,FESA4,FERBASA,19.33,19.46,18.81,18.9,2117700.0,19.7005,18.982250000000015,0.8021187403896174,1.088834916026802,21.159919832053617,16.804580167946412,22.248754748080422,15.715745251919609,23.337589664107224,14.626910335892806
20180731,FESA4,FERBASA,18.9,19.24,18.61,18.79,3026351.0,19.727500000000003,18.94950000000001,0.7586336401716021,1.0739525606674731,21.09740512133496,16.801594878665064,22.17135768200243,15.727642317997592,23.245310242669902,14.653689757330119
20180801,FESA4,FERBASA,18.82,19.19,18.38,18.4,5543747.0,19.7145,18.91575000000001,0.7798209983539173,1.0693537168752878,21.054457433750585,16.777042566249435,22.123811150625873,15.707688849374147,23.19316486750116,14.63833513249886
20180802,FESA4,FERBASA,18.41,18.76,18.21,18.68,3308347.0,19.6935,18.885000000000012,0.8025634915037895,1.0576510015244933,21.000302003049,16.769697996951024,22.05795300457349,15.712046995426533,23.115604006097985,14.654395993902039
20180803,FESA4,FERBASA,18.7,19.31,18.51,19.24,3702423.0,19.7,18.88600000000001,0.7981030140606211,1.0579753281017084,21.001950656203427,16.770049343796593,22.059925984305135,15.712074015694885,23.117901312406843,14.654098687593176
20180806,FESA4,FERBASA,19.3,19.64,19.06,19.54,4813396.0,19.712,18.912250000000007,0.7935635815073377,1.0609199865912788,21.034089973182564,16.79041002681745,22.095009959773844,15.729490040226171,23.155929946365124,14.668570053634891
20180807,FESA4,FERBASA,19.54,19.8,19.29,19.39,2131468.0,19.692500000000003,18.94450000000001,0.7965905968233524,1.0551873086852288,21.054874617370466,16.83412538262955,22.110061926055696,15.778938073944321,23.165249234740923,14.723750765259094
20180808,FESA4,FERBASA,19.39,19.63,19.16,19.43,1902178.0,19.654500000000002,18.967750000000006,0.7897066410683049,1.0553878555493923,21.07852571109879,16.85697428890122,22.133913566648182,15.80158643335183,23.189301422197573,14.746198577802437
20180809,FESA4,FERBASA,19.54,19.54,18.75,18.9,2621919.0,19.57,18.980500000000006,0.7746102585375401,1.051301879112636,21.083103758225278,16.877896241774735,22.134405637337913,15.826594362662098,23.18570751645055,14.775292483549462
20180810,FESA4,FERBASA,18.98,18.98,18.46,18.74,1004336.0,19.453500000000002,19.002500000000005,0.7096275895069817,1.0363539391441539,21.075207878288314,16.929792121711696,22.111561817432467,15.893438182567543,23.14791575657662,14.85708424342339
20180813,FESA4,FERBASA,18.74,19.04,18.49,19.04,1415527.0,19.360000000000003,19.036250000000003,0.6258720232393362,1.014261604599237,21.064773209198478,17.007726790801527,22.079034813797712,15.993465186202291,23.09329641839695,14.979203581603056
20180814,FESA4,FERBASA,19.14,19.97,18.95,19.97,2324055.0,19.321000000000005,19.090750000000007,0.5549860121518619,1.0040977261152708,21.09894545223055,17.082554547769465,22.10304317834582,16.078456821654193,23.10714090446109,15.074359095538924
20180815,FESA4,FERBASA,20.11,20.44,19.52,19.88,6582919.0,19.279000000000003,19.144500000000004,0.46860262595577507,0.986784339829856,21.118068679659718,17.17093132034029,22.10485301948957,16.184146980510437,23.091637359319428,15.19736264068058
20180816,FESA4,FERBASA,19.95,20.14,19.61,19.87,1965658.0,19.268000000000004,19.186250000000005,0.4508074626945179,0.9811105363900106,21.148471072780026,17.224028927219983,22.129581609170035,16.242918390829974,23.110692145560048,15.261807854439962
20180817,FESA4,FERBASA,19.76,19.8,19.2,19.55,1622454.0,19.254000000000005,19.233750000000004,0.4365583098450349,0.9503378279220471,21.134425655844097,17.33307434415591,22.084763483766146,16.382736516233862,23.035101311688194,15.432398688311816
20180820,FESA4,FERBASA,19.72,19.98,19.5,19.5,1706614.0,19.244500000000006,19.278750000000002,0.4285652317847932,0.9179134295251754,21.114576859050352,17.442923140949652,22.032490288575527,16.525009711424477,22.950403718100702,15.6070962818993
20180821,FESA4,FERBASA,19.55,19.55,19.11,19.14,2056905.0,19.225000000000005,19.323500000000003,0.42373651197290535,0.8634918674361143,21.05048373487223,17.596516265127775,21.913975602308344,16.73302439769166,22.777467469744458,15.869532530255546
20180822,FESA4,FERBASA,19.14,19.8,18.95,19.79,2628813.0,19.254500000000007,19.3775,0.4420463776573866,0.8213832922701878,21.020266584540376,17.734733415459626,21.841649876810564,16.91335012318944,22.66303316908075,16.09196683091925
20180823,FESA4,FERBASA,19.8,19.8,19.34,19.48,1901498.0,19.270000000000007,19.4285,0.4443564240325149,0.7589586320270051,20.94641726405401,17.91058273594599,21.705375896081016,17.151624103918984,22.46433452810802,16.39266547189198
20180824,FESA4,FERBASA,19.52,19.66,19.33,19.52,1646560.0,19.287500000000005,19.476499999999998,0.4470944207353168,0.6986710828790456,20.873842165758088,18.079157834241908,21.572513248637136,17.38048675136286,22.27118433151618,16.681815668483814
20180827,FESA4,FERBASA,19.57,21.4,19.57,21.4,9338447.0,19.412500000000005,19.556499999999996,0.6406400993085922,0.7312074664378445,21.018914932875685,18.094085067124308,21.75012239931353,17.362877600686463,22.481329865751373,16.63167013424862
20180828,FESA4,FERBASA,21.38,21.39,20.75,21.09,4861528.0,19.527500000000003,19.627499999999998,0.7240229350830911,0.7389346107568985,21.105369221513794,18.149630778486202,21.844303832270693,17.410696167729302,22.583238443027593,16.671761556972402
20180829,FESA4,FERBASA,21.08,21.95,21.07,21.89,14311132.0,19.702000000000005,19.70825,0.8479424012216232,0.8041076835018761,21.31646536700375,18.10003463299625,22.120573050505627,17.295926949494373,22.924680734007502,16.491819265992497
20180830,FESA4,FERBASA,21.95,22.46,21.31,21.56,7568416.0,19.846000000000004,19.769749999999995,0.9076887943389187,0.8492032087455124,21.46815641749102,18.07134358250897,22.31735962623653,17.22214037376346,23.166562834982045,16.372937165017944
20180831,FESA4,FERBASA,21.55,21.98,21.36,21.54,4693966.0,19.961000000000006,19.830499999999994,0.9704036056686701,0.8868785653874335,21.60425713077486,18.056742869225126,22.491135696162296,17.16986430383769,23.378014261549726,16.28298573845026
20180903,FESA4,FERBASA,21.64,22.21,21.31,21.97,3870056.0,20.082500000000003,19.897249999999996,1.0626574186790887,0.9445307816243883,21.786311563248773,18.00818843675122,22.73084234487316,17.063657655126832,23.67537312649755,16.11912687350244
20180904,FESA4,FERBASA,22.14,22.68,21.91,22.01,5134307.0,20.213500000000003,19.952999999999996,1.1320232236784677,1.001524991047346,21.956049982094687,17.949950017905305,22.957574973142034,16.948425026857958,23.95909996418938,15.94690003581061
20180905,FESA4,FERBASA,22.03,22.03,21.06,21.06,5334495.0,20.295,19.974749999999993,1.1313220026518678,1.0161440123556464,22.007038024711285,17.9424619752887,23.02318203706693,16.926317962933055,24.039326049422577,15.910173950577407
20180906,FESA4,FERBASA,21.12,21.44,20.26,20.46,7967467.0,20.373,19.971499999999995,1.0828184471432445,1.0143320399058515,22.000164079811697,17.942835920188294,23.01449611971755,16.92850388028244,24.0288281596234,15.91417184037659
20180910,FESA4,FERBASA,20.1,21.39,20.02,21.39,4613222.0,20.5055,19.979499999999994,1.033489108235849,1.0244296724745101,22.028359344949013,17.930640655050976,23.052789017423525,16.906210982576464,24.077218689898036,15.881781310101953
20180911,FESA4,FERBASA,21.19,21.25,20.76,21.04,3041620.0,20.6055,19.982749999999992,0.9795781852678516,1.0276584973519003,22.038066994703794,17.92743300529619,23.065725492055694,16.89977450794429,24.09338398940759,15.872116010592391
20180912,FESA4,FERBASA,21.1,21.69,21.1,21.43,3344262.0,20.678500000000003,19.99974999999999,0.9841174245298089,1.0461344902998608,22.092018980599715,17.90748101940027,23.138153470899574,16.86134652910041,24.184287961199434,15.81521203880055
20180913,FESA4,FERBASA,21.41,21.59,20.86,20.9,2751767.0,20.7295,20.004249999999992,0.9668368120074132,1.049693209148945,22.10363641829788,17.904863581702102,23.153329627446826,16.855170372553157,24.20302283659577,15.805477163404213
20180914,FESA4,FERBASA,20.98,21.24,20.41,20.55,2044590.0,20.7635,20.01574999999999,0.9467688819292175,1.0531707619594417,22.122091523918872,17.909408476081108,23.175262285878315,16.856237714121665,24.228433047837758,15.803066952162222
20180917,FESA4,FERBASA,20.61,20.93,19.7,19.77,6997902.0,20.7745,20.014249999999986,0.9331072877897498,1.0534847850385738,22.121219570077134,17.90728042992284,23.174704355115708,16.853795644884265,24.22818914015428,15.800310859845691
20180918,FESA4,FERBASA,19.96,20.14,19.63,19.86,5236161.0,20.7925,20.018499999999985,0.9104242793451194,1.0524855806309057,22.123471161261797,17.913528838738173,23.1759567418927,16.86104325810727,24.22844232252361,15.808557677476362
20180919,FESA4,FERBASA,19.8,19.89,19.42,19.85,4836064.0,20.828000000000003,20.026499999999988,0.854736647653611,1.0498902262520422,22.126280452504073,17.926719547495903,23.176170678756115,16.87682932124386,24.226060905008158,15.826939094991818
20180920,FESA4,FERBASA,19.99,20.33,19.54,19.57,2740808.0,20.817,20.035749999999986,0.8700762217064519,1.0440352865144242,22.123820573028834,17.94767942697114,23.16785585954326,16.903644140456713,24.21189114605768,15.859608853942289
20180921,FESA4,FERBASA,19.53,19.78,19.13,19.5,8756301.0,20.818,20.04399999999999,0.8684687068264865,1.0383068070859893,22.12061361417197,17.96738638582801,23.158920421257957,16.929079578742023,24.197227228343948,15.890772771656032
20180924,FESA4,FERBASA,19.4,19.94,19.29,19.83,3097260.0,20.8335,20.06049999999999,0.8465737447282345,1.0292664801593234,22.119032960318638,18.001967039681343,23.14829944047796,16.97270055952202,24.177565920637285,15.943434079362696
20180925,FESA4,FERBASA,19.57,19.75,19.41,19.7,4685259.0,20.7485,20.080499999999994,0.8716727717742812,1.0137944716604574,22.108088943320908,18.05291105667908,23.121883414981365,17.039116585018622,24.135677886641822,16.025322113358165
20180926,FESA4,FERBASA,19.69,19.98,19.58,19.61,1786566.0,20.674500000000002,20.100999999999992,0.9033998648381009,0.9951492608056972,22.091298521611385,18.1107014783886,23.086447782417082,17.115552217582902,24.081597043222782,16.120402956777202
20180927,FESA4,FERBASA,19.76,19.93,19.61,19.89,4128167.0,20.574500000000004,20.138249999999992,0.8719154654824008,0.9570008908712042,22.0522517817424,18.224248218257586,23.009252672613606,17.26724732738638,23.96625356348481,16.310246436515175
20180928,FESA4,FERBASA,19.86,19.86,19.24,19.34,4010472.0,20.463500000000003,20.154749999999996,0.8811133806007629,0.9366880757659531,22.028126151531904,18.28137384846809,22.964814227297857,17.344685772702135,23.901502303063808,16.407997696936185
20181001,FESA4,FERBASA,19.34,19.4,18.79,19.04,3764167.0,20.338500000000003,20.149749999999994,0.8975362476187198,0.9422136713952814,22.034177342790557,18.26532265720943,22.97639101418584,17.323108985814148,23.91860468558112,16.38089531441887
20181002,FESA4,FERBASA,19.22,19.84,19.01,19.4,6560397.0,20.21,20.146249999999995,0.8333382455995656,0.9447932550943978,22.03583651018879,18.2566634898112,22.98062976528319,17.3118702347168,23.925423020377586,16.367076979622404
20181003,FESA4,FERBASA,19.51,19.78,19.46,19.77,6540883.0,20.098000000000003,20.155749999999994,0.7217420446027657,0.938886103520916,22.033522207041827,18.27797779295816,22.97240831056274,17.339091689437247,23.911294414083656,16.400205585916332
20181004,FESA4,FERBASA,19.7,19.84,19.31,19.8,4005380.0,20.035000000000004,20.164999999999996,0.6875318174455717,0.9333589740068109,22.03171794801362,18.298282051986373,22.96507692202043,17.36492307797956,23.898435896027237,16.431564103972754
20181005,FESA4,FERBASA,19.84,19.84,19.32,19.65,3148598.0,19.994500000000002,20.183749999999996,0.6850315013886202,0.9146407098993571,22.01303141979871,18.35446858020128,22.927672129698067,17.439827870301926,23.842312839597426,16.525187160402567
20181008,FESA4,FERBASA,19.86,20.09,19.5,19.63,6682215.0,19.9065,20.205999999999996,0.6046597564355017,0.8890871146496098,21.984174229299214,18.427825770700778,22.873261343948826,17.538738656051166,23.762348458598435,16.649651541401557
20181009,FESA4,FERBASA,19.74,19.81,19.38,19.6,4357093.0,19.834500000000002,20.219999999999995,0.545416065229595,0.8745460360843444,21.969092072168685,18.470907927831306,22.843638108253028,17.596361891746962,23.71818414433737,16.72181585566262
20181010,FESA4,FERBASA,19.63,19.63,19.34,19.5,3449347.0,19.738000000000003,20.208249999999996,0.39948124256077483,0.8811236634301004,21.970497326860198,18.446002673139795,22.851620990290296,17.564879009709696,23.7327446537204,16.683755346279593
20181011,FESA4,FERBASA,19.75,19.82,19.18,19.47,2564174.0,19.666500000000003,20.197999999999997,0.29481974867795335,0.8874024323401125,21.97280486468022,18.423195135319773,22.860207297020334,17.53579270297966,23.74760972936045,16.648390270639545
20181015,FESA4,FERBASA,19.48,19.73,19.22,19.32,3701225.0,19.605,20.18425,0.2194850432501731,0.8968259914690422,21.977901982938082,18.390598017061915,22.874727974407126,17.49377202559287,23.771553965876166,16.59694603412383
20181016,FESA4,FERBASA,19.29,19.45,19.17,19.3,3749541.0,19.581500000000002,20.177999999999997,0.22595469969839782,0.9022143698871355,21.982428739774267,18.373571260225727,22.884643109661404,17.47135689033859,23.78685747954854,16.569142520451454
20181017,FESA4,FERBASA,19.39,19.44,19.24,19.41,2419789.0,19.559000000000005,20.175749999999997,0.2190625961971485,0.9040589029482935,21.983867805896583,18.36763219410341,22.887926708844876,17.463573291155118,23.791985611793173,16.55951438820682
20181018,FESA4,FERBASA,19.44,19.63,19.21,19.34,3443566.0,19.5335,20.180749999999996,0.2130054360561646,0.8987209928987944,21.978191985797586,18.383308014202406,22.876912978696378,17.484587021303614,23.775633971595173,16.58586602840482
20181019,FESA4,FERBASA,19.35,19.41,18.6,18.69,7939754.0,19.4895,20.15325,0.28409551766597274,0.9273573910684614,22.007964782136924,18.298535217863076,22.935322173205385,17.371177826794614,23.862679564273847,16.443820435726153
20181022,FESA4,FERBASA,18.71,19.1,18.71,19.1,2740707.0,19.469500000000004,20.14375,0.29709957572291934,0.9363340613045362,22.016418122609075,18.271081877390927,22.95275218391361,17.33474781608639,23.889086245218145,16.398413754781856
20181023,FESA4,FERBASA,19.09,19.19,18.83,18.97,3236078.0,19.4265,20.130000000000003,0.3043245324528292,0.9496720081570248,22.029344016314052,18.230655983685953,22.979016024471075,17.28098397552893,23.928688032628102,16.331311967371903
20181024,FESA4,FERBASA,19.0,19.18,18.73,18.78,1886416.0,19.380500000000005,20.064500000000002,0.3293130809171702,0.9501847323763417,21.964869464752685,18.16413053524732,22.915054197129027,17.213945802870978,23.86523892950537,16.263761070494635
20181025,FESA4,FERBASA,18.82,19.03,18.79,18.8,1603033.0,19.340000000000003,20.00725,0.34883263970895295,0.9557839781146098,21.91881795622922,18.09568204377078,22.87460193434383,17.13989806565617,23.83038591245844,16.18411408754156
20181026,FESA4,FERBASA,18.86,18.98,18.77,18.97,2325638.0,19.294000000000004,19.93425,0.3327777826592076,0.919104601898417,21.77245920379683,18.096040796203166,22.69156380569525,17.176936194304748,23.610668407593668,16.25783159240633
20181029,FESA4,FERBASA,19.1,19.44,18.98,19.0,4479964.0,19.277000000000008,19.870250000000002,0.3389317583852315,0.8917182707330015,21.653686541466005,18.086813458534,22.545404812199006,17.195095187800998,23.437123082932008,16.303376917067997
20181030,FESA4,FERBASA,19.0,19.1,18.74,18.8,5316049.0,19.265000000000008,19.801750000000002,0.3517699607174515,0.8650030013287665,21.531756002657534,18.07174399734247,22.3967590039863,17.206740996013703,23.261762005315067,16.341737994684937
20181031,FESA4,FERBASA,19.0,19.0,18.66,18.9,2325039.0,19.240000000000006,19.725,0.3593561493911885,0.8015561787500559,21.328112357500114,18.12188764249989,22.12966853625017,17.320331463749834,22.931224715000226,16.518775284999776
20181101,FESA4,FERBASA,19.0,19.5,18.9,19.5,3269060.0,19.22650000000001,19.66225,0.3431015654445855,0.7112484058835422,21.084746811767083,18.239753188232918,21.795995217650628,17.528504782349373,22.50724362353417,16.81725637646583
20181105,FESA4,FERBASA,19.72,20.22,19.72,20.1,5692283.0,19.24150000000001,19.638250000000003,0.3746054064296389,0.6783081800918908,20.994866360183785,18.28163363981622,21.673174540275674,17.60332545972433,22.351482720367567,16.92501727963244
20181106,FESA4,FERBASA,20.13,20.49,20.04,20.4,4013478.0,19.279000000000007,19.63675,0.4480002349623438,0.6765083337558462,20.98976666751169,18.283733332488307,21.666275001267536,17.607224998732462,22.342783335023384,16.930716664976615
20181107,FESA4,FERBASA,20.55,20.74,20.14,20.26,3686696.0,19.310500000000008,19.6085,0.49378745694031045,0.6228863747887909,20.854272749577582,18.362727250422417,21.477159124366374,17.739840875633625,22.100045499155165,17.116954500844834
20181108,FESA4,FERBASA,20.26,20.57,19.91,20.01,3846178.0,19.331000000000007,19.58275,0.5145145898396809,0.5821489257870004,20.747047851574003,18.418452148426,21.329196777361002,17.836303222639,21.911345703148,17.254154296852
20181109,FESA4,FERBASA,20.05,20.12,19.48,19.7,2960125.0,19.341000000000005,19.539500000000004,0.5198876396825926,0.4998356140029728,20.539171228005948,18.53982877199406,21.039006842008924,18.039993157991084,21.538842456011896,17.540157543988112
20181112,FESA4,FERBASA,19.81,20.0,19.74,19.79,1795617.0,19.357000000000006,19.511750000000003,0.5289124890306827,0.45077077863575316,20.41329155727151,18.610208442728496,20.864062335907263,18.159437664092742,21.314833114543017,17.70866688545699
20181113,FESA4,FERBASA,19.96,20.05,19.42,19.55,3908451.0,19.368500000000004,19.486750000000004,0.5305635038135849,0.4182710904763727,20.32329218095275,18.65020781904726,20.741563271429122,18.231936728570886,21.159834361905496,17.813665638094513
20181114,FESA4,FERBASA,19.79,19.89,19.41,19.47,5278937.0,19.377000000000006,19.479250000000004,0.5307700463527154,0.4157439269798199,20.310737853959644,18.647762146040364,20.726481780939462,18.232018219060546,21.142225707919284,17.816274292080724
20181116,FESA4,FERBASA,20.51,21.4,20.45,21.15,10659405.0,19.464000000000006,19.511500000000005,0.6626771858390621,0.48952383981138026,20.490547679622765,18.532452320377246,20.980071519434148,18.042928480565863,21.469595359245528,17.553404640754483
20181119,FESA4,FERBASA,21.39,21.59,20.77,20.8,5428685.0,19.537000000000006,19.53525,0.7257163430199951,0.5279082452327326,20.591066490465465,18.479433509534537,21.1189747356982,17.951525264301804,21.646882980930933,17.42361701906907
20181121,FESA4,FERBASA,20.55,20.89,20.16,20.62,4352192.0,19.633500000000005,19.561500000000002,0.7354144910757532,0.5550862718810979,20.6716725437622,18.451327456237806,21.226758815643297,17.896241184356708,21.781845087524395,17.34115491247561
20181122,FESA4,FERBASA,20.77,21.18,20.65,21.18,2331865.0,19.737500000000004,19.6035,0.8002162536662056,0.6110501679014527,20.825600335802907,18.381399664197094,21.436650503704357,17.770349496295644,22.04770067160581,17.15929932839419
20181123,FESA4,FERBASA,21.18,21.29,20.62,21.0,4912394.0,19.839000000000006,19.632749999999998,0.8260680486816022,0.6489952293294557,20.93074045865891,18.334759541341086,21.579735687988364,17.68576431201163,22.228730917317822,17.036769082682174
20181126,FESA4,FERBASA,21.0,21.18,20.61,20.77,2943091.0,19.938500000000005,19.659499999999998,0.8115175842048539,0.6734296072326492,21.006359214465295,18.3126407855347,21.679788821697947,17.639211178302048,22.353218428930596,16.9657815710694
20181127,FESA4,FERBASA,20.94,21.04,20.71,20.91,2706796.0,20.044000000000004,19.691999999999997,0.7926531065784193,0.7017531160582896,21.095506232116577,18.288493767883416,21.797259348174865,17.586740651825128,22.499012464233154,16.88498753576684
20181128,FESA4,FERBASA,21.14,21.62,21.01,21.62,9568527.0,20.176500000000004,19.735249999999997,0.824520753943895,0.7647523061381849,21.264754612276366,18.205745387723628,22.02950691841455,17.440993081585443,22.794259224552736,16.67624077544726
20181129,FESA4,FERBASA,21.6,21.99,21.47,21.75,6792320.0,20.314000000000004,19.795499999999997,0.8469909587537073,0.8253482559440133,21.446196511888022,18.14480348811197,22.271544767832037,17.319455232167957,23.09689302377605,16.494106976223943
20181130,FESA4,FERBASA,21.83,22.28,21.66,22.28,6731183.0,20.488000000000003,19.876499999999997,0.8765338435835596,0.9044946173530228,21.685489234706044,18.06751076529395,22.589983852059063,17.16301614794093,23.494478469412087,16.258521530587906
20181203,FESA4,FERBASA,22.64,22.92,22.56,22.7,6780047.0,20.678000000000004,19.958999999999996,0.924722433461722,1.0048492679412802,21.968698535882556,17.949301464117436,22.973547803823838,16.944452196176155,23.978397071765116,15.939602928234876
20181204,FESA4,FERBASA,22.61,22.99,22.61,22.8,4631973.0,20.843000000000004,20.034749999999995,0.9951942418178318,1.0999440253823973,22.23463805076479,17.8348619492352,23.334582076147186,16.734917923852805,24.434526101529585,15.634973898470406
20181205,FESA4,FERBASA,22.81,23.18,22.74,22.86,2818198.0,20.981,20.11125,1.0749095433178506,1.1862247538585333,22.483699507717066,17.73880049228293,23.6699242615756,16.552575738424398,24.85614901543413,15.366350984565866
20181206,FESA4,FERBASA,22.84,22.84,22.2,22.25,5436712.0,21.073500000000003,20.17625,1.1015504623269115,1.2307027125454533,22.637655425090905,17.714844574909094,23.86835813763636,16.48414186236364,25.099060850181814,15.253439149818186
20181207,FESA4,FERBASA,22.34,22.4,21.58,21.62,4302727.0,21.141500000000004,20.226,1.0906119720983312,1.2481530971183872,22.722306194236772,17.729693805763226,23.970459291355162,16.481540708644836,25.21861238847355,15.23338761152645
20181210,FESA4,FERBASA,21.1,21.15,20.7,20.7,5056165.0,21.176000000000005,20.2535,1.0635115618108077,1.2461233218800623,22.745746643760125,17.761253356239873,23.991869965640184,16.515130034359814,25.237993287520247,15.26900671247975
20181211,FESA4,FERBASA,20.96,21.17,20.83,21.15,3645198.0,21.248500000000003,20.29475,1.005434051332531,1.2478494063891314,22.790448812778262,17.79905118722174,24.038298219167395,16.551201780832606,25.286147625556527,15.303352374443474
20181212,FESA4,FERBASA,21.2,21.47,21.0,21.24,3864164.0,21.321000000000005,20.339,0.9452034033393067,1.249235253244473,22.837470506488945,17.840529493511053,24.08670575973342,16.591294240266578,25.33594101297789,15.342058987022106
20181213,FESA4,FERBASA,21.21,21.66,21.21,21.56,2778549.0,21.4215,20.394999999999996,0.8489453209098529,1.2525870664246945,22.900174132849386,17.889825867150606,24.15276119927408,16.63723880072591,25.405348265698773,15.384651734301219
20181214,FESA4,FERBASA,21.41,21.89,21.28,21.76,5028369.0,21.536,20.4565,0.715890317973651,1.2578258613321474,22.972151722664293,17.940848277335704,24.22997758399644,16.683022416003556,25.487803445328588,15.425196554671409
20181217,FESA4,FERBASA,21.76,21.95,21.35,21.61,4030938.0,21.559000000000005,20.511499999999998,0.7102030843727907,1.2589913545252365,23.02948270905047,17.993517290949526,24.288474063575705,16.73452593642429,25.547465418100945,15.475534581899051
20181218,FESA4,FERBASA,21.79,21.93,21.6,21.76,3358870.0,21.607000000000003,20.571999999999996,0.6883091410726748,1.25939790254039,23.090795805080777,18.053204194919214,24.350193707621166,16.793806292378825,25.609591610161555,15.534408389838436
20181219,FESA4,FERBASA,21.76,21.76,20.82,20.82,10208672.0,21.617,20.625249999999998,0.6745298557630954,1.2222656295710947,23.069781259142186,18.18071874085781,24.29204688871328,16.958453111286715,25.514312518284378,15.736187481715618
20181220,FESA4,FERBASA,20.95,21.15,20.7,21.0,3605760.0,21.608,20.672749999999997,0.6818288101244934,1.198152397095929,23.069054794191857,18.276445205808137,24.267207191287785,17.07829280871221,25.465359588383713,15.880140411616281
20181221,FESA4,FERBASA,20.81,21.0,20.4,20.4,5635681.0,21.578,20.708499999999994,0.7220045195951222,1.1669718648422445,23.042443729684482,18.374556270315505,24.209415594526728,17.20758440547326,25.37638745936897,16.040612540631017
20181226,FESA4,FERBASA,20.39,20.58,20.05,20.17,2937982.0,21.548000000000002,20.743249999999996,0.7683242188445915,1.128121623512265,22.999493247024525,18.487006752975468,24.127614870536792,17.3588851294632,25.255736494049057,16.230763505950936
20181227,FESA4,FERBASA,20.56,20.56,20.15,20.32,2367547.0,21.5185,20.781249999999996,0.8045807996453114,1.0857921307884406,22.95283426157688,18.609665738423114,24.03862639236532,17.523873607634673,25.124418523153757,16.438081476846236
20181228,FESA4,FERBASA,20.35,20.47,20.21,20.45,2269374.0,21.46,20.81825,0.8386266969528813,1.0470125694149377,22.912275138829873,18.724224861170125,23.959287708244812,17.677212291755186,25.00630027765975,16.630199722340247
