DATA DO PREGAO,CODIGO DE NEGOGIACAO DO PAPEL,NOME RESUMIDO DA EMPRESA EMISSORA,PRECO DE ABERTURA,PRECO MAXIMO,PRECO MINIMO,PRECO FECHAMENTO,VOLUME TOTAL DE TITULOS NEGOCIADOS NESTE PAPEL,MA_20,MA_40,STD_20,STD_40,BANDA_1_40 SUPERIOR,BANDA_1_40 INFERIOR,BANDA_2_40 SUPERIOR,BANDA_2_40 INFERIOR,BANDA_3_40 SUPERIOR,BANDA_3_40 INFERIOR
20180102,FLRY3,FLEURY,29.71,29.94,29.41,29.7,63819048.0,0.0,0.0,0.0,0.0,0.0,0.0,0.0,0.0,0.0,0.0
20180103,FLRY3,FLEURY,29.69,29.91,28.81,28.99,44892459.0,0.0,0.0,0.0,0.0,0.0,0.0,0.0,0.0,0.0,0.0
20180104,FLRY3,FLEURY,29.35,29.37,28.38,28.41,52969646.0,0.0,0.0,0.0,0.0,0.0,0.0,0.0,0.0,0.0,0.0
20180105,FLRY3,FLEURY,28.5,28.82,28.19,28.82,40760519.0,0.0,0.0,0.0,0.0,0.0,0.0,0.0,0.0,0.0,0.0
20180108,FLRY3,FLEURY,28.79,28.79,28.07,28.07,43711641.0,0.0,0.0,0.0,0.0,0.0,0.0,0.0,0.0,0.0,0.0
20180109,FLRY3,FLEURY,28.1,28.24,27.25,27.26,43140795.0,0.0,0.0,0.0,0.0,0.0,0.0,0.0,0.0,0.0,0.0
20180110,FLRY3,FLEURY,27.26,28.15,27.1,28.15,41583760.0,0.0,0.0,0.0,0.0,0.0,0.0,0.0,0.0,0.0,0.0
20180111,FLRY3,FLEURY,28.15,28.18,27.31,27.58,42609315.0,0.0,0.0,0.0,0.0,0.0,0.0,0.0,0.0,0.0,0.0
20180112,FLRY3,FLEURY,27.5,27.63,27.1,27.41,28114301.0,0.0,0.0,0.0,0.0,0.0,0.0,0.0,0.0,0.0,0.0
20180115,FLRY3,FLEURY,27.46,28.32,27.2,27.86,29958881.0,0.0,0.0,0.0,0.0,0.0,0.0,0.0,0.0,0.0,0.0
20180116,FLRY3,FLEURY,27.86,28.08,27.62,27.7,35164191.0,0.0,0.0,0.0,0.0,0.0,0.0,0.0,0.0,0.0,0.0
20180117,FLRY3,FLEURY,27.72,28.0,27.65,27.86,32348740.0,0.0,0.0,0.0,0.0,0.0,0.0,0.0,0.0,0.0,0.0
20180118,FLRY3,FLEURY,27.91,28.16,27.63,27.79,51256802.0,0.0,0.0,0.0,0.0,0.0,0.0,0.0,0.0,0.0,0.0
20180119,FLRY3,FLEURY,27.86,28.05,27.61,27.77,43471980.0,0.0,0.0,0.0,0.0,0.0,0.0,0.0,0.0,0.0,0.0
20180122,FLRY3,FLEURY,28.0,28.08,27.44,27.48,33910224.0,0.0,0.0,0.0,0.0,0.0,0.0,0.0,0.0,0.0,0.0
20180123,FLRY3,FLEURY,27.44,27.44,26.67,26.75,79698799.0,0.0,0.0,0.0,0.0,0.0,0.0,0.0,0.0,0.0,0.0
20180124,FLRY3,FLEURY,26.86,28.31,26.85,28.25,75522683.0,0.0,0.0,0.0,0.0,0.0,0.0,0.0,0.0,0.0,0.0
20180126,FLRY3,FLEURY,28.34,28.75,28.17,28.6,77030731.0,0.0,0.0,0.0,0.0,0.0,0.0,0.0,0.0,0.0,0.0
20180129,FLRY3,FLEURY,28.59,28.93,28.29,28.61,46695947.0,0.0,0.0,0.0,0.0,0.0,0.0,0.0,0.0,0.0,0.0
20180130,FLRY3,FLEURY,28.61,29.44,28.48,29.3,72721780.0,28.117999999999995,0.0,0.7282032683255405,0.0,0.0,0.0,0.0,0.0,0.0,0.0
20180131,FLRY3,FLEURY,29.41,30.15,29.32,30.0,96448077.0,28.132999999999992,0.0,0.764681564271587,0.0,0.0,0.0,0.0,0.0,0.0,0.0
20180201,FLRY3,FLEURY,29.98,30.35,29.4,29.64,67146644.0,28.16549999999999,0.0,0.8151685327845426,0.0,0.0,0.0,0.0,0.0,0.0,0.0
20180202,FLRY3,FLEURY,29.43,29.53,28.9,29.52,51582245.0,28.220999999999993,0.0,0.8687189600664565,0.0,0.0,0.0,0.0,0.0,0.0,0.0
20180205,FLRY3,FLEURY,29.05,29.45,28.12,28.13,40642867.0,28.186499999999988,0.0,0.8573046808395902,0.0,0.0,0.0,0.0,0.0,0.0,0.0
20180206,FLRY3,FLEURY,28.05,28.5,27.5,27.98,64653815.0,28.181999999999988,0.0,0.8581841294267787,0.0,0.0,0.0,0.0,0.0,0.0,0.0
20180207,FLRY3,FLEURY,27.98,28.34,27.88,28.1,27467337.0,28.22399999999999,0.0,0.830804302753472,0.0,0.0,0.0,0.0,0.0,0.0,0.0
20180208,FLRY3,FLEURY,28.1,28.35,27.28,28.24,73424264.0,28.22849999999999,0.0,0.8306261113413806,0.0,0.0,0.0,0.0,0.0,0.0,0.0
20180209,FLRY3,FLEURY,27.96,28.7,27.75,28.35,49431208.0,28.26699999999999,0.0,0.8167142127226363,0.0,0.0,0.0,0.0,0.0,0.0,0.0
20180214,FLRY3,FLEURY,28.4,29.95,28.26,29.52,97624954.0,28.37249999999999,0.0,0.8362313643584769,0.0,0.0,0.0,0.0,0.0,0.0,0.0
20180215,FLRY3,FLEURY,29.86,29.98,29.13,29.22,70839576.0,28.440499999999993,0.0,0.8475815439733264,0.0,0.0,0.0,0.0,0.0,0.0,0.0
20180216,FLRY3,FLEURY,29.22,29.48,28.68,28.97,76735971.0,28.50399999999999,0.0,0.8366877050545627,0.0,0.0,0.0,0.0,0.0,0.0,0.0
20180219,FLRY3,FLEURY,29.23,29.23,28.42,28.46,41046783.0,28.533999999999992,0.0,0.8230265072152563,0.0,0.0,0.0,0.0,0.0,0.0,0.0
20180220,FLRY3,FLEURY,28.42,28.65,28.01,28.39,57007409.0,28.563999999999993,0.0,0.8052224275904972,0.0,0.0,0.0,0.0,0.0,0.0,0.0
20180221,FLRY3,FLEURY,28.4,28.98,28.28,28.37,35362447.0,28.593999999999994,0.0,0.7850068722461481,0.0,0.0,0.0,0.0,0.0,0.0,0.0
20180222,FLRY3,FLEURY,28.37,28.64,27.92,28.47,38452087.0,28.643499999999996,0.0,0.7410467348001004,0.0,0.0,0.0,0.0,0.0,0.0,0.0
20180223,FLRY3,FLEURY,28.54,28.78,28.17,28.7,55326197.0,28.740999999999996,0.0,0.5921228535398754,0.0,0.0,0.0,0.0,0.0,0.0,0.0
20180226,FLRY3,FLEURY,28.72,28.94,27.97,28.07,38213161.0,28.732,0.0,0.6012758365167701,0.0,0.0,0.0,0.0,0.0,0.0,0.0
20180227,FLRY3,FLEURY,28.06,28.06,27.31,27.31,74122325.0,28.667499999999997,0.0,0.6801925037114555,0.0,0.0,0.0,0.0,0.0,0.0,0.0
20180228,FLRY3,FLEURY,27.36,27.75,27.0,27.13,54047509.0,28.593499999999995,0.0,0.7623252172413698,0.0,0.0,0.0,0.0,0.0,0.0,0.0
20180301,FLRY3,FLEURY,27.13,28.06,27.05,27.31,68607029.0,28.493999999999993,28.306,0.794450488669599,0.7759354982444718,29.857870996488945,26.754129003511057,30.633806494733417,25.978193505266585,31.40974199297789,25.202258007022113
20180302,FLRY3,FLEURY,27.55,28.62,27.22,28.5,133265190.0,28.418999999999993,28.276,0.711239836667741,0.7431630252180755,29.76232605043615,26.78967394956385,30.505489075654225,26.046510924345775,31.248652100872302,25.303347899127697
20180305,FLRY3,FLEURY,28.51,29.07,28.38,28.9,67302899.0,28.381999999999994,28.27375,0.6619158795337552,0.7410792113100307,29.75590842262006,26.79159157737994,30.496987633930093,26.050512366069906,31.238066845240123,25.309433154759876
20180306,FLRY3,FLEURY,29.29,29.3,28.53,28.55,32713170.0,28.333499999999994,28.27725,0.6074387558472553,0.7420691359732612,29.761388271946522,26.793111728053475,30.503457407919782,26.051042592080215,31.245526543893043,25.308973456106955
20180307,FLRY3,FLEURY,27.6,28.88,27.51,28.77,72805082.0,28.36549999999999,28.276,0.6129864341248107,0.7411730134708331,29.758346026941666,26.793653973058333,30.499519040412498,26.052480959587502,31.240692053883333,25.311307946116667
20180308,FLRY3,FLEURY,28.79,29.14,28.64,28.96,33703606.0,28.414499999999993,28.298250000000003,0.619681369737705,0.7481563236485972,29.794562647297198,26.801937352702808,30.542718970945796,26.05378102905421,31.290875294594393,25.305624705405613
20180309,FLRY3,FLEURY,28.96,29.18,28.6,28.74,53451062.0,28.446499999999993,28.335250000000002,0.6191103549278959,0.7319135002135645,29.799077000427133,26.87142299957287,30.530990500640694,26.13950949935931,31.26290400085426,25.407595999145745
20180312,FLRY3,FLEURY,28.73,29.05,28.41,28.61,30759294.0,28.464999999999993,28.346749999999997,0.6181423784210219,0.7325417201735827,29.81183344034716,26.88166655965283,30.544375160520744,26.14912483947925,31.276916880694326,25.416583119305667
20180313,FLRY3,FLEURY,28.61,28.87,27.8,27.96,34764262.0,28.445499999999992,28.35625,0.6280334805020962,0.7247658773169972,29.805781754633994,26.906718245366005,30.53054763195099,26.181952368049007,31.25531350926799,25.45718649073201
20180314,FLRY3,FLEURY,28.29,28.29,27.1,27.16,62566731.0,28.327499999999993,28.35,0.6371637400064021,0.7341522234383594,29.81830444687672,26.881695553123283,30.55245667031508,26.147543329684922,31.28660889375344,25.413391106246564
20180315,FLRY3,FLEURY,27.25,27.42,26.9,27.28,27971997.0,28.23049999999999,28.335500000000003,0.6417941545714672,0.7496424788883335,29.83478495777667,26.836215042223337,30.584427436665003,26.086572563335004,31.334069915553336,25.33693008444667
20180316,FLRY3,FLEURY,27.42,27.54,27.1,27.48,43954592.0,28.155999999999988,28.330000000000002,0.6379028139144701,0.7552109571130368,29.840421914226077,26.819578085773927,30.595632871339113,26.06436712866089,31.35084382845215,25.309156171547855
20180319,FLRY3,FLEURY,27.2,27.6,26.8,27.47,35392983.0,28.10649999999999,28.320250000000005,0.651340924554875,0.7639018848933343,29.848053769786674,26.792446230213336,30.61195565468001,26.02854434532,31.375857539573342,25.264642460426668
20180320,FLRY3,FLEURY,27.5,27.5,26.86,26.94,46466399.0,28.033999999999992,28.299000000000007,0.697207965651871,0.790393605289194,29.879787210578396,26.718212789421617,30.67018081586759,25.927819184132424,31.46057442115678,25.13742557884323
20180321,FLRY3,FLEURY,26.96,27.55,26.66,27.2,46885665.0,27.975499999999993,28.28475000000001,0.7163538893150803,0.8051755263326918,29.895101052665392,26.674398947334627,30.700276578998086,25.869223421001934,31.505452105330775,25.064047894669244
20180322,FLRY3,FLEURY,27.54,27.96,27.22,27.82,37281876.0,27.942999999999994,28.293250000000008,0.7074275116296558,0.7982268410317889,29.889703682063587,26.69679631793643,30.687930523095375,25.89856947690464,31.486157364127163,25.100342635872853
20180323,FLRY3,FLEURY,27.51,27.78,26.8,27.41,53100765.0,27.878499999999992,28.309750000000008,0.6934450610045334,0.7718957266499871,29.853541453299982,26.765958546700034,30.62543717994997,25.994062820050047,31.397332906599956,25.22216709340006
20180326,FLRY3,FLEURY,27.7,27.7,27.0,27.55,32808009.0,27.852499999999985,28.292250000000006,0.695632048836469,0.7811644414688776,29.854578882937762,26.72992111706225,30.63574332440664,25.948756675593373,31.416907765875518,25.167592234124495
20180327,FLRY3,FLEURY,27.56,27.56,26.96,27.1,59681818.0,27.84199999999999,28.25475000000001,0.7057627452845479,0.8017448519899003,29.85823970397981,26.651260296020208,30.65998455596971,25.849515444030306,31.46172940795961,25.047770592040408
20180328,FLRY3,FLEURY,27.0,27.33,26.27,26.6,52229767.0,27.815499999999993,28.204500000000007,0.7428782927874117,0.8409394929299201,29.886378985859846,26.522621014140167,30.727318478789766,25.681681521210248,31.56825797171969,24.840742028280324
20180329,FLRY3,FLEURY,26.6,27.61,26.41,27.14,65975111.0,27.806999999999995,28.15050000000001,0.749905959016478,0.8381357518096572,29.826771503619327,26.474228496380697,30.664907255428982,25.63609274457104,31.50304300723864,24.79795699276138
20180402,FLRY3,FLEURY,27.1,27.57,26.4,26.65,34112468.0,27.714499999999994,28.066750000000013,0.7736480567993936,0.8156588889216655,29.698067777843345,26.43543222215668,30.51372666676501,25.619773333235017,31.329385555686674,24.804114444313353
20180403,FLRY3,FLEURY,26.93,27.15,26.38,26.38,37572372.0,27.588499999999993,27.985250000000015,0.7756170718242792,0.8172969441223912,29.619843888244798,26.35065611175523,30.437140832367188,25.53335916763284,31.25443777648958,24.71606222351045
20180404,FLRY3,FLEURY,26.27,26.47,25.55,26.1,57173922.0,27.465999999999998,27.89975000000001,0.8085425484361264,0.8313920593861012,29.562534118772213,26.23696588122781,30.393926178158317,25.405573821841706,31.225318237544418,24.574181762455606
20180405,FLRY3,FLEURY,26.8,26.99,25.91,26.11,35648770.0,27.333,27.849250000000005,0.8014992530449336,0.8771380837409383,29.60352616748188,26.09497383251813,30.48066425122282,25.21783574877719,31.357802334963758,24.340697665036252
20180406,FLRY3,FLEURY,26.16,26.47,25.81,26.04,24783069.0,27.186999999999994,27.800750000000004,0.7540773379295758,0.9222002327210604,29.645150465442125,25.956349534557884,30.567350698163185,25.034149301836823,31.489550930884246,24.111949069115763
20180409,FLRY3,FLEURY,26.36,26.36,25.52,25.88,40219115.0,27.043999999999993,27.74525000000001,0.7141973779963436,0.969326986982369,29.683903973964746,25.806596026035272,30.653230960947116,24.837269039052902,31.622557947929486,23.867942052070532
20180410,FLRY3,FLEURY,26.19,26.34,25.54,26.26,38935199.0,26.926499999999994,27.69575000000001,0.6315250963884432,0.9936642560976845,29.68307851219538,25.708421487804642,30.676742768293064,24.714757231706958,31.670407024390748,23.721092975609274
20180411,FLRY3,FLEURY,26.31,27.07,26.01,27.01,31166366.0,26.87899999999999,27.66225000000001,0.5836085566271568,0.99362967744399,29.64950935488799,25.674990645112032,30.64313903233198,24.68136096766804,31.63676870977597,23.68773129022405
20180412,FLRY3,FLEURY,27.04,27.47,26.77,27.3,43275378.0,26.88599999999999,27.606750000000012,0.5879795914825718,0.9481625617950528,29.50307512359012,25.710424876409906,30.45123768538517,24.762262314614855,31.399400247180225,23.8140997528198
20180413,FLRY3,FLEURY,27.14,27.21,26.51,26.88,32540071.0,26.865999999999993,27.548250000000014,0.5806294225371308,0.9177757044015488,29.383801408803112,25.712698591196915,30.301577113204658,24.79492288679537,31.219352817606207,23.87714718239382
20180416,FLRY3,FLEURY,26.76,27.07,26.08,26.21,45533464.0,26.80249999999999,27.479250000000015,0.5793905600306624,0.9118771495642678,29.30300429912855,25.65549570087148,30.214881448692818,24.74361855130721,31.126758598257087,23.831741401742942
20180417,FLRY3,FLEURY,26.29,26.4,25.96,26.31,38890683.0,26.744499999999988,27.42550000000001,0.5669816204205832,0.9159412980854625,29.257382596170935,25.593617403829086,30.1733238942564,24.677676105743622,31.08926519234186,23.76173480765816
20180418,FLRY3,FLEURY,26.5,26.67,26.09,26.65,50361371.0,26.729999999999983,27.382000000000012,0.5654248519104095,0.9102611628622889,29.20252232572459,25.561477674275434,30.112783488586878,24.651216511413146,31.02304465144917,23.740955348550855
20180419,FLRY3,FLEURY,27.05,27.52,26.69,27.29,70034015.0,26.73449999999998,27.35500000000001,0.5697042168852673,0.8961112568288645,29.14722251365774,25.56277748634228,30.043333770486605,24.666666229513417,30.939445027315468,23.770554972684554
20180420,FLRY3,FLEURY,27.25,27.5,26.52,27.3,59145289.0,26.708499999999976,27.32575000000001,0.5278882956001134,0.8776889452507692,29.08112789050155,25.57037210949847,29.958816835752316,24.692683164247704,30.836505781003087,23.814994218996933
20180423,FLRY3,FLEURY,27.21,27.34,26.62,26.7,51443408.0,26.67299999999998,27.27575000000001,0.5014410811797839,0.8540428365525301,28.98383567310507,25.56766432689495,29.8378785096576,24.71362149034242,30.69192134621013,23.85957865378989
20180424,FLRY3,FLEURY,26.86,26.93,26.2,26.45,47067768.0,26.617999999999984,27.235250000000015,0.4586892079324501,0.8538239399974953,28.942897879995005,25.527602120005024,29.796721819992502,24.673778180007528,30.650545759989996,23.819954240010034
20180425,FLRY3,FLEURY,26.5,26.75,26.01,26.65,52310506.0,26.59549999999998,27.218750000000018,0.44462254837820603,0.8587056075936891,28.936161215187397,25.50133878481264,29.794866822781085,24.64263317721895,30.653572430374773,23.783927569625263
20180426,FLRY3,FLEURY,26.51,27.22,26.3,27.19,50601218.0,26.624999999999982,27.220250000000014,0.4640837038838365,0.8585990004593355,28.937448000918685,25.503051999081343,29.79604700137802,24.644452998622008,30.654646001837357,23.785853998162672
20180427,FLRY3,FLEURY,27.01,27.7,26.44,26.56,108757536.0,26.595999999999982,27.201500000000017,0.44805309835708423,0.8647559311810744,28.931011862362165,25.47198813763787,29.79576779354324,24.607232206456793,30.660523724724314,23.74247627527572
20180430,FLRY3,FLEURY,26.92,26.92,25.97,26.11,41503946.0,26.56899999999998,27.141750000000012,0.46071911753602396,0.8552519122067844,28.85225382441358,25.431246175586445,29.707505736620366,24.57599426337966,30.56275764882715,23.720742351172873
20180502,FLRY3,FLEURY,26.0,26.13,25.54,25.78,57875045.0,26.53899999999998,27.06375000000001,0.4921371225262689,0.8327639721633994,28.729277944326807,25.398222055673212,29.56204191649021,24.56545808350981,30.394805888653607,23.73269411134641
20180503,FLRY3,FLEURY,25.66,26.21,25.51,25.58,35216615.0,26.512999999999984,26.98950000000001,0.5289124890306965,0.829247264476077,28.647994528952164,25.331005471047856,29.47724179342824,24.50175820657178,30.30648905790432,23.672510942095702
20180504,FLRY3,FLEURY,25.5,26.59,25.18,26.59,128995169.0,26.536999999999985,26.93500000000001,0.5204866144191306,0.7793652907400281,28.493730581480065,25.376269418519954,29.273095872220093,24.596904127779926,30.05246116296012,23.817538837039898
20180507,FLRY3,FLEURY,26.39,26.72,26.0,26.27,36833006.0,26.548499999999983,26.867750000000008,0.5113889754487687,0.7134189530452182,28.294587906090445,25.44091209390957,29.008006859135662,24.727493140864354,29.721425812180883,24.014074187819133
20180508,FLRY3,FLEURY,26.26,26.67,25.96,26.5,64710091.0,26.579499999999985,26.811750000000007,0.486939691499789,0.647563035244769,28.106876070489545,25.51662392951047,28.754439105734313,24.8690608942657,29.402002140979082,24.221497859020932
20180509,FLRY3,FLEURY,26.63,27.36,26.27,27.0,75825580.0,26.616499999999984,26.77150000000001,0.4894924869054243,0.5793699053105199,27.93023981062105,25.61276018937897,28.50960971593157,25.03339028406845,29.08897962124209,24.45402037875793
20180510,FLRY3,FLEURY,26.92,27.77,26.92,27.16,88711803.0,26.623999999999985,26.75150000000001,0.49693163778491073,0.5503730669469088,27.85224613389383,25.650753866106193,28.402619200840736,25.100380799159286,28.952992267787646,24.550007732212375
20180511,FLRY3,FLEURY,26.97,27.3,26.51,26.55,46616377.0,26.586499999999983,26.736250000000005,0.4708477796262421,0.5472058980601624,27.83066179612033,25.64183820387968,28.37786769418049,25.09463230581952,28.925073592240654,24.547426407759357
20180514,FLRY3,FLEURY,26.61,26.61,25.27,25.3,74131966.0,26.507499999999983,26.686750000000007,0.5456225319471656,0.585006629372942,27.85676325874589,25.516736741254125,28.441769888118834,24.93173011188118,29.026776517491776,24.34672348250824
20180515,FLRY3,FLEURY,25.4,25.63,24.41,25.2,69254821.0,26.456999999999983,26.62975000000001,0.6167154082207259,0.6159898746254363,27.86172974925088,25.397770250749137,28.477719623876318,24.7817803761237,29.093709498501752,24.165790501498265
20180516,FLRY3,FLEURY,25.2,25.62,24.94,25.48,51272871.0,26.415499999999987,26.580000000000005,0.6539312292830134,0.626655755496965,27.833311510993937,25.326688489006074,28.4599672664909,24.70003273350911,29.086623021987865,24.073376978012146
20180517,FLRY3,FLEURY,25.28,25.41,24.31,24.7,57964031.0,26.31799999999999,26.524000000000008,0.7547296483544803,0.6904951772051897,27.904990354410387,25.14300964558963,28.595485531615576,24.45251446838444,29.285980708820766,23.76201929117925
20180518,FLRY3,FLEURY,24.42,24.75,24.01,24.69,80620999.0,26.187999999999995,26.461250000000007,0.8009967474800996,0.7397788564228459,27.9408077128457,24.981692287154313,28.680586569268545,24.24191343073147,29.42036542569139,23.502134574308624
20180521,FLRY3,FLEURY,24.83,25.19,24.11,24.66,51949747.0,26.055999999999994,26.38225000000001,0.8252616809868711,0.7594245037678959,27.9010990075358,24.863400992464218,28.660523511303698,24.103976488696322,29.419948015071594,23.344551984928426
20180522,FLRY3,FLEURY,24.93,25.64,24.65,25.5,40188952.0,25.99599999999999,26.33450000000001,0.8195788392120823,0.7531674993328646,27.840834998665738,24.82816500133428,28.594002497998602,24.074997502001416,29.347169997331466,23.321830002668552
20180523,FLRY3,FLEURY,25.23,25.44,24.64,24.75,36882079.0,25.91099999999999,26.26450000000001,0.8573023786395718,0.7672860931347495,27.79907218626951,24.72992781373051,28.566358279404255,23.962641720595762,29.333644372539005,23.195355627461012
20180524,FLRY3,FLEURY,24.56,25.2,24.29,25.2,32501549.0,25.838499999999993,26.217000000000013,0.8528174667412497,0.7730266854451374,27.763053370890287,24.67094662910974,28.536080056335425,23.8979199436646,29.309106741780564,23.124893258219462
20180525,FLRY3,FLEURY,25.17,25.56,24.91,25.08,52806790.0,25.732999999999993,26.179000000000013,0.8060566781691394,0.7908703417349374,27.760740683469887,24.59725931653014,28.551611025204824,23.8063889747952,29.34248136693976,23.015518633060264
20180528,FLRY3,FLEURY,24.94,24.96,23.82,23.86,22797091.0,25.597999999999992,26.09700000000001,0.8827147122133571,0.8560319907753505,27.80906398155071,24.384936018449306,28.66509597232606,23.528904027673956,29.52112796310141,22.672872036898607
20180529,FLRY3,FLEURY,24.0,24.41,23.57,23.67,46915051.0,25.475999999999992,26.022500000000008,0.9722973337735595,0.9328938983834478,27.888287796766903,24.156712203233113,28.82118169515035,23.223818304849665,29.7540755935338,22.290924406466218
20180530,FLRY3,FLEURY,23.72,24.7,23.72,24.58,46634186.0,25.415999999999997,25.977500000000003,0.9894251387867465,0.9582750260969275,27.894050052193858,24.060949947806147,28.852325078290786,23.10267492170922,29.810600104387714,22.144399895612292
20180601,FLRY3,FLEURY,24.65,25.74,24.29,25.46,44443272.0,25.41,25.961500000000008,0.9887418906447751,0.9615146971422508,27.88452939428451,24.038470605715506,28.846044091426762,23.076955908573254,29.80755878856901,22.115441211431005
20180604,FLRY3,FLEURY,25.55,25.84,25.31,25.55,41273201.0,25.358,25.94750000000001,0.9500060941632867,0.9633721489829042,27.874244297965816,24.0207557020342,28.837616446948722,23.057383553051295,29.800988595931624,22.094011404068393
20180605,FLRY3,FLEURY,25.24,25.48,24.95,25.1,49259448.0,25.299500000000002,25.924000000000007,0.9266264505977497,0.9724797802920967,27.8689595605842,23.97904043941581,28.841439340876295,23.006560659123718,29.813919121168393,22.03408087883162
20180606,FLRY3,FLEURY,24.66,25.0,24.1,24.25,42667958.0,25.187,25.883250000000004,0.9096332401462488,1.0078776571563204,27.899005314312646,23.86749468568736,28.906882971468967,22.85961702853104,29.914760628625285,21.851739371374723
20180607,FLRY3,FLEURY,24.1,24.33,22.49,24.0,68816425.0,25.037,25.826750000000004,0.8395869911983449,1.0487340047984308,27.924218009596867,23.72928199040314,28.972952014395297,22.68054798560471,30.021686019193726,21.63181398080628
20180608,FLRY3,FLEURY,24.21,24.73,23.22,24.04,38569369.0,24.880999999999997,25.752500000000005,0.7031275994104124,1.0677768661557896,27.888053732311583,23.616946267688427,28.955830598467372,22.549169401532637,30.02360746462316,21.48139253537685
20180611,FLRY3,FLEURY,24.06,24.81,24.05,24.42,46080330.0,24.774499999999996,25.680500000000006,0.5890891720542799,1.057806026520757,27.79611205304152,23.564887946958493,28.853918079562277,22.507081920437734,29.911724106083035,21.449275893916976
20180612,FLRY3,FLEURY,24.51,24.78,24.14,24.78,35010231.0,24.7485,25.628000000000004,0.5760050712496213,1.048821560927649,27.725643121855303,23.530356878144705,28.774464682782952,22.481535317217055,29.823286243710598,21.43271375628941
20180613,FLRY3,FLEURY,24.99,25.49,24.43,24.86,69790425.0,24.731499999999997,25.59425,0.5669240643480046,1.0513309940139703,27.69691198802794,23.49158801197206,28.74824298204191,22.44025701795809,29.799573976055882,21.388926023944116
20180614,FLRY3,FLEURY,24.8,25.27,24.39,24.58,58056688.0,24.686499999999995,25.551,0.5394370847662138,1.0567021752506862,27.66440435050137,23.437595649498626,28.721106525752056,22.38089347424794,29.777808701002744,21.324191298997253
20180615,FLRY3,FLEURY,24.23,24.62,23.76,23.93,44715221.0,24.647999999999993,25.483,0.565281485540395,1.0715797109516036,27.626159421903207,23.339840578096794,28.69773913285481,22.26826086714519,29.769318843806417,21.196681156193584
20180618,FLRY3,FLEURY,23.8,23.94,23.35,23.74,33653774.0,24.60049999999999,25.39425,0.6003900048258267,1.065072255885232,27.524394511770463,23.264105488229536,28.589466767655694,22.199033232344306,29.654539023540927,21.133960976459072
20180619,FLRY3,FLEURY,23.72,24.99,23.5,24.99,31312403.0,24.616999999999987,25.3365,0.6066135507883245,1.0207954414736484,27.378090882947298,23.294909117052704,28.398886324420946,22.274113675579056,29.419681765894595,21.253318234105407
20180620,FLRY3,FLEURY,25.21,25.35,24.4,24.4,24393220.0,24.56199999999999,25.279000000000003,0.5711723861820194,1.0067026653437965,27.292405330687597,23.26559466931241,28.299107996031392,22.258892003968615,29.30581066137519,21.252189338624817
20180621,FLRY3,FLEURY,24.28,24.57,23.75,23.75,28738154.0,24.51199999999999,25.2115,0.597033015044103,1.0166424124891913,27.24478482497838,23.17821517502162,28.261427237467576,22.161572762532426,29.278069649956766,21.144930350043236
20180622,FLRY3,FLEURY,24.09,24.28,23.51,24.26,44285088.0,24.46499999999999,25.15175,0.5766737652945279,1.0000279162770316,27.151805832554064,23.151694167445935,28.151833748831095,22.151666251168905,29.151861665108125,21.151638334891874
20180625,FLRY3,FLEURY,24.43,25.33,24.43,24.55,52255311.0,24.43849999999999,25.08575,0.558826543091127,0.9478122920840869,26.981374584168176,23.190125415831826,27.92918687625226,22.242313123747742,28.876999168336347,21.294500831663655
20180626,FLRY3,FLEURY,25.06,26.25,25.06,26.09,78110940.0,24.54999999999999,25.074,0.6520251851771397,0.9318462512118002,26.9376925024236,23.2103074975764,27.869538753635403,22.2784612463646,28.8013850048472,21.3466149951528
20180627,FLRY3,FLEURY,26.29,26.58,25.41,25.63,65354505.0,24.64799999999999,25.062000000000005,0.6600446555866049,0.9211926494691255,26.904385298938255,23.219614701061754,27.825577948407382,22.298422051592627,28.746770597876505,21.377229402123504
20180628,FLRY3,FLEURY,25.41,26.47,25.41,26.2,47934471.0,24.72899999999999,25.0725,0.7451732401896591,0.9319176534547257,26.936335306909452,23.20866469309055,27.868252960364178,22.276747039635826,28.800170613818903,21.3448293861811
20180629,FLRY3,FLEURY,26.45,26.6,25.85,26.45,40838174.0,24.778499999999987,25.094250000000002,0.8249036626367937,0.9539577142163428,27.002165428432686,23.18633457156732,27.95612314264903,22.232376857350975,28.910080856865374,21.27841914313463
20180702,FLRY3,FLEURY,26.46,26.46,25.28,25.71,27523314.0,24.786499999999986,25.07225,0.8335104899412625,0.9283828992890579,26.929015798578117,23.215484201421884,27.857398697867175,22.287101302132825,28.78578159715623,21.35871840284377
20180703,FLRY3,FLEURY,25.56,26.8,25.56,26.5,26046205.0,24.85649999999999,25.077999999999996,0.9159365353790201,0.9366667579158902,26.951333515831777,23.204666484168214,27.888000273747664,22.267999726252327,28.824667031663555,21.331332968336437
20180704,FLRY3,FLEURY,26.47,27.08,25.99,26.74,21328585.0,24.980999999999987,25.083999999999996,0.9949763287319249,0.9467239058174263,26.97744781163485,23.190552188365142,27.924171717452275,22.243828282547717,28.8708956232697,21.297104376730292
20180705,FLRY3,FLEURY,26.63,26.87,26.09,26.57,25439174.0,25.10949999999999,25.073249999999994,1.0270523740040647,0.9266382235996672,26.92652644719933,23.21997355280066,27.853164670798996,22.293335329200993,28.779802894398664,21.366697105601325
20180706,FLRY3,FLEURY,26.57,27.22,26.55,27.12,22851208.0,25.26349999999999,25.072249999999993,1.087388348775472,0.9243472749002043,26.920944549800403,23.223555450199584,27.845291824700606,22.29920817529938,28.76963909960081,21.374860900399177
20180710,FLRY3,FLEURY,27.18,27.66,27.05,27.39,53425157.0,25.411999999999992,25.093249999999994,1.1660847671634094,0.9673235279327993,27.027897055865594,23.158602944134394,27.995220583798393,22.191279416201596,28.96254411173119,21.223955888268797
20180711,FLRY3,FLEURY,27.2,27.8,27.1,27.65,43035875.0,25.555499999999995,25.151999999999997,1.2572462598452034,1.0481857341775747,27.248371468355145,23.05562853164485,28.29655720253272,22.007442797467274,29.344742936710297,20.959257063289698
20180712,FLRY3,FLEURY,27.51,27.81,27.23,27.6,30007501.0,25.692499999999995,25.211999999999996,1.3249344571674067,1.1174081732478396,27.446816346495677,22.977183653504316,28.564224519743515,21.859775480256477,29.681632692991354,20.74236730700864
20180713,FLRY3,FLEURY,27.34,28.0,27.33,27.7,28764575.0,25.848499999999994,25.267499999999995,1.3699645596645407,1.1841966875784793,27.635893375156954,22.899106624843036,28.82009006273543,21.714909937264558,30.004286750313913,20.530713249686077
20180716,FLRY3,FLEURY,27.69,28.27,27.59,28.01,31837991.0,26.0525,25.350249999999996,1.3730177098562737,1.2569386650478835,27.864127330095762,22.83637266990423,29.121065995143645,21.579434004856346,30.37800466019153,20.322495339808462
20180717,FLRY3,FLEURY,27.96,28.58,27.96,28.51,79132705.0,26.290999999999997,25.445749999999993,1.3644428205411672,1.347354268795358,28.14045853759071,22.751041462409276,29.487812806386067,21.40368719361392,30.835167075181424,20.056332924818562
20180718,FLRY3,FLEURY,28.1,28.69,27.91,28.58,59807952.0,26.470499999999998,25.543749999999992,1.4193196109033221,1.4288343599610052,28.401418719922003,22.686081280077982,29.830253079883008,21.257246920116977,31.259087439844013,19.82841256015597
20180719,FLRY3,FLEURY,28.0,28.45,27.66,28.36,60453442.0,26.6685,25.615249999999993,1.3912140665431003,1.4965430035714,28.608336007142793,22.622163992857192,30.104879010714193,21.125620989285792,31.601422014285593,19.629077985714392
20180720,FLRY3,FLEURY,28.59,29.12,27.86,28.0,43290138.0,26.881,25.696499999999993,1.238126343353248,1.5360648190116113,28.768629638023217,22.62437036197677,30.304694457034827,21.08830554296516,31.840759276046438,19.55224072395355
20180723,FLRY3,FLEURY,27.85,28.33,27.55,27.69,33312616.0,27.052500000000002,25.758749999999992,1.0839201514580616,1.5655984151230937,28.88994683024618,22.627553169753803,30.455545245369272,21.06195475463071,32.02114366049237,19.496356339507617
20180724,FLRY3,FLEURY,27.88,28.29,27.66,27.98,58463388.0,27.224000000000007,25.831249999999994,0.9271427528760353,1.6001268980126653,29.031503796025323,22.630996203974664,30.631630694037987,21.030869305962,32.231757592050656,19.43074240794933
20180725,FLRY3,FLEURY,28.0,28.43,27.68,27.8,57218859.0,27.309500000000003,25.929749999999995,0.8953651122366533,1.5969353462178872,29.123620692435768,22.735879307564222,30.720556038653655,21.138943961346335,32.317491384871545,19.542008615128445
20180726,FLRY3,FLEURY,27.7,28.14,27.7,27.89,44100729.0,27.422500000000003,26.035249999999998,0.8108726618182652,1.5831548954783186,29.201559790956637,22.86894020904336,30.784714686434953,21.285785313565043,32.36786958191327,19.702630418086724
20180727,FLRY3,FLEURY,28.16,28.18,26.78,27.4,49876274.0,27.482499999999998,26.10575,0.7583491419212262,1.5794739265386517,29.264697853077305,22.946802146922696,30.844171779615955,21.367328220384046,32.42364570615461,19.787854293845392
20180730,FLRY3,FLEURY,27.4,27.77,26.9,27.11,39969128.0,27.515499999999996,26.147,0.7246667110508748,1.5837171464627267,29.31443429292545,22.979565707074546,30.89815143938818,21.395848560611817,32.481868585850904,19.812131414149093
20180731,FLRY3,FLEURY,27.1,27.69,26.88,27.38,32339845.0,27.598999999999997,26.19275,0.5892359012895014,1.5924372346042048,29.37762446920841,23.00787553079159,30.970061703812615,21.415438296187386,32.56249893841682,19.82300106158318
20180801,FLRY3,FLEURY,26.98,27.3,26.69,27.0,41327061.0,27.623999999999995,26.240250000000003,0.5494149998910599,1.587335273101058,29.41492054620212,23.065579453797888,31.002255819303176,21.47824418069683,32.589591092404234,19.890908907595772
20180802,FLRY3,FLEURY,26.76,27.83,26.76,27.6,25842853.0,27.666999999999994,26.324,0.5087352739366507,1.5678906293619674,29.459781258723936,23.188218741276067,31.027671888085905,21.620328111914098,32.595562517447874,20.052437482552133
20180803,FLRY3,FLEURY,27.84,28.35,27.42,28.13,31989297.0,27.744999999999994,26.427250000000004,0.4476076759607446,1.546768322532429,29.520786645064863,23.333713354935146,31.06755496759729,21.78694503240272,32.61432329012972,20.24017670987029
20180806,FLRY3,FLEURY,28.1,28.48,27.91,28.15,87648891.0,27.79649999999999,26.53000000000001,0.4308531927283847,1.5204064908556316,29.57081298171127,23.489187018288746,31.091219472566905,21.96878052743311,32.61162596342253,20.448374036577484
20180807,FLRY3,FLEURY,28.07,28.16,27.2,27.2,28162289.0,27.786999999999995,26.599500000000006,0.4422323752104118,1.4845994884229483,29.5686989768459,23.63030102315411,31.053298465268853,22.14570153473116,32.5378979536918,20.661102046308212
20180808,FLRY3,FLEURY,27.23,27.66,26.74,27.51,36937928.0,27.779999999999994,26.667750000000005,0.44561016713340745,1.4613788492467241,29.590507698493454,23.744992301506556,31.051886547740178,22.283613452259832,32.5132653969869,20.822234603013108
20180809,FLRY3,FLEURY,27.23,27.7,26.9,27.25,38971468.0,27.762499999999996,26.72750000000001,0.4597009897749098,1.4341775987008805,29.59585519740177,23.859144802598248,31.030032796102653,22.424967203897367,32.46421039480353,20.99078960519649
20180810,FLRY3,FLEURY,26.93,27.03,26.31,26.41,28110304.0,27.69799999999999,26.77325000000001,0.5504696559350879,1.3924989297054442,29.5582478594109,23.988252140589122,30.950746789116344,22.59575321088368,32.34324571882179,21.203254281178236
20180813,FLRY3,FLEURY,26.3,27.04,26.15,26.5,21301149.0,27.62249999999999,26.837500000000013,0.6061602619422729,1.3150855485480926,29.467671097096197,24.20732890290383,30.78275664564429,22.892243354355735,32.09784219419238,21.577157805807644
20180814,FLRY3,FLEURY,26.83,27.77,26.56,27.76,29232866.0,27.58499999999999,26.93800000000001,0.5705168478531026,1.2226604031939932,29.383320806387996,24.492679193612023,30.60598120958199,23.27001879041803,31.828641612775982,22.047358387224037
20180815,FLRY3,FLEURY,27.37,27.42,26.8,27.03,36102628.0,27.507499999999986,26.98900000000001,0.5322333777780955,1.1811637025864483,29.35132740517291,24.626672594827113,30.532491107759355,23.445508892240667,31.713654810345805,22.264345189654218
20180816,FLRY3,FLEURY,26.96,27.71,26.95,27.65,20450721.0,27.471999999999987,27.07025000000001,0.49473650615892883,1.1080208447081341,29.286291689416277,24.85420831058374,30.39431253412441,23.746187465875607,31.502333378832546,22.63816662116747
20180817,FLRY3,FLEURY,27.02,27.24,26.52,26.84,30124551.0,27.413999999999987,27.147500000000008,0.4975667106820694,0.9696807563475741,29.086861512695155,25.20813848730486,30.05654226904273,24.238457730957286,31.026223025390305,23.26877697460971
20180820,FLRY3,FLEURY,26.57,27.35,26.55,27.05,28696429.0,27.381999999999984,27.217250000000007,0.49945865431329484,0.8495579167109137,28.916365833421835,25.51813416657818,29.76592375013275,24.668576249867264,30.615481666843664,23.81901833315635
20180821,FLRY3,FLEURY,26.78,27.04,25.86,26.12,26330878.0,27.28899999999998,27.256500000000006,0.5525910260810318,0.7540711725913989,28.764642345182803,25.74835765481721,29.518713517774202,24.99428648222581,30.2727846903656,24.24021530963441
20180822,FLRY3,FLEURY,25.89,26.74,25.65,26.46,31100777.0,27.221999999999987,27.265750000000008,0.5683827472473497,0.7415606809896123,28.748871361979234,25.782628638020782,29.490432042968845,25.04106795703117,30.231992723958456,24.29950727604156
20180823,FLRY3,FLEURY,26.6,26.62,25.72,25.74,29192516.0,27.114499999999985,27.268500000000007,0.6348267480187186,0.7355184810033463,28.7395369620067,25.797463037993314,29.475055443010046,25.061944556989967,30.210573924013392,24.32642607598662
20180824,FLRY3,FLEURY,26.24,26.32,25.1,25.88,28570387.0,27.03849999999999,27.260500000000008,0.6876372590254406,0.7490539332196506,28.75860786643931,25.762392133560706,29.50766179965896,25.013338200341057,30.25671573287861,24.264284267121404
20180827,FLRY3,FLEURY,26.08,26.49,25.6,26.31,33069624.0,26.998499999999986,27.257000000000005,0.7062746968201833,0.7532534561691724,28.76350691233835,25.75049308766166,29.516760368507523,24.997239631492487,30.270013824676695,24.243986175323315
20180828,FLRY3,FLEURY,25.94,25.98,25.35,25.52,33180719.0,26.905499999999982,27.252250000000004,0.7727291007577707,0.7637843953395073,28.77981879067902,25.724681209320988,29.543603186018526,24.96089681398148,30.307387581358032,24.197112418641975
20180829,FLRY3,FLEURY,25.67,25.67,25.1,25.51,31083744.0,26.83099999999998,27.227500000000003,0.832642590917942,0.8037787359779371,28.835057471955878,25.619942528044128,29.638836207933814,24.81616379206619,30.44261494391175,24.012385056088256
20180830,FLRY3,FLEURY,25.15,25.97,25.15,25.55,56382089.0,26.72849999999998,27.197750000000003,0.8587645654935843,0.843334308806591,28.884418617613186,25.51108138238682,29.727752926419775,24.66774707358023,30.571087235226365,23.82441276477364
20180831,FLRY3,FLEURY,25.3,25.79,25.15,25.7,42421775.0,26.60699999999998,27.176000000000005,0.8211166979053351,0.8707138244581847,28.917427648916373,25.434572351083638,29.78814147337456,24.563858526625452,30.658855297832744,23.693144702167267
20180903,FLRY3,FLEURY,25.45,25.57,24.9,25.28,44656204.0,26.463499999999982,27.130000000000006,0.7873558347572766,0.9209053516332179,28.971810703266442,25.28818929673357,29.892716054899658,24.367283945100354,30.813621406532878,23.446378593467134
20180904,FLRY3,FLEURY,25.15,25.2,24.6,24.9,46485612.0,26.34849999999998,27.067750000000007,0.8403086838838076,0.9848193573781441,29.037388714756297,25.098111285243718,30.02220807213444,24.113291927865575,31.007027429512583,23.128472570487432
20180905,FLRY3,FLEURY,24.65,25.14,24.61,25.14,23796279.0,26.22999999999998,27.005000000000006,0.8349850298059295,1.0258779854474291,29.056755970894866,24.953244029105146,30.082633956342292,23.92736604365772,31.108511941789722,22.90148805821029
20180906,FLRY3,FLEURY,25.16,25.5,24.63,25.49,26454322.0,26.141999999999978,26.95225000000001,0.8143166331024908,1.0484970623438221,29.049244124687654,24.855255875312366,30.097741187031477,23.806758812968543,31.146238249375298,22.758261750624722
20180910,FLRY3,FLEURY,25.6,25.89,24.0,24.24,48625814.0,26.033499999999982,26.86575000000001,0.9150626955799869,1.125148166881115,29.116046333762238,24.61545366623778,30.241194500643353,23.490305499356666,31.36634266752447,22.365157332475547
20180911,FLRY3,FLEURY,24.03,24.22,23.35,23.77,50379877.0,25.89699999999998,26.759750000000007,1.0372691880225966,1.2110315321224745,29.181813064244956,24.33768693575506,30.392844596367432,23.126655403632583,31.603876128489905,21.91562387151011
20180912,FLRY3,FLEURY,24.1,24.19,23.13,23.13,45816617.0,25.66549999999998,26.625250000000012,1.1134653115387114,1.3066437481637532,29.238537496327517,24.011962503672507,30.54518124449127,22.705318755508753,31.851824992655025,21.398675007345
20180913,FLRY3,FLEURY,23.27,23.38,22.61,22.85,46040651.0,25.456499999999984,26.48200000000001,1.230058941677185,1.3977641486977161,29.277528297395442,23.686471702604578,30.67529244609316,22.28870755390686,32.07305659479088,20.890943405209146
20180914,FLRY3,FLEURY,22.85,23.14,22.25,22.64,38830140.0,25.20599999999998,26.339000000000016,1.2693570689215248,1.4902431396871627,29.319486279374342,23.35851372062569,30.809729419061505,21.86827058093853,32.299972558748664,20.378027441251366
20180917,FLRY3,FLEURY,22.88,23.06,22.56,22.86,24318800.0,25.006999999999984,26.210500000000014,1.311002428838727,1.5631673139117543,29.33683462782352,23.084165372176507,30.900001941735276,21.52099805826475,32.46316925564703,19.957830744352997
20180918,FLRY3,FLEURY,22.83,23.48,22.62,23.33,62400992.0,24.820999999999984,26.10150000000001,1.2691144861466805,1.6087047664630898,29.318909532926188,22.88409046707383,30.927614299389276,21.27538570061074,32.53631906585237,19.66668093414765
20180919,FLRY3,FLEURY,23.21,23.41,22.61,22.61,47634122.0,24.64549999999998,25.967250000000007,1.3216316669775574,1.6707912872770987,29.308832574554206,22.62566742544581,30.979623861831303,20.95487613816871,32.650415149108404,19.284084850891613
20180920,FLRY3,FLEURY,22.8,23.35,22.73,23.25,28216014.0,24.48499999999998,25.853500000000007,1.2840581229671324,1.6974876609196303,29.24847532183927,22.458524678160746,30.9459629827589,20.761037017241115,32.64345064367853,19.063549356321488
20180921,FLRY3,FLEURY,23.64,23.84,22.95,23.27,33726205.0,24.361499999999985,25.738000000000007,1.2757547817499542,1.7124778868121342,29.162955773624276,22.313044226375737,30.875433660436407,20.600566339563606,32.587911547248545,18.888088452751468
20180924,FLRY3,FLEURY,23.11,23.29,22.41,22.41,21949882.0,24.187999999999985,25.613250000000004,1.2941959503470533,1.7691188412198358,29.151487682439676,22.075012317560333,30.92060652365951,20.305893476340497,32.68972536487935,18.53677463512066
20180925,FLRY3,FLEURY,22.4,22.4,21.92,22.15,45190427.0,23.979999999999983,25.489250000000006,1.2692558947335097,1.83415094239466,29.157551884789324,21.820948115210687,30.991702827183985,19.986797172816026,32.82585376957864,18.152646230421364
20180926,FLRY3,FLEURY,22.16,22.47,21.94,21.94,49592217.0,23.800999999999984,25.353250000000006,1.2928625929349555,1.8911580870610607,29.13556617412213,21.570933825877884,31.02672426118319,19.679775738816822,32.91788234824425,17.788617651755764
20180927,FLRY3,FLEURY,21.98,22.58,21.97,22.14,38145985.0,23.632499999999986,25.231750000000005,1.2779254364213113,1.938181658417415,29.108113316834835,21.355386683165175,31.046294975252252,19.41720502474776,32.984476633669665,17.479023366330345
20180928,FLRY3,FLEURY,22.0,22.17,21.3,21.3,35795793.0,23.419999999999984,25.074250000000003,1.2955267167002673,1.9959136298820044,29.06607725976401,21.082422740235994,31.061990889646015,19.08650911035399,33.05790451952802,17.090595480471986
20181001,FLRY3,FLEURY,21.43,21.43,20.84,21.05,58293914.0,23.187499999999986,24.897250000000007,1.281996284582827,2.0315902417211134,28.960430483442234,20.83406951655778,30.992020725163346,18.802479274836667,33.02361096688446,16.77088903311555
20181002,FLRY3,FLEURY,21.51,22.21,21.35,21.83,47386626.0,23.014999999999986,24.739250000000006,1.2160310764726898,2.017843971884803,28.77493794376961,20.7035620562304,30.792781915654416,18.685718084345595,32.81062588753922,16.667874112460794
20181003,FLRY3,FLEURY,22.64,23.22,22.18,22.42,66415442.0,22.890999999999988,24.619750000000003,1.1376147715378047,2.009901754838432,28.639553509676865,20.59994649032314,30.6494552645153,18.590044735484707,32.659357019353735,16.580142980646276
20181004,FLRY3,FLEURY,22.6,22.6,21.21,21.88,70183923.0,22.727999999999987,24.479000000000006,1.0265404342537368,1.9994150426613673,28.47783008532274,20.480169914677273,30.47724512798411,18.480754872015904,32.476660170645474,16.48133982935454
20181005,FLRY3,FLEURY,22.27,22.3,21.3,21.68,41836505.0,22.537499999999987,24.339750000000002,0.8196846312679014,1.9954377291134082,28.33062545822682,20.348874541773185,30.326063187340225,18.35343681265978,32.32150091645364,16.357999083546368
20181008,FLRY3,FLEURY,23.0,23.64,22.2,22.51,87492924.0,22.450999999999986,24.242250000000006,0.7151878663753174,1.9869503594124531,28.216150718824913,20.268349281175098,30.203101078237367,18.281398921762644,32.19005143764982,16.294448562350194
20181009,FLRY3,FLEURY,22.56,23.21,22.12,22.55,39375074.0,22.38999999999999,24.143500000000003,0.64538849988935,1.969948001396274,28.08339600279255,20.203603997207455,30.053344004188826,18.23365599581118,32.0232920055851,16.263707994414908
20181010,FLRY3,FLEURY,22.21,22.23,21.71,21.71,41117508.0,22.31899999999999,23.992250000000006,0.637758409959159,1.9166938515352074,27.82563770307042,20.15886229692959,29.742331554605627,18.242168445394384,31.659025406140834,16.325474593859177
20181011,FLRY3,FLEURY,22.07,22.39,21.41,21.6,28345824.0,22.25649999999999,23.856500000000004,0.6441990130549735,1.8881052094762434,27.63271041895249,20.080289581047516,29.520815628428736,18.192184371571273,31.40892083790498,16.30407916209503
20181015,FLRY3,FLEURY,21.95,21.96,20.77,20.79,45420240.0,22.16399999999999,23.685000000000006,0.7151473900348316,1.8457782737635318,27.37655654752707,19.993443452472942,29.222334821290602,18.14766517870941,31.068113095054134,16.301886904945878
20181016,FLRY3,FLEURY,21.0,21.8,20.85,21.69,48494366.0,22.10549999999999,23.556250000000006,0.7029672074405663,1.799087642710575,27.154425285421155,19.958074714578856,28.95351292813173,18.15898707186828,30.752600570842304,16.359899429157707
20181017,FLRY3,FLEURY,21.62,21.83,21.23,21.6,38580050.0,22.01899999999999,23.42000000000001,0.6487064050862649,1.7328648282022927,26.885729656404592,19.954270343595425,28.618594484606888,18.22140551539313,30.35145931280918,16.488540687190838
20181018,FLRY3,FLEURY,21.64,22.07,21.5,21.58,22166990.0,21.96749999999999,23.306500000000007,0.6401469814774425,1.6998515018098426,26.70620300361969,19.906796996380322,28.406054505429534,18.20694549457048,30.105906007239376,16.507093992760637
20181019,FLRY3,FLEURY,21.83,21.83,21.35,21.66,30045019.0,21.88799999999999,23.186500000000006,0.5670477562733844,1.6398929764954246,26.466285952990855,19.906714047009157,28.10617892948628,18.266821070513732,29.746071905981704,16.626928094018307
20181022,FLRY3,FLEURY,21.72,22.06,21.72,21.74,16494579.0,21.81149999999999,23.086500000000008,0.4647724400742505,1.6017035002035027,26.289907000407013,19.883092999593003,27.89161050061052,18.281389499389498,29.493314000814017,16.679685999186
20181023,FLRY3,FLEURY,21.64,22.45,21.39,22.2,27948418.0,21.80099999999999,22.99450000000001,0.4527564699179599,1.5416972831332885,26.077894566266586,19.911105433733432,27.619591849399875,18.369408150600144,29.161289132533163,16.827710867466855
20181024,FLRY3,FLEURY,22.41,22.42,21.51,21.63,32703462.0,21.77499999999999,22.87750000000001,0.44654816443227635,1.458996406034149,25.795492812068307,19.95950718793171,27.254489218102457,18.50051078189756,28.713485624136602,17.041514375863414
20181025,FLRY3,FLEURY,21.67,22.46,21.67,22.35,28239970.0,21.795499999999993,22.79825000000001,0.463606854769658,1.3965376370849885,25.591325274169986,20.005174725830035,26.987862911254975,18.608637088745045,28.384400548339965,17.212099451660055
20181026,FLRY3,FLEURY,22.4,22.41,21.68,21.78,49955857.0,21.777499999999993,22.70500000000001,0.4564609281716335,1.3339530611047827,25.372906122209574,20.037093877790443,26.706859183314357,18.70314081668566,28.04081224441914,17.369187755580878
20181029,FLRY3,FLEURY,22.55,22.91,20.89,21.0,48908836.0,21.762499999999992,22.59125000000001,0.4774259380424674,1.2779514606969573,25.147152921393925,20.035347078606094,26.425104382090883,18.757395617909136,27.70305584278784,17.47944415721218
20181030,FLRY3,FLEURY,21.49,21.96,20.96,21.2,56068806.0,21.76999999999999,22.478750000000012,0.46670175306691336,1.1924789682605061,24.863707936521024,20.093792063479,26.05618690478153,18.901313095218494,27.248665873042036,17.70883412695799
20181031,FLRY3,FLEURY,21.39,21.65,20.48,20.85,80348566.0,21.720999999999993,22.368000000000013,0.5095498529403364,1.1297088347366782,24.62741766947337,20.108582330526655,25.75712650421005,18.978873495789976,26.886835338946725,17.8491646610533
20181101,FLRY3,FLEURY,21.07,21.34,20.56,21.27,82025059.0,21.663499999999992,22.277250000000013,0.491070527681954,1.065046014414666,24.407342028829344,20.14715797117068,25.47238804324401,19.082111956756016,26.53743405765868,18.017065942341347
20181105,FLRY3,FLEURY,21.4,22.39,21.26,22.21,54990822.0,21.67999999999999,22.204000000000015,0.5040989877728607,0.9585400223042474,24.121080044608508,20.28691995539152,25.079620066912756,19.328379933087273,26.038160089217005,18.369839910783025
20181106,FLRY3,FLEURY,22.35,22.58,21.71,22.0,50412534.0,21.69599999999999,22.116750000000014,0.5091520298237286,0.7969891660300561,23.710728332060125,20.522771667939903,24.50771749809018,19.725782501909848,25.30470666412024,18.92879333587979
20181107,FLRY3,FLEURY,22.1,22.21,21.36,21.36,51181553.0,21.63849999999999,22.044750000000015,0.4762603777014828,0.7272991395991006,23.499348279198216,20.590151720801813,24.226647418797317,19.862852581202713,24.953946558396417,19.135553441603612
20181108,FLRY3,FLEURY,21.5,21.66,20.93,21.09,30642020.0,21.56549999999999,21.977750000000015,0.4396826008311231,0.6865950454309367,23.350940090861886,20.604559909138143,24.037535136292824,19.917964863707205,24.724130181723762,19.231369818276267
20181109,FLRY3,FLEURY,21.09,21.27,20.54,20.64,34821157.0,21.51199999999999,21.915500000000016,0.48403566636739137,0.6923018090918502,23.300103618183716,20.530896381816316,23.992405427275568,19.838594572724464,24.684707236367416,19.146292763632616
20181112,FLRY3,FLEURY,20.7,21.09,20.38,20.59,30136058.0,21.461499999999987,21.859000000000016,0.5252996638510627,0.7061626165591711,23.271325233118358,20.446674766881674,23.97748784967753,19.740512150322502,24.6836504662367,19.034349533763333
20181113,FLRY3,FLEURY,20.66,20.91,20.06,20.48,33456526.0,21.445999999999987,21.805000000000014,0.550142565254859,0.7271828324396321,23.25936566487928,20.35063433512075,23.98654849731891,19.623451502681117,24.71373132975854,18.896268670241486
20181114,FLRY3,FLEURY,20.49,20.95,20.25,20.75,21487159.0,21.398999999999987,21.752250000000014,0.5680613384225855,0.7252178717726945,23.202685743545402,20.301814256454627,23.927903615318098,19.57659638468193,24.653121487090793,18.851378512909235
20181116,FLRY3,FLEURY,20.92,20.97,20.53,20.8,34958906.0,21.358999999999988,21.689000000000014,0.581177570473074,0.6937294233493114,23.076458846698635,20.301541153301393,23.77018827004795,19.60781172995208,24.46391769339726,18.91408230660277
20181119,FLRY3,FLEURY,20.79,20.8,20.55,20.6,17934898.0,21.309999999999988,21.638750000000012,0.6024860775853181,0.6980896551781313,23.034929310356276,20.24257068964375,23.733018965534406,19.54448103446562,24.431108620712536,18.84639137928749
20181121,FLRY3,FLEURY,20.6,20.6,20.21,20.28,24632107.0,21.24099999999999,21.564500000000013,0.6382533732155143,0.680033747277261,22.924567494554534,20.204432505445492,23.604601241831794,19.524398758168232,24.28463498910906,18.844365010890968
20181122,FLRY3,FLEURY,20.3,20.54,20.19,20.23,56412831.0,21.165499999999987,21.488500000000013,0.6648741471728886,0.6539134656151974,22.796326931230407,20.180673068769618,23.450240396845604,19.52675960315442,24.1041538624608,18.872846137539224
20181123,FLRY3,FLEURY,20.2,20.32,19.9,19.98,47640810.0,21.05449999999999,21.427750000000014,0.6683796195197766,0.6785221025064705,22.784794205012954,20.070705794987074,23.463316307519424,19.392183692480604,24.141838410025898,18.71366158997413
20181126,FLRY3,FLEURY,20.25,20.57,19.91,19.96,29859124.0,20.97099999999999,21.373000000000015,0.6964262155348094,0.7065270786180603,22.786054157236137,19.959945842763894,23.492581235854196,19.253418764145835,24.199108314472255,18.546891685527775
20181127,FLRY3,FLEURY,20.22,21.24,20.05,21.24,34791363.0,20.915499999999987,21.355500000000013,0.6208777742247189,0.7007686256295474,22.75703725125911,19.953962748740917,23.457805876888656,19.25319412311137,24.158574502518203,18.552425497481824
20181128,FLRY3,FLEURY,21.46,22.24,21.19,21.81,56375623.0,20.91699999999999,21.347250000000013,0.623108506222023,0.6931976722555919,22.733645344511196,19.96085465548883,23.42684301676679,19.267656983233238,24.12004068902238,18.574459310977645
20181129,FLRY3,FLEURY,21.71,21.95,21.59,21.74,16142499.0,20.95399999999999,21.358250000000016,0.6496995256917891,0.6959144049194678,22.75007880983895,19.966421190161082,23.44599321475842,19.27050678524161,24.141907619677887,18.574592380322144
20181130,FLRY3,FLEURY,21.74,21.92,21.43,21.6,34354881.0,20.973999999999993,21.372000000000018,0.6636771567720093,0.6951008043479637,22.762201608695946,19.98179839130409,23.45730241304391,19.286697586956127,24.15240321739187,18.591596782608164
20181203,FLRY3,FLEURY,22.0,22.0,21.49,21.56,30969832.0,21.009499999999992,21.365250000000014,0.6755775307097818,0.6918425324766091,22.748935064953233,19.981564935046794,23.440777597429843,19.289722402570185,24.13262012990645,18.59787987009358
20181204,FLRY3,FLEURY,21.91,22.09,21.5,21.55,37585871.0,21.02349999999999,21.343500000000013,0.6841073707662918,0.6712007991805218,22.685901598361056,20.00109840163897,23.357102397541578,19.32989760245845,24.0283031967221,18.658696803277927
20181205,FLRY3,FLEURY,21.66,22.04,21.28,21.4,21127503.0,20.982999999999993,21.331500000000013,0.6321733606335072,0.6656307977959084,22.662761595591828,20.000238404408197,23.328392393387738,19.334607606612288,23.994023191183647,18.668976808816378
20181206,FLRY3,FLEURY,21.35,21.92,21.08,21.92,27074507.0,20.978999999999992,21.337500000000013,0.6256188515129212,0.6699205846543665,22.677341169308747,19.99765883069128,23.347261753963114,19.327738246036912,24.01718233861748,18.657817661382545
20181207,FLRY3,FLEURY,21.89,22.0,21.13,21.2,35868265.0,20.970999999999993,21.304750000000016,0.6214998835583826,0.6425948498281789,22.589939699656373,20.01956030034366,23.232534549484555,19.376965450515478,23.875129399312733,18.7343706006873
20181210,FLRY3,FLEURY,21.27,21.44,20.57,20.57,18365620.0,20.944999999999993,21.255250000000018,0.6271111712069529,0.6200785206688997,22.495407041337817,20.01509295866222,23.115485562006718,19.395014437993318,23.735564082675616,18.77493591732442
20181211,FLRY3,FLEURY,20.67,20.9,20.0,20.27,34270589.0,20.926499999999994,21.219250000000017,0.6418663166275179,0.6346304699062227,22.48851093981246,19.949989060187573,23.123141409718684,19.31535859028135,23.757771879624908,18.680728120375125
20181212,FLRY3,FLEURY,20.4,20.71,19.95,20.0,46230900.0,20.896999999999995,21.179250000000017,0.6710408254894838,0.6599354572171191,22.499120914434254,19.85937908556578,23.159056371651374,19.19944362834866,23.818991828868494,18.53950817113154
20181213,FLRY3,FLEURY,20.1,20.29,19.83,20.03,26346360.0,20.874499999999994,21.160250000000016,0.6929454675893009,0.6820011561010271,22.52425231220207,19.796247687797962,23.206253468303096,19.114246531696935,23.888254624404123,18.432245375595908
20181214,FLRY3,FLEURY,20.04,20.19,19.36,19.61,72325397.0,20.817499999999995,21.108250000000016,0.7483938943180615,0.7188733617658063,22.54599672353163,19.670503276468402,23.264870085297435,18.951629914702597,23.98374344706324,18.23275655293679
20181217,FLRY3,FLEURY,19.65,19.82,19.22,19.47,41556856.0,20.750999999999998,21.055000000000014,0.8068385346849473,0.7592675282713217,22.573535056542656,19.53646494345737,23.33280258481398,18.77719741518605,24.0920701130853,18.01792988691473
20181218,FLRY3,FLEURY,19.6,20.07,19.39,19.77,37801223.0,20.709499999999995,21.009750000000015,0.8358385326314524,0.7808065767246547,22.571363153449322,19.448136846550707,23.35216973017398,18.66733026982605,24.132976306898634,17.886523693101395
20181219,FLRY3,FLEURY,19.98,19.98,19.45,19.53,40286148.0,20.671999999999997,20.956500000000013,0.87215763905864,0.8074986703172752,22.57149734063456,19.341502659365464,23.378996010951838,18.534003989048188,24.186494681269114,17.72650531873091
20181220,FLRY3,FLEURY,19.77,19.99,19.36,19.63,34612981.0,20.641999999999996,20.903750000000013,0.8980950600253989,0.8237583897086881,22.55126677941739,19.256233220582637,23.375025169126076,18.43247483087395,24.198783558834766,17.60871644116526
20181221,FLRY3,FLEURY,19.81,20.47,19.69,19.73,58552140.0,20.629499999999997,20.842000000000013,0.9094618130925582,0.8166447930090449,22.475289586018103,19.208710413981922,23.291934379027147,18.39206562097288,24.108579172036194,17.575420827963832
20181226,FLRY3,FLEURY,19.79,19.85,19.25,19.52,38975740.0,20.607499999999995,20.789250000000013,0.9315627786285983,0.8324335270297241,22.454117054059463,19.124382945940564,23.286550581089188,18.29194941891084,24.11898410811891,17.459515891881118
20181227,FLRY3,FLEURY,19.56,19.67,19.33,19.46,29351611.0,20.518499999999996,20.717000000000013,0.9527427166924151,0.8188021269372684,22.354604253874548,19.079395746125478,23.17340638081182,18.260593619188207,23.992208507749087,17.44179149225094
20181228,FLRY3,FLEURY,19.64,19.78,19.48,19.78,32751525.0,20.416999999999994,20.667000000000012,0.9153089786054242,0.8132719606941793,22.29354392138837,19.040456078611655,23.10681588208255,18.227184117917474,23.92008784277673,17.413912157223294
