DATA DO PREGAO,CODIGO DE NEGOCIACAO DO PAPEL,NOME RESUMIDO DA EMPRESA EMISSORA,PRECO DE ABERTURA,PRECO MAXIMO,PRECO MINIMO,PRECO FECHAMENTO,VOLUME TOTAL DE TITULOS NEGOCIADOS NESTE PAPEL,MA_20,MA_40,STD_20,STD_40,BANDA_1_40 SUPERIOR,BANDA_1_40 INFERIOR,BANDA_2_40 SUPERIOR,BANDA_2_40 INFERIOR,BANDA_3_40 SUPERIOR,BANDA_3_40 INFERIOR
20180102,HBOR3,HELBOR,1.97,2.05,1.97,2.01,4985610.0,0.0,0.0,0.0,0.0,0.0,0.0,0.0,0.0,0.0,0.0
20180103,HBOR3,HELBOR,2.02,2.03,1.97,1.98,4256778.0,0.0,0.0,0.0,0.0,0.0,0.0,0.0,0.0,0.0,0.0
20180104,HBOR3,HELBOR,2.0,2.04,1.99,2.03,3869957.0,0.0,0.0,0.0,0.0,0.0,0.0,0.0,0.0,0.0,0.0
20180105,HBOR3,HELBOR,2.03,2.04,1.99,2.02,3086647.0,0.0,0.0,0.0,0.0,0.0,0.0,0.0,0.0,0.0,0.0
20180108,HBOR3,HELBOR,2.03,2.11,2.0,2.07,2652835.0,0.0,0.0,0.0,0.0,0.0,0.0,0.0,0.0,0.0,0.0
20180109,HBOR3,HELBOR,2.1,2.1,2.01,2.03,3359020.0,0.0,0.0,0.0,0.0,0.0,0.0,0.0,0.0,0.0,0.0
20180110,HBOR3,HELBOR,2.03,2.04,1.99,2.03,2109340.0,0.0,0.0,0.0,0.0,0.0,0.0,0.0,0.0,0.0,0.0
20180111,HBOR3,HELBOR,2.02,2.11,2.01,2.11,3666469.0,0.0,0.0,0.0,0.0,0.0,0.0,0.0,0.0,0.0,0.0
20180112,HBOR3,HELBOR,2.08,2.13,2.06,2.06,3709369.0,0.0,0.0,0.0,0.0,0.0,0.0,0.0,0.0,0.0,0.0
20180115,HBOR3,HELBOR,2.08,2.13,2.08,2.09,2075381.0,0.0,0.0,0.0,0.0,0.0,0.0,0.0,0.0,0.0,0.0
20180116,HBOR3,HELBOR,2.1,2.18,2.1,2.13,6026619.0,0.0,0.0,0.0,0.0,0.0,0.0,0.0,0.0,0.0,0.0
20180117,HBOR3,HELBOR,2.14,2.19,2.11,2.19,4581275.0,0.0,0.0,0.0,0.0,0.0,0.0,0.0,0.0,0.0,0.0
20180118,HBOR3,HELBOR,2.2,2.23,2.12,2.12,6138355.0,0.0,0.0,0.0,0.0,0.0,0.0,0.0,0.0,0.0,0.0
20180119,HBOR3,HELBOR,2.14,2.17,2.1,2.16,2818906.0,0.0,0.0,0.0,0.0,0.0,0.0,0.0,0.0,0.0,0.0
20180122,HBOR3,HELBOR,2.16,2.16,2.06,2.09,3004755.0,0.0,0.0,0.0,0.0,0.0,0.0,0.0,0.0,0.0,0.0
20180123,HBOR3,HELBOR,2.14,2.14,2.0,2.03,5303182.0,0.0,0.0,0.0,0.0,0.0,0.0,0.0,0.0,0.0,0.0
20180124,HBOR3,HELBOR,2.05,2.08,2.02,2.06,8878081.0,0.0,0.0,0.0,0.0,0.0,0.0,0.0,0.0,0.0,0.0
20180126,HBOR3,HELBOR,2.09,2.09,2.03,2.05,8225712.0,0.0,0.0,0.0,0.0,0.0,0.0,0.0,0.0,0.0,0.0
20180129,HBOR3,HELBOR,2.05,2.05,1.98,2.01,7882886.0,0.0,0.0,0.0,0.0,0.0,0.0,0.0,0.0,0.0,0.0
20180130,HBOR3,HELBOR,2.0,2.03,1.96,2.01,5896124.0,2.0639999999999996,0.0,0.05557356433261765,0.0,0.0,0.0,0.0,0.0,0.0,0.0
20180131,HBOR3,HELBOR,2.01,2.04,1.98,1.98,2939955.0,2.0624999999999996,0.0,0.057479973629265574,0.0,0.0,0.0,0.0,0.0,0.0,0.0
20180201,HBOR3,HELBOR,1.99,2.01,1.98,1.98,2393978.0,2.0624999999999996,0.0,0.057479973629265574,0.0,0.0,0.0,0.0,0.0,0.0,0.0
20180202,HBOR3,HELBOR,1.97,1.98,1.94,1.95,5324609.0,2.0584999999999996,0.0,0.062431014559651214,0.0,0.0,0.0,0.0,0.0,0.0,0.0
20180205,HBOR3,HELBOR,1.95,1.97,1.91,1.92,1880938.0,2.0534999999999997,0.0,0.06930292011771308,0.0,0.0,0.0,0.0,0.0,0.0,0.0
20180206,HBOR3,HELBOR,1.91,1.94,1.89,1.91,3107352.0,2.0454999999999997,0.0,0.07619055059520188,0.0,0.0,0.0,0.0,0.0,0.0,0.0
20180207,HBOR3,HELBOR,1.91,1.96,1.9,1.91,3908374.0,2.0394999999999994,0.0,0.0819804212826711,0.0,0.0,0.0,0.0,0.0,0.0,0.0
20180208,HBOR3,HELBOR,1.92,1.94,1.85,1.87,2584215.0,2.031499999999999,0.0,0.09033708802969154,0.0,0.0,0.0,0.0,0.0,0.0,0.0
20180209,HBOR3,HELBOR,1.88,1.88,1.82,1.84,3436097.0,2.0179999999999993,0.0,0.0978505842706384,0.0,0.0,0.0,0.0,0.0,0.0,0.0
20180214,HBOR3,HELBOR,1.84,1.9,1.83,1.89,2199864.0,2.009499999999999,0.0,0.10133191942688592,0.0,0.0,0.0,0.0,0.0,0.0,0.0
20180215,HBOR3,HELBOR,1.9,1.91,1.86,1.87,2673060.0,1.9984999999999993,0.0,0.10403820148590183,0.0,0.0,0.0,0.0,0.0,0.0,0.0
20180216,HBOR3,HELBOR,1.87,1.9,1.84,1.85,2498070.0,1.9844999999999993,0.0,0.1042504575277102,0.0,0.0,0.0,0.0,0.0,0.0,0.0
20180219,HBOR3,HELBOR,1.87,1.88,1.83,1.84,3595832.0,1.9669999999999994,0.0,0.09706752939659054,0.0,0.0,0.0,0.0,0.0,0.0,0.0
20180220,HBOR3,HELBOR,1.85,1.85,1.8,1.83,3272347.0,1.9524999999999995,0.0,0.09463920407193044,0.0,0.0,0.0,0.0,0.0,0.0,0.0
20180221,HBOR3,HELBOR,1.84,1.84,1.81,1.84,1759746.0,1.9364999999999994,0.0,0.08418494677291173,0.0,0.0,0.0,0.0,0.0,0.0,0.0
20180222,HBOR3,HELBOR,1.84,1.85,1.78,1.79,3320003.0,1.9214999999999995,0.0,0.08209590027586854,0.0,0.0,0.0,0.0,0.0,0.0,0.0
20180223,HBOR3,HELBOR,1.8,1.8,1.73,1.75,4589796.0,1.9074999999999995,0.0,0.08638195474324056,0.0,0.0,0.0,0.0,0.0,0.0,0.0
20180226,HBOR3,HELBOR,1.75,1.78,1.71,1.72,3745807.0,1.8904999999999994,0.0,0.08822668172622819,0.0,0.0,0.0,0.0,0.0,0.0,0.0
20180227,HBOR3,HELBOR,1.73,1.73,1.63,1.63,9846670.0,1.8694999999999997,0.0,0.09773621857352961,0.0,0.0,0.0,0.0,0.0,0.0,0.0
20180228,HBOR3,HELBOR,1.65,1.65,1.59,1.62,7441696.0,1.8499999999999996,0.0,0.1067214771459366,0.0,0.0,0.0,0.0,0.0,0.0,0.0
20180301,HBOR3,HELBOR,1.62,1.75,1.61,1.73,8747680.0,1.8359999999999996,1.95,0.10292562465453625,0.14140322413181292,2.232806448263626,1.667193551736374,2.3742096723954385,1.5257903276045612,2.5156128965272515,1.3843871034727484
20180302,HBOR3,HELBOR,1.73,1.83,1.72,1.82,7695873.0,1.8279999999999998,1.9452499999999997,0.09720298890791244,0.14252282768123967,2.230295655362479,1.6602043446375203,2.3728184830437185,1.5176815169562807,2.5153413107249585,1.375158689275041
20180305,HBOR3,HELBOR,1.83,1.89,1.72,1.74,9807802.0,1.816,1.9392499999999995,0.09213262751399068,0.14603103814793628,2.231312076295872,1.647187923704127,2.3773431144438084,1.5011568855561905,2.5233741525917446,1.3551258474082544
20180306,HBOR3,HELBOR,1.75,1.75,1.67,1.7,3635959.0,1.8035,1.9309999999999996,0.0899283340397123,0.15003931108811044,2.2310786221762204,1.6309213778237788,2.381117933264331,1.4808820667356684,2.5311572443524413,1.330842755647558
20180307,HBOR3,HELBOR,1.7,1.7,1.65,1.69,2276560.0,1.7919999999999998,1.9227499999999995,0.08894705699104725,0.15403941387073936,2.2308288277414783,1.6146711722585207,2.3848682416122173,1.4606317583877815,2.538907655482957,1.3065923445170422
20180308,HBOR3,HELBOR,1.7,1.77,1.66,1.71,5111255.0,1.782,1.9137499999999996,0.08618218157515407,0.15572308591592762,2.225196171831855,1.6023038281681443,2.3809192577477827,1.4465807422522168,2.53664234366371,1.2908576563362892
20180309,HBOR3,HELBOR,1.72,1.73,1.68,1.7,1981445.0,1.7715000000000003,1.9054999999999995,0.08247966256503667,0.15812928822603256,2.2217585764520646,1.5892414235479344,2.379887864678097,1.4311121353219018,2.5380171529041298,1.2729828470958693
20180312,HBOR3,HELBOR,1.71,1.78,1.71,1.76,1942153.0,1.7660000000000005,1.8987499999999997,0.07916671283470622,0.15844092161126025,2.2156318432225204,1.5818681567774793,2.3740727648337803,1.423427235166219,2.5325136864450406,1.2649863135549588
20180313,HBOR3,HELBOR,1.77,1.81,1.76,1.81,3051447.0,1.7645000000000004,1.8912499999999999,0.07796591697996326,0.1552531018724763,2.2017562037449525,1.5807437962550472,2.357009305617429,1.425490694382571,2.512262407489905,1.2702375925100946
20180314,HBOR3,HELBOR,1.81,1.81,1.74,1.77,1962590.0,1.7585000000000004,1.8839999999999997,0.07220402379806677,0.1539363837967168,2.1918727675934333,1.576127232406566,2.3458091513901502,1.4221908486098491,2.499745535186867,1.2682544648131324
20180315,HBOR3,HELBOR,1.76,1.76,1.7,1.7,1656818.0,1.7500000000000007,1.8742499999999995,0.06828731869635138,0.15290163588533018,2.1800532717706598,1.5684467282293393,2.33295490765599,1.415545092344009,2.4858565435413205,1.2626434564586788
20180316,HBOR3,HELBOR,1.71,1.73,1.66,1.66,1525374.0,1.7405000000000004,1.8624999999999996,0.06684428094262865,0.15078852571458912,2.164077051429178,1.5609229485708214,2.3148655771437667,1.4101344228562323,2.4656541028583563,1.2593458971416431
20180319,HBOR3,HELBOR,1.67,1.68,1.65,1.65,1249823.0,1.7310000000000003,1.8489999999999998,0.06544583939974391,0.14476860404779937,2.1385372080955984,1.559462791904401,2.283305812143398,1.4146941878566017,2.428074416191197,1.2699255838088024
20180320,HBOR3,HELBOR,1.66,1.68,1.62,1.63,1499169.0,1.7210000000000005,1.8367499999999997,0.06479928524622232,0.14195317935222482,2.120656358704449,1.55284364129555,2.262609538056674,1.4108904619433251,2.404562717408899,1.2689372825911005
20180321,HBOR3,HELBOR,1.64,1.65,1.61,1.65,1985234.0,1.7115000000000002,1.8239999999999998,0.06019923062981194,0.13490357430021682,2.0938071486004333,1.5541928513995662,2.2287107229006504,1.4192892770993493,2.363614297200867,1.2843857027991326
20180322,HBOR3,HELBOR,1.65,1.69,1.63,1.68,2267747.0,1.7060000000000002,1.81375,0.05761944116355378,0.1296481926065828,2.0730463852131655,1.5544536147868344,2.2026945778197486,1.4248054221802515,2.3323427704263313,1.2951572295736686
20180323,HBOR3,HELBOR,1.69,1.69,1.62,1.62,1619580.0,1.6995,1.8035,0.0596899885813554,0.12831351828376739,2.060127036567535,1.5468729634324654,2.188440554851302,1.418559445148698,2.3167540731350695,1.2902459268649307
20180326,HBOR3,HELBOR,1.63,1.66,1.62,1.65,1142969.0,1.6960000000000002,1.79325,0.060471829021978424,0.12358714355175365,2.0404242871035074,1.5460757128964926,2.164011430655261,1.422488569344739,2.2875985742070144,1.2989014257929854
20180327,HBOR3,HELBOR,1.65,1.67,1.61,1.61,1750987.0,1.6949999999999998,1.7822500000000001,0.06177207681213611,0.11966807727187902,2.0215861545437583,1.542913845456242,2.1412542318156373,1.423245768184363,2.2609223090875163,1.303577690912484
20180328,HBOR3,HELBOR,1.61,1.61,1.53,1.55,3746627.0,1.6915,1.77075,0.06792216908073397,0.11932260731053558,2.009395214621071,1.532104785378929,2.1287178219316067,1.4127821780683933,2.2480404292421423,1.2934595707578578
20180329,HBOR3,HELBOR,1.55,1.59,1.5,1.5,5831448.0,1.6800000000000002,1.7579999999999998,0.07953814047030466,0.12034565602079934,1.9986913120415986,1.517308687958401,2.1190369680623977,1.3969630319376019,2.239382624083197,1.2766173759168025
20180402,HBOR3,HELBOR,1.5,1.5,1.43,1.44,4183464.0,1.661,1.7444999999999997,0.08914211007977049,0.12500153845206957,1.994503076904139,1.4944969230958605,2.1195046153562083,1.369495384643791,2.244506153808278,1.2444938461917214
20180403,HBOR3,HELBOR,1.44,1.46,1.4,1.41,3512568.0,1.6444999999999996,1.7302499999999994,0.10318481120377229,0.12986161273270114,1.9899732254654017,1.4705267745345971,2.119834838198103,1.3406651618018959,2.249696450930804,1.2108035490691949
20180404,HBOR3,HELBOR,1.4,1.41,1.36,1.41,2507218.0,1.6299999999999994,1.7167499999999993,0.11470786693528194,0.13441969292537978,1.985589385850759,1.4479106141492397,2.1200090787761385,1.3134909212238601,2.2544287717015186,1.17907122829848
20180405,HBOR3,HELBOR,1.45,1.49,1.4,1.42,2964185.0,1.6164999999999996,1.7042499999999994,0.12287241992793832,0.1382284897718806,1.9807069795437606,1.4277930204562381,2.118935469315641,1.2895645306843577,2.2571639590875217,1.151336040912477
20180406,HBOR3,HELBOR,1.42,1.45,1.38,1.45,3297968.0,1.6034999999999997,1.6927499999999995,0.12616926809063514,0.13979816036352238,1.9723463207270444,1.4131536792729547,2.1121444810905667,1.2733555189094323,2.251942641454089,1.13355735854591
20180409,HBOR3,HELBOR,1.45,1.49,1.39,1.39,1919254.0,1.5879999999999996,1.6797499999999996,0.1325697433131162,0.1432137992921484,1.9661775985842964,1.3933224014157028,2.1093913978764447,1.2501086021235546,2.2526051971685934,1.106894802831406
20180410,HBOR3,HELBOR,1.41,1.43,1.4,1.4,1248147.0,1.5699999999999998,1.6679999999999997,0.13242674240976937,0.14644855577020524,1.9608971115404101,1.3751028884595893,2.1073456673106152,1.228654332689384,2.2537942230808206,1.0822057769191789
20180411,HBOR3,HELBOR,1.4,1.44,1.39,1.4,2145969.0,1.5494999999999999,1.6569999999999996,0.12483568147136984,0.14968685261623096,1.9563737052324615,1.3576262947675377,2.1060605578486924,1.2079394421513068,2.2557474104649233,1.0582525895350758
20180412,HBOR3,HELBOR,1.41,1.43,1.4,1.4,907309.0,1.5310000000000001,1.6447499999999997,0.11764800309218687,0.15017916650215316,1.945108333004306,1.3443916669956935,2.095287499506459,1.1942125004935402,2.2454666660086122,1.0440333339913872
20180413,HBOR3,HELBOR,1.41,1.43,1.39,1.4,1197125.0,1.5160000000000002,1.6329999999999998,0.11403600539441947,0.15048979861498535,1.9339795972299705,1.332020402770029,2.084469395844956,1.1815306041550437,2.2349591944599414,1.0310408055400584
20180416,HBOR3,HELBOR,1.4,1.43,1.38,1.38,1144014.0,1.5020000000000002,1.6212499999999999,0.11260550608207523,0.15145766100439556,1.924165322008791,1.3183346779912086,2.0756229830131865,1.1668770169868132,2.2270806440175823,1.0154193559824176
20180417,HBOR3,HELBOR,1.39,1.41,1.37,1.38,2230247.0,1.4885000000000002,1.6097499999999996,0.11008489546948123,0.15188537344545713,1.913520746890914,1.3059792531090852,2.065406120336371,1.1540938796636282,2.217291493781828,1.002208506218171
20180418,HBOR3,HELBOR,1.4,1.46,1.39,1.42,3258232.0,1.4780000000000002,1.5994999999999997,0.10581015770560269,0.15046849913110888,1.9004369982622173,1.298563001737782,2.0509054973933263,1.1480945026066731,2.201373996524435,0.9976260034755642
20180419,HBOR3,HELBOR,1.42,1.44,1.39,1.4,1886561.0,1.4655000000000002,1.5884999999999998,0.09896703332024674,0.1485062374585722,1.8855124749171441,1.2914875250828555,2.0340187123757163,1.1429812876242833,2.1825249498342885,0.994475050165711
20180420,HBOR3,HELBOR,1.41,1.55,1.41,1.51,5026374.0,1.4570000000000003,1.5815,0.08602937074964141,0.1453298635200917,1.8721597270401833,1.2908402729598165,2.0174895905602748,1.1455104094397248,2.162819454080367,1.0001805459196331
20180423,HBOR3,HELBOR,1.5,1.56,1.48,1.55,3409842.0,1.4535000000000005,1.5765,0.08028075734570714,0.14280253535061393,1.8621050707012279,1.2908949292987721,2.004907606051842,1.1480923939481582,2.147710141402456,1.0052898585975443
20180424,HBOR3,HELBOR,1.56,1.6,1.5,1.5,3646360.0,1.4460000000000004,1.5710000000000002,0.06683837536215963,0.14136332531314116,1.8537266506262826,1.2882733493737177,1.9950899759394236,1.1469100240605767,2.1364533012525646,1.0055466987474355
20180425,HBOR3,HELBOR,1.51,1.51,1.42,1.47,4228513.0,1.4390000000000005,1.567,0.055050216310108986,0.14191366100374694,1.8508273220074938,1.2831726779925061,1.9927409830112408,1.141259016988759,2.134654644014988,0.9993453559850122
20180426,HBOR3,HELBOR,1.47,1.49,1.44,1.47,1238000.0,1.4350000000000003,1.5632500000000003,0.049150681314550713,0.14245804600581213,1.8481660920116245,1.278333907988376,1.9906241380174365,1.135875861982564,2.133082184023249,0.9934178159767517
20180427,HBOR3,HELBOR,1.47,1.5,1.44,1.46,1942290.0,1.4330000000000003,1.5565000000000002,0.04713921152457061,0.14074071449991976,1.8379814289998397,1.2750185710001607,1.9787221434997595,1.134277856500241,2.1194628579996793,0.9935371420003212
20180430,HBOR3,HELBOR,1.46,1.48,1.44,1.45,1350089.0,1.4335000000000002,1.5472500000000005,0.04727021984517146,0.1350211284510847,1.81729225690217,1.277207743097831,1.9523133853532544,1.1421866146467465,2.0873345138043393,1.0071654861956616
20180502,HBOR3,HELBOR,1.46,1.46,1.4,1.4,3275882.0,1.4330000000000003,1.5387500000000003,0.04758372123233013,0.13326640948654342,1.8052828189730872,1.2722171810269134,1.9385492284596304,1.1389507715403702,2.071815637946174,1.0056843620538265
20180503,HBOR3,HELBOR,1.41,1.42,1.37,1.37,1898877.0,1.4310000000000003,1.5305000000000002,0.0494070099437242,0.1332425973312923,1.7969851946625848,1.2640148053374156,1.930227791993877,1.1307722080061233,2.063470389325169,0.997529610674831
20180504,HBOR3,HELBOR,1.38,1.4,1.3,1.3,4983236.0,1.4250000000000003,1.52075,0.05744562646538304,0.13552154715612155,1.791793094312243,1.249706905687757,1.9273146414683646,1.1141853585316355,2.062836188624486,0.9786638113755138
20180507,HBOR3,HELBOR,1.3,1.37,1.3,1.35,2122384.0,1.4200000000000004,1.5117500000000001,0.059471355334004904,0.1345817357212438,1.7809134714424877,1.2425865285575126,1.9154952071637315,1.1080047928362688,2.050076942884975,0.973423057115025
20180508,HBOR3,HELBOR,1.36,1.36,1.33,1.35,813271.0,1.4180000000000006,1.5030000000000001,0.06118135250823699,0.13340126474624048,1.769802529492481,1.2361974705075192,1.9032037942387214,1.1027962057612788,2.036605058984962,0.9693949410150382
20180509,HBOR3,HELBOR,1.35,1.37,1.34,1.35,911862.0,1.4155000000000006,1.4927500000000002,0.06295152688253415,0.12882083562959362,1.7503916712591874,1.235108328740813,1.879212506888781,1.1062874931112194,2.0080333425183747,0.9774666574816258
20180510,HBOR3,HELBOR,1.35,1.44,1.35,1.42,2523143.0,1.4165000000000005,1.483,0.06285111898681718,0.11854242992408566,1.7200848598481715,1.2459151401518287,1.838627289772257,1.127372710227743,1.9571697196963427,1.0088302803036575
20180511,HBOR3,HELBOR,1.42,1.43,1.39,1.39,1305241.0,1.4160000000000008,1.4735,0.0630288154652115,0.1098612178135953,1.6932224356271905,1.2537775643728095,1.803083653440786,1.1439163465592141,1.9129448712543813,1.0340551287456188
20180514,HBOR3,HELBOR,1.4,1.43,1.37,1.39,2315453.0,1.4155000000000009,1.46575,0.06320184874045096,0.10426513294825354,1.6742802658965072,1.257219734103493,1.7785453988447606,1.1529546011552396,1.8828105317930142,1.048689468206986
20180515,HBOR3,HELBOR,1.39,1.4,1.33,1.39,2402343.0,1.4160000000000008,1.459,0.06294525608144119,0.10002051071706039,1.659041021434121,1.2589589785658792,1.7590615321511813,1.1589384678488188,1.8590820428682417,1.0589179571317584
20180516,HBOR3,HELBOR,1.37,1.4,1.35,1.35,1472510.0,1.414500000000001,1.4515000000000002,0.06419337562151196,0.09651756848180565,1.6445351369636114,1.258464863036389,1.7410527054454172,1.1619472945545832,1.8375702739272228,1.0654297260727776
20180517,HBOR3,HELBOR,1.35,1.35,1.25,1.27,5594409.0,1.4070000000000011,1.4425000000000003,0.07182581268890292,0.09623022607401176,1.6349604521480239,1.2500395478519768,1.7311906782220357,1.153809321777965,1.8274209042960474,1.0575790957039533
20180518,HBOR3,HELBOR,1.27,1.28,1.19,1.21,3376254.0,1.3975000000000013,1.4315000000000002,0.08428491779922058,0.09704743751487782,1.6255948750297557,1.2374051249702447,1.7226423125446337,1.1403576874553667,1.8196897500595115,1.043310249940489
20180521,HBOR3,HELBOR,1.23,1.24,1.16,1.16,2626373.0,1.3800000000000012,1.4185000000000003,0.09531112488223033,0.09773197256546824,1.6139639451309369,1.2230360548690637,1.711695917696405,1.1253040823035956,1.8094278902618732,1.0275721097381274
20180522,HBOR3,HELBOR,1.16,1.23,1.15,1.21,2873736.0,1.363000000000001,1.4082500000000002,0.09370165420098146,0.09755701817332652,1.6033640363466533,1.2131359636533472,1.7009210545199798,1.1155789454800207,1.7984780726933063,1.0180219273066942
20180523,HBOR3,HELBOR,1.2,1.21,1.1,1.12,7582097.0,1.3440000000000012,1.3950000000000002,0.10256705123966615,0.09984603532053596,1.594692070641072,1.1953079293589284,1.694538105961608,1.0954618940383924,1.7943841412821442,0.9956158587178564
20180524,HBOR3,HELBOR,1.1,1.12,1.07,1.11,2946515.0,1.3260000000000012,1.3825000000000003,0.11056791197221295,0.10347178483243238,1.589443569664865,1.1755564303351356,1.6929153544972975,1.072084645502703,1.7963871393297297,0.9686128606702707
20180525,HBOR3,HELBOR,1.12,1.16,1.11,1.13,5826162.0,1.3090000000000013,1.3720000000000003,0.1133648047119066,0.10727869289246986,1.58655738578494,1.1574426142150607,1.69383607867741,1.0501639213225906,1.8011147715698796,0.9428852284301209
20180528,HBOR3,HELBOR,1.15,1.16,1.05,1.06,3593056.0,1.289000000000001,1.3610000000000004,0.12038971804322256,0.1160194501819058,1.5930389003638121,1.1289610996361887,1.709058350545718,1.0129416494542829,1.8250778007276236,0.8969221992723773
20180529,HBOR3,HELBOR,1.08,1.1,1.05,1.06,2702633.0,1.2695000000000012,1.3515000000000006,0.12445565686748071,0.12462353566250853,1.6007470713250176,1.1022529286749836,1.7253706069875263,0.977629393012475,1.8499941426500346,0.8530058573499665
20180530,HBOR3,HELBOR,1.06,1.09,1.05,1.07,1391209.0,1.2530000000000012,1.3430000000000006,0.12806659451855215,0.13191294720771168,1.6068258944154241,1.0791741055845772,1.7387388416231357,0.9472611583768655,1.8706517888308474,0.8153482111691539
20180601,HBOR3,HELBOR,1.07,1.13,1.06,1.07,2802101.0,1.238000000000001,1.3345000000000007,0.1311728469976694,0.1382852866823488,1.6110705733646982,1.0579294266353032,1.7493558600470471,0.9196441399529542,1.8876411467293959,0.7813588532706055
20180604,HBOR3,HELBOR,1.08,1.1,1.07,1.08,1872599.0,1.2270000000000012,1.3260000000000007,0.13487225925218935,0.14325519635269834,1.6125103927053974,1.039489607294604,1.7557655890580959,0.8962344109419057,1.899020785410794,0.7529792145892074
20180605,HBOR3,HELBOR,1.08,1.12,1.03,1.05,3004098.0,1.212000000000001,1.3160000000000005,0.13713612138847298,0.1482513458234373,1.612502691646875,1.019497308353126,1.7607540374703123,0.8712459625296887,1.9090053832937497,0.7229946167062513
20180606,HBOR3,HELBOR,1.05,1.07,1.03,1.04,1549005.0,1.196500000000001,1.3072500000000005,0.13823226068735608,0.15398946850435996,1.6152289370087205,0.9992710629912805,1.7692184055130804,0.8452815944869205,1.9232078740174403,0.6912921259825606
20180607,HBOR3,HELBOR,1.04,1.07,0.96,1.02,3878919.0,1.180000000000001,1.2977500000000006,0.13864001093327744,0.1597351574100685,1.6172203148201376,0.9782796851798636,1.7769554722302061,0.8185445277697951,1.9366906296402746,0.6588093703597266
20180608,HBOR3,HELBOR,1.02,1.04,0.98,1.01,1986611.0,1.1595000000000009,1.2880000000000007,0.1314083631080503,0.16514484706711063,1.618289694134222,0.9577103058657794,1.7834345412013326,0.7925654587986688,1.9485793882684432,0.6274206117315582
20180611,HBOR3,HELBOR,1.02,1.04,1.01,1.02,653292.0,1.141000000000001,1.2785000000000006,0.12302759639074717,0.16941150023022417,1.6173230004604489,0.9396769995395523,1.7867345006906732,0.7702654993093281,1.9561460009208973,0.600853999079104
20180612,HBOR3,HELBOR,1.02,1.03,1.01,1.02,435290.0,1.122500000000001,1.2690000000000008,0.1108282217525956,0.17303919816782243,1.6150783963356456,0.9229216036643559,1.788117594503468,0.7498824054965335,1.9611567926712905,0.5768432073287111
20180613,HBOR3,HELBOR,1.02,1.03,0.99,1.01,621588.0,1.1035000000000008,1.2597500000000008,0.09382374292705728,0.17680189551135778,1.6133537910227163,0.9061462089772853,1.7901556865340742,0.7293443134659274,1.966957582045432,0.5525424179545697
20180614,HBOR3,HELBOR,1.01,1.02,0.99,1.0,402801.0,1.0860000000000007,1.2502500000000007,0.07646120447307986,0.18034848744327112,1.610946974886543,0.8895530251134585,1.791295462329814,0.7092045376701874,1.9716439497730853,0.5288560502269163
20180615,HBOR3,HELBOR,1.01,1.01,0.97,0.97,982692.0,1.0710000000000008,1.2390000000000005,0.06734827001255983,0.18349596516209293,1.6059919303241865,0.8720080696758147,1.7894878954862794,0.6885121045137217,1.9729838606483723,0.5050161393516288
20180618,HBOR3,HELBOR,0.97,0.98,0.93,0.93,1365118.0,1.0570000000000008,1.2272500000000006,0.06602232477292456,0.1879168869746814,1.6030837739493635,0.8514162260506378,1.7910006609240448,0.6634993390759565,1.9789175478987262,0.47558245210127503
20180619,HBOR3,HELBOR,0.93,0.98,0.92,0.94,1467414.0,1.0460000000000007,1.2130000000000005,0.06628487165656131,0.1875373467079429,1.5880746934158863,0.8379253065841148,1.7756120401238293,0.6503879598761718,1.963149386831772,0.46285061316822895
20180620,HBOR3,HELBOR,0.96,0.97,0.92,0.92,723173.0,1.0315000000000007,1.1972500000000008,0.059936369768723435,0.18494611134750263,1.567142222695006,0.8273577773049956,1.7520883340425089,0.6424116659574929,1.9370344453900112,0.4574655546099903
20180621,HBOR3,HELBOR,0.93,0.96,0.89,0.92,1472487.0,1.021500000000001,1.1827500000000009,0.061067262312275966,0.18333082748869878,1.5494116549773984,0.8160883450226033,1.7327424824660973,0.6327575175339045,1.916073309954796,0.44942669004520575
20180622,HBOR3,HELBOR,0.91,0.92,0.89,0.91,637305.0,1.011500000000001,1.1687500000000006,0.06217758946420722,0.18221131012772027,1.5331726202554412,0.80432737974456,1.7153839303831613,0.6221160696168399,1.8975952405108818,0.43990475948911956
20180625,HBOR3,HELBOR,0.91,0.92,0.91,0.91,630485.0,1.000500000000001,1.1547500000000006,0.05951337753197782,0.17997132962552173,1.5146926592510441,0.7948073407489571,1.6946639888765658,0.6148360111234354,1.8746353185020874,0.4348646814979137
20180626,HBOR3,HELBOR,0.91,0.95,0.91,0.95,849261.0,0.995000000000001,1.1420000000000008,0.058803866682750366,0.17580875390240566,1.4936175078048122,0.7903824921951894,1.6694262617072178,0.6145737382927838,1.8452350156096236,0.43876498439037814
20180627,HBOR3,HELBOR,0.96,0.96,0.91,0.91,564077.0,0.987500000000001,1.1285000000000005,0.059637060183823684,0.17224832997589803,1.4729966599517965,0.7840033400482045,1.6452449899276946,0.6117550100723064,1.8174933199035928,0.43950668009640836
20180628,HBOR3,HELBOR,0.92,0.92,0.9,0.91,555408.0,0.979500000000001,1.1162500000000004,0.05871205381485555,0.16985193401070872,1.455953868021418,0.7765461319785829,1.6258058020321267,0.6066941979678743,1.7956577360428354,0.4368422639571655
20180629,HBOR3,HELBOR,0.91,0.93,0.91,0.92,431519.0,0.9720000000000011,1.1050000000000006,0.056063873347615346,0.16750047837665688,1.4400009567533143,0.7699990432466869,1.6075014351299712,0.6024985648700301,1.7750019135066282,0.4349980864933731
20180702,HBOR3,HELBOR,0.91,0.99,0.91,0.98,1395456.0,0.9670000000000012,1.0970000000000006,0.05006311805585332,0.16557901514506262,1.4281580302901258,0.7658419697098754,1.5937370454351885,0.6002629545648128,1.7593160605802511,0.43468393941975014
20180703,HBOR3,HELBOR,0.99,1.03,0.97,1.02,1184423.0,0.9655000000000011,1.0887500000000006,0.04784569496116045,0.16080227546546227,1.4103545509309252,0.767145449069076,1.5711568263963873,0.6063431736036138,1.7319591018618496,0.44554089813815145
20180704,HBOR3,HELBOR,1.02,1.04,1.02,1.03,1084826.0,0.9650000000000013,1.0807500000000005,0.04707217302913513,0.15533895940069545,1.3914279188013914,0.7700720811986097,1.546766878202087,0.6147331217979142,1.7021058376027822,0.45939416239721875
20180705,HBOR3,HELBOR,1.04,1.1,1.03,1.08,2539103.0,0.9680000000000012,1.0740000000000005,0.052375164865969284,0.14907922519457223,1.3721584503891449,0.775841549610856,1.5212376755837171,0.6267623244162839,1.6703169007782894,0.4776830992217116
20180706,HBOR3,HELBOR,1.08,1.09,1.06,1.08,700279.0,0.9715000000000013,1.0655000000000006,0.057425008306033205,0.13813687006658815,1.3417737401331769,0.7892262598668243,1.479910610199765,0.6510893898002361,1.6180474802663531,0.512952519733648
20180710,HBOR3,HELBOR,1.09,1.1,1.06,1.07,635966.0,0.9740000000000013,1.0575000000000006,0.06064564895227617,0.12773670837572587,1.3129734167514524,0.8020265832485488,1.440710125127178,0.674289874872823,1.568446833502904,0.5465531664970971
20180711,HBOR3,HELBOR,1.06,1.09,1.05,1.07,430853.0,0.9765000000000013,1.0495000000000005,0.06360031446463615,0.1158458303533406,1.2811916607066818,0.8178083392933193,1.3970374910600223,0.7019625089399788,1.512883321413363,0.5861166785866381
20180712,HBOR3,HELBOR,1.07,1.09,1.07,1.09,524245.0,0.9805000000000013,1.0420000000000005,0.0681696799402674,0.10213615849342202,1.2462723169868446,0.8377276830131565,1.3484084754802665,0.7355915245197344,1.4505446339736885,0.6334553660263125
20180713,HBOR3,HELBOR,1.09,1.19,1.08,1.15,2473357.0,0.9880000000000011,1.0370000000000004,0.07797435475847544,0.0909550466594298,1.21891009331886,0.8550899066811408,1.3098651399782897,0.7641348600217109,1.4008201866377195,0.6731798133622812
20180716,HBOR3,HELBOR,1.17,1.2,1.16,1.17,985790.0,0.9980000000000011,1.0345000000000004,0.08775564159402809,0.08560343870398696,1.2057068774079744,0.8632931225920265,1.2913103161119612,0.7776896838880396,1.3769137548159482,0.6920862451840526
20180717,HBOR3,HELBOR,1.17,1.22,1.12,1.14,1359221.0,1.008500000000001,1.0327500000000005,0.09166730462298239,0.08258600800345813,1.1979220160069168,0.8675779839930843,1.2805080240103748,0.7849919759896261,1.363094032013833,0.7024059679861681
20180718,HBOR3,HELBOR,1.15,1.15,1.12,1.12,290487.0,1.0175000000000012,1.0317500000000004,0.09340770846134985,0.08123683325266691,1.1942236665053343,0.8692763334946666,1.275460499758001,0.7880395002419996,1.356697333010668,0.7068026669893328
20180719,HBOR3,HELBOR,1.12,1.13,1.07,1.08,925624.0,1.025500000000001,1.0285000000000004,0.09144886405441359,0.07637794016329762,1.1812558803265956,0.8757441196734052,1.2576338204898931,0.7993661795101076,1.334011760653191,0.7229882393468099
20180720,HBOR3,HELBOR,1.09,1.2,1.09,1.17,2174282.0,1.038000000000001,1.0297500000000004,0.09333583956535083,0.07829881945600238,1.1863476389120051,0.8731523610879957,1.2646464583680075,0.7948535416319933,1.3429452778240099,0.7165547221759909
20180723,HBOR3,HELBOR,1.17,1.19,1.13,1.14,1179323.0,1.049500000000001,1.0305000000000004,0.09087151137153948,0.07922541679704308,1.1889508335940866,0.8720491664059142,1.2681762503911296,0.7928237496088713,1.3474016671881728,0.713598332811828
20180724,HBOR3,HELBOR,1.16,1.18,1.16,1.17,719995.0,1.0625000000000009,1.0315000000000005,0.08842927593340169,0.08075128005652767,1.1930025601130558,0.8699974398869452,1.2737538401695836,0.7892461598304175,1.3545051202261111,0.7084948797738899
20180725,HBOR3,HELBOR,1.17,1.2,1.17,1.18,874324.0,1.074000000000001,1.0345000000000004,0.08798325199479363,0.08400091574591541,1.2025018314918312,0.8664981685081696,1.2865027472377466,0.7824972527622542,1.370503662983662,0.6984963370163388
20180726,HBOR3,HELBOR,1.19,1.2,1.16,1.16,781475.0,1.086500000000001,1.0370000000000004,0.08093369605976933,0.08623759665552845,1.2094751933110572,0.8645248066889435,1.2957127899665857,0.7782872100334151,1.3819503866221141,0.6920496133778866
20180727,HBOR3,HELBOR,1.16,1.17,1.13,1.14,672262.0,1.098000000000001,1.0387500000000003,0.07015771706062175,0.08762353916261972,1.2139970783252396,0.8635029216747608,1.3016206174878595,0.7758793825121411,1.3892441566504792,0.6882558433495214
20180730,HBOR3,HELBOR,1.14,1.16,1.13,1.14,805074.0,1.1090000000000009,1.0405000000000002,0.05674504383644742,0.0889525946926937,1.2184051893853876,0.8625948106146129,1.3073577840780812,0.7736422159219191,1.396310378770775,0.6846896212292254
20180731,HBOR3,HELBOR,1.14,1.15,1.05,1.05,1345798.0,1.112500000000001,1.0397500000000002,0.05014452795879984,0.08873722371019621,1.2172244474203926,0.8622755525796078,1.3059616711305888,0.7735383288694115,1.394698894840785,0.6848011051592153
20180801,HBOR3,HELBOR,1.07,1.11,1.05,1.08,1259581.0,1.115500000000001,1.0405000000000002,0.0459376006980672,0.0889525946926937,1.2184051893853876,0.8625948106146129,1.3073577840780812,0.7736422159219191,1.396310378770775,0.6846896212292254
20180802,HBOR3,HELBOR,1.08,1.13,1.08,1.11,891809.0,1.1195000000000008,1.0422500000000003,0.04135532804724268,0.08962850679760193,1.2215070135952042,0.8629929864047965,1.3111355203928061,0.7733644796071946,1.400764027190408,0.6837359728095926
20180803,HBOR3,HELBOR,1.11,1.16,1.11,1.15,1180891.0,1.1230000000000007,1.0455,0.04079473650259435,0.09114513644421432,1.2277902728884287,0.8632097271115715,1.318935409332643,0.7720645906673571,1.4100805457768573,0.6809194542231428
20180806,HBOR3,HELBOR,1.15,1.18,1.15,1.16,1620121.0,1.1270000000000007,1.0492500000000002,0.040275367945658815,0.09271924813304695,1.2346884962660942,0.8638115037339064,1.327407744399141,0.7710922556008594,1.420126992532188,0.6783730074678125
20180807,HBOR3,HELBOR,1.17,1.19,1.1,1.1,1794916.0,1.1285000000000007,1.05125,0.038563003813995085,0.09293470274530143,1.237119405490603,0.8653805945093972,1.3300541082359043,0.7724458917640957,1.4229888109812057,0.6795111890187944
20180808,HBOR3,HELBOR,1.11,1.14,1.1,1.1,881764.0,1.1300000000000008,1.05325,0.036706517419293996,0.09310560587930466,1.2394612117586092,0.8670387882413907,1.332566817637914,0.7739331823620861,1.4256724235172187,0.6808275764827814
20180809,HBOR3,HELBOR,1.11,1.12,1.07,1.09,494316.0,1.1300000000000008,1.0552500000000002,0.036706517419293996,0.09301192369108661,1.2412738473821734,0.869226152617827,1.33428577107326,0.7762142289267404,1.4272976947643468,0.6832023052356537
20180810,HBOR3,HELBOR,1.08,1.08,1.05,1.06,528862.0,1.1255000000000008,1.0567500000000003,0.03953346350678645,0.09258087247761561,1.2419117449552315,0.8715882550447691,1.334492617432847,0.7790073825671535,1.4270734899104627,0.6864265100895379
20180813,HBOR3,HELBOR,1.06,1.09,1.03,1.07,793047.0,1.120500000000001,1.0592500000000002,0.039930861300638706,0.09152238061722791,1.2422947612344561,0.8762052387655445,1.333817141851684,0.7846828581483165,1.4253395224689118,0.6931604775310887
20180814,HBOR3,HELBOR,1.07,1.08,1.06,1.07,210087.0,1.1170000000000009,1.0627500000000003,0.041179964469199574,0.08909768479537515,1.2409453695907506,0.88455463040925,1.3300430543861257,0.7954569456138749,1.419140739181501,0.7063592608184996
20180815,HBOR3,HELBOR,1.03,1.06,1.02,1.03,625018.0,1.112500000000001,1.0650000000000004,0.04552327340002002,0.0870307932536385,1.2390615865072774,0.8909384134927234,1.3260923797609159,0.8039076202390849,1.4131231730145544,0.7168768269854464
20180816,HBOR3,HELBOR,1.04,1.04,0.99,1.0,917276.0,1.1085000000000007,1.0670000000000004,0.051633832237974506,0.08449548614858533,1.2359909722971711,0.8980090277028298,1.3204864584457563,0.8135135415542444,1.4049819445943417,0.7290180554056591
20180817,HBOR3,HELBOR,1.0,1.0,0.97,1.0,847267.0,1.1000000000000008,1.0690000000000004,0.05486826328388608,0.0818315969318017,1.232663193863604,0.905336806136397,1.3144947907954054,0.8235052092045954,1.3963263877272072,0.7416736122727936
20180820,HBOR3,HELBOR,1.0,1.01,0.98,1.0,457367.0,1.0930000000000006,1.0712500000000005,0.058318544491262246,0.07851792217425718,1.2282858443485147,0.9142141556514861,1.306803766522772,0.8356962334772289,1.3853216886970292,0.7571783113029718
20180821,HBOR3,HELBOR,1.0,1.02,0.98,0.99,540082.0,1.0840000000000007,1.0732500000000005,0.059683375098584276,0.07525639933603155,1.2237627986720636,0.9227372013279374,1.2990191980080952,0.8474808019919058,1.3742755973441267,0.7722244026558742
20180822,HBOR3,HELBOR,0.98,1.06,0.98,1.04,979276.0,1.0770000000000006,1.0755000000000003,0.055922879227138046,0.07278172495330198,1.2210634499066044,0.9299365500933964,1.2938451748599062,0.8571548251400944,1.3666268998132083,0.7843731001867924
20180823,HBOR3,HELBOR,1.04,1.06,1.02,1.02,565745.0,1.0700000000000007,1.0782500000000006,0.05370484639505313,0.06830878233132516,1.214867564662651,0.9416324353373503,1.283176346993976,0.8733236530060251,1.3514851293253012,0.8050148706747
20180824,HBOR3,HELBOR,1.02,1.03,1.0,1.01,602093.0,1.0635000000000008,1.0807500000000005,0.05264328817118257,0.06366529062815825,1.2080805812563171,0.9534194187436841,1.2717458718844754,0.8897541281155258,1.3354111625126335,0.8260888374873676
20180827,HBOR3,HELBOR,1.01,1.02,1.0,1.02,147209.0,1.0575000000000006,1.0832500000000007,0.05024937810560952,0.058982287649843514,1.2012145752996877,0.9652854247003136,1.2601968629495313,0.9063031370504702,1.3191791505993749,0.8473208494006267
20180828,HBOR3,HELBOR,1.02,1.03,1.0,1.0,535065.0,1.0550000000000006,1.0837500000000007,0.05186013579051876,0.05816367268761016,1.200077345375221,0.9674226546247804,1.2582410180628312,0.9092589819371701,1.3164046907504412,0.85109530924956
20180829,HBOR3,HELBOR,1.0,1.01,0.99,1.0,551314.0,1.0510000000000006,1.0832500000000007,0.05290507885280567,0.0588081408981449,1.2008662817962905,0.9656337182037109,1.2596744226944354,0.906825577305566,1.3184825635925803,0.8480174364074211
20180830,HBOR3,HELBOR,1.0,1.0,0.98,0.98,284200.0,1.0445000000000007,1.0820000000000005,0.05325954325159929,0.06047673848211825,1.202953476964237,0.961046523035764,1.2634302154463553,0.9005697845536458,1.3239069539284736,0.8400930460715275
20180831,HBOR3,HELBOR,0.99,1.01,0.98,0.99,554636.0,1.0365000000000006,1.0797500000000007,0.04837082635334909,0.06220262588239574,1.2041552517647922,0.9553447482352092,1.266357877647188,0.8931421223528134,1.3285605035295835,0.8309394964704178
20180903,HBOR3,HELBOR,0.99,1.01,0.95,0.98,1711519.0,1.0275000000000005,1.0772500000000007,0.04024595435700194,0.0641707457910786,1.205591491582158,0.9489085084178435,1.2697622373732365,0.884737762626765,1.3339329831643152,0.8205670168356862
20180904,HBOR3,HELBOR,0.98,0.99,0.95,0.95,398441.0,1.0200000000000005,1.0742500000000006,0.04000000000000808,0.06724953531436936,1.2087490706287394,0.9397509293712618,1.2759986059431088,0.8725013940568925,1.3432481412574782,0.8052518587425231
20180905,HBOR3,HELBOR,0.95,0.96,0.94,0.95,578075.0,1.0125000000000004,1.0712500000000007,0.03823404379952281,0.07006178591894767,1.211373571837896,0.9311264281621053,1.2814353577568438,0.8610646422431577,1.3514971436757914,0.79100285632421
20180906,HBOR3,HELBOR,0.96,0.98,0.94,0.98,549079.0,1.0070000000000003,1.0685000000000007,0.03419756839617718,0.07145197418814415,1.211403948376289,0.9255960516237124,1.2828559225644331,0.8541440774355682,1.3543078967525772,0.7826921032474241
20180910,HBOR3,HELBOR,0.97,0.99,0.97,0.97,291705.0,1.0025000000000004,1.0640000000000005,0.03274703682859469,0.07185455394806595,1.2077091078961324,0.9202908921038686,1.2795636618441983,0.8484363381558027,1.3514182157922643,0.7765817842077367
20180911,HBOR3,HELBOR,0.97,0.98,0.94,0.96,631191.0,0.9970000000000004,1.0587500000000005,0.029929742292324115,0.0715823893254273,1.201914778650855,0.9155852213491459,1.2734971679762825,0.8440028320237186,1.3450795573017098,0.7724204426982912
20180912,HBOR3,HELBOR,0.96,0.97,0.94,0.95,380918.0,0.9910000000000003,1.0540000000000007,0.02633788546043626,0.07235241388419861,1.198704827768398,0.9092951722316035,1.2710572416525965,0.836942758347405,1.3434096555367951,0.7645903444632063
20180913,HBOR3,HELBOR,0.97,0.97,0.93,0.94,205139.0,0.9865000000000004,1.0495000000000005,0.027003898354062698,0.07372679991454667,1.1969535998290939,0.9020464001709072,1.2706803997436404,0.8283196002563605,1.3444071996581872,0.7545928003418139
20180914,HBOR3,HELBOR,0.95,1.02,0.95,1.02,978343.0,0.9875000000000004,1.0480000000000007,0.027886046312593785,0.07370071147413329,1.1954014229482672,0.9005985770517342,1.2691021344224005,0.8268978655776008,1.342802845896534,0.7531971541034675
20180917,HBOR3,HELBOR,1.03,1.04,1.01,1.01,379673.0,0.9880000000000004,1.0440000000000007,0.028209740758911018,0.0712093338739227,1.186418667747846,0.9015813322521553,1.257628001621769,0.8303719983782326,1.3288373354956915,0.7591626645043099
20180918,HBOR3,HELBOR,1.01,1.03,1.01,1.01,424076.0,0.9885000000000005,1.0407500000000005,0.028520537383302094,0.06966540914089135,1.1800808182817832,0.9014191817182178,1.2497462274226745,0.8317537725773265,1.319411636563566,0.762088363436435
20180919,HBOR3,HELBOR,1.01,1.07,1.01,1.05,1044502.0,0.9915000000000006,1.0377500000000004,0.0316685133349017,0.06646716945517667,1.1706843389103536,0.9048156610896471,1.2371515083655305,0.8383484916344703,1.303618677820707,0.7718813221792937
20180920,HBOR3,HELBOR,1.04,1.08,1.04,1.07,642387.0,0.9930000000000007,1.0350000000000006,0.03465620624909316,0.06259351977599013,1.1601870395519809,0.9098129604480203,1.222780559327971,0.8472194406720301,1.2853740791039612,0.78462592089604
20180921,HBOR3,HELBOR,1.07,1.08,1.02,1.06,1530945.0,0.9950000000000007,1.0325000000000006,0.03734617573602406,0.05938790345618898,1.1512758069123785,0.9137241930876226,1.2106637103685676,0.8543362896314337,1.2700516138247566,0.7949483861752447
20180924,HBOR3,HELBOR,1.06,1.07,1.0,1.01,386879.0,0.9950000000000007,1.0292500000000007,0.03734617573602406,0.05685733382999023,1.1429646676599812,0.9155353323400202,1.1998220014899714,0.8586779985100299,1.2566793353199617,0.8018206646800398
20180925,HBOR3,HELBOR,1.0,1.01,0.98,1.0,413620.0,0.9940000000000007,1.0257500000000006,0.03690671027277598,0.054107561441324836,1.1339651228826502,0.9175348771173509,1.188072684323975,0.8634273156760262,1.2421802457653,0.8093197542347013
20180926,HBOR3,HELBOR,1.01,1.03,0.99,1.02,247387.0,0.9950000000000007,1.0250000000000008,0.03734617573602406,0.0539705522745418,1.1329411045490845,0.9170588954509172,1.1869116568236262,0.8630883431763754,1.240882209098168,0.8091177909018337
20180927,HBOR3,HELBOR,1.02,1.05,1.01,1.04,632402.0,0.9970000000000006,1.0240000000000007,0.038675437601725114,0.05329165037788316,1.130583300755767,0.9174166992442344,1.1838749511336502,0.8641250488663512,1.2371666015115332,0.810833398488468
20180928,HBOR3,HELBOR,1.02,1.04,1.01,1.02,155063.0,0.9990000000000006,1.0217500000000008,0.03878415303079989,0.05143517204282934,1.1246203440856595,0.9188796559143422,1.176055516128489,0.8674444838715127,1.2274906881713181,0.8160093118286835
20181001,HBOR3,HELBOR,1.02,1.03,1.0,1.02,233808.0,1.0005000000000006,1.0185000000000008,0.038997300851275854,0.047043351528940264,1.1125867030578813,0.9244132969421204,1.1596300545868217,0.87736994541318,1.2066734061157618,0.8303265938842398
20181002,HBOR3,HELBOR,1.02,1.08,1.02,1.08,1186516.0,1.0055000000000005,1.016500000000001,0.042485291572504164,0.04233868328801243,1.1011773665760258,0.9318226334239762,1.1435160498640384,0.8894839501359638,1.1858547331520508,0.8471452668479513
20181003,HBOR3,HELBOR,1.1,1.13,1.08,1.1,2927134.0,1.0130000000000006,1.016500000000001,0.04531759272652269,0.04233868328801243,1.1011773665760258,0.9318226334239762,1.1435160498640384,0.8894839501359638,1.1858547331520508,0.8471452668479513
20181004,HBOR3,HELBOR,1.1,1.1,1.07,1.08,575293.0,1.0195000000000005,1.016000000000001,0.04512847158246179,0.04143577049991464,1.0988715409998302,0.9331284590001716,1.1403073114997448,0.891692688500257,1.1817430819996595,0.8502569180003423
20181005,HBOR3,HELBOR,1.1,1.11,1.08,1.11,417475.0,1.0260000000000005,1.0165000000000008,0.048384425506350325,0.04245963392233892,1.1014192678446786,0.931580732155323,1.1438789017670177,0.8891210982329841,1.1863385356893565,0.8466614643106452
20181008,HBOR3,HELBOR,1.14,1.19,1.14,1.16,1660817.0,1.0355000000000005,1.0190000000000006,0.05500956854565874,0.04770636682766736,1.1144127336553353,0.9235872663446658,1.1621191004830027,0.8758808995169984,1.20982546731067,0.8281745326893312
20181009,HBOR3,HELBOR,1.16,1.4,1.16,1.4,6971521.0,1.0575000000000006,1.0272500000000007,0.09596463164268532,0.07656026618927665,1.180370532378554,0.8741294676214474,1.2569307985678306,0.7975692014321707,1.3334910647571072,0.7210089352428941
20181010,HBOR3,HELBOR,1.37,1.42,1.27,1.27,3486195.0,1.0735000000000006,1.0322500000000008,0.10348022948726616,0.08543966232046125,1.2031293246409234,0.8613706753590783,1.2885689869613846,0.775931013038617,1.3740086492818457,0.6904913507181558
20181011,HBOR3,HELBOR,1.32,1.35,1.28,1.29,1510340.0,1.0910000000000004,1.0387500000000007,0.10915464645220387,0.0946569379255132,1.2280638758510272,0.8494361241489743,1.3227208137765403,0.7547791862234612,1.4173777517020536,0.6601222482979479
20181015,HBOR3,HELBOR,1.32,1.36,1.31,1.33,1175282.0,1.1065000000000003,1.0470000000000006,0.12001206079741487,0.10500793620800881,1.2570158724160183,0.836984127583983,1.362023808624027,0.7319761913759741,1.4670317448320358,0.6269682551679654
20181016,HBOR3,HELBOR,1.36,1.44,1.35,1.4,2464069.0,1.1260000000000001,1.0570000000000006,0.13433657651389624,0.11858568253614221,1.294171365072285,0.8198286349277162,1.4127570476084272,0.701242952391574,1.5313427301445695,0.5826572698554318
20181017,HBOR3,HELBOR,1.4,1.43,1.38,1.38,1273319.0,1.1445,1.0665000000000007,0.1427354933176458,0.1286926372089464,1.3238852744178935,0.8091147255821078,1.4525779116268398,0.6804220883731615,1.581270548835786,0.5517294511642151
20181018,HBOR3,HELBOR,1.39,1.41,1.33,1.36,1071045.0,1.16,1.0757500000000007,0.14864298450349187,0.13613506679123877,1.3480201335824782,0.8034798664175231,1.484155200373717,0.6673447996262843,1.6202902671649557,0.5312097328350456
20181019,HBOR3,HELBOR,1.36,1.42,1.36,1.38,1233044.0,1.1755,1.0842500000000006,0.15479953080304246,0.14422005088378564,1.372690101767572,0.7958098982324293,1.5169101526513575,0.6515898473486437,1.6611302035351432,0.507369796464858
20181022,HBOR3,HELBOR,1.4,1.53,1.39,1.53,3814302.0,1.199,1.0970000000000006,0.17115397807391505,0.16006729354098898,1.4171345870819785,0.7768654129180227,1.5772018806229675,0.6167981193770338,1.7372691741639565,0.45673082583604474
20181023,HBOR3,HELBOR,1.53,1.69,1.48,1.69,4032366.0,1.233,1.1140000000000005,0.19719346631644377,0.18479094216895753,1.4835818843379156,0.7444181156620855,1.6683728265068731,0.559627173493128,1.8531637686758307,0.37483623132417043
20181024,HBOR3,HELBOR,1.67,1.79,1.58,1.6,5862212.0,1.2630000000000001,1.1285000000000005,0.20535207251014073,0.1994035979409439,1.5273071958818882,0.7296928041181128,1.726710793822832,0.5302892061771688,1.9261143917637762,0.3308856082362249
20181025,HBOR3,HELBOR,1.69,1.8,1.58,1.63,6008100.0,1.2935,1.1442500000000007,0.21253544596013416,0.21338405847264028,1.5710181169452813,0.71748188305472,1.7844021754179216,0.5040978245820799,1.9977862338905616,0.29071376610943955
20181026,HBOR3,HELBOR,1.67,1.76,1.39,1.7,8562355.0,1.3265,1.1617500000000007,0.2221254979557829,0.22935682087535586,1.6204636417507126,0.703036358249289,1.8498204626260684,0.4736795373739331,2.079177283501424,0.24432271649857729
20181029,HBOR3,HELBOR,1.78,1.78,1.62,1.67,4469164.0,1.3590000000000002,1.1790000000000007,0.22247176047877495,0.24098941353490255,1.6609788270698058,0.6970211729301956,1.9019682406047083,0.45603175939529306,2.142957654139611,0.2150423458603905
20181030,HBOR3,HELBOR,1.7,1.73,1.67,1.68,2696714.0,1.3920000000000001,1.1962500000000007,0.2184538973402783,0.25157643993069784,1.6994028798613963,0.693097120138605,1.9509793197920942,0.44152068020790725,2.202555759722792,0.18994424027720935
20181031,HBOR3,HELBOR,1.7,1.71,1.67,1.67,1692595.0,1.4215000000000004,1.213500000000001,0.21389311152511098,0.2598870563365574,1.7332741126731157,0.6937258873268861,1.993161169009673,0.4338388309903287,2.2530482253462303,0.17395177465377132
20181101,HBOR3,HELBOR,1.68,1.73,1.62,1.62,1955110.0,1.4475000000000002,1.2302500000000007,0.2041381111430478,0.2640268780023944,1.7583037560047896,0.702196243995212,2.022330634007184,0.43816936599281764,2.2863575120095785,0.1741424879904232
20181105,HBOR3,HELBOR,1.65,1.7,1.61,1.63,1511944.0,1.4750000000000003,1.2472500000000006,0.18847029641717425,0.26738992463230693,1.7820298492646145,0.7124701507353868,2.0494197738969215,0.44508022610307985,2.3168096985292284,0.17769030147077292
20181106,HBOR3,HELBOR,1.63,1.65,1.6,1.63,1249301.0,1.5010000000000003,1.263500000000001,0.1704761134680057,0.27046541084127096,1.8044308216825429,0.722569178317459,2.074896232523814,0.4521037674761881,2.345361643365085,0.18163835663491712
20181107,HBOR3,HELBOR,1.63,1.67,1.56,1.58,1902494.0,1.5220000000000005,1.278750000000001,0.15101760092609087,0.2706894094903889,1.8201288189807787,0.7373711810192232,2.090818228471168,0.4666817715288343,2.3615076379615565,0.1959923620384454
20181108,HBOR3,HELBOR,1.61,1.61,1.45,1.5,2416743.0,1.5270000000000006,1.2922500000000008,0.14839846785986782,0.26783545943980686,1.8279209188796144,0.7565790811203871,2.0957563783194213,0.4887436216805803,2.363591837759228,0.22090816224077336
20181109,HBOR3,HELBOR,1.5,1.54,1.45,1.47,1190585.0,1.5370000000000006,1.3052500000000007,0.13642426084596063,0.26338027007858006,1.8320105401571607,0.7784894598428406,2.095390810235741,0.5151091897642606,2.358771080314321,0.25172891968568045
20181112,HBOR3,HELBOR,1.46,1.57,1.46,1.48,1228296.0,1.5465000000000007,1.3187500000000008,0.12440489920966401,0.257962305932573,1.8346746118651467,0.8028253881348547,2.0926369177977198,0.5448630822022817,2.350599223730293,0.28690077626970867
20181113,HBOR3,HELBOR,1.48,1.52,1.37,1.4,2336687.0,1.5500000000000007,1.3282500000000006,0.11885417867905154,0.2536390277742279,1.8355280555484565,0.8209719444515448,2.0891670833226845,0.5673329166773169,2.3428061110969125,0.3136938889030889
20181114,HBOR3,HELBOR,1.39,1.42,1.3,1.39,4716323.0,1.5495000000000008,1.3377500000000007,0.11953748586244409,0.24847728575960562,1.8347045715192118,0.8407954284807895,2.0831818572788174,0.5923181427211838,2.331659143038423,0.3438408569615782
20181116,HBOR3,HELBOR,1.38,1.49,1.35,1.46,2549833.0,1.553500000000001,1.3490000000000006,0.11481220364256303,0.24339268682521908,1.8357853736504388,0.8622146263495625,2.079178060475658,0.6188219395243434,2.322570747300877,0.3754292526991243
20181119,HBOR3,HELBOR,1.49,1.5,1.28,1.28,5954888.0,1.5495000000000008,1.3547500000000008,0.12300941341812793,0.2388217605942401,1.832393521188481,0.8771064788115206,2.071215281782721,0.6382847182172805,2.310037042376961,0.3994629576230404
20181121,HBOR3,HELBOR,1.28,1.38,1.27,1.38,3893784.0,1.549500000000001,1.362500000000001,0.12300941341812793,0.23433211146050317,1.8311642229210072,0.8938357770789946,2.0654963343815105,0.6595036656184914,2.2998284458420137,0.42517155415798824
20181122,HBOR3,HELBOR,1.38,1.4,1.34,1.36,2546713.0,1.541000000000001,1.3700000000000008,0.13009712970658888,0.22914557012452047,1.8282911402490418,0.9117088597509598,2.0574367103735622,0.6825632896264393,2.2865822804980827,0.4534177195019189
20181123,HBOR3,HELBOR,1.37,1.37,1.31,1.33,2211153.0,1.523000000000001,1.3780000000000008,0.1332627005895476,0.22172054483064768,1.8214410896612963,0.9345589103387054,2.043161634491944,0.7128383655080577,2.2648821793225915,0.49111782067741006
20181126,HBOR3,HELBOR,1.35,1.37,1.31,1.31,1763953.0,1.5085000000000008,1.385750000000001,0.14004792412824266,0.21343211855474914,1.812614237109499,0.9588857628905026,2.0260463556642483,0.7454536443357536,2.2394784742189975,0.5320215257810044
20181127,HBOR3,HELBOR,1.33,1.39,1.33,1.38,2815902.0,1.4960000000000009,1.3947500000000008,0.13978931515526302,0.20503892688575215,1.804827853771505,0.9846721462284965,2.009866780657257,0.7796332193427444,2.2149057075430094,0.5745942924569922
20181128,HBOR3,HELBOR,1.38,1.45,1.33,1.34,4560735.0,1.4780000000000009,1.4022500000000009,0.13524247230728992,0.19706158740548227,1.7963731748109655,1.0081268251890363,1.9934347622164477,0.8110652377835541,2.19049634962193,0.6140036503780718
20181129,HBOR3,HELBOR,1.34,1.36,1.28,1.36,4347848.0,1.4625000000000008,1.4107500000000008,0.12973150410711126,0.18723887800319877,1.7852277560063983,1.0362722439936034,1.972466634009597,0.8490333659904046,2.159705512012796,0.6617944879872057
20181130,HBOR3,HELBOR,1.36,1.4,1.3,1.35,7665136.0,1.4460000000000008,1.419000000000001,0.12132600710481975,0.17654519287764384,1.7720903857552885,1.0659096142447133,1.9486355786329326,0.8893644213670694,2.125180771510576,0.7128192284894256
20181203,HBOR3,HELBOR,1.38,1.41,1.35,1.36,3961123.0,1.4305000000000008,1.4260000000000008,0.11052387215343266,0.16810863398562306,1.762217267971247,1.0897827320287548,1.93032590195687,0.9216740980431316,2.098434535942493,0.7535654640575086
20181204,HBOR3,HELBOR,1.37,1.4,1.33,1.35,2215189.0,1.4170000000000007,1.432250000000001,0.10234616183376974,0.16013595986231519,1.7525219197246313,1.1119780802753705,1.9126578795869464,0.9518421204130554,2.0727938394492615,0.7917061605507402
20181205,HBOR3,HELBOR,1.35,1.38,1.34,1.36,1362166.0,1.4035000000000006,1.4392500000000008,0.08981120549006089,0.15015184621933997,1.7395536924386807,1.1389463075613209,1.8897055386580206,0.9887944613419809,2.0398573848773607,0.8386426151226409
20181206,HBOR3,HELBOR,1.35,1.46,1.34,1.46,7174893.0,1.395000000000001,1.4480000000000008,0.07387756585622693,0.14035120782686894,1.7287024156537387,1.167297584346263,1.8690536234806077,1.026946376519394,2.0094048313074766,0.8865951686925251
20181207,HBOR3,HELBOR,1.47,1.58,1.45,1.51,6754059.0,1.391500000000001,1.4567500000000009,0.06587667904580741,0.13263382211649563,1.7220176442329922,1.1914823557670096,1.8546514663494877,1.058848533650514,1.9872852884659835,0.9262147115340184
20181210,HBOR3,HELBOR,1.52,1.55,1.45,1.47,3049480.0,1.390000000000001,1.458500000000001,0.06357755313911476,0.13232729431418244,1.723154588628366,1.1938454113716361,1.8554818829425483,1.0615181170574537,1.9878091772567308,0.9291908227432712
20181211,HBOR3,HELBOR,1.47,1.51,1.42,1.45,2389647.0,1.389000000000001,1.463000000000001,0.06239939270958802,0.12876534013666982,1.7205306802733407,1.2054693197266613,1.8492960204100104,1.0767039795899915,1.9780613605466804,0.9479386394533217
20181212,HBOR3,HELBOR,1.48,1.51,1.47,1.48,2491795.0,1.389000000000001,1.467750000000001,0.06239939270958802,0.12568759602630347,1.719125192052608,1.216374807947394,1.8448127880789114,1.0906872119210906,1.9705003841052149,0.9649996158947871
20181213,HBOR3,HELBOR,1.48,1.6,1.47,1.59,6822948.0,1.398500000000001,1.474250000000001,0.07693298519182352,0.12510277825933605,1.724455556518673,1.224044443481329,1.8495583347780091,1.0989416652219928,1.974661113037345,0.9738388869626567
20181214,HBOR3,HELBOR,1.58,1.68,1.55,1.63,5541474.0,1.410500000000001,1.480000000000001,0.09264959453996552,0.12687567102260144,1.733751342045204,1.2262486579547982,1.8606270130678055,1.0993729869321966,1.9875026840904069,0.9724973159095953
20181217,HBOR3,HELBOR,1.62,1.66,1.55,1.56,10589506.0,1.4155000000000009,1.484500000000001,0.09800510190800747,0.12642926470702298,1.737358529414047,1.231641470585955,1.86378779412107,1.105212205878932,1.990217058828093,0.9787829411719091
20181218,HBOR3,HELBOR,1.58,1.66,1.57,1.66,3975353.0,1.4345000000000008,1.492000000000001,0.10679419459876476,0.12774574106002082,1.7474914821200427,1.2365085178799595,1.8752372231800636,1.1087627768199386,2.0029829642400845,0.9810170357599178
20181219,HBOR3,HELBOR,1.66,1.67,1.62,1.62,2281917.0,1.4465000000000008,1.4980000000000009,0.1136140743690482,0.1279863774802317,1.7539727549604642,1.2420272450395375,1.881959132440696,1.1140408675593059,2.009945509920928,0.9860544900790741
20181220,HBOR3,HELBOR,1.62,1.64,1.52,1.55,3037537.0,1.4560000000000008,1.4985000000000008,0.11394366105552152,0.12815355372884857,1.7548071074576979,1.2421928925423038,1.8829606611865466,1.114039338813455,2.011114214915395,0.9858857850846066
20181221,HBOR3,HELBOR,1.55,1.56,1.42,1.44,7288775.0,1.461500000000001,1.4922500000000007,0.11013269508331526,0.12462224973175799,1.7414944994635166,1.2430055005364848,1.8661167491952746,1.118383250804727,1.9907389989270328,0.9937610010729687
20181226,HBOR3,HELBOR,1.44,1.48,1.38,1.42,3114729.0,1.467000000000001,1.4877500000000008,0.10478549517943156,0.12387933541793504,1.735508670835871,1.2399913291641307,1.859388006253806,1.1161119937461956,1.983267341671741,0.9922326583282606
20181227,HBOR3,HELBOR,1.43,1.51,1.43,1.48,2405488.0,1.472000000000001,1.4840000000000007,0.10278234540189496,0.12171425131987822,1.7274285026397571,1.2405714973602442,1.8491427539596352,1.118857246040366,1.9708570052795136,0.9971429947204877
20181228,HBOR3,HELBOR,1.49,1.53,1.49,1.51,2576830.0,1.4805000000000013,1.4792500000000006,0.09821967859424349,0.11667152004556673,1.712593040091134,1.2459069599088672,1.8292645601367008,1.1292354398633004,1.9459360801822676,1.0125639198177336
