DATA DO PREGAO,CODIGO DE NEGOGIACAO DO PAPEL,NOME RESUMIDO DA EMPRESA EMISSORA,PRECO DE ABERTURA,PRECO MAXIMO,PRECO MINIMO,PRECO FECHAMENTO,VOLUME TOTAL DE TITULOS NEGOCIADOS NESTE PAPEL,MA_20,MA_40,STD_20,STD_40,BANDA_1_40 SUPERIOR,BANDA_1_40 INFERIOR,BANDA_2_40 SUPERIOR,BANDA_2_40 INFERIOR,BANDA_3_40 SUPERIOR,BANDA_3_40 INFERIOR
20180102,IGTA3,IGUATEMI,39.49,40.43,39.47,40.16,58935693.0,0.0,0.0,0.0,0.0,0.0,0.0,0.0,0.0,0.0,0.0
20180103,IGTA3,IGUATEMI,40.25,40.46,39.84,40.0,42609878.0,0.0,0.0,0.0,0.0,0.0,0.0,0.0,0.0,0.0,0.0
20180104,IGTA3,IGUATEMI,40.05,40.71,40.0,40.34,28890212.0,0.0,0.0,0.0,0.0,0.0,0.0,0.0,0.0,0.0,0.0
20180105,IGTA3,IGUATEMI,40.59,40.63,40.0,40.63,34357428.0,0.0,0.0,0.0,0.0,0.0,0.0,0.0,0.0,0.0,0.0
20180108,IGTA3,IGUATEMI,40.4,41.0,40.24,40.8,36632454.0,0.0,0.0,0.0,0.0,0.0,0.0,0.0,0.0,0.0,0.0
20180109,IGTA3,IGUATEMI,40.95,40.95,40.21,40.4,37129643.0,0.0,0.0,0.0,0.0,0.0,0.0,0.0,0.0,0.0,0.0
20180110,IGTA3,IGUATEMI,39.92,40.19,39.84,40.0,59967281.0,0.0,0.0,0.0,0.0,0.0,0.0,0.0,0.0,0.0,0.0
20180111,IGTA3,IGUATEMI,39.99,40.48,39.81,40.3,59682801.0,0.0,0.0,0.0,0.0,0.0,0.0,0.0,0.0,0.0,0.0
20180112,IGTA3,IGUATEMI,40.43,40.43,39.65,40.07,54235958.0,0.0,0.0,0.0,0.0,0.0,0.0,0.0,0.0,0.0,0.0
20180115,IGTA3,IGUATEMI,40.4,41.35,40.11,41.09,59131433.0,0.0,0.0,0.0,0.0,0.0,0.0,0.0,0.0,0.0,0.0
20180116,IGTA3,IGUATEMI,40.98,41.05,39.93,39.93,73158276.0,0.0,0.0,0.0,0.0,0.0,0.0,0.0,0.0,0.0,0.0
20180117,IGTA3,IGUATEMI,40.17,40.43,39.73,40.0,70267032.0,0.0,0.0,0.0,0.0,0.0,0.0,0.0,0.0,0.0,0.0
20180118,IGTA3,IGUATEMI,40.01,41.01,39.61,40.99,57222759.0,0.0,0.0,0.0,0.0,0.0,0.0,0.0,0.0,0.0,0.0
20180119,IGTA3,IGUATEMI,41.18,41.24,40.81,40.81,21844092.0,0.0,0.0,0.0,0.0,0.0,0.0,0.0,0.0,0.0,0.0
20180122,IGTA3,IGUATEMI,40.82,40.98,40.32,40.59,23032813.0,0.0,0.0,0.0,0.0,0.0,0.0,0.0,0.0,0.0,0.0
20180123,IGTA3,IGUATEMI,40.67,40.67,40.0,40.0,46578239.0,0.0,0.0,0.0,0.0,0.0,0.0,0.0,0.0,0.0,0.0
20180124,IGTA3,IGUATEMI,40.47,42.1,39.99,41.9,110990649.0,0.0,0.0,0.0,0.0,0.0,0.0,0.0,0.0,0.0,0.0
20180126,IGTA3,IGUATEMI,42.4,43.77,41.82,43.5,88712752.0,0.0,0.0,0.0,0.0,0.0,0.0,0.0,0.0,0.0,0.0
20180129,IGTA3,IGUATEMI,43.28,43.42,42.87,43.27,85087189.0,0.0,0.0,0.0,0.0,0.0,0.0,0.0,0.0,0.0,0.0
20180130,IGTA3,IGUATEMI,43.05,43.15,42.58,43.14,52055239.0,40.896,0.0,1.1463094098706095,0.0,0.0,0.0,0.0,0.0,0.0,0.0
20180131,IGTA3,IGUATEMI,43.72,43.72,42.75,43.0,73250496.0,41.038,0.0,1.223633932187242,0.0,0.0,0.0,0.0,0.0,0.0,0.0
20180201,IGTA3,IGUATEMI,42.99,43.3,42.72,43.02,124681887.0,41.189,0.0,1.274097823229405,0.0,0.0,0.0,0.0,0.0,0.0,0.0
20180202,IGTA3,IGUATEMI,42.3,42.9,41.95,42.56,67599170.0,41.3,0.0,1.292806005718208,0.0,0.0,0.0,0.0,0.0,0.0,0.0
20180205,IGTA3,IGUATEMI,42.28,42.28,41.43,41.62,48288803.0,41.34949999999999,0.0,1.2847300556107064,0.0,0.0,0.0,0.0,0.0,0.0,0.0
20180206,IGTA3,IGUATEMI,41.07,41.38,40.61,40.86,96751350.0,41.3525,0.0,1.2834487872422877,0.0,0.0,0.0,0.0,0.0,0.0,0.0
20180207,IGTA3,IGUATEMI,41.0,41.19,40.41,40.5,95932127.0,41.3575,0.0,1.2797321882660548,0.0,0.0,0.0,0.0,0.0,0.0,0.0
20180208,IGTA3,IGUATEMI,40.71,40.71,39.5,39.77,122301645.0,41.346,0.0,1.2935320881825503,0.0,0.0,0.0,0.0,0.0,0.0,0.0
20180209,IGTA3,IGUATEMI,39.58,39.95,38.49,39.01,53503851.0,41.2815,0.0,1.3778483416659448,0.0,0.0,0.0,0.0,0.0,0.0,0.0
20180214,IGTA3,IGUATEMI,39.79,40.42,39.21,39.74,47970987.0,41.265,0.0,1.3949891529478358,0.0,0.0,0.0,0.0,0.0,0.0,0.0
20180215,IGTA3,IGUATEMI,39.75,40.08,39.5,39.61,45543978.0,41.190999999999995,0.0,1.4431832505738338,0.0,0.0,0.0,0.0,0.0,0.0,0.0
20180216,IGTA3,IGUATEMI,39.63,40.15,39.32,40.15,28582566.0,41.202,0.0,1.4338743980815403,0.0,0.0,0.0,0.0,0.0,0.0,0.0
20180219,IGTA3,IGUATEMI,40.36,40.36,39.37,39.44,19787282.0,41.174,0.0,1.4637385443841415,0.0,0.0,0.0,0.0,0.0,0.0,0.0
20180220,IGTA3,IGUATEMI,39.5,40.41,39.5,39.98,36086814.0,41.1235,0.0,1.4876483561577865,0.0,0.0,0.0,0.0,0.0,0.0,0.0
20180221,IGTA3,IGUATEMI,39.98,41.17,39.98,40.18,91865373.0,41.092,0.0,1.501243694933959,0.0,0.0,0.0,0.0,0.0,0.0,0.0
20180222,IGTA3,IGUATEMI,40.59,40.59,39.65,39.86,37502194.0,41.055499999999995,0.0,1.5228106804265171,0.0,0.0,0.0,0.0,0.0,0.0,0.0
20180223,IGTA3,IGUATEMI,39.99,40.97,39.87,40.55,87881736.0,41.08299999999999,0.0,1.5076370497186082,0.0,0.0,0.0,0.0,0.0,0.0,0.0
20180226,IGTA3,IGUATEMI,40.75,41.44,39.96,40.16,66884313.0,40.995999999999995,0.0,1.5082140012890186,0.0,0.0,0.0,0.0,0.0,0.0,0.0
20180227,IGTA3,IGUATEMI,40.26,40.37,39.4,39.7,67983710.0,40.806,0.0,1.412483441915067,0.0,0.0,0.0,0.0,0.0,0.0,0.0
20180228,IGTA3,IGUATEMI,39.8,40.5,39.29,39.49,57035935.0,40.617,0.0,1.314958874682129,0.0,0.0,0.0,0.0,0.0,0.0,0.0
20180301,IGTA3,IGUATEMI,39.31,39.71,38.89,39.02,31422717.0,40.410999999999994,40.6535,1.2180523711841789,1.1930150341864425,43.03953006837288,38.26746993162712,44.23254510255933,37.074454897440674,45.42556013674577,35.88143986325423
20180302,IGTA3,IGUATEMI,39.06,40.0,38.61,40.0,42073193.0,40.260999999999996,40.6495,1.0564433877775854,1.1949787038119588,43.03945740762392,38.259542592376086,44.23443611143588,37.06456388856412,45.42941481524784,35.86958518475217
20180305,IGTA3,IGUATEMI,39.92,40.0,39.48,39.64,31148603.0,40.092,40.6405,0.8400413523656141,1.2013346210756097,43.04316924215122,38.23783075784878,44.24450386322683,37.036496136773174,45.44583848430244,35.835161515697564
20180306,IGTA3,IGUATEMI,39.83,39.92,39.2,39.33,21861889.0,39.930499999999995,40.61525,0.6230525448822546,1.2183069115658987,43.051863823131804,38.1786361768682,44.2701707346977,36.960329265302306,45.4884776462636,35.74202235373641
20180307,IGTA3,IGUATEMI,39.2,39.78,39.02,39.63,31279000.0,39.830999999999996,40.590250000000005,0.48196855105968417,1.2282163166612095,43.046682633322426,38.13381736667758,44.27489894998363,36.90560105001638,45.50311526664484,35.67738473335517
20180308,IGTA3,IGUATEMI,39.44,39.92,39.25,39.56,49014493.0,39.76599999999999,40.559250000000006,0.4195034658912647,1.238393060298256,43.03603612059652,38.08246387940349,44.27442918089477,36.84407081910524,45.51282224119303,35.60567775880698
20180309,IGTA3,IGUATEMI,39.75,40.35,39.59,39.85,33427353.0,39.73349999999999,40.5455,0.38325853579953756,1.2432503925040792,43.03200078500816,38.058999214991836,44.27525117751223,36.81574882248776,45.51850157001631,35.57249842998368
20180312,IGTA3,IGUATEMI,39.66,40.13,39.66,40.0,27175112.0,39.74499999999999,40.5455,0.3878347450573909,1.2432503925040792,43.03200078500816,38.058999214991836,44.27525117751223,36.81574882248776,45.51850157001631,35.57249842998368
20180313,IGTA3,IGUATEMI,40.1,40.56,39.71,39.79,29858048.0,39.78399999999999,40.53275,0.3471144206924821,1.2484369458215807,43.02962389164316,38.03587610835684,44.27806083746474,36.78743916253526,45.526497783286324,35.539002216713676
20180314,IGTA3,IGUATEMI,40.19,40.19,39.69,39.85,23643458.0,39.78949999999999,40.527249999999995,0.3472519940453428,1.251009822872341,43.02926964574468,38.025230354255314,44.28027946861702,36.77422053138297,45.53128929148936,35.52321070851063
20180315,IGTA3,IGUATEMI,39.54,39.98,39.32,39.57,42301173.0,39.787499999999994,40.48925,0.34845334959238233,1.2565508091189335,43.00235161823787,37.97614838176213,44.2589024273568,36.719597572643195,45.515453236475736,35.46304676352426
20180316,IGTA3,IGUATEMI,39.35,39.63,38.85,39.2,41805364.0,39.739999999999995,40.471,0.3609636226022672,1.2701096257955342,43.011219251591065,37.93078074840893,44.2813288773866,36.660671122613394,45.55143850318213,35.39056149681786
20180319,IGTA3,IGUATEMI,38.91,39.34,38.38,38.79,88372618.0,39.707499999999996,40.440749999999994,0.4146637826379659,1.2957650695186327,43.03228013903726,37.84921986096273,44.32804520855589,36.553454791444096,45.62381027807452,35.257689721925466
20180320,IGTA3,IGUATEMI,38.86,39.09,38.45,38.75,36180877.0,39.645999999999994,40.38475,0.4607705217179797,1.3196036458161577,43.023957291632314,37.74554270836768,44.34356093744847,36.42593906255152,45.66316458326463,35.10633541673536
20180321,IGTA3,IGUATEMI,38.53,39.16,38.47,38.67,33221106.0,39.570499999999996,40.33125,0.4913619632688499,1.3450558800707262,43.02136176014145,37.64113823985854,44.36641764021218,36.29608235978782,45.7114735202829,34.95102647971709
20180322,IGTA3,IGUATEMI,38.79,40.02,38.59,39.9,51995125.0,39.57249999999999,40.31400000000001,0.4926819727936466,1.3460765399047958,43.0061530798096,37.621846920190414,44.35222961971439,36.27577038028562,45.69830615961919,34.92969384038082
20180323,IGTA3,IGUATEMI,39.9,40.22,39.23,39.6,29865292.0,39.52499999999999,40.304,0.43601665830085157,1.3499492867967646,43.00389857359353,37.60410142640647,44.353847860390296,36.25415213960971,45.70379714718706,34.90420285281294
20180326,IGTA3,IGUATEMI,39.8,40.12,39.44,40.12,31076547.0,39.522999999999996,40.259499999999996,0.43303214904359627,1.325098835210771,42.90969767042154,37.609302329578455,44.23479650563231,36.28420349436768,45.55989534084308,34.959104659156914
20180327,IGTA3,IGUATEMI,40.32,40.41,39.9,40.02,28515381.0,39.538999999999994,40.1725,0.44564441808292965,1.216693185520627,42.60588637104125,37.73911362895875,43.822579556561884,36.522420443438115,45.03927274208251,35.30572725791749
20180328,IGTA3,IGUATEMI,39.64,39.76,38.51,38.98,71517574.0,39.51349999999999,40.06525,0.46285470040204124,1.1220493784554826,42.309348756910964,37.821151243089034,43.43139813536645,36.69910186463355,44.55344751382193,35.57705248617807
20180329,IGTA3,IGUATEMI,39.18,39.65,38.91,39.26,39230050.0,39.525499999999994,39.96825,0.45237938200498345,1.0117106292986786,41.99167125859736,37.94482874140264,43.00338188789603,36.93311811210396,44.01509251719471,35.921407482805286
20180402,IGTA3,IGUATEMI,39.06,39.22,38.36,38.54,22102883.0,39.45249999999999,39.85674999999999,0.48816385299249226,0.9096333087625427,41.67601661752508,38.0374833824749,42.585649926287616,37.12785007371237,43.49528323505016,36.21821676494982
20180403,IGTA3,IGUATEMI,38.74,39.57,38.35,38.44,46580573.0,39.39249999999999,39.74225,0.535368785831002,0.7803105479756705,41.30287109595134,38.18162890404866,42.08318164392701,37.401318356072984,42.86349219190268,36.62100780809732
20180404,IGTA3,IGUATEMI,38.0,38.28,37.23,37.23,71132867.0,39.28749999999999,39.608999999999995,0.7217586343895365,0.7408927393908626,41.09078547878172,38.12721452121827,41.831678218172584,37.386321781827405,42.57257095756344,36.64542904243655
20180405,IGTA3,IGUATEMI,37.83,38.54,36.52,36.65,70021613.0,39.138499999999986,39.484750000000005,0.9260230473430939,0.8086392099044699,41.102028419808946,37.867471580191065,41.910667629713416,37.058832370286595,42.719306839617886,36.250193160382125
20180406,IGTA3,IGUATEMI,36.56,37.64,36.42,36.98,68792886.0,39.00949999999999,39.387750000000004,1.0372406460869168,0.869837849610744,41.12742569922149,37.64807430077852,41.99726354883224,36.77823645116777,42.86710139844298,35.908398601557025
20180409,IGTA3,IGUATEMI,37.11,37.38,36.15,36.4,34713681.0,38.83699999999999,39.285250000000005,1.1686568989093813,0.9710871188043608,41.22742423760873,37.34307576239128,42.198511356413086,36.371988643586924,43.16959847521745,35.40090152478256
20180410,IGTA3,IGUATEMI,36.6,36.78,35.81,36.61,37645568.0,38.66749999999999,39.206250000000004,1.2350532696800742,1.0555073819416891,41.31726476388338,37.09523523611663,42.372772145825074,36.039727854174934,43.42827952776676,34.98422047223325
20180411,IGTA3,IGUATEMI,36.77,37.3,36.37,37.0,76846282.0,38.52799999999999,39.156000000000006,1.2589285335679923,1.1114527338070868,41.37890546761418,36.93309453238583,42.490358201421266,35.821641798578746,43.60181093522835,34.71018906477166
20180412,IGTA3,IGUATEMI,37.0,37.3,36.68,36.99,40906821.0,38.38499999999999,39.087250000000004,1.26328519095424,1.1584604892391774,41.40417097847836,36.77032902152165,42.56263146771754,35.61186853228247,43.72109195695671,34.4534080430433
20180413,IGTA3,IGUATEMI,36.98,37.1,36.54,36.84,57132262.0,38.24849999999999,39.01800000000001,1.2759321669810373,1.2081373669562447,41.434274733912495,36.60172526608752,42.64241210086874,35.393587899131276,43.85054946782499,34.185450532175025
20180416,IGTA3,IGUATEMI,37.13,37.13,36.06,36.15,62010632.0,38.09599999999999,38.918000000000006,1.3370289135951998,1.2756922705852085,41.46938454117042,36.36661545882959,42.74507681175563,35.09092318824438,44.02076908234084,33.81523091765917
20180417,IGTA3,IGUATEMI,36.1,37.14,35.98,37.14,62115762.0,38.013499999999986,38.86050000000001,1.342845662644929,1.3031007399512964,41.4667014799026,36.254298520097414,42.7698022198539,34.95119778014612,44.07290295980519,33.64809704019483
20180418,IGTA3,IGUATEMI,37.33,37.59,36.96,37.02,44640291.0,37.926999999999985,38.786500000000004,1.348613713176798,1.3218082990688402,41.43011659813769,36.14288340186232,42.75192489720652,34.821075102793486,44.07373319627536,33.499266803724645
20180419,IGTA3,IGUATEMI,36.9,37.04,36.41,36.71,41887917.0,37.82899999999999,38.69975000000001,1.3629183085532184,1.3417258069463103,41.38320161389263,36.01629838610739,42.72492742083894,34.67457257916108,44.06665322778525,33.332846772214765
20180420,IGTA3,IGUATEMI,35.84,35.98,35.17,35.75,70378973.0,37.62149999999999,38.59700000000001,1.346837523901665,1.4064087745124927,41.40981754902499,35.784182450975024,42.816226323537485,34.37777367646253,44.22263509804998,32.97136490195004
20180423,IGTA3,IGUATEMI,35.49,35.7,35.4,35.4,33376838.0,37.41149999999999,38.46825000000001,1.349542905072556,1.4578257211798094,41.38390144235963,35.552598557640394,42.84172716353944,34.094772836460585,44.29955288471925,32.636947115280776
20180424,IGTA3,IGUATEMI,35.6,35.7,34.55,34.85,62426467.0,37.14799999999999,38.33550000000001,1.3066775867786087,1.5393121174316464,41.4141242348633,35.25687576513672,42.95343635229495,33.71756364770507,44.49274846972659,32.17825153027343
20180425,IGTA3,IGUATEMI,34.6,35.24,34.22,35.0,111032613.0,36.89699999999999,38.218,1.2040768466471206,1.6102336189796866,41.43846723795938,34.99753276204063,43.048700856939064,33.38729914306094,44.65893447591875,31.77706552408126
20180426,IGTA3,IGUATEMI,35.16,36.02,34.95,35.7,34869656.0,36.73299999999999,38.123250000000006,1.126293875832119,1.6446063943411526,41.41246278868231,34.8340372113177,43.057069183023465,33.18943081697655,44.70167557736462,31.544824422635394
20180427,IGTA3,IGUATEMI,35.53,36.15,35.53,35.94,19590445.0,36.56699999999999,38.04625000000001,0.9677488799977714,1.6733946574216432,41.39303931484329,34.69946068515672,43.06643397226494,33.02606602773508,44.73982862968658,31.352671370313434
20180430,IGTA3,IGUATEMI,36.19,36.19,35.47,35.7,79464877.0,36.425,37.93875000000001,0.8660223650935382,1.6827574859172019,41.304264971834414,34.57323502816561,42.98702245775162,32.890477542248405,44.66977994366882,31.207720056331205
20180502,IGTA3,IGUATEMI,35.4,35.48,34.61,35.0,44615144.0,36.253,37.822750000000006,0.7823251444118677,1.7219472988451572,41.26664459769032,34.37885540230969,42.98859189653548,32.65690810346453,44.71053919538063,30.93496080461938
20180503,IGTA3,IGUATEMI,34.82,35.02,34.0,34.2,47492569.0,36.1015,37.69450000000001,0.871473495082715,1.7962467279559478,41.286993455911905,34.10200654408812,43.08324018386786,32.305759816132166,44.879486911823804,30.50951308817622
20180504,IGTA3,IGUATEMI,34.02,34.34,33.8,33.8,33090547.0,35.958999999999996,37.548750000000005,1.0005203909124925,1.8701764451242526,41.28910289024851,33.8083971097515,43.159279335372766,31.93822066462725,45.02945578049702,30.068044219502994
20180507,IGTA3,IGUATEMI,33.81,34.06,33.15,33.44,26266929.0,35.782,37.39575000000001,1.1167650650546106,1.9500504760068442,41.295850952013694,33.49564904798632,43.24590142802054,31.545598571979475,45.19595190402738,29.59554809597263
20180508,IGTA3,IGUATEMI,33.14,33.6,32.94,33.15,21329791.0,35.619499999999995,37.22825000000002,1.250547143411576,2.02031971003834,41.2688894200767,33.18761057992334,43.28920913011504,31.167290869884997,45.30952884015338,29.146971159846657
20180509,IGTA3,IGUATEMI,32.88,33.82,32.88,33.5,39199407.0,35.46399999999999,37.065750000000016,1.312712739651073,2.052809066645689,41.171368133291395,32.960131866708636,43.22417719993708,30.90732280006295,45.27698626658277,28.85451373341726
20180510,IGTA3,IGUATEMI,33.49,35.41,33.31,35.09,45522136.0,35.3685,36.948250000000016,1.263646665305205,2.0272298738768253,41.00270974775367,32.89379025224636,43.02993962163049,30.86656037836954,45.05716949550732,28.839330504492715
20180511,IGTA3,IGUATEMI,35.1,35.1,33.4,33.62,29810918.0,35.199999999999996,36.79250000000001,1.2607307822304026,2.0378693624621125,40.86823872492424,32.71676127507578,42.90610808738635,30.678891912613672,44.94397744984846,28.64102255015156
20180514,IGTA3,IGUATEMI,33.62,33.84,32.63,32.93,36658959.0,35.00449999999999,36.626500000000014,1.2957073865572726,2.0759039427409416,40.778307885481894,32.474692114518135,42.85421182822284,30.39878817177719,44.93011577096378,28.322884229036248
20180515,IGTA3,IGUATEMI,32.76,32.82,32.02,32.28,57729937.0,34.81099999999999,36.45350000000001,1.400379271934318,2.1431926220908926,40.7398852441818,32.167114755818226,42.88307786627269,30.023922133727336,45.02627048836358,27.880729511636442
20180516,IGTA3,IGUATEMI,32.27,33.3,32.27,33.3,53488046.0,34.618999999999986,36.31625000000001,1.3254945452448383,2.1654012330282417,40.64705246605649,31.98544753394353,42.812453699084735,29.820046300915287,44.977854932112976,27.654645067887046
20180517,IGTA3,IGUATEMI,32.9,33.02,31.84,32.23,52167333.0,34.37949999999999,36.153250000000014,1.3013574896198252,2.222155788002742,40.597561576005496,31.70893842399453,42.81971736400824,29.486782635991787,45.04187315201098,27.264626847989046
20180518,IGTA3,IGUATEMI,31.8,32.27,31.04,31.9,52795856.0,34.13899999999999,35.984000000000016,1.2924269296254995,2.282550080895297,40.54910016179061,31.41889983820942,42.83165024268591,29.136349757314125,45.1142003235812,26.853799676418827
20180521,IGTA3,IGUATEMI,31.56,32.78,31.56,32.4,31804358.0,33.971499999999985,35.796500000000016,1.2897297758588773,2.2605598920712753,40.317619784142565,31.275380215857467,42.57817967621384,29.01482032378619,44.83873956828512,26.754260431714915
20180522,IGTA3,IGUATEMI,32.72,33.5,32.4,33.21,62510631.0,33.86199999999999,35.63675000000002,1.2545521322893405,2.2101031273073244,40.05695625461467,31.216543745385373,42.267059381921996,29.006440618078045,44.477162509229316,26.796337490770725
20180523,IGTA3,IGUATEMI,32.78,32.89,31.83,31.9,47567844.0,33.71449999999999,35.43125000000002,1.3046938539871091,2.1642327799110066,39.759715559822034,31.102784440178006,41.92394833973304,28.938551660267002,44.08818111964405,26.77431888035599
20180524,IGTA3,IGUATEMI,32.36,32.71,31.65,32.71,39169090.0,33.59999999999999,35.24850000000002,1.2862961924599647,2.0735508377957332,39.395601675591486,31.101398324408557,41.46915251338722,29.02784748661282,43.54270335118295,26.95429664881709
20180525,IGTA3,IGUATEMI,32.48,32.85,32.37,32.4,38259962.0,33.43499999999999,35.084000000000024,1.2122640844826182,2.030487878723079,39.14497575744618,31.023024242553866,41.17546363616926,28.992536363830787,43.20595151489234,26.962048485107708
20180528,IGTA3,IGUATEMI,32.06,32.3,31.12,31.57,38210336.0,33.21649999999998,34.89175000000002,1.1278870557491494,1.9885774937674134,38.86890498753485,30.914595012465195,40.85748248130226,28.926017518697783,42.84605997506968,26.937440024930368
20180529,IGTA3,IGUATEMI,31.57,31.85,30.53,31.0,39369664.0,32.98149999999998,34.703250000000025,1.0714244085132991,1.9912493018333077,38.68574860366664,30.72075139633341,40.676997905499945,28.729502094500102,42.66824720733326,26.738252792666795
20180530,IGTA3,IGUATEMI,30.66,31.72,30.62,31.42,53426084.0,32.80249999999998,34.527750000000026,1.013959798850228,1.9626140175927738,38.45297803518557,30.60252196481448,40.41559205277835,28.639907947221705,42.37820607037112,26.67729392962893
20180601,IGTA3,IGUATEMI,31.43,33.1,31.28,32.7,41656897.0,32.72749999999998,34.414500000000025,0.9591436696071944,1.9331639404130203,38.28082788082607,30.548172119173984,40.213991821239084,28.615008178760966,42.14715576165211,26.681844238347942
20180604,IGTA3,IGUATEMI,32.97,33.55,32.71,33.55,30267904.0,32.71499999999998,34.337000000000025,0.9459692884745409,1.9031515023838812,38.14330300476779,30.53069699523226,40.046454507151665,28.62754549284838,41.94960600953555,26.7243939904645
20180605,IGTA3,IGUATEMI,33.49,33.5,32.19,32.75,64999153.0,32.68049999999998,34.231250000000024,0.9305938963910023,1.8697541145076646,37.97075822901535,30.491741770984696,39.84051234352302,28.62198765647703,41.71026645803068,26.752233541969368
20180606,IGTA3,IGUATEMI,32.32,32.42,31.29,31.47,49531992.0,32.596499999999985,34.10800000000002,0.9612999696136146,1.8855499095857593,37.879099819171536,30.3369001808285,39.7646497287573,28.451350271242738,41.650199638343054,26.565800361656983
20180607,IGTA3,IGUATEMI,30.58,30.92,28.72,29.85,51177943.0,32.41399999999999,33.93900000000002,1.1149387521531489,1.9571352690958483,37.853270538191715,30.024729461808324,39.810405807287566,28.067594192712477,41.76754107638342,26.110458923616626
20180608,IGTA3,IGUATEMI,29.78,31.84,29.45,31.25,40268316.0,32.22199999999999,33.795250000000024,0.9479984454796173,1.9376115187096528,37.67047303741933,29.920026962580717,39.608084556128986,27.982415443871066,41.54569607483864,26.044803925161414
20180611,IGTA3,IGUATEMI,31.35,31.36,29.92,30.5,66910009.0,32.06599999999999,33.633000000000024,0.9624387882108797,1.934958026444762,37.502916052889546,29.763083947110502,39.43787407933431,27.828125920665737,41.37283210577907,25.893167894220976
20180612,IGTA3,IGUATEMI,30.27,30.62,29.6,29.71,73315442.0,31.90499999999999,33.454750000000026,1.073246427777442,1.9601975142500958,37.375145028500214,29.534354971499834,39.33534254275031,27.57415745724974,41.29554005700041,25.613959942999642
20180613,IGTA3,IGUATEMI,29.71,29.99,29.23,29.56,32612784.0,31.768999999999988,33.29000000000002,1.1892894827099123,2.0043005046202502,37.29860100924052,29.28139899075952,39.302901513860775,27.27709848613927,41.30720201848102,25.27279798151902
20180614,IGTA3,IGUATEMI,29.51,30.34,29.11,29.13,50218783.0,31.56049999999999,33.08975000000002,1.2695771156695383,2.0099157878775595,37.10958157575514,29.069918424244904,39.1194973636327,27.060002636367344,41.12941315151026,25.050086848489784
20180615,IGTA3,IGUATEMI,29.0,29.7,28.75,29.59,46883668.0,31.428499999999993,32.90400000000002,1.3320118341501312,1.9804943697770172,36.86498873955405,28.943011260445985,38.84548310933107,26.962516890668965,40.82597747910809,24.98202252089195
20180618,IGTA3,IGUATEMI,29.47,29.82,29.11,29.26,27618305.0,31.29649999999999,32.71775000000002,1.4112789086126616,1.9636275790565036,36.64500515811302,28.79049484188701,38.60863273716953,26.826867262830504,40.57226031622603,24.863239683774
20180619,IGTA3,IGUATEMI,29.19,29.9,28.99,29.9,45978177.0,31.17149999999999,32.57150000000002,1.419088940501208,1.9498001870015609,36.47110037400314,28.6718996259969,38.42090056100471,26.72209943899534,40.370700748006264,24.77229925199378
20180620,IGTA3,IGUATEMI,29.9,30.46,29.57,29.72,56909802.0,30.996999999999993,32.42950000000002,1.3689185128184413,1.9453507362889744,36.32020147257797,28.53879852742207,38.26555220886694,26.593447791133094,40.210902945155915,24.648097054844122
20180621,IGTA3,IGUATEMI,29.37,29.9,29.3,29.54,28457879.0,30.87899999999999,32.29675000000002,1.3885581313761193,1.9570823227318006,36.21091464546362,28.382585354536417,38.16799696819542,26.425503031804617,40.12507929092722,24.468420709072817
20180622,IGTA3,IGUATEMI,29.31,29.8,29.31,29.78,26338736.0,30.732499999999987,32.16625000000002,1.338887499696043,1.946212215350649,36.058674430701316,28.273825569298722,38.004886646051965,26.327613353948074,39.95109886140261,24.381401138597425
20180625,IGTA3,IGUATEMI,29.74,30.46,29.7,30.08,24872198.0,30.61649999999999,32.025750000000016,1.2862809507299502,1.8865065903370768,35.79876318067417,28.25273681932586,37.68526977101125,26.366230228988787,39.57177636134833,24.47972363865171
20180626,IGTA3,IGUATEMI,30.5,31.88,30.45,31.63,47798288.0,30.619499999999988,31.918000000000017,1.288689562879246,1.7771212676687596,35.472242535337536,28.3637574646625,37.2493638030063,26.586636196993737,39.02648507067506,24.80951492932498
20180627,IGTA3,IGUATEMI,31.26,31.85,30.37,30.61,38196696.0,30.599999999999987,31.790750000000013,1.2855758488545563,1.6788875857667354,35.148525171533485,28.43297482846654,36.82741275730022,26.754087242699807,38.506300343066954,25.075199656933073
20180628,IGTA3,IGUATEMI,30.71,30.86,30.37,30.46,24664834.0,30.551999999999992,31.677250000000015,1.271189248406144,1.6083452038889032,34.89394040777782,28.460559592222207,36.50228561166672,26.852214388333305,38.11063081555563,25.243869184444403
20180629,IGTA3,IGUATEMI,30.46,31.24,30.44,30.84,30290029.0,30.458999999999993,31.593250000000012,1.1697633588849046,1.5602323750336726,34.71371475006735,28.472785249932667,36.27394712510103,26.912552874898992,37.8341795001347,25.35232049986532
20180702,IGTA3,IGUATEMI,30.92,31.82,30.14,31.29,54396101.0,30.345999999999993,31.53050000000001,0.9425463830553643,1.5191376602434319,34.56877532048687,28.492224679513146,36.08791298073031,26.973087019269716,37.60705064097374,25.453949359026282
20180703,IGTA3,IGUATEMI,31.69,31.77,31.1,31.42,27184840.0,30.27949999999999,31.48000000000001,0.800174158674692,1.4872742233311507,34.454548446662315,28.50545155333771,35.94182266999346,27.01817733000656,37.42909689332461,25.53090310667541
20180704,IGTA3,IGUATEMI,31.73,32.95,31.69,32.33,30215676.0,30.32249999999999,31.45950000000001,0.8860193356570265,1.4692069201986624,34.39791384039734,28.521086159602685,35.867120760595995,27.051879239404023,37.33632768079466,25.582672319205358
20180705,IGTA3,IGUATEMI,32.06,32.57,31.74,32.12,21378015.0,30.43599999999999,31.425000000000004,0.9642471838585639,1.4358880036322563,34.29677600726452,28.553223992735493,35.73266401089677,27.117335989103236,37.16855201452903,25.681447985470978
20180706,IGTA3,IGUATEMI,31.73,32.38,31.59,32.05,18242326.0,30.47599999999999,31.349000000000007,1.015046796950871,1.3120404934341512,33.97308098686831,28.724919013131704,35.285121480302465,27.412878519697554,36.59716197373661,26.100838026263403
20180710,IGTA3,IGUATEMI,32.06,32.76,32.06,32.23,32971161.0,30.56249999999999,31.31425000000001,1.0882718071860589,1.268018618928522,33.85028723785705,28.778212762142964,35.118305856785575,27.51019414321444,36.3863244757141,26.24217552428592
20180711,IGTA3,IGUATEMI,31.86,32.63,31.61,31.73,20517900.0,30.66349999999999,31.284250000000007,1.098675159118189,1.2427551845470732,33.76976036909415,28.79873963090586,35.01251555364123,27.55598444635879,36.2552707381883,26.313229261811713
20180712,IGTA3,IGUATEMI,32.2,32.35,31.61,32.3,28908945.0,30.80049999999999,31.28475000000001,1.1243640307678067,1.2431700329278823,33.77109006585577,28.798409934144246,35.01426009878366,27.555239901216364,36.25743013171154,26.312069868288482
20180713,IGTA3,IGUATEMI,32.0,33.79,31.95,33.52,24753012.0,31.01999999999999,31.290250000000007,1.2065871835798545,1.2527640977518737,33.79577819550376,28.78472180449626,35.04854229325563,27.531957706744386,36.3013063910075,26.279193608992514
20180716,IGTA3,IGUATEMI,33.33,33.92,32.77,33.0,20905391.0,31.190499999999986,31.309500000000007,1.2344889204594172,1.2733218216692672,33.85614364333854,28.762856356661473,35.12946546500781,27.489534534992206,36.402787286677075,26.21621271332294
20180717,IGTA3,IGUATEMI,32.71,33.57,32.63,33.42,18033299.0,31.398499999999984,31.347500000000007,1.2425325369033087,1.3134447759566656,33.97438955191334,28.720610448086674,35.28783432787,27.40716567213001,36.60127910382667,26.093720896173345
20180718,IGTA3,IGUATEMI,33.1,33.7,32.98,33.1,16055605.0,31.558499999999988,31.365000000000002,1.2454433790929758,1.3323547691099038,34.02970953821981,28.700290461780195,35.36206430732971,27.36793569267029,36.694419076439615,26.03558092356039
20180719,IGTA3,IGUATEMI,32.71,33.29,32.33,33.26,15943576.0,31.735499999999984,31.36625,1.22173076110565,1.3341523526196977,34.034554705239394,28.697945294760604,35.3687070578591,27.363792942140908,36.702859410478794,26.02964058952121
20180720,IGTA3,IGUATEMI,33.9,34.36,33.53,33.72,63491318.0,31.944499999999987,31.41175,1.1833114774360087,1.382963906494792,34.177677812989586,28.645822187010417,35.56064171948438,27.262858280515626,36.94360562597917,25.879894374020832
20180723,IGTA3,IGUATEMI,33.56,33.77,32.96,33.21,51697551.0,32.11599999999999,31.42425,1.0986230616454205,1.397185609790552,34.2186212195811,28.629878780418895,35.61580682937166,27.232693170628345,37.01299243916221,25.835507560837794
20180724,IGTA3,IGUATEMI,33.7,34.11,33.25,34.0,52037052.0,32.31199999999999,31.46425,1.0654457925405285,1.447822215144985,34.35989443028997,28.56860556971003,35.80771664543496,27.120783354565045,37.25553886057994,25.67296113942006
20180725,IGTA3,IGUATEMI,33.98,34.34,33.43,33.9,34063391.0,32.425499999999985,31.5225,1.1089894641425393,1.498181376168485,34.51886275233697,28.52613724766303,36.017044128505454,27.027955871494548,37.51522550467394,25.52977449532606
20180726,IGTA3,IGUATEMI,33.79,33.82,32.98,33.34,24805138.0,32.56199999999999,31.581,1.039608225803405,1.5227401077984684,34.626480215596935,28.535519784403064,36.149220323395404,27.012779676604595,37.671960431193874,25.490039568806125
20180727,IGTA3,IGUATEMI,33.36,33.86,33.3,33.42,25509493.0,32.70999999999999,31.631,0.9294763664503155,1.549911163707542,34.73082232741508,28.531177672584917,36.280733491122625,26.981266508877376,37.83064465483017,25.431355345169834
20180730,IGTA3,IGUATEMI,33.67,33.88,33.03,33.48,19481705.0,32.841999999999985,31.6505,0.8323119354514522,1.5685007540276368,34.78750150805527,28.513498491944727,36.35600226208291,26.94499773791709,37.92450301611055,25.376496983889453
20180731,IGTA3,IGUATEMI,33.35,34.01,33.3,33.66,30665966.0,32.96049999999998,31.653250000000003,0.7657708534543525,1.5720089833046098,34.797267966609226,28.509232033390784,36.36927694991383,26.937223050086175,37.941285933218445,25.365214066781565
20180801,IGTA3,IGUATEMI,33.41,34.26,33.41,33.91,20306430.0,33.08499999999999,31.682250000000003,0.7018809315727792,1.6031515236224412,34.88855304724488,28.47594695275512,36.49170457086733,26.87279542913268,38.09485609448977,25.26964390551024
20180802,IGTA3,IGUATEMI,33.74,34.01,33.56,33.91,13843433.0,33.16399999999998,31.743250000000007,0.7013475750673425,1.6408462286742431,35.024942457348494,28.46155754265152,36.665788686022736,26.820711313977277,38.30663491469698,25.179865085303035
20180803,IGTA3,IGUATEMI,33.98,34.68,33.79,34.51,18053248.0,33.28349999999998,31.85975000000001,0.7175270029763423,1.6681810875999856,35.19611217519998,28.52338782480004,36.86429326279997,26.855206737200053,38.53247435039995,25.187025649600066
20180806,IGTA3,IGUATEMI,34.65,35.05,33.83,33.83,23142440.0,33.37249999999999,31.924250000000008,0.6649406384270636,1.6936834195450017,35.311616839090014,28.536883160910005,37.00530025863501,26.843199741365,38.698983678180014,25.149516321820002
20180807,IGTA3,IGUATEMI,33.47,33.79,32.34,32.82,48873140.0,33.40199999999999,31.982250000000004,0.6233745178252764,1.683352100682568,35.34895420136514,28.61554579863487,37.03230630204771,26.9321936979523,38.71565840273028,25.24884159726973
20180808,IGTA3,IGUATEMI,33.05,33.24,32.42,32.66,50368900.0,33.44849999999998,32.056000000000004,0.517842436918699,1.6454440597743722,35.34688811954875,28.76511188045126,36.99233217932312,27.119667820676888,38.63777623909749,25.474223760902515
20180809,IGTA3,IGUATEMI,32.5,32.59,31.39,32.08,44267185.0,33.437499999999986,32.11900000000001,0.5451400109872323,1.5948937750981294,35.308787550196264,28.92921244980375,36.90368132529439,27.33431867470562,38.49857510039252,25.73942489960749
20180810,IGTA3,IGUATEMI,31.68,31.83,30.83,31.01,23516200.0,33.31199999999999,32.166000000000004,0.7683653188152787,1.5309722066179066,35.22794441323582,29.10405558676419,36.75891661985372,27.573083380146286,38.28988882647163,26.042111173528376
20180813,IGTA3,IGUATEMI,30.72,31.61,30.62,31.61,22841147.0,33.24249999999999,32.2165,0.8559443845682337,1.4761567389506163,35.16881347790124,29.264186522098772,36.64497021685185,27.788029783148154,38.12112695580247,26.31187304419754
20180814,IGTA3,IGUATEMI,31.76,32.05,31.48,31.55,26867358.0,33.14899999999999,32.27375,0.9341018765582697,1.4010503157203467,35.075850631440694,29.471649368559305,36.47690094716104,28.070599052838958,37.87795126288139,26.669548737118614
20180815,IGTA3,IGUATEMI,31.29,31.29,30.59,30.63,36291929.0,33.02549999999999,32.292,1.0910230592382908,1.3738271454741386,35.03965429094828,29.544345709051726,36.413481436422416,28.170518563577588,37.78730858189655,26.796691418103446
20180816,IGTA3,IGUATEMI,30.68,31.15,30.36,31.0,19657366.0,32.91249999999999,32.324,1.1789508047413189,1.3264736362600271,34.97694727252005,29.671052727479942,36.30342090878008,28.344579091219916,37.62989454504011,27.01810545495989
20180817,IGTA3,IGUATEMI,30.54,31.12,30.37,30.58,32714435.0,32.75549999999999,32.35,1.2712218531791384,1.2798798020489646,34.90975960409793,29.79024039590207,36.189639406146895,28.510360593853108,37.46951920819586,27.230480791804144
20180820,IGTA3,IGUATEMI,30.37,31.51,30.21,31.25,42594717.0,32.657499999999985,32.38675,1.3093183240466824,1.2240818380134688,34.834913676026936,29.938586323973063,36.058995514040404,28.714504485959594,37.28307735205387,27.490422647946126
20180821,IGTA3,IGUATEMI,31.08,31.14,30.61,30.79,18840987.0,32.496999999999986,32.4045,1.332627400841618,1.1945666524644287,34.79363330492885,30.01536669507114,35.988199957393284,28.820800042606713,37.182766609857715,27.626233390142282
20180822,IGTA3,IGUATEMI,30.64,31.48,30.15,31.3,28923156.0,32.36699999999998,32.396249999999995,1.3152630315284721,1.2011739716864478,34.79859794337289,29.9939020566271,35.99977191505934,28.792728084940652,37.200945886745785,27.591554113254205
20180823,IGTA3,IGUATEMI,31.08,31.63,30.6,30.78,19542105.0,32.23899999999998,32.4005,1.3399249782613292,1.1949765580795126,34.79045311615903,30.010546883840977,35.98542967423854,28.815570325761463,37.18040623231805,27.62059376768195
20180824,IGTA3,IGUATEMI,30.8,31.15,30.39,30.56,27967240.0,32.09599999999998,32.403,1.3597190112202908,1.1909104468045768,34.78482089360915,30.021179106390846,35.97573134041373,28.830268659586267,37.1666417872183,27.63935821278169
20180827,IGTA3,IGUATEMI,30.95,31.84,30.72,31.51,31220022.0,31.99749999999998,32.41975,1.3250973151950174,1.172939519065326,34.765629038130655,30.07387096186935,35.93856855719598,28.900931442804023,37.1115080762613,27.727991923738696
20180828,IGTA3,IGUATEMI,31.22,31.64,30.99,31.25,22297169.0,31.87699999999998,32.41875,1.2745736129141554,1.1739440153953826,34.766638030790766,30.070861969209236,35.94058204618615,28.896917953813855,37.114526061581536,27.722973938418473
20180829,IGTA3,IGUATEMI,31.39,31.87,31.29,31.65,23797571.0,31.76399999999998,32.4245,1.1816420332473971,1.1694814761583467,34.763462952316694,30.08553704768331,35.93294442847504,28.91605557152496,37.10242590463339,27.746574095366615
20180830,IGTA3,IGUATEMI,31.3,31.83,30.88,31.12,30913380.0,31.624499999999983,32.39425,1.0748193238621875,1.1874987449388545,34.769247489877706,30.01925251012229,35.95674623481656,28.831753765183436,37.14424497975542,27.644255020244582
20180831,IGTA3,IGUATEMI,30.98,31.5,30.56,30.64,34712830.0,31.430999999999983,32.35725000000001,0.8535924085886679,1.2189044839634602,34.79505896792693,29.919441032073088,36.01396345189039,28.70053654810963,37.23286793585385,27.48163206414617
20180903,IGTA3,IGUATEMI,30.59,30.81,30.33,30.75,22485735.0,31.27699999999998,32.32475000000001,0.6520421361910778,1.2443719196283582,34.81349383925672,29.836006160743292,36.057865758885086,28.591634241114935,37.30223767851344,27.347262321486575
20180904,IGTA3,IGUATEMI,30.45,30.75,29.64,29.86,73901834.0,31.12899999999998,32.2655,0.6184437173899904,1.3039937666991896,34.87348753339838,29.657512466601624,36.17748130009757,28.353518699902434,37.48147506679676,27.049524933203244
20180905,IGTA3,IGUATEMI,29.66,29.93,29.51,29.7,20771267.0,30.980999999999984,32.21475,0.5861102824196975,1.3635135373978757,34.94177707479575,29.487722925204253,36.30529061219363,28.124209387806374,37.66880414959151,26.7606958504085
20180906,IGTA3,IGUATEMI,29.67,30.15,29.63,30.04,32703050.0,30.87899999999998,32.15825,0.5617913079466549,1.4060508206523037,34.97035164130461,29.346148358695395,36.376402461956914,27.94009753804309,37.78245328260922,26.534046717390787
20180910,IGTA3,IGUATEMI,30.13,30.47,29.67,30.03,22204385.0,30.829999999999977,32.071000000000005,0.5917058301841261,1.4275023912147016,34.92600478242941,29.2159952175706,36.35350717364411,27.7884928263559,37.78100956485881,26.360990435141197
20180911,IGTA3,IGUATEMI,29.7,29.87,29.32,29.49,14403115.0,30.72399999999998,31.983250000000005,0.6330660562525436,1.4759896940438644,34.935229388087734,29.031270611912277,36.411219082131595,27.555280917868412,37.88720877617546,26.079291223824548
20180912,IGTA3,IGUATEMI,29.95,29.99,29.2,29.62,29560175.0,30.62749999999998,31.88825,0.6474636750633325,1.5031844616152932,34.89461892323059,28.881881076769414,36.39780338484588,27.37869661515412,37.90098784646117,25.87551215353883
20180913,IGTA3,IGUATEMI,29.73,29.73,29.03,29.24,19524589.0,30.557999999999982,31.79175,0.7179473664920237,1.546670348415366,34.88509069683073,28.698409303169267,36.4317610452461,27.151738954753903,37.97843139366147,25.605068606338534
20180914,IGTA3,IGUATEMI,29.46,29.48,28.57,29.09,36797673.0,30.462499999999984,31.6875,0.7803769332155692,1.5852230288772318,34.85794605775446,28.517053942245536,36.4431690866317,26.931830913368305,38.02839211550893,25.34660788449107
20180917,IGTA3,IGUATEMI,28.85,29.77,28.85,29.62,26557885.0,30.414499999999983,31.584999999999997,0.8019940608785141,1.5829832271494735,34.75096645429895,28.41903354570105,36.333949681448416,26.836050318551578,37.91693290859789,25.2530670914021
20180918,IGTA3,IGUATEMI,29.62,29.87,29.43,29.72,30203793.0,30.337999999999983,31.497749999999996,0.7909993678886221,1.5872948888291794,34.67233977765836,28.323160222341638,36.259634666487536,26.735865333512457,37.84692955531671,25.14857044468328
20180919,IGTA3,IGUATEMI,29.7,30.04,29.3,29.68,30888152.0,30.28249999999998,31.38975,0.7965377382279212,1.5593974633552,34.5085449267104,28.2709550732896,36.067942390065596,26.7115576099344,37.6273398534208,25.1521601465792
20180920,IGTA3,IGUATEMI,29.89,30.17,29.26,29.59,28632935.0,30.196999999999985,31.281999999999993,0.772998944644332,1.5301285349061458,34.342257069812284,28.221742930187702,35.87238560471843,26.691614395281555,37.40251413962458,25.16148586037541
20180921,IGTA3,IGUATEMI,29.66,30.57,29.65,29.75,23694629.0,30.145499999999988,31.192249999999994,0.7663960430071648,1.5114935515611572,34.215237103122305,28.16926289687768,35.726730654683465,26.657769345316524,37.238224206244624,25.146275793755365
20180924,IGTA3,IGUATEMI,29.89,29.97,28.9,29.05,17633459.0,30.069999999999986,31.08299999999999,0.7971726353347267,1.5042575475069035,34.0915150950138,28.074484904986186,35.5957726425207,26.570227357479283,37.1000301900276,25.065969809972376
20180925,IGTA3,IGUATEMI,28.84,29.1,28.75,28.94,24451227.0,29.94149999999999,30.969499999999993,0.7590594942359061,1.4899697983518747,33.94943959670374,27.989560403296245,35.43940939505562,26.49959060494437,36.92937919340749,25.009620806592494
20180926,IGTA3,IGUATEMI,29.0,29.84,28.96,29.2,43320197.0,29.83899999999999,30.857999999999993,0.7098843493653603,1.4498049382503488,33.757609876500695,27.958390123499296,35.20741481475104,26.508585185248947,36.657219753001385,25.058780246998598
20180927,IGTA3,IGUATEMI,29.43,30.35,29.43,30.23,25264552.0,29.767999999999994,30.76599999999999,0.577978327767243,1.3654769055124767,33.496953811024945,28.035046188975038,34.86243071653742,26.66956928346256,36.2279076220499,25.304092377950084
20180928,IGTA3,IGUATEMI,29.89,31.19,29.59,31.05,65015586.0,29.76449999999999,30.694499999999987,0.5695101773502039,1.2680288559366215,33.23055771187323,28.158442288126743,34.49858656780985,26.890413432190122,35.76661542374647,25.622384576253502
20181001,IGTA3,IGUATEMI,31.15,31.15,30.06,30.87,41760488.0,29.775999999999993,30.603499999999986,0.590070468583994,1.1076599265213494,32.81881985304268,28.38818014695729,33.92647977956403,27.28052022043594,35.034139706085384,26.17286029391459
20181002,IGTA3,IGUATEMI,31.5,32.89,31.27,32.61,64939029.0,29.868999999999993,30.572999999999986,0.8437192099646392,1.0306587388162038,32.63431747763239,28.51168252236758,33.6649762164486,27.481023783551375,34.6956349552648,26.45036504473517
20181003,IGTA3,IGUATEMI,33.83,34.48,32.7,32.95,50828971.0,30.023499999999995,30.576249999999987,1.0891922405352978,1.0381040101541885,32.652458020308366,28.50004197969161,33.69056203046255,27.461937969537423,34.728666040616744,26.423833959383234
20181004,IGTA3,IGUATEMI,33.26,33.26,32.11,32.74,45869216.0,30.175499999999992,30.578249999999986,1.242939957054363,1.0422901006183096,32.6628302012366,28.493669798763367,33.70512030185492,27.451379698145058,34.74741040247322,26.409089597526748
20181005,IGTA3,IGUATEMI,33.23,33.28,31.89,32.4,37619372.0,30.293499999999995,30.58624999999999,1.3378036792484622,1.0552595682631964,32.696769136526385,28.475730863473597,33.75202870478958,27.4204712952104,34.80728827305278,26.3652117269472
20181008,IGTA3,IGUATEMI,34.22,35.38,34.16,34.7,71091731.0,30.526999999999997,30.678499999999993,1.6585031298068582,1.2386128510848564,33.155725702169704,28.20127429783028,34.39433855325456,26.96266144674542,35.632951404339416,25.724048595660566
20181009,IGTA3,IGUATEMI,34.88,35.85,34.48,35.53,78448432.0,30.828999999999997,30.77649999999999,1.9787367049126627,1.4510607084088285,33.67862141681765,27.874378583182335,35.12968212522648,26.423317874773506,36.580742833635306,24.972257166364678
20181010,IGTA3,IGUATEMI,35.03,35.27,34.7,35.0,35143198.0,31.097999999999995,30.862749999999995,2.162855325234431,1.5937345072150264,34.05021901443005,27.67528098556994,35.643953521645074,26.081546478354916,37.2376880288601,24.48781197113989
20181011,IGTA3,IGUATEMI,35.89,35.92,34.48,34.87,42286276.0,31.379499999999997,30.96874999999999,2.271932808031682,1.7142991204453515,34.39734824089069,27.540151759109285,36.11164736133604,25.825852638663935,37.82594648178139,24.111553518218585
20181015,IGTA3,IGUATEMI,35.15,35.25,34.37,34.5,36220274.0,31.649999999999995,31.056249999999988,2.3067886084794855,1.8029643503737591,34.6621787007475,27.45032129925247,36.46514305112127,25.64735694887871,38.26810740149502,23.844392598504953
20181016,IGTA3,IGUATEMI,34.97,36.69,34.96,36.55,40593371.0,31.99649999999999,31.20549999999999,2.4983368678509605,1.9989740317192428,35.20344806343847,27.207551936561504,37.202422095157715,25.20857790484226,39.20139612687696,23.20960387312302
20181017,IGTA3,IGUATEMI,35.99,37.47,35.99,37.04,31640341.0,32.36249999999999,31.35024999999999,2.677070030344484,2.2016386525519906,35.75352730510397,26.946972694896008,37.955165957655964,24.745334042344016,40.15680461020795,22.543695389792028
20181018,IGTA3,IGUATEMI,36.99,37.29,36.41,36.66,27929624.0,32.71149999999999,31.496999999999993,2.762569884803142,2.353717408914314,36.20443481782862,26.789565182171366,38.55815222674293,24.435847773257052,40.91186963565725,22.08213036434274
20181019,IGTA3,IGUATEMI,37.1,37.1,36.13,36.63,36961469.0,33.06349999999999,31.630249999999997,2.792252957550151,2.489249178840807,36.60874835768161,26.65175164231838,39.09799753652242,24.162502463477576,41.58724671536322,21.67325328463677
20181022,IGTA3,IGUATEMI,36.67,37.95,36.67,37.26,74585357.0,33.438999999999986,31.792249999999996,2.827944948470383,2.6388590070284166,37.069968014056826,26.51453198594316,39.70882702108524,23.875672978914746,42.347686028113664,21.236813971886328
20181023,IGTA3,IGUATEMI,36.73,37.28,36.49,36.93,65044366.0,33.832999999999984,31.9515,2.731562306003501,2.7523561468267483,37.45621229365349,26.446787706346502,40.20856844048024,23.694431559519757,42.96092458730699,20.942075412693008
20181024,IGTA3,IGUATEMI,37.14,37.22,35.97,36.23,48690284.0,34.197499999999984,32.0695,2.5226779317559824,2.8329417074746406,37.73538341494928,26.403616585050717,40.56832512242392,23.570674877576074,43.40126682989856,20.737733170101436
20181025,IGTA3,IGUATEMI,36.26,37.16,36.05,36.32,42714703.0,34.553499999999985,32.19625,2.270050486338694,2.9077673940584243,38.01178478811685,26.38071521188315,40.91955218217527,23.472947817824725,43.8273195762337,20.5651804237663
20181026,IGTA3,IGUATEMI,36.75,37.5,36.47,37.5,58438532.0,34.91699999999999,32.342499999999994,2.1182915161442377,3.0243674905588613,38.39123498111772,26.293765018882272,41.41560247167658,23.26939752832341,44.43996996223544,20.24503003776455
20181029,IGTA3,IGUATEMI,38.35,38.75,36.5,37.0,56085050.0,35.21449999999999,32.4895,1.958397505480928,3.1052420112961436,38.69998402259229,26.279015977407713,41.80522603388843,23.17377396611157,44.91046804518457,20.068531954815427
20181030,IGTA3,IGUATEMI,37.58,39.67,37.07,39.42,65178316.0,35.64199999999998,32.708999999999996,1.892193380570265,3.276734459480851,39.2624689189617,26.155531081038294,42.53920337844255,22.87879662155744,45.8159378379234,19.602062162076592
20181031,IGTA3,IGUATEMI,39.69,40.02,38.3,38.86,47258043.0,35.95449999999998,32.91175,1.881165582124197,3.400962825587214,39.71367565117443,26.10982434882557,43.11463847676164,22.708861523238355,46.515601302348855,19.30789869765114
20181101,IGTA3,IGUATEMI,38.86,38.91,37.68,38.82,185328624.0,36.24799999999998,33.135749999999994,1.845308703314047,3.488745926694311,40.113241853388615,26.158258146611374,43.60198778008293,22.66951221991706,47.090733706777236,19.180766293222753
20181105,IGTA3,IGUATEMI,38.71,38.99,37.82,38.15,42862526.0,36.51849999999998,33.346999999999994,1.6943599164038459,3.5309468476636874,40.40889369532737,26.28510630467262,43.93984054299106,22.75415945700893,47.47078739065474,19.223212609345246
20181106,IGTA3,IGUATEMI,37.99,38.26,37.28,37.7,46329815.0,36.78349999999999,33.5385,1.4062951513220259,3.5546333432758823,40.64776668655176,26.429233313448236,44.20240002982764,22.87459997017235,47.757033373103525,19.31996662689647
20181107,IGTA3,IGUATEMI,38.0,38.24,36.75,37.1,34337287.0,36.90349999999999,33.71525,1.31882832768143,3.55147639035972,40.81820278071944,26.612297219280556,44.369679171079156,23.06082082892084,47.92115556143888,19.509344438561115
20181108,IGTA3,IGUATEMI,37.1,37.6,35.79,36.41,55809681.0,36.947499999999984,33.88825,1.2848341076616812,3.508663919499906,40.90557783899981,26.870922161000188,44.41424175849971,23.36225824150028,47.92290567799962,19.853594322000376
20181109,IGTA3,IGUATEMI,36.17,36.87,36.03,36.81,27091098.0,37.03799999999999,34.068,1.2014797893476152,3.46833455932167,41.004669118643335,27.131330881356657,44.47300367796501,23.66299632203499,47.94133823728668,20.194661762713316
20181112,IGTA3,IGUATEMI,36.81,37.05,36.26,36.65,53362660.0,37.12699999999999,34.25325,1.0935076348012787,3.4010891072397715,41.05542821447955,27.45107178552046,44.45651732171932,24.049982678280685,47.85760642895909,20.648893571040915
20181113,IGTA3,IGUATEMI,36.85,37.0,36.25,37.0,37498963.0,37.25199999999999,34.45100000000001,0.9038490791581335,3.3222256981945075,41.095451396389024,27.80654860361099,44.41767709458353,24.484322905416484,47.73990279277804,21.162097207221976
20181114,IGTA3,IGUATEMI,36.97,38.49,36.76,38.49,37053376.0,37.34899999999999,34.67275000000001,0.9283142616707583,3.2873424599086607,41.24743491981733,28.098065080182685,44.53477737972599,24.810722620274028,47.82211983963465,21.523380160365363
20181116,IGTA3,IGUATEMI,38.49,39.42,37.63,39.42,59573941.0,37.46799999999999,34.91525000000001,1.0332350830485681,3.270350869202365,41.455951738404735,28.37454826159528,44.7263026076071,25.104197392392912,47.99665347680947,21.833846523190548
20181119,IGTA3,IGUATEMI,39.03,39.34,38.44,38.91,36053990.0,37.58049999999999,35.14600000000001,1.0627000121340695,3.2166751428080684,41.579350285616144,28.712649714383872,44.796025428424215,25.4959745715758,48.01270057123228,22.279299428767736
20181121,IGTA3,IGUATEMI,38.5,38.98,38.07,38.98,40820573.0,37.69799999999999,35.38075000000001,1.0818191307142007,3.1425902981539915,41.665930596307994,29.095569403692032,44.80852089446199,25.952979105538038,47.95111119261598,22.810388807384047
20181122,IGTA3,IGUATEMI,38.77,39.36,38.57,39.36,16236989.0,37.80299999999999,35.62100000000001,1.1375462974963493,3.067527861240623,41.75605572248126,29.48594427751876,44.82358358372188,26.41841641627814,47.891111444962505,23.350888555037518
20181123,IGTA3,IGUATEMI,38.94,39.41,38.28,39.2,33239821.0,37.9165,35.87475000000001,1.1589027251310082,2.926602114380721,41.727954228761455,30.02154577123857,44.654556343142175,27.09494365685785,47.581158457522896,24.16834154247713
20181126,IGTA3,IGUATEMI,39.47,39.51,38.29,38.79,40367946.0,38.04449999999999,36.12100000000001,1.1028454823296996,2.7363524289434764,41.59370485788696,30.648295142113056,44.33005728683044,27.91194271316958,47.066409715773915,25.175590284226104
20181127,IGTA3,IGUATEMI,38.79,39.67,38.45,39.67,55505000.0,38.21199999999999,36.38275000000001,1.0813325113027434,2.55188214853277,41.48651429706555,31.27898570293447,44.038396445598316,28.727103554401697,46.59027859413109,26.17522140586893
20181128,IGTA3,IGUATEMI,39.31,40.0,39.19,39.4,60365974.0,38.30699999999999,36.61200000000001,1.098808445544673,2.391851766267106,41.39570353253422,31.828296467465798,43.78755529880133,29.43644470119869,46.17940706506843,27.044592934931586
20181129,IGTA3,IGUATEMI,39.19,39.53,38.59,39.27,53653353.0,38.42049999999999,36.81750000000001,1.0736483546645939,2.250681663123004,41.31886332624602,32.316136673754,43.56954498936902,30.065455010631,45.820226652492025,27.814773347507995
20181130,IGTA3,IGUATEMI,39.03,39.34,38.86,39.13,41530779.0,38.40599999999999,37.024000000000015,1.061326875586598,2.062027630444877,41.14805526088977,32.89994473911026,43.21008289133464,30.837917108665387,45.272110521779524,28.775889478220506
20181203,IGTA3,IGUATEMI,39.36,39.48,38.21,38.44,52781169.0,38.384999999999984,37.16975000000002,1.056012858773529,1.9447384472481846,41.05922689449639,33.28027310550365,43.003965341744575,31.33553465825547,44.94870378899276,29.390796211007284
20181204,IGTA3,IGUATEMI,38.69,39.2,38.07,38.25,65719391.0,38.35649999999998,37.30225000000002,1.0513363676269551,1.8268418699900812,40.95593373998018,33.64856626001986,42.782775609970265,31.82172439002978,44.60961747996035,29.994882520039695
20181205,IGTA3,IGUATEMI,38.45,39.22,38.45,39.0,25256005.0,38.39899999999999,37.45875000000002,1.05969658020849,1.6889174009345789,40.83658480186918,34.08091519813087,42.52550220280376,32.39199779719629,44.214419603738335,30.703080396261708
20181206,IGTA3,IGUATEMI,38.53,38.96,38.4,38.76,62052967.0,38.451999999999984,37.617750000000015,1.049353685796664,1.4878680109300118,40.59348602186004,34.64201397813999,42.08135403279005,33.15414596720998,43.56922204372006,31.66627795627997
20181207,IGTA3,IGUATEMI,38.56,39.05,38.27,38.69,78151853.0,38.53149999999998,37.717500000000015,1.0006328260815205,1.41941437906176,40.556328758123534,34.878671241876496,41.9757431371853,33.45925686281473,43.39515751624705,32.03984248375298
20181210,IGTA3,IGUATEMI,38.35,38.78,37.91,38.45,37389693.0,38.633499999999984,37.79050000000002,0.8682061057753379,1.3785256896130638,40.54755137922615,35.033448620773896,41.92607706883921,33.65492293116083,43.304602758452276,32.27639724154777
20181211,IGTA3,IGUATEMI,38.75,39.28,38.16,38.79,82502004.0,38.73249999999998,37.88525000000002,0.7548152440378354,1.3103727938928091,40.50599558778564,35.2645044122144,41.816368381678444,33.9541316183216,43.126741175571254,32.64375882442879
20181212,IGTA3,IGUATEMI,39.19,40.0,38.91,39.72,89081377.0,38.88599999999998,38.006500000000024,0.6066421818851939,1.2470736001145408,40.5006472002291,35.512352799770945,41.74772080034364,34.265279199656405,42.99479440045819,33.01820559954186
20181213,IGTA3,IGUATEMI,40.0,40.2,39.34,39.55,65447058.0,39.01349999999998,38.13275000000002,0.4323165872127457,1.1334290777808023,40.39960815556163,35.865891844438416,41.53303723334243,34.73246276665762,42.66646631112323,33.599033688876816
20181214,IGTA3,IGUATEMI,39.55,39.74,39.11,39.38,45203982.0,39.05799999999998,38.20350000000003,0.42125876533165685,1.1203491900708307,40.444198380141685,35.96280161985837,41.56454757021252,34.842452429787535,42.68489676028335,33.7221032397167
20181217,IGTA3,IGUATEMI,39.54,39.74,38.1,38.2,57209564.0,38.996999999999986,38.23250000000003,0.4532003158826321,1.1043590785424053,40.44121815708484,36.02378184291522,41.54557723562725,34.91942276437281,42.64993631416965,33.81506368583041
20181218,IGTA3,IGUATEMI,38.6,38.61,37.29,38.2,62044118.0,38.96149999999999,38.27100000000003,0.4869267209542663,1.0745751694841303,40.42015033896829,36.12184966103177,41.49472550845242,35.04727449154764,42.56930067793655,33.972699322063505
20181219,IGTA3,IGUATEMI,38.4,39.82,38.4,38.63,69471716.0,38.94399999999999,38.321000000000026,0.4924845709582227,1.0423071056862996,40.40561421137262,36.23638578862743,41.44792131705893,35.194078682941125,42.490228422745226,34.15177157725483
20181220,IGTA3,IGUATEMI,38.69,39.26,38.15,38.45,35147589.0,38.89849999999999,38.350750000000026,0.49406237620291543,1.028133453125587,40.4070169062512,36.29448309374885,41.435150359376784,35.26634964062327,42.463283812502375,34.23821618749768
20181221,IGTA3,IGUATEMI,38.1,39.69,38.1,38.98,67414043.0,38.88749999999999,38.40200000000003,0.4894236675071127,1.0063597766206882,40.414719553241405,36.389280446758654,41.421079329862096,35.38292067013796,42.42743910648278,34.37656089351728
20181226,IGTA3,IGUATEMI,38.53,39.44,37.84,38.54,61842121.0,38.874999999999986,38.45975000000003,0.49520330753115593,0.9427958625607,40.34534172512143,36.57415827487863,41.28813758768213,35.63136241231793,42.23093345024283,34.688566549757226
20181227,IGTA3,IGUATEMI,38.62,40.17,38.41,39.99,74882451.0,38.89099999999999,38.551500000000026,0.5264268830124641,0.9071243659965509,40.36574873199313,36.73725126800692,41.27287309798968,35.83012690201037,42.179997463986226,34.923002536013826
20181228,IGTA3,IGUATEMI,40.0,41.82,39.81,41.6,53323852.0,39.00099999999999,38.654000000000025,0.7981221381272111,1.0109599398591527,40.67591987971833,36.63208012028172,41.686879819577484,35.621120180422565,42.69783975943663,34.61016024056342
