DATA DO PREGAO,CODIGO DE NEGOGIACAO DO PAPEL,NOME RESUMIDO DA EMPRESA EMISSORA,PRECO DE ABERTURA,PRECO MAXIMO,PRECO MINIMO,PRECO FECHAMENTO,VOLUME TOTAL DE TITULOS NEGOCIADOS NESTE PAPEL,MA_20,MA_40,STD_20,STD_40,BANDA_1_40 SUPERIOR,BANDA_1_40 INFERIOR,BANDA_2_40 SUPERIOR,BANDA_2_40 SUPEROR
20180102,ITSA4,ITAUSA,10.87,11.03,10.85,11.03,140346970.0,,,,,,,,
20180103,ITSA4,ITAUSA,10.98,11.2,10.94,11.16,136297135.0,,,,,,,,
20180104,ITSA4,ITAUSA,11.19,11.4,11.17,11.37,146950796.0,,,,,,,,
20180105,ITSA4,ITAUSA,11.37,11.39,11.25,11.39,111721235.0,,,,,,,,
20180108,ITSA4,ITAUSA,11.33,11.38,11.28,11.38,113547560.0,,,,,,,,
20180109,ITSA4,ITAUSA,11.39,11.39,11.19,11.2,254113725.0,,,,,,,,
20180110,ITSA4,ITAUSA,11.18,11.24,11.08,11.2,123218314.0,,,,,,,,
20180111,ITSA4,ITAUSA,11.24,11.39,11.19,11.38,144744785.0,,,,,,,,
20180112,ITSA4,ITAUSA,11.32,11.41,11.3,11.41,223500864.0,,,,,,,,
20180115,ITSA4,ITAUSA,11.42,11.55,11.42,11.55,83456933.0,,,,,,,,
20180116,ITSA4,ITAUSA,11.53,11.74,11.5,11.7,169413134.0,,,,,,,,
20180117,ITSA4,ITAUSA,11.65,11.94,11.62,11.88,161028994.0,,,,,,,,
20180118,ITSA4,ITAUSA,11.86,12.02,11.85,11.94,236832505.0,,,,,,,,
20180119,ITSA4,ITAUSA,11.97,12.06,11.89,11.98,109865898.0,,,,,,,,
20180122,ITSA4,ITAUSA,11.96,12.28,11.96,12.28,221908036.0,,,,,,,,
20180123,ITSA4,ITAUSA,12.25,12.34,12.1,12.14,179371967.0,,,,,,,,
20180124,ITSA4,ITAUSA,12.24,12.91,12.24,12.91,321908076.0,,,,,,,,
20180126,ITSA4,ITAUSA,13.06,13.52,13.01,13.45,458190806.0,,,,,,,,
20180129,ITSA4,ITAUSA,13.38,13.43,13.07,13.1,194759721.0,,,,,,,,
20180130,ITSA4,ITAUSA,13.07,13.18,12.85,13.18,292808545.0,11.881499999999999,,0.7424516642073139,,,,,
20180131,ITSA4,ITAUSA,13.25,13.48,13.2,13.25,316034606.0,11.9925,,0.7737392121516472,,,,,
20180201,ITSA4,ITAUSA,13.25,13.39,13.07,13.21,269621865.0,12.095,,0.7931914217759458,,,,,
20180202,ITSA4,ITAUSA,13.02,13.13,12.88,13.0,205054039.0,12.1765,,0.7985004037173937,,,,,
20180205,ITSA4,ITAUSA,12.89,13.06,12.6,12.6,185006934.0,12.237,,0.7814298635059616,,,,,
20180206,ITSA4,ITAUSA,12.52,13.15,12.46,13.09,337021840.0,12.3225,,0.7762587400982649,,,,,
20180207,ITSA4,ITAUSA,13.09,13.11,12.76,12.82,289932129.0,12.4035,,0.7364657779593434,,,,,
20180208,ITSA4,ITAUSA,12.87,13.03,12.64,12.7,321095984.0,12.4785,,0.6818031433748212,,,,,
20180209,ITSA4,ITAUSA,12.69,12.87,12.43,12.68,256733249.0,12.5435,,0.6316917552764229,,,,,
20180214,ITSA4,ITAUSA,12.81,13.21,12.81,13.09,235521558.0,12.6275,,0.58284127116087,,,,,
20180215,ITSA4,ITAUSA,13.19,13.3,13.07,13.09,126201685.0,12.7045,,0.5325556556039823,,,,,
20180216,ITSA4,ITAUSA,13.14,13.4,13.07,13.4,333246940.0,12.789499999999999,,0.4983602058118605,,,,,
20180219,ITSA4,ITAUSA,13.41,13.5,13.28,13.37,153175899.0,12.863999999999999,,0.46553195379049733,,,,,
20180220,ITSA4,ITAUSA,13.67,13.98,13.55,13.91,530359529.0,12.9625,,0.4681416227461148,,,,,
20180221,ITSA4,ITAUSA,14.0,14.42,14.0,14.15,417595748.0,13.070999999999998,,0.4797685845663925,,,,,
20180222,ITSA4,ITAUSA,14.16,14.43,14.16,14.38,449788823.0,13.175999999999998,,0.5251906921851265,,,,,
20180223,ITSA4,ITAUSA,13.73,13.74,13.35,13.63,311361245.0,13.250499999999999,,0.4736473816092106,,,,,
20180226,ITSA4,ITAUSA,13.69,13.73,13.53,13.65,219904015.0,13.287499999999998,,0.4745510343582916,,,,,
20180227,ITSA4,ITAUSA,13.64,13.64,13.37,13.47,141621509.0,13.288499999999999,,0.4749324051627583,,,,,
20180228,ITSA4,ITAUSA,13.47,13.47,13.12,13.12,656322922.0,13.289499999999999,,0.47453550696277647,,,,,
20180301,ITSA4,ITAUSA,13.17,13.37,13.13,13.33,239936600.0,13.296999999999997,12.589249999999996,0.473898723357637,0.9443065221062003,14.477863044212397,10.700636955787596,15.422169566318598,9.756330433681395
20180302,ITSA4,ITAUSA,13.27,13.44,13.09,13.44,253869654.0,13.306499999999996,12.649499999999998,0.4748104885109407,0.9188090117102682,14.487118023420534,10.811881976579462,15.405927035130802,9.893072964869194
20180305,ITSA4,ITAUSA,13.44,13.8,13.41,13.8,182630675.0,13.335999999999999,12.715499999999995,0.4866794038227439,0.9037669032359036,14.523033806471803,10.907966193528187,15.426800709707706,10.004199290292284
20180306,ITSA4,ITAUSA,13.91,13.99,13.74,13.74,185523703.0,13.373,12.774749999999994,0.4879182416412752,0.8908911916640634,14.55653238332812,10.992967616671868,15.447423574992184,10.102076425007803
20180307,ITSA4,ITAUSA,13.73,13.74,13.52,13.7,203110422.0,13.427999999999997,12.832499999999996,0.4572296440175536,0.8735273321425034,14.579554664285002,11.08544533571499,15.453081996427507,10.211918003572485
20180308,ITSA4,ITAUSA,13.77,13.79,13.51,13.61,173304661.0,13.453999999999999,12.888249999999996,0.45174981431854494,0.849273860273345,14.586797720546686,11.189702279453305,15.43607158082003,10.340428419179961
20180309,ITSA4,ITAUSA,13.64,13.84,13.63,13.73,187112771.0,13.499500000000001,12.951499999999996,0.4298283010936463,0.8137868113695217,14.579073622739038,11.323926377260953,15.392860434108561,10.51013956589143
20180312,ITSA4,ITAUSA,13.77,13.88,13.7,13.86,139601321.0,13.557500000000001,13.017999999999995,0.3929493739991365,0.7747363488674126,14.567472697734821,11.46852730226517,15.342209046602234,10.693790953397757
20180313,ITSA4,ITAUSA,13.88,13.89,13.68,13.77,125561060.0,13.612,13.077749999999995,0.3363519460014236,0.7363823125635279,14.55051462512705,11.604985374872939,15.286896937690578,10.868603062309411
20180314,ITSA4,ITAUSA,13.79,13.83,13.56,13.63,121490863.0,13.639000000000001,13.133249999999995,0.313115078895246,0.6896390267230287,14.512528053446053,11.753971946553937,15.202167080169081,11.064332919830909
20180315,ITSA4,ITAUSA,13.5,13.65,13.43,13.57,250680179.0,13.663000000000002,13.183749999999998,0.28604563493113294,0.6431201486822073,14.469990297364413,11.897509702635583,15.11311044604662,11.254389553953375
20180316,ITSA4,ITAUSA,13.57,13.71,13.44,13.44,259571299.0,13.665000000000003,13.227249999999998,0.2842441500578374,0.5974088815835186,14.422067763167036,12.03243223683296,15.019476644750554,11.435023355249442
20180319,ITSA4,ITAUSA,13.4,13.44,13.18,13.3,165619291.0,13.661500000000004,13.262749999999997,0.2884673656631347,0.5560574933380852,14.374864986676167,12.150635013323827,14.930922480014253,11.59457751998574
20180320,ITSA4,ITAUSA,13.35,13.38,13.19,13.3,137965733.0,13.631000000000004,13.296749999999994,0.29302236307687324,0.5130171562083488,14.322784312416692,12.270715687583296,14.835801468625041,11.757698531374947
20180321,ITSA4,ITAUSA,13.31,13.37,13.21,13.32,176258190.0,13.589500000000005,13.330249999999996,0.2737935257394505,0.4664678376798795,14.263185675359756,12.397314324640236,14.729653513039635,11.930846486960357
20180322,ITSA4,ITAUSA,13.33,13.43,13.15,13.27,120675465.0,13.534000000000002,13.354999999999995,0.21024797389347857,0.43448171304941907,14.223963426098834,12.486036573901156,14.658445139148252,12.051554860851738
20180323,ITSA4,ITAUSA,13.21,13.58,13.2,13.31,191596104.0,13.518000000000004,13.384249999999994,0.21468704272914688,0.38742335883934215,14.159096717678679,12.60940328232131,14.546520076518021,12.221979923481967
20180326,ITSA4,ITAUSA,13.42,13.54,13.39,13.53,126995949.0,13.512000000000004,13.399749999999994,0.21246919281329685,0.3803000670860311,14.160350134172056,12.639149865827932,14.540650201258087,12.2588497987419
20180327,ITSA4,ITAUSA,13.56,13.62,13.3,13.39,128986915.0,13.508000000000001,13.398249999999994,0.21404869096834073,0.380215104435666,14.158680208871326,12.637819791128662,14.538895313306991,12.257604686692996
20180328,ITSA4,ITAUSA,13.3,13.55,13.27,13.55,114515719.0,13.529500000000002,13.40949999999999,0.19364848783840857,0.3778138871631536,14.165127774326297,12.653872225673684,14.54294166148945,12.27605833851053
20180329,ITSA4,ITAUSA,13.58,13.94,13.58,13.79,238095874.0,13.552500000000004,13.424749999999992,0.19600953252865602,0.3806134555741578,14.185976911148309,12.663523088851676,14.566590366722465,12.28290963327752
20180402,ITSA4,ITAUSA,13.8,13.92,13.56,13.71,145287335.0,13.566000000000003,13.436249999999992,0.1971480875409387,0.3821443377466082,14.200538675493208,12.671961324506777,14.582683013239818,12.289816986760167
20180403,ITSA4,ITAUSA,13.76,13.83,13.53,13.64,116607257.0,13.558000000000002,13.446999999999992,0.19027957270676918,0.3816643712841052,14.210328742568203,12.683671257431781,14.591993113852308,12.302006886147677
20180404,ITSA4,ITAUSA,13.45,13.7,13.34,13.65,135184183.0,13.5535,13.463249999999992,0.18678090176234516,0.3759390805804728,14.215128161160937,12.711371838839046,14.59106724174141,12.335432758258573
20180405,ITSA4,ITAUSA,13.87,13.96,13.59,13.61,163037341.0,13.549000000000001,13.488499999999991,0.18413096026011685,0.3494578218194123,14.187415643638817,12.789584356361166,14.536873465458228,12.440126534541754
20180406,ITSA4,ITAUSA,13.65,13.66,13.35,13.5,153608205.0,13.5435,13.49874999999999,0.18385563558629112,0.34343056253346205,14.185611125066915,12.811888874933066,14.529041687600376,12.468458312399605
20180409,ITSA4,ITAUSA,13.55,13.55,13.2,13.23,160521169.0,13.5185,13.50899999999999,0.19101598169565503,0.3284446641915445,14.165889328383079,12.8521106716169,14.494333992574623,12.523666007425357
20180410,ITSA4,ITAUSA,13.33,13.39,13.16,13.29,159809352.0,13.49,13.523749999999987,0.17956086785030562,0.30348140229421067,14.13071280458841,12.916787195411565,14.43419420688262,12.613305793117355
20180411,ITSA4,ITAUSA,13.28,13.42,13.26,13.28,218687447.0,13.4655,13.538749999999988,0.17264124652005106,0.2741157111092361,14.08698142221846,12.990518577781515,14.361097133327696,12.71640286667228
20180412,ITSA4,ITAUSA,13.35,13.49,13.31,13.49,151066416.0,13.4585,13.548749999999988,0.1684066194473402,0.2644509309338767,14.077651861867741,13.019848138132234,14.342102792801619,12.755397207198357
20180413,ITSA4,ITAUSA,13.45,13.47,13.17,13.2,108516499.0,13.440000000000001,13.551499999999987,0.1756791333503611,0.2600941644077651,14.071688328815517,13.031311671184456,14.331782493223281,12.771217506776692
20180416,ITSA4,ITAUSA,13.22,13.27,12.89,12.96,135904603.0,13.416,13.540499999999989,0.2058717025108937,0.2755130412474789,14.091526082494948,12.98947391750503,14.367039123742426,12.713960876257552
20180417,ITSA4,ITAUSA,12.98,13.23,12.92,13.2,177618301.0,13.410999999999998,13.53624999999999,0.21001002482337103,0.279493016288145,14.09523603257628,12.977263967423701,14.374729048864426,12.697770951135555
20180418,ITSA4,ITAUSA,13.3,13.56,13.3,13.46,171240954.0,13.418999999999997,13.524999999999991,0.20860186202932693,0.27304550198427596,14.071091003968544,12.97890899603144,14.34413650595282,12.705863494047163
20180419,ITSA4,ITAUSA,13.49,13.49,13.17,13.25,132047500.0,13.415499999999998,13.502499999999992,0.2109246560417081,0.25682229713888005,14.016144594277753,12.988855405722232,14.272966891416633,12.732033108583352
20180420,ITSA4,ITAUSA,13.25,13.26,13.03,13.14,113857099.0,13.408999999999997,13.471499999999992,0.21754370401804732,0.2204488428359081,13.912397685671808,13.030602314328176,14.132846528507716,12.810153471492267
20180423,ITSA4,ITAUSA,13.1,13.19,12.98,13.19,77570340.0,13.402999999999997,13.460499999999993,0.22202655128088,0.22329639954840413,13.907092799096802,13.013907200903184,14.130389198645204,12.79061080135478
20180424,ITSA4,ITAUSA,13.25,13.33,13.12,13.16,130842231.0,13.3845,13.448249999999993,0.22626195810212438,0.2260574864486589,13.90036497289731,12.996135027102675,14.126422459345969,12.770077540654016
20180425,ITSA4,ITAUSA,13.08,13.25,13.02,13.24,153551661.0,13.377,13.442499999999992,0.22854459428948287,0.22840304008035242,13.899306080160697,12.985693919839287,14.127709120241049,12.757290879758935
20180426,ITSA4,ITAUSA,13.28,13.67,13.26,13.67,221660561.0,13.383000000000001,13.456249999999992,0.23481459651571718,0.22502065432264956,13.90629130864529,13.006208691354693,14.13131196296794,12.781188037032043
20180427,ITSA4,ITAUSA,13.7,13.74,13.39,13.69,155547005.0,13.378,13.465249999999992,0.22661351285950104,0.22703199254956166,13.919313985099116,13.011186014900868,14.146345977648677,12.784154022351307
20180430,ITSA4,ITAUSA,13.71,13.76,13.53,13.61,153874206.0,13.373000000000001,13.469499999999991,0.21990667877174153,0.2281356996085796,13.925771399217151,13.013228600782831,14.15390709882573,12.785092901174252
20180502,ITSA4,ITAUSA,13.52,13.52,12.75,12.8,513781624.0,13.331000000000003,13.44449999999999,0.2450112779359065,0.24514726081924296,13.934794521638477,12.954205478361505,14.17994178245772,12.709058217542262
20180503,ITSA4,ITAUSA,12.85,12.94,12.43,12.45,458089365.0,13.271000000000004,13.412249999999991,0.30287916645698876,0.28662033763973604,13.985490675279463,12.83900932472052,14.272111012919199,12.552388987080784
20180504,ITSA4,ITAUSA,12.44,12.5,12.25,12.25,273034368.0,13.203000000000003,13.37599999999999,0.3683548060741039,0.33662579086713096,14.049251581734252,12.70274841826573,14.385877372601383,12.366122627398598
20180507,ITSA4,ITAUSA,12.31,12.36,12.21,12.27,168793215.0,13.141500000000002,13.34249999999999,0.41578429377185966,0.3769972454500446,14.09649449090008,12.588505509099901,14.473491736350125,12.211508263649856
20180508,ITSA4,ITAUSA,12.32,12.38,12.14,12.3,238407766.0,13.095000000000002,13.306749999999989,0.45547546008192086,0.40599600541169617,14.11874201082338,12.494757989176597,14.524738016235077,12.0887619837649
20180509,ITSA4,ITAUSA,12.38,12.43,12.2,12.33,202071129.0,13.047,13.268499999999989,0.48356243813900834,0.4242009078920123,14.116901815784013,12.420098184215965,14.541102723676026,11.995897276323952
20180510,ITSA4,ITAUSA,12.41,12.75,12.41,12.74,207200867.0,13.020000000000001,13.24274999999999,0.48494166768037805,0.4242398178824333,14.091229635764856,12.394270364235124,14.51546945364729,11.97003054635269
20180511,ITSA4,ITAUSA,12.68,12.78,12.43,12.54,125881790.0,12.972500000000002,13.215499999999988,0.4830045766373505,0.4336307657738758,14.082761531547739,12.348238468452237,14.516392297321616,11.91460770267836
20180514,ITSA4,ITAUSA,12.57,12.61,12.21,12.36,171744203.0,12.930500000000004,13.185249999999987,0.49845524531189556,0.4501565966843741,14.085563193368735,12.28493680663124,14.53571979005311,11.834780209946866
20180515,ITSA4,ITAUSA,12.16,12.37,11.97,12.19,213710999.0,12.892000000000005,13.153999999999987,0.5250824496661101,0.4747350138059439,14.103470027611875,12.2045299723881,14.578205041417819,11.729794958582156
20180516,ITSA4,ITAUSA,12.17,12.38,12.13,12.31,136175281.0,12.847500000000005,13.129249999999988,0.5352213019912955,0.4924058545966139,14.114061709193216,12.144438290806761,14.60646756378983,11.652032436210147
20180517,ITSA4,ITAUSA,12.21,12.22,11.72,11.77,276994405.0,12.763000000000003,13.090999999999989,0.5659561076527648,0.5362729882706322,14.163545976541252,12.018454023458725,14.699818964811886,11.482181035188091
20180518,ITSA4,ITAUSA,11.62,11.65,11.31,11.6,434511101.0,12.680500000000004,13.047999999999988,0.609792673999247,0.5842514386715184,14.216502877343025,11.87949712265695,14.800754316014544,11.295245683985431
20180521,ITSA4,ITAUSA,11.83,11.87,11.43,11.53,225073615.0,12.600000000000003,13.004499999999988,0.6508294303182783,0.6302622571759379,14.265024514351863,11.743975485648113,14.8952867715278,11.113713228472175
20180522,ITSA4,ITAUSA,11.65,12.15,11.57,12.03,410205861.0,12.542000000000002,12.972499999999988,0.6471605999327034,0.6466352754738752,14.265770550947739,11.679229449052237,14.912405826421613,11.032594173578362
20180523,ITSA4,ITAUSA,11.85,11.98,11.71,11.75,326759264.0,12.471500000000002,12.927999999999988,0.6530678613887997,0.668174704622549,14.264349409245087,11.59165059075489,14.932524113867636,10.92347588613234
20180524,ITSA4,ITAUSA,11.6,11.95,11.53,11.94,243287472.0,12.406500000000003,12.891749999999991,0.6370513901438436,0.6816642060014478,14.255078412002886,11.528421587997096,14.936742618004335,10.846757381995648
20180525,ITSA4,ITAUSA,12.03,12.07,11.68,11.77,202565406.0,12.311500000000002,12.847249999999992,0.5776110055082084,0.6955499115715374,14.238349823143066,11.456150176856918,14.933899734714604,10.76060026528538
20180528,ITSA4,ITAUSA,11.59,11.59,11.2,11.28,171083735.0,12.191000000000003,12.78449999999999,0.5237707413302854,0.7210709627584009,14.226641925516793,11.342358074483188,14.947712888275193,10.621287111724788
20180529,ITSA4,ITAUSA,11.37,11.5,11.13,11.2,258199326.0,12.070500000000001,12.72174999999999,0.4525073421910793,0.7472063783151649,14.21616275663032,11.227337243369659,14.963369134945484,10.480130865054495
20180530,ITSA4,ITAUSA,11.21,11.31,11.07,11.23,487570915.0,11.992,12.66149999999999,0.45546506018862043,0.7681364395363515,14.197772879072692,11.125227120927287,14.965909318609043,10.357090681390936
20180601,ITSA4,ITAUSA,10.5,10.53,10.02,10.35,383985301.0,11.887,12.57899999999999,0.5715822913539793,0.8336659848878131,14.246331969775616,10.911668030224364,15.07999795466343,10.07800204533655
20180604,ITSA4,ITAUSA,10.44,10.68,10.41,10.68,199346690.0,11.8085,12.505749999999988,0.6244684055047749,0.8687388073435008,14.24322761468699,10.768272385312986,15.111966422030491,9.899533577969486
20180605,ITSA4,ITAUSA,10.6,10.65,10.1,10.15,299244311.0,11.7025,12.421999999999988,0.7153274921688826,0.9297647896659438,14.281529579331876,10.5624704206681,15.21129436899782,9.632705631002157
20180606,ITSA4,ITAUSA,10.12,10.13,9.84,10.01,221558509.0,11.588,12.341499999999987,0.7936431652097822,0.9951125435642778,14.331725087128543,10.351274912871432,15.326837630692822,9.356162369307153
20180607,ITSA4,ITAUSA,9.8,9.88,9.06,9.4,681077818.0,11.4415,12.244249999999987,0.9111893615662828,1.0859732430476252,14.416196486095238,10.072303513904735,15.502169729142862,8.986330270857112
20180608,ITSA4,ITAUSA,9.45,9.57,9.15,9.42,344587572.0,11.275499999999997,12.147749999999988,0.9631170612569385,1.1605182032178518,14.468786406435692,9.826713593564284,15.629304609653543,8.666195390346433
20180611,ITSA4,ITAUSA,9.49,9.53,9.09,9.2,165112850.0,11.108499999999998,12.040499999999987,1.0201974783035062,1.2294754979258393,14.499450995851666,9.58154900414831,15.728926493777506,8.35207350622247
20180612,ITSA4,ITAUSA,9.18,9.32,9.06,9.19,255233883.0,10.949999999999998,11.940249999999988,1.060962819924972,1.2942842542383108,14.52881850847661,9.351681491523367,15.823102762714921,8.057397237285056
20180613,ITSA4,ITAUSA,9.2,9.26,8.94,9.12,311787537.0,10.796499999999998,11.844249999999988,1.0936961716077573,1.3575711484400779,14.559392296880144,9.129107703119832,15.91696344532022,7.771536554679755
20180614,ITSA4,ITAUSA,9.2,9.21,8.81,8.82,231691994.0,10.621999999999996,11.734749999999988,1.117660149833708,1.4205939305039297,14.575937861007848,8.893562138992127,15.996531791511776,7.472968208488199
20180615,ITSA4,ITAUSA,8.85,8.94,8.68,8.91,367702412.0,10.478999999999996,11.62099999999999,1.1456595434393568,1.4605106237378997,14.54202124747579,8.69997875252419,16.00253187121369,7.2394681287862905
20180618,ITSA4,ITAUSA,8.85,8.85,8.58,8.61,197070248.0,10.329499999999998,11.50499999999999,1.1860526082234615,1.5111958246742234,14.527391649348438,8.482608350651542,16.038587474022663,6.971412525977319
20180619,ITSA4,ITAUSA,8.57,9.18,8.51,8.99,317130908.0,10.202499999999997,11.40124999999999,1.186728696880627,1.53828273800731,14.47781547601461,8.32468452398537,16.01609821402192,6.78640178597806
20180620,ITSA4,ITAUSA,9.14,9.27,8.93,9.18,190016253.0,10.059999999999999,11.300999999999991,1.1252555265360804,1.5493469261065713,14.399693852213133,8.20230614778685,15.949040778319706,6.652959221680277
20180621,ITSA4,ITAUSA,9.11,9.24,8.9,8.91,196335633.0,9.917999999999997,11.19474999999999,1.0790083166354245,1.5642479761115926,14.323245952223175,8.066254047776805,15.887493928334768,6.502006071665212
20180622,ITSA4,ITAUSA,8.99,9.08,8.86,8.98,180610192.0,9.769999999999998,11.088249999999992,0.9860660808431982,1.5664460633008566,14.221142126601706,7.955357873398278,15.78758818990256,6.388911810097422
20180625,ITSA4,ITAUSA,9.06,9.1,8.86,8.94,178995714.0,9.628499999999997,10.96999999999999,0.8814657350715648,1.5449388005470888,14.059877601094168,7.8801223989058125,15.604816401641257,6.335183598358723
20180626,ITSA4,ITAUSA,9.01,9.1,8.9,9.09,161205143.0,9.518999999999997,10.85499999999999,0.7975416174588872,1.5080433918806353,13.87108678376126,7.838913216238719,15.379130175641896,6.330869824358084
20180627,ITSA4,ITAUSA,9.1,9.16,8.78,8.82,147272813.0,9.399999999999997,10.73524999999999,0.705803014117135,1.4734504898888952,13.68215097977778,7.788349020222199,15.155601469666674,6.314898530333305
20180628,ITSA4,ITAUSA,8.91,9.13,8.88,9.04,174039415.0,9.290499999999998,10.641249999999989,0.5622274778433504,1.4582078700609422,13.557665740121873,7.724834259878104,15.015873610182815,6.266626389817162
20180629,ITSA4,ITAUSA,9.15,9.3,9.12,9.18,184695994.0,9.231999999999998,10.55949999999999,0.5040426047155246,1.4458143832350014,13.451128766469992,7.667871233529986,14.896943149704994,6.222056850294985
20180702,ITSA4,ITAUSA,9.16,9.29,9.13,9.28,180304730.0,9.161999999999997,10.48524999999999,0.3723835035070695,1.4329778703535703,13.35120574070713,7.619294259292849,14.784183611060701,6.186316388939279
20180703,ITSA4,ITAUSA,9.41,9.67,9.35,9.59,178450887.0,9.133999999999997,10.41824999999999,0.31001527975923937,1.4098570349416055,13.237964069883201,7.598535930116778,14.647821104824807,6.1886788951751734
20180704,ITSA4,ITAUSA,9.68,9.77,9.5,9.68,90371597.0,9.117499999999998,10.35274999999999,0.2666927070618708,1.3807522800902177,13.114254560180425,7.591245439819554,14.495006840270642,6.210493159729337
20180705,ITSA4,ITAUSA,9.76,9.78,9.53,9.7,156862357.0,9.132499999999997,10.286999999999988,0.29076803921952615,1.3463744288139456,12.979748857627879,7.594251142372097,14.326123286441826,6.247876713558151
20180706,ITSA4,ITAUSA,9.7,9.82,9.62,9.72,103128547.0,9.147499999999997,10.21149999999999,0.3132491021535243,1.2887333276297175,12.788966655259426,7.634033344740555,14.077699982889143,6.345300017110838
20180710,ITSA4,ITAUSA,9.81,9.89,9.56,9.74,138232056.0,9.174499999999998,10.14149999999999,0.3401311666494341,1.23389013765199,12.60928027530397,7.67371972469601,13.84317041295596,6.43982958704402
20180711,ITSA4,ITAUSA,9.67,9.81,9.62,9.77,157437779.0,9.2035,10.076749999999988,0.3653156529848934,1.1813234375489798,12.439396875097948,7.714103124902028,13.620720312646927,6.532779687353049
20180712,ITSA4,ITAUSA,9.8,9.97,9.8,9.91,121663391.0,9.242999999999999,10.01974999999999,0.39713579806566535,1.1306623597674268,12.281074719534843,7.758425280465136,13.41173707930227,6.627762920697709
20180713,ITSA4,ITAUSA,9.94,10.14,9.86,10.13,123026870.0,9.308499999999999,9.965249999999989,0.43033982899685574,1.0682551973506333,12.101760394701255,7.828739605298722,13.17001559205189,6.760484407948089
20180716,ITSA4,ITAUSA,10.11,10.24,10.03,10.19,183182721.0,9.372499999999999,9.92574999999999,0.46197374042481704,1.028274351049181,11.982298702098351,7.869201297901628,13.010573053147533,6.840926946852447
20180717,ITSA4,ITAUSA,10.18,10.49,10.04,10.39,244372701.0,9.461499999999997,9.895499999999988,0.478509473040467,0.995018232019522,11.885536464039031,7.905463535960944,12.880554696058553,6.9104453039414215
20180718,ITSA4,ITAUSA,10.4,10.49,10.32,10.38,273118079.0,9.530999999999997,9.866749999999989,0.506545576481153,0.9626682670098072,11.792086534019603,7.941413465980375,12.75475480102941,6.978745198970567
20180719,ITSA4,ITAUSA,10.3,10.53,10.11,10.53,191601730.0,9.598499999999998,9.82924999999999,0.5457421311244011,0.903646139898699,11.636542279797387,8.021957720202591,12.540188419696086,7.118311580303892
20180720,ITSA4,ITAUSA,10.86,10.94,10.74,10.87,203551087.0,9.696499999999997,9.80724999999999,0.5898017061958803,0.8655959485544159,11.538441897108822,8.076058102891157,12.404037845663236,7.210462154336741
20180723,ITSA4,ITAUSA,10.81,10.84,10.54,10.6,209793800.0,9.777499999999998,9.773749999999989,0.5974143849694398,0.8047286132763105,11.38320722655261,8.164292773447368,12.18793583982892,7.3595641601710575
20180724,ITSA4,ITAUSA,10.75,10.78,10.59,10.62,177151281.0,9.861499999999998,9.74499999999999,0.5915392499323435,0.7502819982666845,11.24556399653336,8.244436003466621,11.995845994800044,7.4941540051999365
20180725,ITSA4,ITAUSA,10.68,11.05,10.68,10.96,131737634.0,9.954999999999998,9.736999999999991,0.6106553856308757,0.7350464837908591,11.20709296758171,8.266907032418272,11.942139451372569,7.531860548627414
20180726,ITSA4,ITAUSA,11.05,11.05,10.74,10.77,138513910.0,10.052499999999998,9.72624999999999,0.5745009275792927,0.715999167382393,11.158248334764776,8.294251665235203,11.874247502147169,7.5782524978528105
20180727,ITSA4,ITAUSA,10.81,10.92,10.68,10.74,132067933.0,10.1375,9.71399999999999,0.5416337371906889,0.6934484618417878,11.100896923683566,8.327103076316414,11.794345385525354,7.633654614474627
20180730,ITSA4,ITAUSA,10.81,10.93,10.75,10.85,164400214.0,10.221,9.72649999999999,0.5142894945558587,0.7095269279868339,11.14555385597366,8.307446144026322,11.855080783960492,7.5979192160394895
20180731,ITSA4,ITAUSA,10.66,10.68,10.37,10.42,253196901.0,10.277999999999999,9.71999999999999,0.4653532896741148,0.7017158457702807,11.123431691540551,8.316568308459429,11.825147537310832,7.614852462689148
20180801,ITSA4,ITAUSA,10.45,10.67,10.41,10.65,144664374.0,10.331,9.732499999999991,0.44268201727769213,0.713919301623609,11.160338603247208,8.304661396752774,11.874257904870818,7.590742095129164
20180802,ITSA4,ITAUSA,10.57,10.77,10.5,10.71,111573144.0,10.382499999999999,9.74999999999999,0.4224100651711424,0.7293094731952138,11.208618946390416,8.291381053609562,11.937928419585631,7.562071580414348
20180803,ITSA4,ITAUSA,10.78,11.04,10.77,11.03,186516897.0,10.449,9.79074999999999,0.4139145602148932,0.7543595942492349,11.29946918849846,8.28203081150152,12.053828782747695,7.527671217252285
20180806,ITSA4,ITAUSA,11.05,11.05,10.84,10.87,133645643.0,10.506499999999999,9.82699999999999,0.38626790539318134,0.7707478885422139,11.368495777084417,8.285504222915561,12.13924366562663,7.514756334373348
20180807,ITSA4,ITAUSA,10.91,10.96,10.62,10.85,206410989.0,10.562,9.86824999999999,0.34820743968592205,0.7804235782819705,11.429097156563932,8.30740284343605,12.209520734845903,7.526979265154079
20180808,ITSA4,ITAUSA,10.9,11.0,10.6,10.62,219439447.0,10.604499999999998,9.903999999999991,0.294126270771395,0.7813098797564907,11.466619759512973,8.341380240487009,12.247929639269463,7.560070360730519
20180809,ITSA4,ITAUSA,10.63,10.73,10.41,10.41,159541601.0,10.629499999999998,9.93624999999999,0.24991524879234664,0.7747147945021361,11.485679589004263,8.386820410995718,12.260394383506398,7.612105616493582
20180810,ITSA4,ITAUSA,10.32,10.32,9.86,10.01,307662122.0,10.623499999999998,9.96599999999999,0.2636040691323848,0.7533031534685193,11.47260630693703,8.459393693062951,12.225909460405548,7.706090539594433
20180813,ITSA4,ITAUSA,9.9,10.09,9.74,9.96,626082258.0,10.611999999999998,9.99224999999999,0.2874497667785552,0.7335983932398416,11.459446786479672,8.525053213520307,12.193045179719515,7.791454820280465
20180814,ITSA4,ITAUSA,10.1,10.24,10.01,10.2,200441623.0,10.602499999999997,10.03199999999999,0.2981146900457035,0.6990440358822463,11.430088071764482,8.633911928235497,12.129132107646729,7.9348678923532505
20180815,ITSA4,ITAUSA,10.06,10.19,10.01,10.18,253702479.0,10.592499999999998,10.06174999999999,0.30912227183973945,0.6785840744917477,11.418918148983485,8.704581851016494,12.097502223475232,8.025997776524747
20180816,ITSA4,ITAUSA,10.22,10.24,10.04,10.08,146629033.0,10.569999999999999,10.084249999999988,0.32960901878309,0.6633477159888833,11.410945431977755,8.757554568022222,12.074293147966639,8.094206852033338
20180817,ITSA4,ITAUSA,10.02,10.08,9.91,9.95,191683356.0,10.523999999999997,10.110249999999988,0.34915537183924955,0.6359587452350992,11.382167490470186,8.83833250952979,12.018126235705285,8.202373764294691
20180820,ITSA4,ITAUSA,9.8,9.86,9.68,9.72,222836703.0,10.479999999999999,10.128749999999988,0.39190492939513405,0.6125699855359089,11.353889971071805,8.90361002892817,11.966459956607714,8.291040043392261
20180821,ITSA4,ITAUSA,9.7,9.72,9.39,9.5,226623853.0,10.423999999999998,10.142749999999989,0.4469946426147754,0.5907144196995722,11.324178839399133,8.961321160600844,11.914893259098704,8.370606740901273
20180822,ITSA4,ITAUSA,9.43,9.74,9.37,9.71,143583139.0,10.361499999999998,10.158249999999988,0.45541507961071914,0.5701591658115751,11.29856833162314,9.017931668376837,11.868727497434714,8.447772502565263
20180823,ITSA4,ITAUSA,9.72,9.76,9.34,9.45,227453883.0,10.295499999999997,10.173999999999989,0.48760936694944496,0.5401557230356653,11.25431144607132,9.093688553928658,11.794467169106985,8.553532830892992
20180824,ITSA4,ITAUSA,9.56,9.62,9.41,9.49,133546662.0,10.232999999999997,10.185249999999987,0.5073470731477375,0.520251356902557,11.225752713805102,9.144747286194873,11.74600407070766,8.624495929292316
20180827,ITSA4,ITAUSA,9.53,9.77,9.53,9.76,149373979.0,10.178499999999996,10.199749999999987,0.4959974002478531,0.49917104360049597,11.19809208720098,9.201407912798995,11.697263130801476,8.702236869198499
20180828,ITSA4,ITAUSA,9.79,9.81,9.53,9.6,167970627.0,10.137499999999998,10.207749999999988,0.5087122545159831,0.4864549284732091,11.180659856946406,9.234840143053571,11.667114785419615,8.748385214580361
20180829,ITSA4,ITAUSA,9.61,9.87,9.6,9.87,125997159.0,10.098499999999998,10.21474999999999,0.49712092143291825,0.4792996359539809,11.173349271907952,9.256150728092027,11.652648907861932,8.776851092138047
20180830,ITSA4,ITAUSA,9.76,9.79,9.42,9.43,218265030.0,10.034499999999998,10.20849999999999,0.49664638484433316,0.488002469518739,11.184504939037469,9.232495060962512,11.672507408556207,8.744492591443773
20180831,ITSA4,ITAUSA,9.49,9.6,9.39,9.59,261434187.0,9.962499999999997,10.20574999999999,0.44658794147814007,0.4912406455036567,11.188231291007304,9.223268708992675,11.679471936510959,8.73202806348902
20180903,ITSA4,ITAUSA,9.48,9.5,9.41,9.47,78584549.0,9.892499999999997,10.19949999999999,0.4046034445829894,0.4991066378013954,11.19771327560278,9.2012867243972,11.696819913404177,8.702180086595803
20180904,ITSA4,ITAUSA,9.5,9.54,9.3,9.36,119374180.0,9.817999999999996,10.189999999999989,0.3528918128533834,0.5115386543280694,11.213077308656128,9.16692269134385,11.724615962984197,8.65538403701578
20180905,ITSA4,ITAUSA,9.3,9.45,9.23,9.36,153364292.0,9.754999999999995,10.17974999999999,0.3123173150229723,0.5241231383010498,11.22799627660209,9.13150372339789,11.75211941490314,8.60738058509684
20180906,ITSA4,ITAUSA,9.44,9.74,9.3,9.7,187106777.0,9.719499999999995,10.17449999999999,0.27165138262893374,0.527932348035751,11.230364696071492,9.118635303928487,11.758297044107243,8.590702955892736
20180910,ITSA4,ITAUSA,9.75,9.82,9.59,9.69,136756674.0,9.703499999999995,10.163499999999988,0.26292434373088525,0.5334385312916979,11.230377062583385,9.096622937416592,11.763815593875082,8.563184406124895
20180911,ITSA4,ITAUSA,9.52,9.52,9.29,9.29,135609117.0,9.669999999999995,10.14099999999999,0.2710797124948986,0.5509842009927025,11.242968401985394,9.039031598014585,11.793952602978097,8.488047397021882
20180912,ITSA4,ITAUSA,9.4,9.48,9.33,9.35,183920492.0,9.627499999999994,10.114999999999991,0.24937553587859823,0.5633325747225758,11.241665149445144,8.988334850554839,11.80499772416772,8.425002275832263
20180913,ITSA4,ITAUSA,9.42,9.45,9.28,9.41,130487684.0,9.588999999999995,10.090749999999991,0.21691375923940295,0.5724369296800433,11.235623859360079,8.945876140639903,11.808060789040121,8.37343921095986
20180914,ITSA4,ITAUSA,9.41,9.64,9.37,9.63,128939956.0,9.566499999999994,10.068249999999992,0.18417025875674828,0.5724167725865811,11.213083545173154,8.92341645482683,11.785500317759736,8.350999682240248
20180917,ITSA4,ITAUSA,9.55,9.79,9.53,9.78,136353996.0,9.557999999999995,10.040999999999991,0.1688225477582313,0.5590596500443117,11.159119300088616,8.922880699911367,11.718178950132927,8.363821049867056
20180918,ITSA4,ITAUSA,9.77,9.99,9.74,9.91,260459766.0,9.567499999999994,10.02374999999999,0.1831558151727109,0.5519693762408093,11.12768875248161,8.919811247518371,11.67965812872242,8.367841871277562
20180919,ITSA4,ITAUSA,9.83,10.06,9.78,9.9,294810262.0,9.587499999999995,10.00574999999999,0.1967331882739217,0.5437047063363378,11.093159412672666,8.918340587327314,11.636864119009005,8.374635880990976
20180920,ITSA4,ITAUSA,10.0,10.04,9.74,9.76,196467633.0,9.589999999999993,9.97574999999999,0.19867985355975973,0.5223904007245979,11.020530801449187,8.930969198550795,11.542921202173785,8.408578797826197
20180921,ITSA4,ITAUSA,9.85,10.03,9.79,9.87,367227788.0,9.610999999999994,9.953249999999992,0.2051931054551224,0.5064425322398518,10.966135064479696,8.940364935520288,11.472577596719548,8.433922403280436
20180924,ITSA4,ITAUSA,9.83,9.9,9.57,9.59,137909001.0,9.615999999999994,9.924499999999991,0.20329910554596803,0.4931008634533467,10.910701726906684,8.938298273093299,11.403802590360032,8.44519740963995
20180925,ITSA4,ITAUSA,9.47,9.7,9.44,9.67,224055426.0,9.611499999999994,9.89499999999999,0.20092614511176707,0.47111977898812557,10.837239557976241,8.95276044202374,11.308359336964367,8.481640663035614
20180926,ITSA4,ITAUSA,9.72,9.9,9.69,9.76,196283145.0,9.619499999999993,9.87849999999999,0.20361147212018416,0.46376137763357284,10.806022755267136,8.950977244732844,11.269784132900709,8.487215867099271
20180927,ITSA4,ITAUSA,9.8,10.09,9.8,10.05,428565560.0,9.628499999999994,9.863499999999991,0.21868687058994246,0.447589269136479,10.75867853827295,8.968321461727033,11.206267807409429,8.520732192590554
20180928,ITSA4,ITAUSA,9.94,10.1,9.87,10.1,350348168.0,9.661999999999994,9.848249999999991,0.23721187509104924,0.4279700894173222,10.704190178834637,8.992309821165346,11.132160268251958,8.564339731748024
20181001,ITSA4,ITAUSA,10.11,10.15,9.92,9.99,136572959.0,9.681999999999993,9.822249999999993,0.24746291588204278,0.38362967920796187,10.589509358415917,9.05499064158407,10.973139037623879,8.671360962376108
20181002,ITSA4,ITAUSA,10.2,10.45,10.2,10.4,283670562.0,9.728499999999993,9.810499999999992,0.28936000160062986,0.3569884721258405,10.524476944251674,9.09652305574831,10.881465416377514,8.73953458362247
20181003,ITSA4,ITAUSA,10.9,11.08,10.68,10.74,421925510.0,9.797499999999994,9.807749999999992,0.35414649065338155,0.34911233589905677,10.505974671798105,9.109525328201878,10.855087007697161,8.760412992302822
20181004,ITSA4,ITAUSA,10.69,10.7,10.43,10.66,432492381.0,9.862499999999994,9.808749999999993,0.3873645773550724,0.35154740352198555,10.511844807043964,9.105655192956021,10.86339221056595,8.754107789434036
20181005,ITSA4,ITAUSA,10.8,10.85,10.45,10.53,358022268.0,9.903999999999995,9.811749999999991,0.4126729302588443,0.35727521173886356,10.526300423477718,9.097199576522264,10.883575635216582,8.7399243647834
20181008,ITSA4,ITAUSA,11.21,11.47,10.95,11.17,598454285.0,9.977999999999994,9.840749999999991,0.49646752159632707,0.4160275354545461,10.672805070909083,9.008694929090899,11.08883260636363,8.592667393636352
20181009,ITSA4,ITAUSA,11.16,11.26,11.03,11.08,483896157.0,10.067499999999995,9.868749999999991,0.5263566431512696,0.4596608978645181,10.788071795729028,8.949428204270955,11.247732693593546,8.489767306406437
20181010,ITSA4,ITAUSA,10.9,10.99,10.81,10.81,363734837.0,10.140499999999996,9.883999999999991,0.5228411754413009,0.48057550968895063,10.845151019377893,8.92284898062209,11.325726529066843,8.44227347093314
20181011,ITSA4,ITAUSA,10.88,10.92,10.65,10.75,323350202.0,10.207499999999996,9.898249999999992,0.5100038699543563,0.49772244092978435,10.893694881859561,8.902805118140423,11.391417322789344,8.40508267721064
20181015,ITSA4,ITAUSA,10.85,10.98,10.8,10.82,235882862.0,10.266999999999996,9.916749999999992,0.5084972700853069,0.5179911270401091,10.95273225408021,8.880767745919773,11.470723381120319,8.362776618879664
20181016,ITSA4,ITAUSA,10.92,11.27,10.89,11.27,290813629.0,10.341499999999996,9.949749999999991,0.5414724078113781,0.5604690686586123,11.070688137317216,8.828811862682766,11.631157205975828,8.268342794024154
20181017,ITSA4,ITAUSA,11.17,11.3,11.04,11.17,247275496.0,10.404499999999995,9.985999999999992,0.5615530625909377,0.5912732892361016,11.168546578472196,8.803453421527788,11.759819867708297,8.212180132291687
20181018,ITSA4,ITAUSA,11.1,11.11,10.83,10.83,287235175.0,10.450999999999997,10.01924999999999,0.5560566044643472,0.600565492062595,11.22038098412518,8.818119015874801,11.820946476187775,8.217553523812207
20181019,ITSA4,ITAUSA,10.91,10.98,10.7,10.81,261272158.0,10.503499999999997,10.046749999999992,0.5366099730324558,0.611133404799243,11.269016809598478,8.824483190401507,11.880150214397721,8.213349785602263
20181022,ITSA4,ITAUSA,10.9,11.01,10.9,10.98,170655749.0,10.558999999999996,10.084999999999992,0.524915030718003,0.6206324317859914,11.326264863571975,8.843735136428009,11.946897295357966,8.223102704642018
20181023,ITSA4,ITAUSA,10.83,11.0,10.75,10.96,190468907.0,10.627499999999996,10.121749999999992,0.47920850313165525,0.6279755323503836,11.377701064700759,8.865798935299225,12.005676597051142,8.237823402948841
20181024,ITSA4,ITAUSA,10.99,11.02,10.63,10.7,166526933.0,10.678999999999997,10.145249999999992,0.422933365412265,0.6316684764198249,11.408586952839642,8.881913047160342,12.040255429259467,8.250244570740517
20181025,ITSA4,ITAUSA,10.75,10.98,10.7,10.82,224983242.0,10.731999999999996,10.17574999999999,0.3640213990239656,0.6341151213931635,11.443980242786317,8.907519757213663,12.07809536417948,8.2734046358205
20181026,ITSA4,ITAUSA,10.86,11.04,10.78,11.04,417097424.0,10.781499999999996,10.204999999999991,0.3323326646599703,0.6465133310145019,11.498026662028995,8.911973337970988,12.144539993043496,8.265460006956486
20181029,ITSA4,ITAUSA,11.33,11.39,10.69,10.89,384955748.0,10.820999999999996,10.241499999999991,0.2915096820636287,0.6428404515537479,11.527180903107487,8.955819096892496,12.170021354661236,8.312978645338747
20181030,ITSA4,ITAUSA,10.79,11.37,10.71,11.31,531339220.0,10.886999999999997,10.28449999999999,0.2379761155640256,0.6555442053196614,11.595588410639314,8.973411589360667,12.251132615958975,8.317867384041007
20181031,ITSA4,ITAUSA,11.38,11.48,11.06,11.24,315308808.0,10.928999999999997,10.32874999999999,0.22102393297415338,0.6588847901315137,11.646519580263018,9.010980419736963,12.305404370394532,8.352095629605449
20181101,ITSA4,ITAUSA,11.28,11.44,11.2,11.4,236186334.0,10.961999999999996,10.37974999999999,0.23979377104414787,0.6609258754357374,11.701601750871465,9.057898249128517,12.362527626307203,8.396972373692778
20181105,ITSA4,ITAUSA,11.41,11.63,11.38,11.5,222186894.0,11.003999999999996,10.43324999999999,0.2570562092944576,0.6628740356805894,11.75899807136117,9.107501928638811,12.421872107041759,8.444627892958222
20181106,ITSA4,ITAUSA,11.4,11.62,11.37,11.55,156090470.0,11.054999999999996,10.479499999999991,0.2592397792737222,0.6748331227716441,11.829166245543279,9.129833754456703,12.503999368314924,8.455000631685058
20181107,ITSA4,ITAUSA,11.62,11.66,11.41,11.6,209673612.0,11.076499999999998,10.527249999999992,0.28575431110620664,0.6850341092012987,11.897318218402589,9.157181781597394,12.582352327603887,8.472147672396096
20181108,ITSA4,ITAUSA,11.62,11.69,11.3,11.3,246062143.0,11.087499999999997,10.57749999999999,0.2900975335078904,0.6653888394707974,11.908277678941584,9.246722321058396,12.573666518412383,8.581333481587597
20181109,ITSA4,ITAUSA,11.28,11.56,11.21,11.55,191880056.0,11.124499999999998,10.63249999999999,0.29986795339561895,0.6521158855641503,11.93673177112829,9.32826822887169,12.58884765669244,8.676152343307539
20181112,ITSA4,ITAUSA,11.56,11.57,11.38,11.44,171028352.0,11.158999999999997,10.68324999999999,0.29415176891850797,0.6332552752166635,11.949760550433318,9.416739449566663,12.58301582564998,8.78348417435
20181113,ITSA4,ITAUSA,11.5,11.55,11.24,11.36,211777958.0,11.185999999999998,10.72649999999999,0.28606955355940356,0.618378980967621,11.963257961935232,9.48974203806475,12.581636942902854,8.871363057097128
20181114,ITSA4,ITAUSA,11.36,11.55,11.31,11.55,203092665.0,11.2,10.77074999999999,0.29703800926373136,0.6122107375565029,11.995171475112997,9.546328524886984,12.6073822126695,8.934117787330482
20181116,ITSA4,ITAUSA,11.55,11.99,11.54,11.99,374774800.0,11.241,10.82274999999999,0.3453434598528685,0.6254187827737065,12.073587565547403,9.571912434452578,12.69900634832111,8.946493651678871
20181119,ITSA4,ITAUSA,11.97,12.07,11.87,12.07,208740914.0,11.302999999999999,10.876999999999992,0.3774861447439837,0.6373269498661052,12.151653899732203,9.60234610026778,12.788980849598307,8.965019150401677
20181121,ITSA4,ITAUSA,11.95,12.04,11.75,11.85,214510608.0,11.354999999999999,10.929249999999993,0.37763112048384734,0.6290219820055151,12.187293964011022,9.671206035988963,12.816315946016537,9.042184053983448
20181122,ITSA4,ITAUSA,11.87,11.92,11.78,11.84,85421689.0,11.398,10.978499999999991,0.38162533293379935,0.6210311937332431,12.220562387466478,9.736437612533505,12.84159358119972,9.115406418800262
20181123,ITSA4,ITAUSA,11.86,11.88,11.73,11.86,151016762.0,11.443,11.035249999999992,0.3803198100214184,0.5940257591755568,12.223301518351105,9.84719848164888,12.817327277526662,9.253172722473323
20181126,ITSA4,ITAUSA,11.93,12.0,11.53,11.64,222380347.0,11.49,11.084499999999991,0.3395662868393822,0.5585372379294339,12.201574475858859,9.967425524141124,12.760111713788293,9.40888828621169
20181127,ITSA4,ITAUSA,11.66,12.09,11.61,12.09,258577511.0,11.553500000000001,11.14274999999999,0.3261622941194365,0.5379828779088351,12.21871575581766,10.06678424418232,12.756698633726495,9.528801366273486
20181128,ITSA4,ITAUSA,12.07,12.38,11.96,12.37,222096731.0,11.620000000000001,11.20074999999999,0.350623504781487,0.5421958558988096,12.28514171179761,10.11635828820237,12.82733756769642,9.574162432303561
20181129,ITSA4,ITAUSA,12.27,12.57,12.26,12.49,303447661.0,11.700000000000003,11.26049999999999,0.35775616512395775,0.549423707402955,12.3593474148059,10.16165258519408,12.908771122208854,9.612228877791125
20181130,ITSA4,ITAUSA,12.43,12.63,12.34,12.34,503796088.0,11.751500000000004,11.31924999999999,0.37249196388363154,0.5355533323534365,12.390356664706863,10.248143335293117,12.925909997060298,9.712590002939681
20181203,ITSA4,ITAUSA,12.53,12.6,12.16,12.23,296667484.0,11.801000000000002,11.364999999999991,0.36667639540521024,0.5331714497905852,12.431342899581162,10.29865710041882,12.964514349371747,9.765485650628236
20181204,ITSA4,ITAUSA,12.23,12.32,11.91,12.05,324157526.0,11.833500000000003,11.397749999999991,0.35796611130398204,0.5340291334605403,12.465808266921073,10.32969173307891,12.999837400381612,9.795662599618371
20181205,ITSA4,ITAUSA,12.1,12.13,11.91,12.05,240996977.0,11.861000000000002,11.43249999999999,0.3520750518074984,0.5300012094809623,12.492502418961916,10.372497581038065,13.022503628442877,9.842496371557104
20181206,ITSA4,ITAUSA,11.9,12.36,11.86,12.36,296055414.0,11.901500000000002,11.478249999999992,0.360894721490893,0.5290818728752005,12.536413745750393,10.420086254249592,13.065495618625594,9.89100438137439
20181207,ITSA4,ITAUSA,12.34,12.46,12.07,12.12,318210106.0,11.927500000000002,11.501999999999992,0.3567377777937912,0.5361649191366612,12.574329838273314,10.42967016172667,13.110494757409976,9.893505242590008
20181210,ITSA4,ITAUSA,12.12,12.15,11.75,11.75,260015414.0,11.950000000000001,11.518749999999992,0.3281206453344958,0.5331002094666025,12.584950418933197,10.452549581066787,13.1180506283998,9.919449371600184
20181211,ITSA4,ITAUSA,11.91,11.94,11.62,11.79,342495457.0,11.962,11.543249999999992,0.31691938207820486,0.5220982690682906,12.587446538136573,10.49905346186341,13.109544807204863,9.97695519279512
20181212,ITSA4,ITAUSA,11.85,12.01,11.81,11.91,290526870.0,11.9855,11.572249999999993,0.2926732505353645,0.5089581490023521,12.590166298004698,10.554333701995288,13.09912444700705,10.045375552992937
20181213,ITSA4,ITAUSA,11.94,12.1,11.85,12.1,189639434.0,12.022499999999999,11.604249999999993,0.25360298437557716,0.5006195520526935,12.60548910410538,10.603010895894606,13.106108656158074,10.102391343841912
20181214,ITSA4,ITAUSA,12.0,12.18,11.98,12.18,187270977.0,12.053999999999998,11.626999999999994,0.2298374711788379,0.5056917070351328,12.638383414070258,10.615616585929729,13.144075121105391,10.109924878894596
20181217,ITSA4,ITAUSA,12.17,12.17,11.82,11.85,191285898.0,12.046999999999999,11.643999999999995,0.23398380510757588,0.5013458809122665,12.646691761824528,10.641308238175462,13.148037642736794,10.139962357263196
20181218,ITSA4,ITAUSA,11.9,12.03,11.83,11.9,206718264.0,12.038499999999999,11.670749999999995,0.23618179884413554,0.4850820046982325,12.64091400939646,10.70058599060353,13.125996014094692,10.215503985905297
20181219,ITSA4,ITAUSA,12.01,12.09,11.89,11.89,218077677.0,12.040499999999998,11.697749999999994,0.23466605611959596,0.46560953983971254,12.628969079679418,10.76653092032057,13.094578619519131,10.300921380480856
20181220,ITSA4,ITAUSA,11.94,12.02,11.77,11.88,203776497.0,12.042499999999999,11.720249999999993,0.23303207369031742,0.4515698401275557,12.623389680255105,10.81711031974488,13.07495952038266,10.365540479617326
20181221,ITSA4,ITAUSA,11.9,12.01,11.7,11.75,562434421.0,12.036999999999997,11.739999999999993,0.23879301761807528,0.43441679147790174,12.608833582955796,10.87116641704419,13.043250374433699,10.436749625566287
20181226,ITSA4,ITAUSA,11.7,11.7,11.47,11.6,222896615.0,12.034999999999997,11.762499999999994,0.2424328447436834,0.4012081114807564,12.564916222961507,10.96008377703848,12.966124334442263,10.558875665557725
20181227,ITSA4,ITAUSA,11.6,11.83,11.59,11.8,164371023.0,12.020499999999997,11.786999999999995,0.24758783661984282,0.3709599466940991,12.528919893388194,11.045080106611797,12.899879840082292,10.674120159917699
20181228,ITSA4,ITAUSA,11.9,12.16,11.83,12.08,237309284.0,12.005999999999997,11.812999999999994,0.23417042826470028,0.35328640230171504,12.519572804603424,11.106427195396563,12.872859206905138,10.753140793094849
