DATA DO PREGAO,CODIGO DE NEGOCIACAO DO PAPEL,NOME RESUMIDO DA EMPRESA EMISSORA,PRECO DE ABERTURA,PRECO MAXIMO,PRECO MINIMO,PRECO FECHAMENTO,VOLUME TOTAL DE TITULOS NEGOCIADOS NESTE PAPEL,MA_20,MA_40,STD_20,STD_40,BANDA_1_40 SUPERIOR,BANDA_1_40 INFERIOR,BANDA_2_40 SUPERIOR,BANDA_2_40 INFERIOR,BANDA_3_40 SUPERIOR,BANDA_3_40 INFERIOR
20180102,KROT3,KROTON,18.4,18.54,18.17,18.34,98871255.0,0.0,0.0,0.0,0.0,0.0,0.0,0.0,0.0,0.0,0.0
20180103,KROT3,KROTON,18.15,18.6,18.04,18.5,201111629.0,0.0,0.0,0.0,0.0,0.0,0.0,0.0,0.0,0.0,0.0
20180104,KROT3,KROTON,18.71,19.06,18.55,18.75,230132332.0,0.0,0.0,0.0,0.0,0.0,0.0,0.0,0.0,0.0,0.0
20180105,KROT3,KROTON,18.7,18.8,18.4,18.71,60994867.0,0.0,0.0,0.0,0.0,0.0,0.0,0.0,0.0,0.0,0.0
20180108,KROT3,KROTON,18.62,18.67,17.82,17.88,129180763.0,0.0,0.0,0.0,0.0,0.0,0.0,0.0,0.0,0.0,0.0
20180109,KROT3,KROTON,17.91,18.27,17.7,18.1,310265195.0,0.0,0.0,0.0,0.0,0.0,0.0,0.0,0.0,0.0,0.0
20180110,KROT3,KROTON,18.1,18.73,17.93,18.45,233833966.0,0.0,0.0,0.0,0.0,0.0,0.0,0.0,0.0,0.0,0.0
20180111,KROT3,KROTON,18.19,18.36,17.35,17.78,446629435.0,0.0,0.0,0.0,0.0,0.0,0.0,0.0,0.0,0.0,0.0
20180112,KROT3,KROTON,17.6,17.7,17.01,17.01,207217370.0,0.0,0.0,0.0,0.0,0.0,0.0,0.0,0.0,0.0,0.0
20180115,KROT3,KROTON,17.05,17.22,16.66,16.94,171556380.0,0.0,0.0,0.0,0.0,0.0,0.0,0.0,0.0,0.0,0.0
20180116,KROT3,KROTON,17.05,17.13,16.66,16.76,114262508.0,0.0,0.0,0.0,0.0,0.0,0.0,0.0,0.0,0.0,0.0
20180117,KROT3,KROTON,16.81,17.36,16.81,17.24,134332409.0,0.0,0.0,0.0,0.0,0.0,0.0,0.0,0.0,0.0,0.0
20180118,KROT3,KROTON,17.4,17.5,16.88,17.18,262321232.0,0.0,0.0,0.0,0.0,0.0,0.0,0.0,0.0,0.0,0.0
20180119,KROT3,KROTON,17.26,17.37,16.97,17.0,79655340.0,0.0,0.0,0.0,0.0,0.0,0.0,0.0,0.0,0.0,0.0
20180122,KROT3,KROTON,17.07,17.14,16.72,16.91,84097127.0,0.0,0.0,0.0,0.0,0.0,0.0,0.0,0.0,0.0,0.0
20180123,KROT3,KROTON,16.87,17.03,16.4,16.4,211126323.0,0.0,0.0,0.0,0.0,0.0,0.0,0.0,0.0,0.0,0.0
20180124,KROT3,KROTON,16.6,16.77,16.44,16.57,490176896.0,0.0,0.0,0.0,0.0,0.0,0.0,0.0,0.0,0.0,0.0
20180126,KROT3,KROTON,16.85,16.87,16.35,16.39,416739493.0,0.0,0.0,0.0,0.0,0.0,0.0,0.0,0.0,0.0,0.0
20180129,KROT3,KROTON,16.3,16.4,16.05,16.05,167299660.0,0.0,0.0,0.0,0.0,0.0,0.0,0.0,0.0,0.0,0.0
20180130,KROT3,KROTON,16.05,16.27,15.89,16.1,206460494.0,17.353,0.0,0.8892403617991198,0.0,0.0,0.0,0.0,0.0,0.0,0.0
20180131,KROT3,KROTON,16.25,16.5,16.1,16.25,214749740.0,17.2485,0.0,0.8899513588127326,0.0,0.0,0.0,0.0,0.0,0.0,0.0
20180201,KROT3,KROTON,16.25,16.63,16.2,16.47,287243830.0,17.147000000000002,0.0,0.8547705139854463,0.0,0.0,0.0,0.0,0.0,0.0,0.0
20180202,KROT3,KROTON,16.21,16.57,16.21,16.29,104100071.0,17.024000000000004,0.0,0.7862060798543823,0.0,0.0,0.0,0.0,0.0,0.0,0.0
20180205,KROT3,KROTON,16.22,16.22,15.75,15.77,170690697.0,16.877000000000002,0.0,0.7269988778678043,0.0,0.0,0.0,0.0,0.0,0.0,0.0
20180206,KROT3,KROTON,15.6,15.89,15.33,15.68,186425828.0,16.767000000000003,0.0,0.7336577432362582,0.0,0.0,0.0,0.0,0.0,0.0,0.0
20180207,KROT3,KROTON,15.68,16.04,15.36,15.51,212958584.0,16.637500000000003,0.0,0.7143114093122666,0.0,0.0,0.0,0.0,0.0,0.0,0.0
20180208,KROT3,KROTON,15.6,15.68,14.95,15.0,219677651.0,16.465000000000003,0.0,0.6686868514208631,0.0,0.0,0.0,0.0,0.0,0.0,0.0
20180209,KROT3,KROTON,14.93,15.44,14.81,15.06,180376307.0,16.329,0.0,0.6637445608856258,0.0,0.0,0.0,0.0,0.0,0.0,0.0
20180214,KROT3,KROTON,15.24,15.83,15.23,15.71,364742074.0,16.264000000000003,0.0,0.657166165000178,0.0,0.0,0.0,0.0,0.0,0.0,0.0
20180215,KROT3,KROTON,15.83,16.09,15.7,16.01,145187931.0,16.2175,0.0,0.6394806692275986,0.0,0.0,0.0,0.0,0.0,0.0,0.0
20180216,KROT3,KROTON,16.17,16.19,15.67,15.74,131788334.0,16.166500000000003,0.0,0.6345929072206247,0.0,0.0,0.0,0.0,0.0,0.0,0.0
20180219,KROT3,KROTON,15.74,15.8,15.61,15.79,40236304.0,16.094,0.0,0.5865007739932863,0.0,0.0,0.0,0.0,0.0,0.0,0.0
20180220,KROT3,KROTON,15.7,16.54,15.67,16.33,149601593.0,16.0515,0.0,0.5319207994072913,0.0,0.0,0.0,0.0,0.0,0.0,0.0
20180221,KROT3,KROTON,16.26,16.63,16.21,16.57,192457202.0,16.03,0.0,0.4992520721829141,0.0,0.0,0.0,0.0,0.0,0.0,0.0
20180222,KROT3,KROTON,16.52,16.52,16.08,16.31,100347601.0,16.0,0.0,0.46008008456192956,0.0,0.0,0.0,0.0,0.0,0.0,0.0
20180223,KROT3,KROTON,16.4,16.4,15.86,16.02,130525351.0,15.981,0.0,0.4504372145044324,0.0,0.0,0.0,0.0,0.0,0.0,0.0
20180226,KROT3,KROTON,16.15,16.17,15.56,15.8,168750704.0,15.9425,0.0,0.4298821747996903,0.0,0.0,0.0,0.0,0.0,0.0,0.0
20180227,KROT3,KROTON,15.65,15.84,15.46,15.6,94933173.0,15.903000000000002,0.0,0.42283628784173005,0.0,0.0,0.0,0.0,0.0,0.0,0.0
20180228,KROT3,KROTON,15.69,15.74,15.22,15.5,173885913.0,15.875500000000002,0.0,0.4305868089015091,0.0,0.0,0.0,0.0,0.0,0.0,0.0
20180301,KROT3,KROTON,15.48,15.68,15.35,15.51,66502061.0,15.846,16.5995,0.4345887348068712,1.029353668259347,18.658207336518693,14.540792663481305,19.68756100477804,13.511438995221958,20.716914673037387,12.482085326962611
20180302,KROT3,KROTON,15.31,15.43,15.17,15.32,76153335.0,15.7995,16.523999999999997,0.4388198887206757,1.0089720587729945,18.541944117545988,14.506055882454008,19.55091617631898,13.497083823681013,20.559888235091975,12.48811176490802
20180305,KROT3,KROTON,15.3,15.7,15.13,15.7,148546901.0,15.761000000000001,16.454,0.4097097817518413,0.9645160869841839,18.383032173968367,14.524967826031633,19.347548260952554,13.56045173904745,20.312064347936737,12.595935652063265
20180306,KROT3,KROTON,15.8,15.93,15.16,15.37,104672597.0,15.715,16.3695,0.3986886398919974,0.9043936912196752,18.17828738243935,14.560712617560648,19.082681073659025,13.656318926340973,19.9870747648787,12.751925235121298
20180307,KROT3,KROTON,15.4,15.43,14.89,15.12,89725498.0,15.682500000000001,16.27975,0.4198981706130591,0.8421629280821487,17.964075856164296,14.595424143835702,18.806238784246446,13.753261215753554,19.648401712328596,12.911098287671406
20180308,KROT3,KROTON,15.12,15.16,14.47,14.62,226718139.0,15.629500000000002,16.198249999999998,0.48246597916600764,0.8410704031630915,17.88039080632618,14.516109193673815,18.721461209489274,13.675038790510724,19.562531612652364,12.833968387347632
20180309,KROT3,KROTON,14.72,14.99,14.46,14.55,314828222.0,15.581500000000002,16.109499999999997,0.5393785410324538,0.8223417157337332,17.754183431467464,14.46481656853253,18.576525147201195,13.642474852798799,19.39886686293493,12.820133137065064
20180312,KROT3,KROTON,14.55,14.8,14.5,14.68,164012886.0,15.565500000000004,16.015249999999995,0.5618154313894829,0.7609676279377686,17.53718525587553,14.493314744124458,18.2981528838133,13.732347116186688,19.05912051175107,12.971379488248921
20180313,KROT3,KROTON,14.68,14.97,14.68,14.91,93448780.0,15.558000000000003,15.943499999999995,0.5698624025979597,0.7247477014584006,17.392995402916796,14.494004597083194,18.117743104375197,13.769256895624792,18.8424908058336,13.044509194166393
20180314,KROT3,KROTON,15.12,15.24,14.81,15.08,90771915.0,15.526500000000004,15.895249999999995,0.5783668022066263,0.7161184098478977,17.327486819695793,14.4630131803042,18.043605229543687,13.746894770456302,18.759723639391588,13.030776360608405
20180315,KROT3,KROTON,15.14,15.18,14.69,14.91,105314350.0,15.471500000000006,15.844499999999993,0.5822576297210733,0.7121003602561427,17.26870072051228,14.420299279487708,17.980801080768423,13.708198919231565,18.692901441024564,12.996098558975422
20180316,KROT3,KROTON,15.06,15.09,14.53,14.53,135362768.0,15.411000000000005,15.788749999999993,0.6148418709845404,0.7257504957292746,17.24025099145854,14.337249008541445,17.966001487187818,13.611498512812169,18.69175198291709,12.885748017082895
20180319,KROT3,KROTON,14.29,14.79,14.16,14.5,121175061.0,15.346500000000002,15.720249999999993,0.6401338264686955,0.7144820160662254,17.149214032132445,14.291285967867543,17.86369604819867,13.576803951801317,18.578178064264893,12.86232193573509
20180320,KROT3,KROTON,14.67,14.67,14.38,14.58,78191532.0,15.259000000000004,15.655249999999995,0.6178391887521173,0.6963125863782194,17.047875172756434,14.262624827243556,17.744187759134654,13.566312240865336,18.440500345512874,12.869999654487117
20180321,KROT3,KROTON,14.58,14.62,14.28,14.48,79218301.0,15.154500000000004,15.592249999999996,0.5583101854326796,0.685440107540877,16.96313021508175,14.221369784918242,17.64857032262263,13.535929677377364,18.334010430163506,12.850489569836489
20180322,KROT3,KROTON,14.62,14.65,14.25,14.35,54576069.0,15.056500000000005,15.528249999999996,0.5151624679856156,0.6787276463713015,16.8857052927426,14.170794707257393,17.5644329391139,13.492067060886093,18.243160585485203,12.81333941451479
20180323,KROT3,KROTON,14.11,14.23,13.61,13.7,143112008.0,14.940500000000005,15.460749999999999,0.5470059655211866,0.722646090278555,16.906042180557108,14.01545781944289,17.628688270835664,13.292811729164335,18.35133436111422,12.57016563888578
20180326,KROT3,KROTON,13.84,13.86,13.36,13.46,152931866.0,14.823500000000005,15.383,0.6010716307256007,0.7662301990581736,16.915460398116345,13.850539601883652,17.68169059717452,13.084309402825479,18.447920796232694,12.318079203767304
20180327,KROT3,KROTON,13.5,13.5,13.1,13.1,166788083.0,14.698500000000005,15.300749999999999,0.6851605651232227,0.8293444661838378,16.959438932367675,13.642061067632323,17.788783398551512,12.812716601448486,18.61812786473535,11.983372135264649
20180328,KROT3,KROTON,13.04,13.24,12.95,13.19,143432893.0,14.583000000000004,15.229250000000002,0.7357709883981521,0.8845406964011072,16.998331392802218,13.460168607197788,17.882872089203325,12.57562791079668,18.76741278560443,11.691087214395573
20180329,KROT3,KROTON,13.2,13.68,13.05,13.6,144682316.0,14.487500000000006,15.166750000000002,0.733067635279794,0.9094105938491925,16.985571187698387,13.347928812301618,17.89498178154758,12.438518218452424,18.804392375396773,11.529107624603231
20180402,KROT3,KROTON,13.56,13.56,13.22,13.49,104561789.0,14.396000000000006,15.097750000000001,0.7378803212046138,0.9295945835382233,16.95693916707645,13.238560832923554,17.88653375061467,12.308966249385332,18.816128334152893,11.379371665847108
20180403,KROT3,KROTON,13.55,13.61,13.03,13.22,72196646.0,14.27200000000001,15.016500000000002,0.7152445294038083,0.9484198734791832,16.913339746958368,13.119660253041635,17.861759620437553,12.171240379562452,18.810179493916735,11.22282050608327
20180404,KROT3,KROTON,13.06,13.14,12.35,12.81,180250992.0,14.144000000000009,14.9295,0.7371381360226291,0.987415559518636,16.904331119037273,12.954668880962728,17.891746678555908,11.967253321444094,18.879162238074546,10.979837761925456
20180405,KROT3,KROTON,13.17,13.19,12.92,13.16,162766511.0,14.04600000000001,14.864250000000002,0.7308135337092488,1.0162648743668203,16.896779748733643,12.831720251266361,17.91304462310046,11.815455376899541,18.929309497467283,10.79919050253272
20180406,KROT3,KROTON,13.15,13.73,13.12,13.34,149896436.0,13.982000000000008,14.805750000000003,0.7339410560012143,1.0352749851473324,16.876299970294667,12.73520002970534,17.911574955442,11.699925044558006,18.94684994058933,10.664650059410674
20180409,KROT3,KROTON,13.5,13.53,13.11,13.24,157565567.0,13.916500000000008,14.749000000000004,0.7390197988943604,1.0576553653222236,16.86431073064445,12.633689269355557,17.921966095966674,11.576033904033334,18.9796214612889,10.51837853871111
20180410,KROT3,KROTON,13.28,13.34,12.86,13.18,169061716.0,13.841500000000007,14.703500000000002,0.7335513830529615,1.0853654707646727,16.874230941529348,12.532769058470656,17.95959641229402,11.447403587705985,19.044961883058694,10.36203811694131
20180411,KROT3,KROTON,13.3,13.87,13.27,13.7,128789824.0,13.781000000000006,14.669500000000005,0.6893543890367093,1.095168761143519,16.859837522287044,12.479162477712967,17.955006283430563,11.383993716569448,19.050175044574083,10.288824955425929
20180412,KROT3,KROTON,13.8,14.1,13.67,14.1,134624332.0,13.732000000000008,14.629250000000004,0.6238808928161019,1.085490288610028,16.80023057722006,12.45826942277995,17.885720865830088,11.372779134169921,18.971211154440116,10.287288845559893
20180413,KROT3,KROTON,14.17,14.36,13.82,14.24,187125663.0,13.698500000000006,14.585000000000004,0.5732297693080988,1.0636174365259656,16.712234873051937,12.457765126948074,17.7758523095779,11.394147690422107,18.839469746103866,10.330530253896143
20180416,KROT3,KROTON,14.11,14.22,13.71,13.98,110226294.0,13.67100000000001,14.541000000000006,0.5436707595013781,1.0509404823470798,16.642880964694164,12.439119035305847,17.693821447041245,11.388178552958767,18.744761929388325,10.337238070611686
20180417,KROT3,KROTON,14.16,14.16,13.72,14.03,114051821.0,13.647500000000008,14.497000000000005,0.5153728849350524,1.0340143330852123,16.56502866617043,12.42897133382958,17.59904299925564,11.394957000744368,18.633057332340854,10.360942667659156
20180418,KROT3,KROTON,14.1,14.1,13.77,13.95,137482601.0,13.616000000000009,14.437500000000005,0.4728791989949103,0.9935168046015409,16.42453360920309,12.450466390796924,17.41805041380463,11.456949586195382,18.41156721840617,10.463432781593841
20180419,KROT3,KROTON,13.81,13.88,12.99,13.64,218640932.0,13.574000000000007,14.364250000000004,0.4271989552519803,0.938763200255454,16.24177640051091,12.486723599489096,17.180539600766366,11.547960399233641,18.11930280102182,10.609197198978187
20180420,KROT3,KROTON,13.75,13.75,13.24,13.5,121986328.0,13.531500000000005,14.294000000000006,0.3862542794856969,0.8934714780289843,16.080942956057974,12.507057043942037,16.97441443408696,11.613585565913052,17.867885912115945,10.720114087884069
20180423,KROT3,KROTON,14.06,14.6,13.7,14.21,236170432.0,13.557000000000006,14.248750000000006,0.4138153669146415,0.8485196385017219,15.94578927700345,12.551710722996562,16.794308915505173,11.70319108449484,17.642828554006893,10.85467144599312
20180424,KROT3,KROTON,14.45,14.8,14.34,14.5,233955690.0,13.609000000000005,14.216250000000008,0.4633618570040905,0.811676604477686,15.83960320895538,12.592896791044636,16.651279813433064,11.78122018656695,17.462956417910753,10.969543582089264
20180425,KROT3,KROTON,14.47,14.47,13.9,14.01,94733281.0,13.654500000000004,14.176500000000008,0.4553596034136279,0.7805078885588407,15.73751577711769,12.615484222882326,16.51802366567653,11.834976334323486,17.29853155423537,11.054468445764645
20180426,KROT3,KROTON,14.19,14.31,13.59,13.7,129721471.0,13.680000000000003,14.131500000000008,0.44206453446475774,0.7536732271570679,15.638846454314145,12.624153545685871,16.39251968147121,11.870480318528804,17.14619290862828,11.116807091371737
20180427,KROT3,KROTON,13.93,14.37,13.91,14.2,136082258.0,13.710000000000003,14.09875000000001,0.45647389964005153,0.7199436854757642,15.538637370951538,12.658862629048482,16.258581056427303,11.938918943572716,16.978524741903065,11.218975258096954
20180430,KROT3,KROTON,14.3,14.33,13.86,14.01,124076497.0,13.736,14.066000000000008,0.45808985558451115,0.692227174804975,15.450454349609958,12.681545650390058,16.142681524414932,11.989318475585083,16.83490869921991,11.297091300780108
20180502,KROT3,KROTON,13.86,13.89,13.45,13.6,75664592.0,13.755,14.013500000000008,0.4432000855025172,0.6430079554478674,15.299515910895742,12.727484089104273,15.94252386634361,12.084476133656405,16.585531821791477,11.441468178208538
20180503,KROT3,KROTON,13.48,13.6,13.23,13.25,62892897.0,13.777000000000001,13.960500000000007,0.40291177041234144,0.6150961984383817,15.19069239687677,12.730307603123244,15.805788595315152,12.115211404684862,16.420884793753533,11.50011520624648
20180504,KROT3,KROTON,13.21,13.51,13.0,13.28,55071332.0,13.782999999999998,13.914500000000007,0.3940357985339419,0.5946209738683276,15.103741947736662,12.725258052263353,15.69836292160499,12.130637078395026,16.292983895473316,11.536016104526697
20180507,KROT3,KROTON,13.39,13.66,13.12,13.24,71249376.0,13.778,13.880000000000006,0.4005338542757877,0.5926688875387556,15.065337775077516,12.694662224922496,15.658006662616273,12.101993337383739,16.25067555015503,11.509324449844984
20180508,KROT3,KROTON,13.2,13.41,12.78,13.35,86467236.0,13.7835,13.850000000000009,0.3934499901344611,0.5882394419160083,15.026478883832025,12.673521116167992,15.614718325748033,12.085281674251984,16.202957767664042,11.497042232335975
20180509,KROT3,KROTON,13.25,13.34,12.85,12.85,82513666.0,13.767000000000001,13.80425000000001,0.4256895335186592,0.5931743700914168,14.990598740182843,12.617901259817177,15.583773110274262,12.024726889725759,16.176947480365676,11.431552519634343
20180510,KROT3,KROTON,12.89,13.28,12.89,13.15,59612267.0,13.739500000000001,13.76025000000001,0.4474544963633222,0.5740163827734568,14.908282765546923,12.612217234453096,15.48229914832038,12.03820085167964,16.056315531093837,11.464184468906183
20180511,KROT3,KROTON,12.98,12.99,10.89,11.15,409708827.0,13.591999999999999,13.66200000000001,0.7234609799247277,0.6705497170806496,15.003099434161308,12.320900565838711,15.673649151241959,11.65035084875806,16.344198868322607,10.979801131677412
20180514,KROT3,KROTON,11.25,11.35,10.83,11.1,215020816.0,13.434999999999999,13.56675000000001,0.8956532458725668,0.7541216235309389,15.074993247061887,12.058506752938133,15.829114870592827,11.304385129407192,16.583236494123767,10.550263505876254
20180515,KROT3,KROTON,10.86,11.3,10.5,11.23,90346307.0,13.2975,13.484250000000012,1.011215396909741,0.8233698346523273,15.130989669304666,11.837510330695357,15.954359503956994,11.01414049604303,16.77772933860932,10.190770661390703
20180516,KROT3,KROTON,11.3,11.71,11.26,11.58,252913758.0,13.175,13.411250000000013,1.0647880935709606,0.8596486685462554,15.130547337092525,11.691952662907502,15.99019600563878,10.832303994361247,16.849844674185036,9.97265532581499
20180517,KROT3,KROTON,11.51,11.51,10.9,10.94,132264016.0,13.0245,13.320250000000012,1.1581131432772582,0.9230759268157106,15.166401853631433,11.474098146368592,16.089477780447144,10.55102221955288,17.012553707262853,9.62794629273717
20180518,KROT3,KROTON,10.61,10.81,10.33,10.63,102899587.0,12.874,13.224000000000013,1.2646006234547154,0.9968226445137576,15.217645289027528,11.230354710972497,16.214467933541286,10.23353206645874,17.211290578055042,9.236709421944983
20180521,KROT3,KROTON,10.78,10.9,10.6,10.8,80036680.0,12.739,13.13525000000001,1.3363378866770066,1.050584666281427,15.236419332562864,11.034080667437156,16.28700399884429,9.983496001155729,17.33758866512572,8.932911334874301
20180522,KROT3,KROTON,10.9,11.48,10.78,11.41,150375933.0,12.599000000000002,13.078000000000008,1.3206971843051394,1.0809758174671322,15.239951634934272,10.916048365065745,16.320927452401406,9.835072547598612,17.401903269868537,8.75409673013148
20180523,KROT3,KROTON,11.25,11.67,11.13,11.45,97294456.0,12.446500000000004,13.027750000000008,1.2645335108252143,1.1091148873463696,15.245979774692747,10.809520225307269,16.355094662039118,9.700405337960898,17.464209549385487,8.59129045061453
20180524,KROT3,KROTON,11.29,11.81,11.2,11.81,74370066.0,12.336500000000004,12.995500000000007,1.2161296459627216,1.125592607451175,15.246685214902357,10.744314785097657,16.37227782235353,9.618722177646482,17.497870429804706,8.493129570195308
20180525,KROT3,KROTON,11.89,11.96,11.4,11.44,76885643.0,12.223500000000005,12.951750000000008,1.1874265628261829,1.1515494300044646,15.254848860008938,10.648651139991077,16.406398290013403,9.497101709986614,17.557947720017864,8.345552279982149
20180528,KROT3,KROTON,11.29,11.32,10.75,10.75,59353581.0,12.051000000000005,12.880500000000007,1.1346035709259126,1.1976578639053714,15.27581572781075,10.485184272189263,16.47347359171612,9.287526408283892,17.67113145562149,8.089868544378522
20180529,KROT3,KROTON,10.93,11.22,10.4,10.4,116994100.0,11.870500000000005,12.803250000000006,1.0929365320812692,1.255589324294401,15.314428648588807,10.292071351411204,16.570017972883207,9.036482027116802,17.82560729717761,7.780892702822402
20180530,KROT3,KROTON,10.55,10.84,10.4,10.81,142670516.0,11.731000000000005,12.743000000000004,1.0372022083723917,1.2923625751471781,15.32772515029436,10.158274849705649,16.62008772544154,8.86591227455847,17.912450300588716,7.573549699411291
20180601,KROT3,KROTON,10.99,11.38,10.8,11.32,75666881.0,11.634500000000006,12.705750000000005,0.9764407708342077,1.311710348537953,15.329170697075911,10.0823293029241,16.640881045613867,8.770618954386146,17.952591394151817,7.458908605848193
20180604,KROT3,KROTON,11.35,11.35,10.97,11.16,77175978.0,11.528500000000005,12.655750000000005,0.9005277692319249,1.3319137715602372,15.319577543120479,9.99192245687953,16.651491314680715,8.660008685319294,17.983405086240953,7.328094913759056
20180605,KROT3,KROTON,11.02,11.2,11.01,11.05,138227704.0,11.419000000000006,12.598500000000005,0.8100675735296046,1.3508298494078754,15.300159698815756,9.896840301184254,16.65098954822363,8.546010451776379,18.001819397631508,7.195180602368503
20180606,KROT3,KROTON,10.9,11.08,10.5,10.5,175721161.0,11.276500000000006,12.530000000000006,0.6950068155666819,1.3864675646016136,15.302935129203235,9.757064870796778,16.689402693804848,8.370597306195165,18.07587025840646,6.984129741593552
20180607,KROT3,KROTON,10.26,10.26,9.24,10.12,182515825.0,11.140000000000006,12.453500000000007,0.6352206413190792,1.4333116575582332,15.320123315116474,9.58687668488354,16.753434972674707,8.153565027325307,18.18674663023294,6.720253369767074
20180608,KROT3,KROTON,10.19,10.95,10.12,10.8,208935243.0,11.022500000000006,12.381000000000007,0.42710623601398184,1.4419623381404272,15.264924676280861,9.497075323719153,16.70688701442129,8.055112985578726,18.148849352561715,6.613150647438299
20180611,KROT3,KROTON,10.89,10.99,10.24,10.3,122233298.0,10.980000000000008,12.286000000000007,0.4551228868176027,1.4509551230933346,15.187910246186675,9.384089753813338,16.638865369280012,7.933134630720003,18.089820492373345,6.482179507626668
20180612,KROT3,KROTON,10.23,10.46,10.12,10.37,88984658.0,10.943500000000007,12.189250000000007,0.4738784543251665,1.446340009498786,15.081930018997578,9.296569981002435,16.528270028496365,7.850229971503649,17.97461003799515,6.403889962004863
20180613,KROT3,KROTON,10.32,10.45,10.01,10.16,93088130.0,10.890000000000008,12.093750000000007,0.4995366273910123,1.4511740384060128,14.996098076812032,9.191401923187982,16.447272115218045,7.7402278847819685,17.898446153624057,6.289053846375956
20180614,KROT3,KROTON,10.23,10.29,10.02,10.16,125287214.0,10.819000000000006,11.997000000000009,0.4972122283290334,1.4477767217003674,14.892553443400743,9.101446556599274,16.34033016510111,7.653669834898906,17.78810688680148,6.205893113198539
20180615,KROT3,KROTON,10.05,10.39,10.05,10.32,154342792.0,10.788000000000007,11.906250000000009,0.5084713933887129,1.4359392307333214,14.778128461466652,9.034371538533366,16.214067692199972,7.598432307800045,17.650006922933294,6.162493077066723
20180618,KROT3,KROTON,10.24,10.43,10.08,10.1,83766472.0,10.761500000000007,11.817750000000009,0.5304742168444799,1.4354334420887287,14.688616884177467,8.946883115822551,16.124050326266193,7.511449673733823,17.559483768354923,6.076016231645094
20180619,KROT3,KROTON,10.06,10.29,9.94,10.04,97014218.0,10.723500000000005,11.73125000000001,0.5542588697862793,1.4357115407369123,14.602673081473835,8.859826918526185,16.038384622210746,7.424115377789273,17.47409616294766,5.988403837052361
20180620,KROT3,KROTON,10.1,10.19,9.77,9.77,68387665.0,10.641500000000006,11.62025000000001,0.5684815879071142,1.4105726923887516,14.441395384777513,8.799104615222506,15.851968077166264,7.388531922833755,17.262540769555017,5.977959230445003
20180621,KROT3,KROTON,9.8,9.93,9.61,9.64,56914161.0,10.551000000000007,11.49875000000001,0.577005883396004,1.3647281827604154,14.22820636552084,8.76929363447918,15.592934548281256,7.404565451718764,16.957662731041673,6.039837268958348
20180622,KROT3,KROTON,9.69,9.76,9.51,9.65,74539714.0,10.443000000000008,11.38975000000001,0.5291114697002302,1.3327540167753402,14.05525803355069,8.72424196644933,15.388012050326031,7.391487949673989,16.720766067101373,6.058733932898649
20180625,KROT3,KROTON,9.74,9.77,9.41,9.48,71832624.0,10.345000000000008,11.28425000000001,0.5160834285879294,1.3120523900969085,13.908354780193829,8.660145219806193,15.220407170290736,7.348092829709286,16.532459560387643,6.036040439612377
20180626,KROT3,KROTON,9.57,9.65,9.3,9.44,90223550.0,10.279500000000008,11.165250000000011,0.5443342142856891,1.25545984526665,13.67616969053331,8.654330309466712,14.931629535799962,7.39887046420006,16.187089381066613,6.143410618933411
20180627,KROT3,KROTON,9.46,9.48,9.13,9.16,90680377.0,10.217500000000006,11.044000000000011,0.5978723239868071,1.2069389124813146,13.45787782496264,8.630122175037382,14.664816737443955,7.423183262556067,15.87175564992527,6.216244350074753
20180628,KROT3,KROTON,9.18,9.42,9.12,9.4,97158306.0,10.147000000000007,10.93900000000001,0.6073852501544416,1.1606801719416522,13.260360343883315,8.617639656116706,14.421040515824966,7.456959484175054,15.58172068776662,6.296279312233402
20180629,KROT3,KROTON,9.49,9.6,9.32,9.32,83604199.0,10.047000000000008,10.84075000000001,0.567423539945356,1.1258532661599912,13.092456532319993,8.589043467680028,14.218309798479984,7.463190201520037,15.344163064639975,6.337336935360046
20180702,KROT3,KROTON,9.4,9.75,9.3,9.73,49272300.0,9.975500000000007,10.752000000000011,0.50663466542513,1.0670236582098505,12.886047316419713,8.61795268358031,13.953070974629563,7.5509290253704595,15.020094632839413,6.4839053671606095
20180703,KROT3,KROTON,9.86,10.68,9.72,10.66,135014897.0,9.956000000000007,10.68750000000001,0.4692255657771154,0.9878096723144565,12.663119344628925,8.711880655371097,13.65092901694338,7.724070983056642,14.638738689257837,6.736261310742185
20180704,KROT3,KROTON,10.87,10.87,10.37,10.43,41819704.0,9.952500000000006,10.61450000000001,0.46519803366547285,0.8889519902816391,12.392403980563289,8.836596019436731,13.281355970844928,7.947644029155093,14.170307961126566,7.058692038873454
20180705,KROT3,KROTON,10.43,10.54,10.38,10.5,40623539.0,9.971500000000006,10.55575000000001,0.4799262552999396,0.8117214613211098,12.17919292264223,8.932307077357791,12.99091438396334,8.120585616036681,13.802635845284449,7.308864154715572
20180706,KROT3,KROTON,10.5,11.4,10.38,11.21,137388991.0,9.992000000000006,10.50725000000001,0.5239184347927615,0.703482135796399,11.914214271592808,9.100285728407211,12.617696407389207,8.396803592610812,13.321178543185606,7.693321456814414
20180710,KROT3,KROTON,11.21,11.43,11.03,11.19,168684706.0,10.036500000000006,10.508250000000011,0.5856195549653401,0.7044470007907795,11.917144001581569,9.099355998418453,12.62159100237235,8.394908997627672,13.326038003163129,7.690461996836893
20180711,KROT3,KROTON,11.15,11.19,10.89,11.11,81543753.0,10.073500000000005,10.50850000000001,0.6295301088070735,0.7046641316695396,11.91782826333909,9.099171736660931,12.62249239500863,8.394507604991391,13.327156526678168,7.689843473321853
20180712,KROT3,KROTON,11.21,11.27,11.05,11.13,70985392.0,10.122000000000003,10.50600000000001,0.672447219607461,0.7022118900030005,11.910423780006012,9.10157621999401,12.612635670009013,8.399364329991009,13.314847560012012,7.697152439988009
20180713,KROT3,KROTON,11.14,11.28,10.99,11.22,83398121.0,10.175000000000004,10.49700000000001,0.7159645683676016,0.6902998233766934,11.877599646753398,9.116400353246624,12.56789947013009,8.426100529869931,13.258199293506784,7.735800706493237
20180716,KROT3,KROTON,11.2,11.36,11.17,11.3,45560559.0,10.224000000000006,10.50600000000001,0.7586719698886002,0.6985215155543568,11.903043031108725,9.108956968891297,12.60156454666308,8.410435453336941,13.300086062217439,7.711913937782583
20180717,KROT3,KROTON,11.35,12.01,11.33,11.57,160252073.0,10.297500000000005,10.529500000000011,0.8151323754296587,0.7183312213664329,11.966162442732877,9.092837557267146,12.68449366409931,8.374506335900712,13.402824885465742,7.65617511453428
20180718,KROT3,KROTON,11.51,11.57,11.13,11.3,122068433.0,10.360500000000005,10.542000000000012,0.8424180422418859,0.727451469876643,11.996902939753298,9.087097060246727,12.724354409629942,8.359645590370082,13.451805879506583,7.63219412049344
20180719,KROT3,KROTON,11.16,12.02,10.82,12.0,84806494.0,10.472000000000005,10.556750000000012,0.905373432695866,0.751099663911689,12.05894932782339,9.054550672176633,12.810048991735078,8.303451008264945,13.561148655646768,7.552351344353255
20180720,KROT3,KROTON,12.4,12.42,11.9,11.97,89313035.0,10.588500000000005,10.569750000000012,0.9418530168041492,0.7711878533329296,12.112125706665871,9.027374293334152,12.8833135599988,8.256186440001223,13.65450141333173,7.4849985866682935
20180723,KROT3,KROTON,11.95,11.99,11.59,11.6,59797028.0,10.686000000000003,10.564500000000013,0.9405172149295665,0.7632015897957195,12.090903179591452,9.038096820408574,12.854104769387172,8.274895230612854,13.61730635918289,7.5116936408171355
20180724,KROT3,KROTON,11.72,11.78,11.45,11.64,83805617.0,10.794000000000004,10.569500000000012,0.9185022132740872,0.7697117342526362,12.108923468505285,9.030076531494739,12.87863520275792,8.260364797242104,13.648346937010556,7.490653062989468
20180725,KROT3,KROTON,11.71,11.97,11.67,11.87,91373957.0,10.915500000000005,10.597500000000013,0.8902541032879197,0.7963562854234153,12.190212570846843,9.004787429153183,12.986568856270258,8.208431143729767,13.782925141693674,7.412074858306351
20180726,KROT3,KROTON,11.96,11.97,11.53,11.53,88365698.0,11.034000000000004,10.625750000000012,0.7971488667679338,0.8091112170391088,12.24397243407823,9.007527565921794,13.053083651117339,8.198416348882686,13.862194868156447,7.389305131843577
20180727,KROT3,KROTON,11.58,11.82,11.49,11.68,77521273.0,11.148000000000005,10.647500000000012,0.7093703657395081,0.8257141431233282,12.298928286246667,8.996071713753356,13.124642429369995,8.170357570630028,13.950356572493325,7.344643427506698
20180730,KROT3,KROTON,11.71,11.8,11.39,11.39,50139098.0,11.251500000000004,10.649250000000013,0.5649245408388957,0.827248722403362,12.303747444806737,8.994752555193289,13.1309961672101,8.167503832789926,13.95824488961346,7.340255110386565
20180731,KROT3,KROTON,11.2,11.33,11.08,11.3,87397998.0,11.330000000000005,10.652750000000012,0.4369632045209258,0.8297574174389271,12.312264834877865,8.993235165122158,13.142022252316792,8.163477747683231,13.971779669755719,7.3337203302443035
20180801,KROT3,KROTON,11.2,11.44,11.06,11.09,80422374.0,11.351500000000005,10.653750000000011,0.4121353252461177,0.830272391200496,12.314294782401003,8.99320521759902,13.1445671736015,8.162932826398523,13.974839564801995,7.332660435198028
20180802,KROT3,KROTON,11.03,11.59,10.95,11.42,54782351.0,11.401000000000005,10.67675000000001,0.3504718623737492,0.8386050306526566,12.353960061305324,8.999539938694697,13.19256509195798,8.16093490804204,14.031170122610638,7.322329877389384
20180803,KROT3,KROTON,11.43,11.82,11.32,11.61,67308473.0,11.456500000000005,10.714000000000011,0.2813552726956081,0.846297516940427,12.406595033880865,9.021404966119157,13.252892550821292,8.17510744917873,14.099190067761718,7.328809932238303
20180806,KROT3,KROTON,11.7,11.82,11.37,11.68,48528712.0,11.480000000000006,10.736000000000011,0.2793036453677713,0.8599188989785942,12.4558377979572,9.016162202042823,13.315756696935793,8.15624330306423,14.175675595914388,7.2963244040856345
20180807,KROT3,KROTON,11.73,11.85,11.08,11.08,106770363.0,11.474500000000006,10.75550000000001,0.28631000864896033,0.8586212860281053,12.472742572056221,9.0382574279438,13.331363858084327,8.179636141915694,14.18998514411243,7.321014855887589
20180808,KROT3,KROTON,11.13,11.3,10.45,10.46,126379970.0,11.442000000000007,10.75775000000001,0.3578238319854864,0.8577026186571466,12.473155237314304,9.042344762685717,13.33085785597145,8.18464214402857,14.188560474628597,7.326939525371424
20180809,KROT3,KROTON,10.47,10.48,10.05,10.26,104456882.0,11.398500000000007,10.76025000000001,0.44097111732598115,0.8560598094969427,12.472369618993895,9.048130381006125,13.32842942849084,8.19207057150918,14.18448923798778,7.336010762012239
20180810,KROT3,KROTON,10.2,10.22,9.91,9.96,68844743.0,11.335500000000007,10.755250000000007,0.5454450138720018,0.8602295087314502,12.475709017462908,9.034790982537107,13.335938526194358,8.174561473805657,14.196168034925808,7.3143319650742065
20180813,KROT3,KROTON,9.98,10.71,9.86,10.66,102806809.0,11.303500000000007,10.763750000000009,0.566022828254476,0.8574939261203999,12.478737852240808,9.04876214775921,13.336231778361208,8.19126822163881,14.193725704481608,7.33377429551841
20180814,KROT3,KROTON,10.78,11.1,10.62,10.87,105040768.0,11.268500000000007,10.783000000000008,0.5703025512830293,0.8508282540846668,12.484656508169342,9.081343491830674,13.335484762254008,8.230515237746008,14.186313016338676,7.379686983661341
20180815,KROT3,KROTON,10.45,10.45,10.1,10.1,127844902.0,11.208500000000006,10.784500000000008,0.6271092828459086,0.8495366761374157,12.48357335227484,9.085426647725177,13.333110028412255,8.235889971587762,14.182646704549672,7.386353295450346
20180816,KROT3,KROTON,10.23,10.43,10.07,10.15,88611359.0,11.116000000000007,10.794000000000008,0.6405129523321069,0.8399719165024891,12.473943833004986,9.114056166995029,13.313915749507474,8.27408425049254,14.153887666009965,7.434112333990051
20180817,KROT3,KROTON,10.15,10.23,9.95,10.21,73786016.0,11.028000000000008,10.808250000000008,0.6379044640564017,0.8245865708466011,12.45742314169321,9.159076858306806,13.28200971253981,8.334490287460206,14.106596283386413,7.509903716613604
20180820,KROT3,KROTON,10.1,10.16,9.84,10.04,92921758.0,10.950000000000006,10.818000000000008,0.6592978721416078,0.81276104287826,12.443522085756529,9.192477914243488,13.256283128634788,8.379716871365229,14.069044171513049,7.566955828486968
20180821,KROT3,KROTON,9.95,10.08,9.68,9.74,67537790.0,10.855000000000008,10.82450000000001,0.6907775938827563,0.8027642946846583,12.430028589369325,9.218971410630694,13.232792884053984,8.416207115946035,14.035557178738642,7.613442821261376
20180822,KROT3,KROTON,9.7,10.38,9.64,10.38,88734924.0,10.780500000000007,10.84800000000001,0.654968661363537,0.7744549779170875,12.396909955834184,9.299090044165835,13.171364933751272,8.524635066248747,13.945819911668359,7.75018008833166
20180823,KROT3,KROTON,10.37,10.38,9.97,10.17,84539538.0,10.712500000000006,10.87325000000001,0.6435581599693061,0.7333848029723636,12.340019605944736,9.406480394055283,13.0734044089171,8.67309559108292,13.806789211889464,7.939710788110554
20180824,KROT3,KROTON,10.26,10.66,10.18,10.41,74079460.0,10.649000000000004,10.89850000000001,0.6045433248154076,0.6978889412786374,12.294277882557283,9.502722117442735,12.992166823835921,8.804833176164097,13.69005576511456,8.106944234885459
20180827,KROT3,KROTON,10.41,10.84,10.41,10.83,56019718.0,10.621000000000006,10.93625000000001,0.5809239464670629,0.6494758734983563,12.235201746996722,9.637298253003298,12.88467762049508,8.98782237950494,13.534153493993436,8.338346506006584
20180828,KROT3,KROTON,10.85,10.94,10.58,10.81,91756297.0,10.596500000000006,10.96325000000001,0.5607633425213425,0.6198154708852952,12.2028809417706,9.723619058229419,12.822696412655894,9.103803587344125,13.44251188354119,8.483988116458828
20180829,KROT3,KROTON,10.83,10.89,10.58,10.58,52928078.0,10.571000000000007,10.961250000000009,0.5486049292714852,0.6209471157134582,12.203144231426926,9.719355768573092,12.824091347140383,9.098408652859634,13.44503846285384,8.477461537146176
20180830,KROT3,KROTON,10.5,10.55,10.1,10.17,81894543.0,10.508500000000007,10.954750000000008,0.5170897814743403,0.6279718575272273,12.210693715054463,9.698806284945553,12.83866557258169,9.070834427418326,13.466637430108918,8.442862569891098
20180831,KROT3,KROTON,10.18,10.36,10.07,10.22,113324648.0,10.439000000000007,10.94775000000001,0.45035541519994704,0.6346955155316129,12.217141031063235,9.678358968936784,12.851836546594848,9.043663453405172,13.48653206212646,8.408967937873559
20180903,KROT3,KROTON,10.2,10.51,10.12,10.3,57279727.0,10.370000000000008,10.92500000000001,0.3431740390130746,0.6413287488508579,12.207657497701724,9.642342502298295,12.848986246552583,9.001013753447436,13.490314995403441,8.359685004596578
20180904,KROT3,KROTON,10.3,10.33,9.87,9.89,89433078.0,10.310500000000006,10.892500000000009,0.31565262385616744,0.660216553439809,12.212933106879627,9.572066893120391,12.873149660319436,8.911850339680582,13.533366213759244,8.251633786240774
20180905,KROT3,KROTON,9.92,10.03,9.72,9.8,67788067.0,10.277500000000007,10.859750000000009,0.3332120393350291,0.6813052612261276,12.222360522452265,9.497139477547753,12.903665783678392,8.815834216321626,13.584971044904519,8.1345289550955
20180906,KROT3,KROTON,9.88,9.97,9.65,9.7,72552129.0,10.249500000000006,10.824000000000009,0.35740990767629416,0.7039041310015655,12.23180826200314,9.416191737996877,12.935712393004705,8.712287606995313,13.639616524006271,8.008383475993746
20180910,KROT3,KROTON,9.86,10.04,9.67,9.76,89873324.0,10.239500000000005,10.787500000000009,0.3685601429173837,0.7205010720823658,12.22850214416474,9.346497855835278,12.949003216247107,8.62599678375291,13.669504288329472,7.905495711670545
20180911,KROT3,KROTON,9.66,9.67,9.38,9.5,68006367.0,10.181500000000005,10.742500000000009,0.38957838208682316,0.7435146955939381,12.229529391187885,9.255470608812132,12.973044086781822,8.511955913218195,13.716558782375762,7.768441217624256
20180912,KROT3,KROTON,9.66,9.66,9.3,9.64,72213399.0,10.120000000000005,10.694250000000007,0.3718516965275789,0.7510228495278055,12.196295699055618,9.192204300944397,12.947318548583425,8.44118145141659,13.698341398111229,7.690158601888785
20180913,KROT3,KROTON,9.69,9.86,9.54,9.72,106542918.0,10.101000000000004,10.654750000000009,0.3824835737785851,0.759844746288071,12.17443949257615,9.135060507423868,12.934284238864223,8.375215761135795,13.694128985152293,7.6153710148477245
20180914,KROT3,KROTON,9.69,9.97,9.66,9.84,66100618.0,10.085500000000005,10.600750000000009,0.38665195828033394,0.7382355523606782,12.077221104721366,9.124278895278652,12.815456657082043,8.386043342917974,13.55369220944272,7.647807790557296
20180917,KROT3,KROTON,9.8,9.98,9.66,9.88,77405966.0,10.069000000000004,10.548500000000008,0.38809792578666485,0.7123473295722832,11.973194659144575,9.12380534085544,12.685541988716857,8.411458011283159,13.39788931828914,7.699110681710875
20180918,KROT3,KROTON,9.89,10.39,9.77,10.36,102513622.0,10.085000000000004,10.517500000000007,0.3933994889354187,0.6921084471122628,11.901716894224533,9.133283105775481,12.593825341336796,8.441174658663218,13.285933788449059,7.749066211550955
20180919,KROT3,KROTON,10.21,10.89,10.15,10.8,109394992.0,10.138000000000003,10.496500000000008,0.41526909474766366,0.6695522805653803,11.835604561130769,9.157395438869248,12.505156841696149,8.487843158303868,13.174709122261529,7.818290877738487
20180920,KROT3,KROTON,10.96,11.08,10.67,10.82,76343149.0,10.160000000000004,10.470250000000007,0.43970085524726465,0.6339598284612437,11.738169656922494,9.20233034307752,12.372129485383738,8.568370514616277,13.006089313844981,7.934410686155033
20180921,KROT3,KROTON,10.85,11.28,10.77,10.87,120474672.0,10.195000000000004,10.453750000000008,0.4675186458425369,0.6139434848291396,11.681636969658287,9.22586303034173,12.295580454487427,8.61191954551259,12.909523939316568,7.99797606068345
20180924,KROT3,KROTON,10.85,10.88,10.42,10.43,44568806.0,10.196000000000005,10.422500000000008,0.46802384104806755,0.5808470825728395,11.584194165145687,9.26080583485433,12.165041247718527,8.67995875228149,12.745888330291367,8.09911166970865
20180925,KROT3,KROTON,10.28,10.85,10.17,10.85,67799644.0,10.197000000000005,10.40900000000001,0.4694689048611122,0.5638093876844117,11.536618775368833,9.281381224631186,12.100428163053245,8.717571836946775,12.664237550737656,8.153762449262363
20180926,KROT3,KROTON,10.84,11.36,10.64,11.25,74899678.0,10.219000000000005,10.407750000000009,0.5084020373472756,0.5618353052776728,11.531420610555355,9.284079389444663,12.093255915833026,8.722244084166991,12.6550912211107,8.160408778889318
20180927,KROT3,KROTON,11.27,11.84,11.24,11.71,84061702.0,10.275500000000005,10.423250000000008,0.6043654784804154,0.589033922230721,11.60131784446145,9.245182155538567,12.19035176669217,8.656148233307846,12.779385688922893,8.067114311077123
20180928,KROT3,KROTON,11.5,11.64,11.27,11.4,61685768.0,10.337000000000005,10.422750000000008,0.6536383999541732,0.5881739996346315,11.59909799926927,9.246402000730745,12.187271998903903,8.658228001096113,12.775445998538533,8.070054001461482
20181001,KROT3,KROTON,11.44,11.6,11.08,11.3,37075127.0,10.391000000000005,10.415000000000008,0.6872132894982994,0.5740008040734514,11.56300160814691,9.266998391853106,12.137002412220362,8.692997587779654,12.711003216293815,8.118996783706201
20181002,KROT3,KROTON,11.68,11.95,11.6,11.68,93253712.0,10.460000000000004,10.415000000000008,0.7444885209958937,0.5740008040734514,11.56300160814691,9.266998391853106,12.137002412220362,8.692997587779654,12.711003216293815,8.118996783706201
20181003,KROT3,KROTON,12.2,12.3,11.74,11.9,126719545.0,10.560500000000005,10.435500000000008,0.7972880018504319,0.6117605950378558,11.65902119007572,9.211978809924297,12.270781785113575,8.600218214886441,12.882542380151431,7.988457619848585
20181004,KROT3,KROTON,11.9,12.25,11.77,12.25,61567776.0,10.683000000000003,10.480250000000009,0.8600373308910696,0.6757236861321688,11.831697372264346,9.128802627735672,12.507421058396515,8.453078941603502,13.183144744528684,7.777355255471333
20181005,KROT3,KROTON,12.35,12.48,11.86,11.86,103581997.0,10.791000000000006,10.520250000000008,0.865702635222684,0.7088940013346501,11.938038002669309,9.102461997330707,12.646932004003958,8.393567995996058,13.355826005338608,7.6846739946614075
20181008,KROT3,KROTON,12.5,12.63,11.91,12.2,180684061.0,10.913000000000006,10.576250000000009,0.8844867676258276,0.7507421541723416,12.077734308344692,9.074765691655326,12.828476462517035,8.324023537482983,13.579218616689374,7.5732813833106425
20181009,KROT3,KROTON,12.35,12.54,11.85,11.86,91895603.0,11.031000000000006,10.606250000000008,0.8424831717825375,0.7776680707121607,12.16158614142433,9.050913858575687,12.93925421213649,8.273245787863527,13.716922282848651,7.495577717151365
20181010,KROT3,KROTON,11.67,11.8,11.21,11.34,88321191.0,11.116000000000005,10.618000000000007,0.7780501945652873,0.7852688580907977,12.188537716181603,9.047462283818412,12.9738065742724,8.262193425727615,13.759075432363199,7.476924567636816
20181011,KROT3,KROTON,11.58,11.63,11.13,11.15,77671695.0,11.187500000000005,10.644250000000007,0.7053172112042756,0.7850588333334757,12.214367666666957,9.074132333333056,12.999426500000434,8.28907349999958,13.78448533333391,7.504014666666103
20181015,KROT3,KROTON,11.38,11.41,10.7,10.7,87924635.0,11.230500000000005,10.658000000000007,0.6422368394094667,0.7809862272662262,12.21997245453246,9.096027545467553,13.000958681798686,8.315041318201327,13.781944909064912,7.534055090935102
20181016,KROT3,KROTON,10.84,11.01,10.44,10.56,87799014.0,11.264500000000005,10.666750000000008,0.5821690385735134,0.7777923640268706,12.222334728053749,9.111165271946266,13.00012709208062,8.333372907919395,13.77791945610749,7.555580543892525
20181017,KROT3,KROTON,10.55,10.94,10.45,10.8,117281101.0,11.286500000000007,10.685750000000008,0.5538123851040726,0.7713454362679075,12.228440872535822,9.143059127464193,12.999786308803731,8.371713691196284,13.771131745071639,7.6003682549283775
20181018,KROT3,KROTON,10.9,11.08,10.6,10.67,87110755.0,11.280000000000005,10.709000000000007,0.5605448477291662,0.755970424058593,12.220940848117193,9.19705915188282,12.976911272175785,8.441088727824228,13.73288169623438,7.685118303765634
20181019,KROT3,KROTON,10.77,10.92,10.7,10.83,66989224.0,11.280500000000007,10.720250000000007,0.5601172339692811,0.7542953495541527,12.228840699108313,9.211659300891702,12.983136048662466,8.457363951337548,13.737431398216618,7.7030686017833965
20181022,KROT3,KROTON,11.0,11.42,10.91,11.35,62004003.0,11.304500000000006,10.749750000000008,0.5518244858266256,0.7552974876641932,12.260344975328394,9.239155024671621,13.015642462992588,8.483857537007427,13.77093995065678,7.728560049343235
20181023,KROT3,KROTON,11.13,11.79,11.06,11.56,98715579.0,11.361000000000006,10.778500000000006,0.5141359639955266,0.7638718848146617,12.30624376962933,9.250756230370683,13.070115654443992,8.486884345556021,13.833987539258654,7.7230124607413595
20181024,KROT3,KROTON,11.58,11.58,11.03,11.1,74811823.0,11.373500000000005,10.785250000000008,0.5039974415138999,0.7655297729895166,12.316309545979042,9.254190454020975,13.081839318968559,8.488660681031458,13.847369091958075,7.7231309080419415
20181025,KROT3,KROTON,11.09,11.68,11.04,11.45,82311988.0,11.383500000000005,10.801250000000007,0.5034018484794797,0.772714786338199,12.346679572676404,9.25582042732361,13.119394359014603,8.48310564098541,13.892109145352803,7.71039085464721
20181026,KROT3,KROTON,11.52,11.86,11.37,11.64,92656729.0,11.380000000000006,10.827750000000007,0.5012510664117062,0.7830397294829718,12.39382945896595,9.261670541034064,13.176869188448922,8.478630811551092,13.959908917931894,7.69559108206812
20181029,KROT3,KROTON,11.9,12.0,10.72,10.8,143493556.0,11.350000000000005,10.843500000000008,0.5176769974454491,0.7757727330432419,12.395045466086492,9.291954533913524,13.170818199129734,8.516181800870282,13.946590932172976,7.74040906782704
20181030,KROT3,KROTON,10.9,11.22,10.84,11.1,136369175.0,11.340000000000005,10.865500000000008,0.5206170428088989,0.7700947327673039,12.405689465534616,9.3253105344654,13.175784198301919,8.555215801698097,13.945878931069224,7.785121068930792
20181031,KROT3,KROTON,11.3,11.55,11.2,11.42,112047100.0,11.327000000000004,10.893500000000007,0.5148949816275042,0.7693672058490312,12.432234411698069,9.354765588301944,13.2016016175471,8.585398382452913,13.97096882339613,7.816031176603882
20181101,KROT3,KROTON,11.5,11.92,11.43,11.52,129255210.0,11.308000000000003,10.934250000000008,0.4994165016348457,0.7579354126465115,12.45012082529303,9.418379174706985,13.208056237939543,8.660443762060472,13.965991650586053,7.902508349413962
20181105,KROT3,KROTON,11.55,12.5,11.51,12.28,158537879.0,11.309500000000003,10.996250000000007,0.5024306707868191,0.7641811018405942,12.524612203681196,9.467887796318818,13.28879330552179,8.703706694478225,14.052974407362385,7.93952559263763
20181106,KROT3,KROTON,12.0,12.08,11.54,11.6,125758868.0,11.296500000000004,11.043750000000006,0.4906630851794531,0.7402171805348905,12.524184361069787,9.563315638930225,13.264401541604677,8.823098458395336,14.004618722139568,8.082881277860444
20181107,KROT3,KROTON,11.7,11.88,11.47,11.48,71452035.0,11.260500000000004,11.086750000000007,0.44519037914597254,0.7131957242059781,12.513141448411965,9.66035855158805,13.226337172617942,8.947162827382073,13.93953289682392,8.233967103176095
20181108,KROT3,KROTON,11.52,11.6,10.81,10.85,103145097.0,11.210000000000003,11.120500000000009,0.430654336904507,0.6666023686942365,12.453704737388481,9.787295262611536,13.120307106082718,9.1206928939173,13.786909474776955,8.454090525223062
20181109,KROT3,KROTON,10.8,10.93,10.14,10.35,179941317.0,11.160500000000003,11.13825000000001,0.4700221159409499,0.6348667839266615,12.407983567853332,9.868516432146688,13.042850351779995,9.233649648220025,13.677717135706656,8.598782864293364
20181112,KROT3,KROTON,10.41,10.69,10.29,10.61,72893828.0,11.133500000000002,11.16050000000001,0.48589878738156034,0.5984379238634513,12.357375847726912,9.963624152273107,12.955813771590364,9.365186228409655,13.554251695453814,8.766748304546205
20181113,KROT3,KROTON,10.62,10.71,10.15,10.28,74048213.0,11.112500000000002,11.171500000000009,0.5138899636466598,0.5772105779367704,12.32592115587355,10.017078844126468,12.90313173381032,9.439868266189698,13.48034231174709,8.862657688252927
20181114,KROT3,KROTON,10.4,10.95,10.21,10.95,82337470.0,11.132000000000001,11.198250000000009,0.49900532641385414,0.5393770742302437,12.277004148460495,10.119495851539522,12.81638122269074,9.580118777309277,13.355758296920984,9.040741703079034
20181116,KROT3,KROTON,10.97,11.44,10.67,11.16,84292319.0,11.150000000000002,11.218250000000008,0.4928542007103301,0.5220516110648777,12.262353222129764,10.174146777870252,12.784404833194642,9.652095166805374,13.306456444259519,9.130043555740498
20181119,KROT3,KROTON,10.98,11.14,10.69,10.83,62959103.0,11.158000000000003,11.219000000000008,0.48590230770341336,0.5214565399695097,12.261913079939028,10.176086920060989,12.783369619908537,9.65463038009148,13.304826159878047,9.13317384012197
20181121,KROT3,KROTON,10.7,11.06,10.5,10.77,67173719.0,11.155000000000003,11.217750000000008,0.48821371506633343,0.5224964114709783,12.262742822941965,10.17275717705805,12.785239234412943,9.650260765587072,13.30773564588392,9.127764354116096
20181122,KROT3,KROTON,10.8,10.9,10.63,10.86,24627264.0,11.130500000000001,11.217500000000008,0.4902037707342008,0.5226694302648502,12.262838860529708,10.172161139470308,12.785508290794558,9.649491709205458,13.308177721059408,9.126822278940608
20181123,KROT3,KROTON,10.78,11.01,10.53,10.95,73714221.0,11.100000000000001,11.230500000000008,0.48096394437566437,0.5088647495488201,12.248229499097649,10.212770500902367,12.75709424864647,9.703905751353547,13.265958998195288,9.195041001804729
20181126,KROT3,KROTON,10.98,11.1,10.36,10.61,150203892.0,11.075500000000002,11.224500000000008,0.4932862412326104,0.5148460063518607,12.25419201270373,10.194807987296286,12.76903801905559,9.679961980944427,13.28388402540745,9.165115974592565
20181127,KROT3,KROTON,10.64,10.97,10.36,10.93,110434539.0,11.049500000000002,11.216500000000007,0.4861608462443021,0.5169216079039438,12.250343215807895,10.182656784192119,12.76726482371184,9.665735176288175,13.284186431615783,9.14881356838423
20181128,KROT3,KROTON,10.88,11.08,10.75,10.96,69198199.0,11.015500000000003,11.197750000000008,0.46605257214173074,0.5121422453647317,12.222034490729472,10.173465509270544,12.734176736094204,9.661323263905812,13.246318981458934,9.149181018541082
20181129,KROT3,KROTON,10.86,10.93,10.78,10.9,118963275.0,11.020500000000002,11.185250000000007,0.4641514612142157,0.5131800678624721,12.211610135724952,10.158889864275062,12.724790203587423,9.645709796412591,13.237970271449896,9.132529728550118
20181130,KROT3,KROTON,10.91,10.91,10.48,10.5,495593960.0,10.990500000000003,11.165250000000007,0.4779283694401416,0.5240668752589109,12.21338375051783,10.117116249482185,12.73745062577674,9.593049374223275,13.261517501035652,9.068982498964363
20181203,KROT3,KROTON,10.61,10.66,10.43,10.59,203904551.0,10.949000000000003,11.138000000000007,0.474695470247618,0.524952745126105,12.187905490252216,10.088094509747798,12.712858235378322,9.563141764621692,13.237810980504428,9.038189019495587
20181204,KROT3,KROTON,10.59,10.63,10.2,10.2,89022295.0,10.883000000000003,11.095500000000007,0.4828217498261508,0.5304664130599255,12.156432826119858,10.034567173880156,12.686899239179784,9.50410076082023,13.217365652239708,8.973634347760305
20181205,KROT3,KROTON,10.26,10.37,10.13,10.24,57748559.0,10.781000000000002,11.045250000000006,0.37577849018289117,0.5132200382802244,12.071690076560456,10.018809923439557,12.58491011484068,9.505589885159333,13.098130153120904,8.99236984687911
20181206,KROT3,KROTON,10.11,10.26,10.05,10.19,80995460.0,10.710500000000003,11.003500000000006,0.34504728890236186,0.5131678887570118,12.02983577751403,9.977164222485982,12.54300366627104,9.463996333728971,13.056171555028053,8.95082844497196
20181207,KROT3,KROTON,10.19,10.25,9.95,10.14,80780340.0,10.643500000000005,10.952000000000007,0.31669801322217006,0.49298255027114357,11.937965100542295,9.96603489945772,12.430947650813438,9.473052349186576,12.92393020108458,8.980069798915434
20181210,KROT3,KROTON,10.08,10.17,9.75,9.75,208815076.0,10.588500000000005,10.899250000000006,0.36998257426949216,0.506047466609194,11.911344933218393,9.887155066781618,12.417392399827587,9.381107600172424,12.923439866436782,8.87506013356323
20181211,KROT3,KROTON,9.85,9.9,9.53,9.75,83643377.0,10.558500000000006,10.859500000000008,0.41225024336902094,0.532304857707034,11.924109715414076,9.79489028458594,12.45641457312111,9.262585426878905,12.988719430828144,8.730280569171871
20181212,KROT3,KROTON,9.79,9.94,9.7,9.8,165257980.0,10.518000000000006,10.825750000000008,0.44538097234416973,0.5556972404798916,11.937144480959791,9.714355519040225,12.492841721439683,9.158658278560333,13.048538961919574,8.602961038080442
20181213,KROT3,KROTON,9.9,9.92,9.5,9.54,97870413.0,10.481000000000005,10.796750000000008,0.4942500965044511,0.5915403079228657,11.97983061584574,9.613669384154276,12.571370923768605,9.022129076231412,13.16291123169147,8.430588768308546
20181214,KROT3,KROTON,9.52,9.6,9.29,9.36,128693334.0,10.401500000000008,10.766750000000009,0.5405482110052491,0.6328421340798265,12.032434268159662,9.501065731840356,12.665276402239488,8.86822359776053,13.298118536319315,8.235381463680703
20181217,KROT3,KROTON,9.38,9.41,9.05,9.12,167975199.0,10.299500000000007,10.724750000000009,0.5808566722386282,0.6842401269160507,12.093230253832111,9.356269746167907,12.777470380748161,8.672029619251857,13.461710507664211,7.987789492335806
20181218,KROT3,KROTON,9.18,9.32,9.07,9.1,215773370.0,10.213000000000006,10.685500000000008,0.6248460863115571,0.7309002176803409,12.14730043536069,9.223699564639327,12.87820065304103,8.492799346958986,13.609100870721372,7.761899129278644
20181219,KROT3,KROTON,9.15,9.19,8.76,8.76,169824431.0,10.112500000000006,10.63375000000001,0.6889035911465838,0.7912006050528134,12.216151210105636,9.051348789894384,13.00735181515845,8.260148184841569,13.798552420211264,7.468947579788756
20181220,KROT3,KROTON,8.81,8.96,8.49,8.71,908202142.0,10.005000000000006,10.567750000000007,0.7324903448258416,0.8386114515475606,12.244972903095128,8.890527096904886,13.083584354642689,8.051915645357326,13.922195806190249,7.2133041938097655
20181221,KROT3,KROTON,8.79,9.09,8.63,9.07,231185976.0,9.911000000000007,10.505500000000008,0.725431994708871,0.8553180545031264,12.21613610900626,8.794863890993756,13.071454163509387,7.9395458364906295,13.926772218012514,7.084227781987503
20181226,KROT3,KROTON,9.03,9.04,8.56,8.6,105186138.0,9.810500000000008,10.443000000000008,0.7618155253975631,0.9008890196028939,12.244778039205796,8.641221960794221,13.14566705880869,7.740332941191326,14.046556078411584,6.839443921588433
20181227,KROT3,KROTON,8.59,8.86,8.57,8.77,62913924.0,9.702500000000008,10.376000000000008,0.7477325373208957,0.9234517187829115,12.222903437565831,8.529096562434185,13.146355156348744,7.605644843651273,14.069806875131654,6.682193124868363
20181228,KROT3,KROTON,8.84,9.0,8.8,8.87,67998425.0,9.598000000000008,10.306750000000008,0.7077138880708396,0.9300713716754709,12.16689274335095,8.446607256649067,13.09696411502642,7.516535884973595,14.027035486701891,6.586464513298124
