DATA DO PREGAO,CODIGO DE NEGOCIACAO DO PAPEL,NOME RESUMIDO DA EMPRESA EMISSORA,PRECO DE ABERTURA,PRECO MAXIMO,PRECO MINIMO,PRECO FECHAMENTO,VOLUME TOTAL DE TITULOS NEGOCIADOS NESTE PAPEL,MA_20,MA_40,STD_20,STD_40,BANDA_1_40 SUPERIOR,BANDA_1_40 INFERIOR,BANDA_2_40 SUPERIOR,BANDA_2_40 INFERIOR,BANDA_3_40 SUPERIOR,BANDA_3_40 INFERIOR
20180102,LCAM3,LOCAMERICA,19.29,21.45,18.95,20.3,5125538.0,0.0,0.0,0.0,0.0,0.0,0.0,0.0,0.0,0.0,0.0
20180103,LCAM3,LOCAMERICA,20.3,21.15,20.19,21.0,7377352.0,0.0,0.0,0.0,0.0,0.0,0.0,0.0,0.0,0.0,0.0
20180104,LCAM3,LOCAMERICA,21.29,21.49,19.89,20.01,3971856.0,0.0,0.0,0.0,0.0,0.0,0.0,0.0,0.0,0.0,0.0
20180105,LCAM3,LOCAMERICA,19.5,22.25,19.32,22.0,119156444.0,0.0,0.0,0.0,0.0,0.0,0.0,0.0,0.0,0.0,0.0
20180108,LCAM3,LOCAMERICA,21.85,23.45,21.85,22.9,2566189.0,0.0,0.0,0.0,0.0,0.0,0.0,0.0,0.0,0.0,0.0
20180109,LCAM3,LOCAMERICA,22.95,22.95,21.84,21.91,1076172.0,0.0,0.0,0.0,0.0,0.0,0.0,0.0,0.0,0.0,0.0
20180110,LCAM3,LOCAMERICA,21.76,22.6,21.3,22.6,2912678.0,0.0,0.0,0.0,0.0,0.0,0.0,0.0,0.0,0.0,0.0
20180111,LCAM3,LOCAMERICA,22.51,23.0,22.41,23.0,1154354.0,0.0,0.0,0.0,0.0,0.0,0.0,0.0,0.0,0.0,0.0
20180112,LCAM3,LOCAMERICA,23.0,24.0,22.61,24.0,4629673.0,0.0,0.0,0.0,0.0,0.0,0.0,0.0,0.0,0.0,0.0
20180115,LCAM3,LOCAMERICA,24.52,25.0,24.33,24.7,2498378.0,0.0,0.0,0.0,0.0,0.0,0.0,0.0,0.0,0.0,0.0
20180116,LCAM3,LOCAMERICA,24.88,25.01,23.61,23.9,4245297.0,0.0,0.0,0.0,0.0,0.0,0.0,0.0,0.0,0.0,0.0
20180117,LCAM3,LOCAMERICA,23.76,23.8,23.33,23.61,885221.0,0.0,0.0,0.0,0.0,0.0,0.0,0.0,0.0,0.0,0.0
20180118,LCAM3,LOCAMERICA,24.05,24.05,22.8,22.8,585819.0,0.0,0.0,0.0,0.0,0.0,0.0,0.0,0.0,0.0,0.0
20180119,LCAM3,LOCAMERICA,22.8,23.2,22.55,23.0,547126.0,0.0,0.0,0.0,0.0,0.0,0.0,0.0,0.0,0.0,0.0
20180122,LCAM3,LOCAMERICA,22.74,23.28,22.2,22.2,679724.0,0.0,0.0,0.0,0.0,0.0,0.0,0.0,0.0,0.0,0.0
20180123,LCAM3,LOCAMERICA,22.1,22.1,20.87,21.29,1951392.0,0.0,0.0,0.0,0.0,0.0,0.0,0.0,0.0,0.0,0.0
20180124,LCAM3,LOCAMERICA,21.89,24.0,21.75,23.64,3942907.0,0.0,0.0,0.0,0.0,0.0,0.0,0.0,0.0,0.0,0.0
20180126,LCAM3,LOCAMERICA,24.03,24.36,23.12,23.3,1477096.0,0.0,0.0,0.0,0.0,0.0,0.0,0.0,0.0,0.0,0.0
20180129,LCAM3,LOCAMERICA,23.3,23.7,23.01,23.29,569294.0,0.0,0.0,0.0,0.0,0.0,0.0,0.0,0.0,0.0,0.0
20180130,LCAM3,LOCAMERICA,23.29,23.5,22.86,22.88,778876.0,22.616500000000002,0.0,1.2337588052264028,0.0,0.0,0.0,0.0,0.0,0.0,0.0
20180131,LCAM3,LOCAMERICA,23.35,24.49,23.35,23.76,3112078.0,22.7895,0.0,1.1300650889498152,0.0,0.0,0.0,0.0,0.0,0.0,0.0
20180201,LCAM3,LOCAMERICA,24.0,24.29,23.75,24.05,639175.0,22.942,0.0,1.080577818138345,0.0,0.0,0.0,0.0,0.0,0.0,0.0
20180202,LCAM3,LOCAMERICA,24.01,24.38,23.57,24.0,3782551.0,23.1415,0.0,0.8556947008440715,0.0,0.0,0.0,0.0,0.0,0.0,0.0
20180205,LCAM3,LOCAMERICA,23.85,23.85,23.6,23.6,822813.0,23.221500000000002,0.0,0.8172886818460642,0.0,0.0,0.0,0.0,0.0,0.0,0.0
20180206,LCAM3,LOCAMERICA,23.4,23.55,23.03,23.55,1043008.0,23.254000000000005,0.0,0.816754810853676,0.0,0.0,0.0,0.0,0.0,0.0,0.0
20180207,LCAM3,LOCAMERICA,23.69,23.69,23.3,23.3,210500.0,23.323500000000003,0.0,0.7530239040030479,0.0,0.0,0.0,0.0,0.0,0.0,0.0
20180208,LCAM3,LOCAMERICA,23.3,23.6,23.3,23.35,1468674.0,23.361000000000004,0.0,0.7335199921933685,0.0,0.0,0.0,0.0,0.0,0.0,0.0
20180209,LCAM3,LOCAMERICA,23.0,23.8,22.9,23.8,766807.0,23.401000000000003,0.0,0.7346098140832036,0.0,0.0,0.0,0.0,0.0,0.0,0.0
20180214,LCAM3,LOCAMERICA,23.71,24.42,23.7,24.3,692810.0,23.416000000000004,0.0,0.7503781502822713,0.0,0.0,0.0,0.0,0.0,0.0,0.0
20180215,LCAM3,LOCAMERICA,24.5,24.5,23.8,24.12,1161792.0,23.387000000000008,0.0,0.7081636742121662,0.0,0.0,0.0,0.0,0.0,0.0,0.0
20180216,LCAM3,LOCAMERICA,24.48,24.48,24.12,24.44,1327419.0,23.41400000000001,0.0,0.738400832525042,0.0,0.0,0.0,0.0,0.0,0.0,0.0
20180219,LCAM3,LOCAMERICA,24.5,25.0,24.5,24.9,2468748.0,23.478500000000004,0.0,0.8093550063573949,0.0,0.0,0.0,0.0,0.0,0.0,0.0
20180220,LCAM3,LOCAMERICA,25.11,25.49,24.82,24.99,6032839.0,23.588000000000005,0.0,0.859330216536471,0.0,0.0,0.0,0.0,0.0,0.0,0.0
20180221,LCAM3,LOCAMERICA,25.0,25.5,24.99,25.2,2134773.0,23.698000000000004,0.0,0.9188471037120293,0.0,0.0,0.0,0.0,0.0,0.0,0.0
20180222,LCAM3,LOCAMERICA,25.56,27.68,25.54,27.18,2656089.0,23.947000000000006,0.0,1.1397511270356027,0.0,0.0,0.0,0.0,0.0,0.0,0.0
20180223,LCAM3,LOCAMERICA,27.2,28.5,27.2,28.5,3515310.0,24.307500000000005,0.0,1.371755981829197,0.0,0.0,0.0,0.0,0.0,0.0,0.0
20180226,LCAM3,LOCAMERICA,29.0,30.2,28.76,29.92,3977339.0,24.621500000000005,0.0,1.847263338591776,0.0,0.0,0.0,0.0,0.0,0.0,0.0
20180227,LCAM3,LOCAMERICA,30.31,30.35,29.44,29.51,2662618.0,24.932000000000002,0.0,2.115831552344068,0.0,0.0,0.0,0.0,0.0,0.0,0.0
20180228,LCAM3,LOCAMERICA,29.51,29.8,28.33,29.2,2881911.0,25.2275,0.0,2.280712896396528,0.0,0.0,0.0,0.0,0.0,0.0,0.0
20180301,LCAM3,LOCAMERICA,29.25,30.0,29.21,29.21,1651745.0,25.544,24.08025,2.3750621044511577,2.384786704970723,28.849823409941447,19.310676590058552,31.23461011491217,16.92588988508783,33.619396819882894,14.541103180117107
20180302,LCAM3,LOCAMERICA,29.48,29.97,29.1,29.8,1410527.0,25.845999999999997,24.31775,2.5160984835549116,2.4701816475301692,29.25811329506034,19.37738670493966,31.72829494259051,16.90720505740949,34.19847659012068,14.437023409879323
20180305,LCAM3,LOCAMERICA,29.87,30.21,29.82,29.88,2544087.0,26.1375,24.53975,2.6321131694594855,2.5616996436160413,29.663149287232084,19.41635071276792,32.224848930848125,16.854651069151878,34.78654857446416,14.292951425535836
20180306,LCAM3,LOCAMERICA,30.05,30.3,29.7,29.9,2288527.0,26.432499999999997,24.787,2.7094316261611127,2.590407551342311,29.96781510268462,19.606184897315377,32.558222654026935,17.015777345973067,35.148630205369244,14.425369794630756
20180307,LCAM3,LOCAMERICA,29.75,30.0,29.7,29.9,1236396.0,26.747499999999995,24.9845,2.728942102720383,2.672333993788755,30.32916798757751,19.63983201242249,33.00150198136627,16.967498018633734,35.67383597515502,14.295164024844981
20180308,LCAM3,LOCAMERICA,30.27,31.01,29.91,30.5,2444841.0,27.095,25.174500000000002,2.742813576565023,2.7880008001323175,30.750501600264638,19.598498399735366,33.53850240039695,16.81049759960305,36.326503200529274,14.022496799470732
20180309,LCAM3,LOCAMERICA,30.83,32.22,30.83,32.07,2483412.0,27.533500000000004,25.428500000000007,2.8045119192585175,2.941547255512009,31.311594511024026,19.545405488975987,34.25314176653603,16.60385823346398,37.19468902204804,13.662310977951972
20180312,LCAM3,LOCAMERICA,33.01,33.81,32.5,32.98,3211750.0,28.015000000000004,25.688000000000006,2.8742623767718625,3.13698548748921,31.961970974978428,19.414029025021584,35.09895646246764,16.277043537532375,38.235941949956846,13.140058050043166
20180313,LCAM3,LOCAMERICA,33.49,34.0,32.3,32.5,1898580.0,28.450000000000006,25.925500000000007,2.861089229462667,3.2844161562109404,32.49433231242189,19.356667687578124,35.77874846863283,16.072251531367186,39.063164624843765,12.787835375156245
20180314,LCAM3,LOCAMERICA,32.96,33.0,32.08,32.75,2133156.0,28.87250000000001,26.144250000000007,2.8398311198861084,3.4405589047308918,33.02536780946179,19.263132190538222,36.46592671419268,15.822573285807332,39.906485618923575,12.38201438107644
20180315,LCAM3,LOCAMERICA,32.78,32.78,32.08,32.78,686497.0,29.305500000000006,26.346250000000005,2.735350405725958,3.5876409558657176,33.521531911731444,19.17096808826857,37.10917286759716,15.583327132402852,40.696813823462875,11.995686176537134
20180316,LCAM3,LOCAMERICA,32.69,33.05,32.32,32.43,1258434.0,29.705000000000002,26.559500000000003,2.5655419043854626,3.690543667822197,33.940587335644395,19.17841266435561,37.63113100346659,15.487868996533413,41.32167467128879,11.797325328711215
20180319,LCAM3,LOCAMERICA,32.43,32.57,31.05,31.85,2020872.0,30.052500000000002,26.765500000000003,2.341344361911019,3.751159786464673,34.26781957292935,19.263180427070658,38.018979359394024,15.512020640605984,41.77013914585869,11.760860854141312
20180320,LCAM3,LOCAMERICA,31.68,32.18,30.81,30.81,2384260.0,30.3435,26.965750000000003,2.0184315823508756,3.7478389585165344,34.46142791703307,19.470072082966936,38.2092668755496,15.722233124450401,41.95710583406614,11.974394165933866
20180321,LCAM3,LOCAMERICA,30.9,32.79,30.52,31.25,2937306.0,30.645999999999997,27.172000000000004,1.6212938303128153,3.751005472041062,34.67401094408213,19.66998905591788,38.42501641612319,15.918983583876818,42.17602188816425,12.167978111835756
20180322,LCAM3,LOCAMERICA,31.26,31.5,30.87,31.48,1956711.0,30.861,27.404000000000003,1.408642123315507,3.72247766950991,34.848955339019824,19.959044660980183,38.57143300852974,16.236566991470273,42.293910678039644,12.514089321960363
20180323,LCAM3,LOCAMERICA,31.6,32.0,31.1,31.49,1977122.0,31.0105,27.659000000000002,1.2993013304727634,3.641393646985673,34.941787293971345,20.376212706028657,38.58318094095702,16.734819059042984,42.2245745879427,13.09342541205731
20180326,LCAM3,LOCAMERICA,31.45,31.73,31.0,31.0,2085555.0,31.064500000000002,27.843,1.273786212748963,3.6189878171268752,35.08097563425375,20.60502436574625,38.699963451380626,16.986036548619374,42.318951268507504,13.367048731492499
20180327,LCAM3,LOCAMERICA,32.1,32.75,30.0,30.0,3887562.0,31.089000000000006,28.0105,1.2467384818417757,3.5578637713359034,35.126227542671806,20.894772457328195,38.68409131400771,17.33690868599229,42.24195508534361,13.779044914656387
20180328,LCAM3,LOCAMERICA,30.0,30.4,29.0,30.0,3902251.0,31.129,28.178250000000002,1.1946895654916423,3.487070541520257,35.15239108304051,21.204108916959488,38.639461624560774,17.71703837543923,42.126532166081034,14.229967833918973
20180329,LCAM3,LOCAMERICA,30.0,30.88,30.0,30.01,1870458.0,31.169,28.3565,1.1391589695449045,3.390180806009586,35.136861612019175,21.576138387980826,38.527042418028756,18.18595758197124,41.917223224038345,14.795776775961656
20180402,LCAM3,LOCAMERICA,30.01,30.5,28.95,28.95,2043764.0,31.126500000000004,28.486250000000002,1.2067715739023768,3.3080737965755316,35.10239759315107,21.87010240684894,38.410471389726595,18.56202861027341,41.71854518630213,15.253954813697876
20180403,LCAM3,LOCAMERICA,28.95,29.44,27.62,28.5,2988329.0,31.057500000000005,28.597500000000004,1.31627814609778,3.228937866170492,35.05537573234099,22.13962426765902,38.28431359851148,18.910686401488526,41.51325146468197,15.681748535318036
20180404,LCAM3,LOCAMERICA,28.45,29.35,27.04,29.35,2543785.0,31.03000000000001,28.73125,1.3471177809639903,3.1432844063136036,35.017818812627205,22.444681187372794,38.16110321894081,19.30139678105919,41.304387625254414,16.158112374745585
20180405,LCAM3,LOCAMERICA,29.62,31.31,29.62,31.31,3592525.0,31.100500000000004,28.924,1.3215201573625959,3.055735926300234,35.035471852600466,22.812528147399533,38.0912077789007,19.756792221099296,41.14694370520094,16.701056294799063
20180406,LCAM3,LOCAMERICA,31.29,31.29,30.05,30.86,1017990.0,31.118500000000004,29.106749999999998,1.315347762700791,2.9425946927228903,34.991939385445775,23.221560614554217,37.93453407816867,20.27896592183133,40.87712877089156,17.336371229108437
20180409,LCAM3,LOCAMERICA,30.55,30.6,29.7,29.7,1302409.0,31.000000000000007,29.266750000000002,1.331769697175777,2.788737778536338,34.844225557072676,23.689274442927328,37.63296333560902,20.900536664390987,40.42170111414535,18.11179888585465
20180410,LCAM3,LOCAMERICA,29.7,29.95,29.15,29.3,586092.0,30.816000000000003,29.4155,1.2975904795548752,2.6185403548052264,34.652580709610454,24.17841929038955,37.27112106441568,21.559878935584322,39.88966141922091,18.941338580779096
20180411,LCAM3,LOCAMERICA,29.48,29.95,29.38,29.93,555456.0,30.6875,29.568750000000005,1.2483668278362636,2.455787708502235,34.48032541700447,24.657174582995534,36.93611312550671,22.201386874493302,39.39190083400894,19.745599165991067
20180412,LCAM3,LOCAMERICA,30.1,30.6,29.96,30.28,4820937.0,30.564,29.718250000000005,1.152048061862861,2.3041599921078952,34.326569984215794,25.109930015784215,36.63072997632369,22.805770023676317,38.934889968431584,20.501610031568426
20180413,LCAM3,LOCAMERICA,30.46,30.61,29.61,30.61,680059.0,30.4555,29.880500000000005,1.0278514893749946,2.121071270215411,34.122642540430824,25.638357459569182,36.24371381064624,23.517286189353772,38.36478508086165,21.39621491913836
20180416,LCAM3,LOCAMERICA,31.1,31.14,30.19,31.0,995439.0,30.384000000000004,30.044500000000006,0.9281753464104072,1.9350822549269617,33.91466450985393,26.174335490146085,35.84974676478089,24.23925323521912,37.78482901970786,22.30417098029216
20180417,LCAM3,LOCAMERICA,31.2,31.69,30.71,31.16,737780.0,30.3495,30.201000000000004,0.8825171833722205,1.7529166902841675,33.70683338056834,26.695166619431667,35.45975007085251,24.9422499291475,37.212666761136674,23.189333238863334
20180418,LCAM3,LOCAMERICA,31.5,31.58,30.71,30.78,905172.0,30.348000000000003,30.345750000000002,0.8817184178755267,1.5373852052204235,33.42052041044085,27.270979589559154,34.957905615661275,25.73359438433873,36.4952908208817,24.19620917911831
20180419,LCAM3,LOCAMERICA,30.96,30.96,29.99,30.1,904233.0,30.2905,30.46825,0.8569497620845176,1.2925821652204654,33.05341433044093,27.88308566955907,34.345996495661396,26.590503504338606,35.63857866088186,25.29792133911814
20180420,LCAM3,LOCAMERICA,30.0,30.4,29.37,30.4,4034271.0,30.2365,30.548750000000002,0.810836312899008,1.1777078726633377,32.90416574532668,28.193334254673328,34.08187361799001,27.01562638200999,35.25958149065335,25.83791850934665
20180423,LCAM3,LOCAMERICA,30.36,30.6,29.91,30.39,1714755.0,30.1815,30.596000000000004,0.7568443836433623,1.1303659493664209,32.856731898732846,28.33526810126716,33.98709784809927,27.20490215190074,35.11746379746569,26.07453620253432
20180424,LCAM3,LOCAMERICA,30.25,30.89,30.18,30.5,3685496.0,30.1565,30.610500000000002,0.736365720063122,1.1251802134859923,32.86086042697199,28.360139573028018,33.98604064045798,27.234959359542025,35.11122085394397,26.109779146056034
20180425,LCAM3,LOCAMERICA,30.68,30.68,30.05,30.4,1458744.0,30.176499999999997,30.632750000000005,0.7373228600822501,1.111577736419021,32.855905472838046,28.409594527161964,33.96748320925707,27.298016790742942,35.07906094567609,26.18643905432392
20180426,LCAM3,LOCAMERICA,30.39,30.4,30.01,30.2,1367436.0,30.186500000000002,30.657750000000004,0.7361584140157506,1.0895552786013543,32.83686055720271,28.478639442797295,33.926415835804065,27.389084164195943,35.01597111440542,26.299528885594587
20180427,LCAM3,LOCAMERICA,30.37,30.38,29.9,30.11,2190943.0,30.1915,30.68025,0.7352355512278654,1.0679707272949215,32.81619145458984,28.544308545410157,33.88416218188477,27.476337818115237,34.95213290917969,26.408367090820313
20180430,LCAM3,LOCAMERICA,30.48,30.48,29.5,30.4,1745897.0,30.264,30.695250000000005,0.6754289085656497,1.0594700840392937,32.81419016807859,28.576309831921417,33.87366025211789,27.516839747882123,34.93313033615718,26.45736966384283
20180502,LCAM3,LOCAMERICA,29.96,30.7,29.96,30.3,4742921.0,30.353999999999996,30.705750000000002,0.5328908251966962,1.0532462334160027,32.812242466832004,28.599257533167997,33.86548870024801,27.546011299751996,34.91873493366401,26.49276506633599
20180503,LCAM3,LOCAMERICA,30.41,30.49,29.68,29.68,2402019.0,30.370499999999993,30.70025,0.5045213990557106,1.0581248229890035,32.816499645978006,28.584000354021995,33.87462446896701,27.52587553103299,34.932749291956014,26.467750708043987
20180504,LCAM3,LOCAMERICA,29.81,29.84,27.6,28.0,3471636.0,30.204999999999995,30.652749999999997,0.6892062558898929,1.1348353263573476,32.92242065271469,28.383079347285303,34.05725597907204,27.248244020927956,35.192091305429386,26.11340869457061
20180507,LCAM3,LOCAMERICA,27.82,29.0,27.82,29.0,1264855.0,30.111999999999995,30.615249999999996,0.7209321451389217,1.1644102446941063,32.94407048938821,28.286429510611782,34.10848073408231,27.12201926591768,35.272890978776424,25.957609021223572
20180508,LCAM3,LOCAMERICA,29.37,30.18,27.78,28.1,3036808.0,30.031999999999993,30.516,0.8468368388177371,1.2056954584228181,32.92739091684563,28.10460908315436,34.133086375268455,26.898913624731545,35.33878183369127,25.693218166308725
20180509,LCAM3,LOCAMERICA,28.16,29.34,27.75,28.41,1908930.0,29.987499999999994,30.40175,0.9084682018012965,1.1825242177819861,32.76679843556397,28.03670156443603,33.94932265334596,26.85417734665404,35.13184687112795,25.671653128872055
20180510,LCAM3,LOCAMERICA,28.8,28.96,28.2,28.7,2521376.0,29.926,30.30675,0.953102413451035,1.162098869309817,32.63094773861963,27.982552261380366,33.793046607929455,26.82045339207055,34.95514547723927,25.65835452276073
20180511,LCAM3,LOCAMERICA,28.57,28.57,25.8,27.86,8292825.0,29.805,30.184499999999996,1.0540623171430263,1.1556748500223732,32.495849700044744,27.87315029995525,33.651524550067116,26.717475449932877,34.80719940008949,25.561800599910505
20180514,LCAM3,LOCAMERICA,28.0,28.0,25.6,25.6,4921623.0,29.5545,30.004999999999995,1.3933846523747704,1.291788662559719,32.58857732511943,27.421422674880557,33.880365987679156,26.12963401232084,35.17215465023887,24.837845349761118
20180515,LCAM3,LOCAMERICA,25.61,26.98,24.62,26.0,3778346.0,29.3045,29.844249999999995,1.5590802788148381,1.379388358508808,32.60302671701761,27.085473282982377,33.98241507552642,25.706084924473572,35.361803434035224,24.326696565964763
20180516,LCAM3,LOCAMERICA,26.05,26.49,24.7,25.5,1855559.0,29.021500000000003,29.685499999999998,1.7108547417499544,1.5025379384262274,32.69057587685245,26.680424123147542,34.19311381527868,25.177886184721316,35.69565175370491,23.675348246295087
20180517,LCAM3,LOCAMERICA,25.65,26.07,23.59,24.18,4017189.0,28.6915,29.51975,1.9706164544441935,1.7245906054510844,32.96893121090217,26.07056878909783,34.693521816353254,24.345978183646743,36.41811242180434,22.62138757819566
20180518,LCAM3,LOCAMERICA,23.71,24.0,23.22,24.0,3543476.0,28.3865,29.3385,2.199869075051585,1.9091823326982318,33.15686466539646,25.520135334603538,35.06604699809469,23.610953001905305,36.97522933079293,21.70177066920707
20180521,LCAM3,LOCAMERICA,24.7,24.7,23.32,24.46,1334545.0,28.089500000000005,29.163,2.3118470059559026,2.0263383674715003,33.215676734943,25.110323265056998,35.2420151024145,23.0839848975855,37.268353469886,21.057646530114
20180522,LCAM3,LOCAMERICA,24.97,24.97,23.83,24.46,2589324.0,27.793000000000006,28.98725,2.3805220568517735,2.1219463579821554,33.23114271596431,24.74335728403569,35.353089073946464,22.621410926053535,37.47503543192862,20.499464568071378
20180523,LCAM3,LOCAMERICA,24.46,25.24,24.01,24.55,3214491.0,27.495500000000003,28.826,2.396158054271992,2.208384721221139,33.24276944244228,24.409230557557724,35.45115416366342,22.200845836336583,37.659538884884554,19.992461115115447
20180524,LCAM3,LOCAMERICA,24.44,25.09,23.78,25.0,1204553.0,27.225500000000004,28.701,2.3555454726419778,2.280556387353167,33.26211277470634,24.139887225293666,35.542669162059504,21.859330837940497,37.82322554941267,19.578774450587332
20180525,LCAM3,LOCAMERICA,25.26,25.4,24.46,24.94,1409373.0,26.962500000000006,28.5745,2.298921657967839,2.3460506366537546,33.26660127330751,23.882398726692493,35.612651909961265,21.536348090038736,37.958702546615015,19.190297453384982
20180528,LCAM3,LOCAMERICA,24.32,24.79,23.28,23.4,1523083.0,26.627000000000002,28.409250000000004,2.3050199222794543,2.4717723190932848,33.35279463818657,23.465705361813434,35.824566957279856,20.99393304272015,38.296339276373146,18.522160723626865
20180529,LCAM3,LOCAMERICA,23.58,24.07,23.0,23.35,2504445.0,26.274500000000007,28.26925,2.2356830464559256,2.5958362987182935,33.460922597436586,23.077577402563414,36.05675889615488,20.481741103845117,38.65259519487317,17.885904805126827
20180530,LCAM3,LOCAMERICA,23.12,24.28,23.1,24.28,4684693.0,25.97350000000001,28.16375,2.063832089763304,2.67088738494846,33.50552476989692,22.82197523010308,36.17641215484538,20.15108784515462,38.84729953979384,17.480200460206163
20180601,LCAM3,LOCAMERICA,23.92,24.49,23.5,24.0,2694367.0,25.68950000000001,28.03,1.9121783527253697,2.742944328589899,33.5158886571798,22.5441113428202,36.2588329857697,19.801167014230305,39.0017773143596,17.058222685640406
20180604,LCAM3,LOCAMERICA,24.09,26.14,24.09,25.7,2486395.0,25.57450000000001,27.889750000000003,1.8334508016593178,2.714206204493815,33.31816240898763,22.461337591012374,36.03236861348145,19.747131386518557,38.746574817975265,17.03292518202474
20180605,LCAM3,LOCAMERICA,25.75,26.45,23.8,24.5,2750586.0,25.349500000000013,27.730750000000008,1.6587454834745763,2.7220207308127287,33.17479146162547,22.28670853837455,35.89681219243819,19.56468780756182,38.61883292325092,16.842667076749095
20180606,LCAM3,LOCAMERICA,24.5,24.8,23.92,24.8,1679959.0,25.184500000000007,27.608250000000005,1.52986918945446,2.7413153192376614,33.090880638475326,22.125619361524684,35.83219595771299,19.38430404228702,38.573511276950654,16.64298872304936
20180607,LCAM3,LOCAMERICA,24.75,24.75,22.5,23.4,6732186.0,24.934000000000005,27.460750000000008,1.3764003395585125,2.8059217485479286,33.072593497095866,21.84890650290415,35.8785152456438,19.042984754356223,38.68443699419172,16.237063005808295
20180608,LCAM3,LOCAMERICA,23.52,23.55,21.8,22.25,6169892.0,24.611500000000003,27.268750000000004,1.1906666642109014,2.8940028064239423,33.05675561284789,21.48074438715212,35.950758419271835,18.586741580728177,38.84476122569578,15.692738774304235
20180611,LCAM3,LOCAMERICA,22.26,23.31,22.26,23.31,1055035.0,24.384000000000004,27.094500000000004,0.9470752762834285,2.9177809886000374,32.930061977200076,21.258938022799928,35.84784296580011,18.34115703419989,38.765623954400155,15.423376045599854
20180612,LCAM3,LOCAMERICA,23.31,23.31,22.51,22.65,2254066.0,24.2365,26.89550000000001,0.9769731720714422,2.943202468270011,32.78190493654003,21.009095063459988,35.725107404810046,18.065892595189975,38.668309873080055,15.122690126919965
20180613,LCAM3,LOCAMERICA,22.6,23.62,22.41,23.62,1576485.0,24.1175,26.711000000000006,0.89212858997602,2.910439036402464,32.531878072804936,20.89012192719508,35.442317109207394,17.979682890792613,38.35275614560986,15.06924385439015
20180614,LCAM3,LOCAMERICA,23.34,23.86,22.32,22.6,2636114.0,23.972500000000004,26.497000000000003,0.8912727445979317,2.8895498717859813,32.27609974357197,20.71790025642804,35.16564961535795,17.828350384642057,38.05519948714393,14.938800512856078
20180615,LCAM3,LOCAMERICA,22.73,22.94,22.0,22.2,2293555.0,23.8735,26.282500000000006,0.9732110443485936,2.881907087596404,32.04631417519281,20.5186858248072,34.92822126278922,17.636778737210793,37.810128350385625,14.75487164961439
20180618,LCAM3,LOCAMERICA,22.3,22.32,21.34,22.02,3015044.0,23.7745,26.080500000000008,1.0567849704098689,2.8906284916818703,31.861756983363748,20.299243016636268,34.75238547504562,17.408614524954395,37.64301396672749,14.517986033272527
20180619,LCAM3,LOCAMERICA,22.01,22.7,21.8,22.11,1645501.0,23.657000000000004,25.873250000000002,1.1060508220930048,2.8701035338244725,31.613457067648948,20.133042932351056,34.48356060147342,17.262939398526584,37.35366413529789,14.392835864702112
20180620,LCAM3,LOCAMERICA,22.49,23.2,22.2,23.2,1375583.0,23.594,25.6935,1.0937208341975917,2.80436980443021,31.30223960886042,20.084760391139582,34.10660941329063,17.28039058670937,36.910979217720836,14.47602078227916
20180621,LCAM3,LOCAMERICA,23.49,23.64,22.73,22.76,1434197.0,23.5045,25.5,1.084573527632907,2.7302690766239808,30.96053815324796,20.03946184675204,33.69080722987194,17.309192770128057,36.42107630649592,14.578923693504077
20180622,LCAM3,LOCAMERICA,23.0,23.21,22.19,22.52,1544560.0,23.3805,25.303,1.0456651119339186,2.6507785020002337,30.60455700400047,20.001442995999533,33.255335506000705,17.3506644939993,35.906114008000934,14.699885991999066
20180625,LCAM3,LOCAMERICA,22.76,22.87,22.26,22.82,1310082.0,23.2745,25.1185,0.9849470998351497,2.5563471033528393,30.23119420670568,20.00580579329432,32.787541310058515,17.449458689941483,35.34388841341136,14.893111586588644
20180626,LCAM3,LOCAMERICA,23.0,23.82,22.82,23.05,1472160.0,23.257,24.942,0.9857089353674069,2.4441402452521994,29.8302804905044,20.0537195094956,32.2744207357566,17.6095792642434,34.7185609810088,15.165439018991203
20180627,LCAM3,LOCAMERICA,22.48,23.75,22.48,23.3,1119418.0,23.2545,24.764499999999998,0.9855240390670011,2.290589387819146,29.34567877563829,20.183321224361706,31.636268163457437,17.89273183654256,33.92685755127658,15.602142448723415
20180628,LCAM3,LOCAMERICA,23.04,23.56,23.02,23.21,741895.0,23.201,24.58725,0.9555097840254756,2.119162857816423,28.825575715632848,20.348924284367154,30.94473857344927,18.22976142655073,33.06390143126569,16.11059856873431
20180629,LCAM3,LOCAMERICA,23.03,23.74,23.03,23.5,1171850.0,23.176,24.432750000000002,0.9399182495246403,1.957460400097195,28.347670800194393,20.51782919980561,30.305131200291587,18.560368799708417,32.26259160038878,16.602908399611223
20180702,LCAM3,LOCAMERICA,23.35,23.58,23.22,23.5,336270.0,23.066,24.32025,0.7354869493278402,1.874750564605098,28.069751129210196,20.570748870789807,29.944501693815297,18.695998306184705,31.81925225842039,16.82124774157961
20180703,LCAM3,LOCAMERICA,23.7,23.7,22.45,22.45,1273109.0,22.9635,24.1565,0.6645479270665271,1.7364723302851994,27.6294446605704,20.683555339429603,29.3659169908556,18.947083009144404,31.102389321140798,17.210610678859204
20180704,LCAM3,LOCAMERICA,22.45,22.95,22.43,22.95,502508.0,22.871,24.027750000000005,0.5050888405440217,1.6238565799687024,27.27546315993741,20.7800368400626,28.89931973990611,19.156180260093898,30.523176319874814,17.532323680125195
20180705,LCAM3,LOCAMERICA,23.15,23.35,22.41,23.35,1790516.0,22.8685,23.901250000000005,0.5024495261374904,1.4628268865453495,26.826903773090702,20.975596226909307,28.289730659636053,19.512769340363956,29.752557546181404,18.049942453818606
20180706,LCAM3,LOCAMERICA,23.05,23.49,22.97,23.49,610938.0,22.930500000000002,23.771000000000004,0.49860304852657844,1.23949079702005,26.249981594040104,21.292018405959904,27.489472391060154,20.052527608939855,28.728963188080204,18.813036811919805
20180710,LCAM3,LOCAMERICA,23.75,23.8,23.24,23.8,3952807.0,22.955000000000002,23.669500000000003,0.5293242961798682,1.047414276524161,25.764328553048326,21.57467144695168,26.811742829572488,20.527257170427518,27.859157106096646,19.47984289390336
20180711,LCAM3,LOCAMERICA,23.76,24.8,23.56,24.8,1803414.0,23.062500000000004,23.6495,0.6650435284527141,1.0167972593721089,25.683094518744216,21.615905481255783,26.699891778116324,20.599108221883675,27.716689037488436,19.582310962511563
20180712,LCAM3,LOCAMERICA,24.6,26.45,24.42,26.02,2827181.0,23.1825,23.65,0.9333407737798616,1.0179869527147196,25.68597390542944,21.61402609457056,26.703960858144157,20.59603914185584,27.72194781085888,19.57805218914112
20180713,LCAM3,LOCAMERICA,26.0,26.3,25.19,25.43,2574571.0,23.324,23.648249999999997,1.0478770518479061,1.0147802275647546,25.677810455129507,21.618689544870488,26.69259068269426,20.603909317305735,27.707370910259016,19.58912908974098
20180716,LCAM3,LOCAMERICA,25.11,26.09,25.0,25.31,1915110.0,23.4795,23.676499999999997,1.1016756376203913,1.045234730108795,25.766969460217588,21.586030539782406,26.812204190326383,20.54079580967361,27.85743892043518,19.495561079564816
20180717,LCAM3,LOCAMERICA,25.3,25.89,24.68,25.04,2009241.0,23.630500000000005,23.702499999999997,1.0980627678348986,1.0662124433521392,25.834924886704275,21.57007511329572,26.901137330056414,20.50386266994358,27.967349773408554,19.43765022659144
20180718,LCAM3,LOCAMERICA,25.18,25.18,23.9,24.83,3467904.0,23.7665,23.71175,1.0678570523298037,1.0745252678657748,25.86080053573155,21.562699464268448,26.935325803597323,20.488174196402674,28.009851071463096,19.4136489285369
20180719,LCAM3,LOCAMERICA,24.88,25.72,24.18,25.29,1391296.0,23.871000000000002,23.732499999999995,1.1108976929539887,1.0971215251856126,25.92674305037122,21.53825694962877,27.023864575556832,20.441135424443157,28.120986100742446,19.344013899257543
20180720,LCAM3,LOCAMERICA,25.32,25.9,25.32,25.59,1779645.0,24.012500000000003,23.758499999999998,1.1417432424056257,1.1288558991410749,26.016211798282146,21.50078820171785,27.145067697423222,20.371932302576774,28.2739235965643,19.243076403435698
20180723,LCAM3,LOCAMERICA,25.81,25.9,25.45,25.9,1102864.0,24.181500000000003,23.781,1.1592160463456418,1.1626975707489906,26.10639514149798,21.455604858502017,27.26909271224697,20.292907287753028,28.431790282995962,19.130209717004035
20180724,LCAM3,LOCAMERICA,26.0,27.7,26.0,27.2,3851061.0,24.4005,23.8375,1.2943255711800166,1.2703860709369934,26.378272141873985,21.29672785812601,27.64865821281098,20.02634178718902,28.919044283747972,18.755955716252025
20180725,LCAM3,LOCAMERICA,27.2,28.0,27.2,27.66,1933867.0,24.631000000000004,23.943999999999996,1.4430993692305543,1.4042769834166646,26.752553966833325,21.135446033166666,28.15683095024999,19.73116904975,29.561107933666655,18.326892066333336
20180726,LCAM3,LOCAMERICA,27.42,28.2,27.39,28.1,2469199.0,24.871000000000002,24.062749999999998,1.6006344136984312,1.5464035820126318,27.15555716402526,20.969942835974734,28.701960746037894,19.4235392539621,30.248364328050524,17.87713567194947
20180727,LCAM3,LOCAMERICA,28.14,28.5,27.75,28.11,2942146.0,25.116,24.158499999999997,1.704641959628543,1.673546135207101,27.505592270414198,20.811407729585795,29.179138405621302,19.13786159437869,30.8526845408284,17.464315459171594
20180730,LCAM3,LOCAMERICA,28.11,29.0,27.12,27.7,1664118.0,25.326,24.250999999999998,1.7531007116714867,1.7643503925502626,27.779700785100523,20.722299214899472,29.544051177650786,18.95794882234921,31.30840157020105,17.193598429798946
20180731,LCAM3,LOCAMERICA,27.45,28.8,27.33,28.8,1951252.0,25.590999999999998,24.3285,1.8598780378802744,1.8930230198933429,28.114546039786685,20.54245396021331,30.007569059680026,18.64943094031997,31.90059207957337,16.756407920426625
20180801,LCAM3,LOCAMERICA,28.74,29.29,28.15,28.54,2634835.0,25.89549999999999,24.429499999999997,1.816591588662651,2.0067654162600554,28.443030832520108,20.415969167479886,30.449796248780164,18.40920375121983,32.45656166504022,16.402438334959776
20180802,LCAM3,LOCAMERICA,28.39,28.5,27.15,27.43,5823463.0,26.119499999999988,24.495249999999995,1.7071875147523183,2.061552797261664,28.618355594523322,20.372144405476668,30.679908391784988,18.310591608215002,32.74146118904665,16.249038810953337
20180803,LCAM3,LOCAMERICA,27.53,28.4,27.5,28.01,1720669.0,26.352499999999985,24.610499999999995,1.6253481408446746,2.12658743120617,28.863674862412335,20.357325137587654,30.990262293618507,18.230737706381483,33.116849724824675,16.104150275175314
20180806,LCAM3,LOCAMERICA,27.98,28.01,27.65,27.89,2303792.0,26.572499999999984,24.751499999999997,1.511279955952245,2.152878276121255,29.057256552242507,20.445743447757486,31.210134828363763,18.29286517163623,33.36301310448502,16.139986895514976
20180807,LCAM3,LOCAMERICA,27.99,28.5,27.66,28.07,2033409.0,26.78599999999999,24.8705,1.396225739552644,2.202146912819619,29.274793825639236,20.466206174360764,31.476940738458858,18.264059261541142,33.67908765127848,16.061912348721524
20180808,LCAM3,LOCAMERICA,28.31,28.85,27.87,28.85,1418403.0,26.988499999999995,25.0255,1.386689640076172,2.2593020819350054,29.54410416387001,20.506895836129992,31.803406245805018,18.247593754194984,34.062708327740026,15.98829167225998
20180809,LCAM3,LOCAMERICA,28.85,29.3,28.22,29.3,3013905.0,27.152499999999993,25.167499999999997,1.4582320766851626,2.345550889313409,29.858601778626813,20.47639822137318,32.20415266794022,18.13084733205977,34.549703557253636,15.785296442746361
20180810,LCAM3,LOCAMERICA,29.3,29.3,28.4,29.1,1737137.0,27.335999999999995,25.33,1.4609780429921222,2.38789146340984,30.10578292681968,20.554217073180318,32.493674390229515,18.166325609770478,34.88156585363936,15.778434146360638
20180813,LCAM3,LOCAMERICA,29.29,29.3,27.96,28.43,2856322.0,27.491999999999997,25.485749999999996,1.3984976901924098,2.3816702687884215,30.24909053757684,20.72240946242315,32.63076080636526,18.340739193634732,35.012431075153685,15.95906892484631
20180814,LCAM3,LOCAMERICA,30.0,30.5,28.89,29.05,10202221.0,27.692499999999995,25.661499999999997,1.3133159118088606,2.3787451443015915,30.41899028860318,20.904009711396814,32.79773543290477,18.52526456709522,35.17648057720636,16.14651942279363
20180815,LCAM3,LOCAMERICA,29.05,29.05,27.62,28.4,6282006.0,27.87099999999999,25.81875,1.1341720838520402,2.34562242300034,30.50999484600068,21.127505153999323,32.85561726900102,18.78188273099898,35.201239692001366,16.43626030799864
20180816,LCAM3,LOCAMERICA,28.15,28.62,27.85,27.87,1867967.0,27.999999999999993,25.935499999999998,0.9582385155228201,2.328091493047456,30.59168298609491,21.279317013905086,32.91977447914236,18.95122552085763,35.24786597218982,16.623134027810174
20180817,LCAM3,LOCAMERICA,28.0,28.36,27.17,27.98,4069216.0,28.119499999999995,26.065999999999995,0.7729946891625307,2.2915416376149498,30.649083275229895,21.482916724770096,32.94062491284485,19.191375087155144,35.232166550459795,16.899833449540196
20180820,LCAM3,LOCAMERICA,27.9,28.29,27.42,27.52,2741930.0,28.200499999999995,26.190999999999995,0.591825676680842,2.228661550727753,30.648323101455503,21.733676898544488,32.87698465218325,19.505015347816737,35.105646202911004,17.276353797088984
20180821,LCAM3,LOCAMERICA,27.5,27.85,25.1,25.35,12902591.0,28.107999999999993,26.254249999999995,0.8462959542057711,2.165545928089864,30.585341856179724,21.923158143820267,32.75088778426959,19.757612215730404,34.91643371235945,17.59206628764054
20180822,LCAM3,LOCAMERICA,25.0,25.89,24.8,25.29,1484536.0,27.989499999999992,26.310249999999996,1.0530080971347642,2.108779556508608,30.527809113017213,22.09269088698278,32.63658866952582,19.98391133047417,34.74536822603443,17.875131773965563
20180823,LCAM3,LOCAMERICA,25.5,26.5,25.23,26.0,2546641.0,27.884499999999992,26.37775,1.1423220810445307,2.0524125734838967,30.482575146967793,22.272924853032205,32.53498772045169,20.22051227954831,34.58740029393559,18.16809970606441
20180824,LCAM3,LOCAMERICA,26.12,26.84,25.98,26.22,1630556.0,27.789999999999992,26.452999999999996,1.1994340770809222,1.9874428874232206,30.427885774846438,22.478114225153554,32.41532866226966,20.490671337730333,34.40277154969288,18.503228450307112
20180827,LCAM3,LOCAMERICA,26.4,27.62,26.22,27.23,4201867.0,27.76649999999999,26.546249999999997,1.2058771649060744,1.932070348960733,30.410390697921464,22.68210930207853,32.34246104688219,20.750038953117798,34.27453139584293,18.817968604157066
20180828,LCAM3,LOCAMERICA,27.23,28.54,27.23,28.3,3416590.0,27.74149999999999,26.666249999999998,1.1883791482518564,1.886544375170404,30.439338750340806,22.89316124965919,32.32588312551121,21.006616874488785,34.21242750068161,19.120072499318383
20180829,LCAM3,LOCAMERICA,28.46,28.49,27.87,28.0,2078725.0,27.714499999999994,26.804999999999996,1.1753453020058304,1.7689269527322122,30.34285390546442,23.267146094535573,32.11178085819663,21.49821914180336,33.88070781092885,19.729292189071145
20180830,LCAM3,LOCAMERICA,27.95,28.32,27.34,28.32,2325384.0,27.758999999999997,26.939249999999994,1.1808422507060112,1.6698554942852906,30.278960988570574,23.599539011429414,31.948816482855868,21.92968351714412,33.618671977141155,20.259828022858834
20180831,LCAM3,LOCAMERICA,28.32,28.32,27.0,27.84,2765346.0,27.7505,27.051499999999994,1.1795515427928829,1.5703413804908621,30.19218276098172,23.910817239018268,31.762524141472582,22.340475858527405,33.33286552196344,20.770134478036546
20180903,LCAM3,LOCAMERICA,27.52,27.84,27.46,27.75,1020408.0,27.7435,27.157999999999994,1.179095438304884,1.463424505074031,30.084849010148055,24.231150989851933,31.548273515222085,22.767726484777903,33.011698020296116,21.30430197970387
20180904,LCAM3,LOCAMERICA,27.94,27.94,26.88,27.4,3236138.0,27.709999999999997,27.247999999999998,1.1788486800799007,1.3585554167985596,29.965110833597116,24.53088916640288,31.323666250395675,23.17233374960432,32.682221667194234,21.81377833280576
20180905,LCAM3,LOCAMERICA,27.49,27.97,27.12,27.82,1838257.0,27.658499999999997,27.323499999999996,1.148533504311531,1.3017513843536144,29.927002768707226,24.719997231292766,31.22875415306084,23.41824584693915,32.530505537414456,22.11649446258554
20180906,LCAM3,LOCAMERICA,27.84,27.85,27.17,27.85,1538102.0,27.586000000000002,27.369249999999994,1.0833787304927223,1.2868374820186457,29.942924964037285,24.795575035962703,31.22976244605593,23.50873755394406,32.51659992807458,22.22190007192541
20180910,LCAM3,LOCAMERICA,27.88,28.0,27.7,27.97,3114134.0,27.529500000000002,27.43274999999999,1.028332707782141,1.250856091458303,29.934462182916597,24.931037817083386,31.1853182743749,23.680181725625083,32.4361743658332,22.42932563416678
20180911,LCAM3,LOCAMERICA,27.82,27.97,27.38,27.76,3568107.0,27.496000000000002,27.493999999999993,1.008168741097506,1.2033282903509135,29.90065658070182,25.087343419298165,31.103984871052734,23.88401512894725,32.30731316140365,22.680686838596337
20180912,LCAM3,LOCAMERICA,27.8,27.8,27.2,27.2,3046669.0,27.403500000000008,27.547999999999995,0.9406955713165414,1.1370185935380113,29.822037187076017,25.273962812923973,30.95905578061403,24.13694421938596,32.09607437415204,22.99992562584795
20180913,LCAM3,LOCAMERICA,27.43,27.66,25.51,25.51,6564018.0,27.259000000000007,27.564999999999998,0.9996836341667662,1.0998135040040276,29.764627008008052,25.365372991991944,30.86444051201208,24.265559487987915,31.964254016016106,23.16574598398389
20180914,LCAM3,LOCAMERICA,25.54,26.6,24.53,26.15,5044318.0,27.17300000000001,27.5865,1.0181670837962393,1.061954052799029,29.71040810559806,25.462591894401942,30.772362158397087,24.400637841602915,31.834316211196118,23.338683788803884
20180917,LCAM3,LOCAMERICA,26.15,27.0,25.75,27.0,2806511.0,27.124000000000006,27.621750000000002,1.0007176372351536,1.0164086789101978,29.654567357820397,25.588932642179607,30.670976036730597,24.572523963269408,31.687384715640793,23.556115284359212
20180918,LCAM3,LOCAMERICA,26.75,27.74,26.74,27.17,3154606.0,27.106500000000004,27.6535,0.9964794607965074,0.9804461307917353,29.614392261583472,25.69260773841653,30.594838392375205,24.712161607624797,31.575284523166943,23.73171547683306
20180919,LCAM3,LOCAMERICA,27.17,27.94,27.17,27.79,5299117.0,27.228500000000004,27.66825,0.9162467778358393,0.9778833434174047,29.62401668683481,25.71248331316519,30.601900030252214,24.734599969747787,31.57978337366962,23.75671662633038
20180920,LCAM3,LOCAMERICA,27.96,27.97,27.7,27.7,3094320.0,27.349000000000007,27.669249999999998,0.7988406072485865,0.9778951427715953,29.62504028554319,25.713459714456807,30.602935428314783,24.735564571685213,31.58083057108638,23.757669428913616
20180921,LCAM3,LOCAMERICA,27.93,27.94,26.87,27.4,47016003.0,27.419000000000004,27.651750000000003,0.7330390956758639,0.9762510382803488,29.6042520765607,25.699247923439305,30.58050311484105,24.722996885158956,31.5567541531214,23.746745846878607
20180924,LCAM3,LOCAMERICA,27.02,27.68,26.65,27.4,1426715.0,27.478,27.634000000000007,0.6767849693489468,0.9741578874820344,29.582315774964076,25.68568422503594,30.55647366244611,24.711526337553906,31.530631549928145,23.73736845007187
20180925,LCAM3,LOCAMERICA,27.2,27.22,26.7,26.84,892459.0,27.458500000000004,27.612500000000004,0.689799932856067,0.9821215915113014,29.576743183022607,25.6482568169774,30.55886477453391,24.6661352254661,31.54098636604521,23.684013633954798
20180926,LCAM3,LOCAMERICA,26.84,27.17,25.8,25.8,2455666.0,27.333500000000004,27.537500000000005,0.7529120658796655,1.003429376099976,29.544358752199958,25.53064124780005,30.547788128299935,24.527211871700075,31.551217504399908,23.523782495600102
20180927,LCAM3,LOCAMERICA,26.03,27.18,25.82,26.67,2176110.0,27.267000000000003,27.49075000000001,0.7496743152510882,0.9990774911553207,29.48890498231065,25.492595017689368,30.487982473465973,24.493517526534045,31.48705996462129,23.494440035378727
20180928,LCAM3,LOCAMERICA,26.72,27.09,26.0,26.9,1568828.0,27.195999999999998,27.47750000000001,0.7109400744602218,1.0034089331769798,29.48431786635397,25.47068213364605,30.48772679953095,24.46727320046907,31.491135732707928,23.46386426729209
20181001,LCAM3,LOCAMERICA,27.11,27.14,25.89,26.51,2180204.0,27.129499999999997,27.44000000000001,0.7097329000923573,1.0109984909572458,29.4619969819145,25.418003018085518,30.472995472871744,24.407004527128272,31.483993963828993,23.396006036171023
20181002,LCAM3,LOCAMERICA,27.0,27.29,26.72,27.18,4530135.0,27.100999999999992,27.42225000000001,0.6947919037190263,1.0091262722440701,29.440502544488147,25.40399745551187,30.44962881673222,24.3948711832678,31.45875508897629,23.38574491102373
20181003,LCAM3,LOCAMERICA,27.37,28.25,26.91,26.91,7363320.0,27.076499999999992,27.393250000000013,0.6923284511056521,1.0066990676564642,29.406648135312942,25.379851864687083,30.413347202969405,24.37315279703062,31.420046270625868,23.366453729374157
20181004,LCAM3,LOCAMERICA,26.91,27.16,26.26,26.87,1973135.0,27.02899999999999,27.34375000000001,0.6708902177035766,0.9815991335439546,29.30694826708792,25.380551732912103,30.288547400631874,24.398952599368148,31.27014653417583,23.417353465824192
20181005,LCAM3,LOCAMERICA,26.89,26.89,26.31,26.85,2586893.0,26.978999999999992,27.28250000000001,0.6431738735200414,0.9315654043404515,29.145630808680913,25.419369191319106,30.077196213021363,24.487803786978656,31.008761617361817,23.556238382638202
20181008,LCAM3,LOCAMERICA,27.6,28.3,27.59,28.2,11176988.0,26.99049999999999,27.260000000000012,0.6635587865123341,0.8967605517524588,29.05352110350493,25.466478896495094,29.95028165525739,24.569718344742636,30.84704220700985,23.672957792990175
20181009,LCAM3,LOCAMERICA,28.2,29.2,28.2,28.84,7601869.0,27.044499999999992,27.27025000000001,0.765578384724726,0.9126784686730447,29.0956069373461,25.44489306265392,30.008285406019144,24.53221459398088,30.92096387469219,23.61953612530783
20181010,LCAM3,LOCAMERICA,28.8,29.0,27.81,28.0,3188805.0,27.08449999999999,27.24400000000001,0.7944841093438084,0.8744780128005978,28.992956025601206,25.495043974398815,29.867434038401804,24.620565961598217,30.7419120512024,23.74608794879762
20181011,LCAM3,LOCAMERICA,27.96,28.38,27.35,27.88,2548759.0,27.202999999999992,27.231000000000012,0.7205925923920876,0.8606074181675502,28.952214836335113,25.509785163664912,29.812822254502663,24.64917774549736,30.673429672670213,23.78857032732981
20181015,LCAM3,LOCAMERICA,27.5,28.47,27.5,28.24,2626637.0,27.307499999999994,27.240250000000014,0.7113358448794406,0.8695931483111119,28.97943629662224,25.50106370337779,29.84902944493335,24.631470555066677,30.71862259324446,23.761877406755566
20181016,LCAM3,LOCAMERICA,28.25,28.43,27.96,28.1,4179305.0,27.362499999999994,27.24325000000001,0.7286243346556934,0.872413062305889,28.988076124611787,25.498423875388234,29.860489186917675,24.626010813082345,30.732902249223567,23.753597750776454
20181017,LCAM3,LOCAMERICA,28.12,28.5,28.0,28.0,2108240.0,27.403999999999996,27.25525000000001,0.7406213607504307,0.8795890284526325,29.014428056905277,25.496071943094744,29.89401708535791,24.616482914642113,30.77360611381054,23.73689388618948
20181018,LCAM3,LOCAMERICA,27.96,28.27,27.82,28.2,2766773.0,27.424500000000002,27.326500000000017,0.7573532513749711,0.8356313443077799,28.997762688615577,25.655237311384457,29.83339403292336,24.819605967076676,30.669025377231137,23.983974622768898
20181019,LCAM3,LOCAMERICA,28.19,28.2,27.82,28.2,5504166.0,27.4495,27.399250000000016,0.7749735139785356,0.7785074065486866,28.95626481309739,25.84223518690264,29.734772219646075,25.063727780353958,30.513279626194763,24.28522037380527
20181022,LCAM3,LOCAMERICA,28.31,28.78,28.06,28.5,2265265.0,27.5045,27.461750000000016,0.8095383674791892,0.7635003316372129,28.98875066327444,25.93474933672559,29.752250994911655,25.171249005088377,30.515751326548866,24.407748673451167
20181023,LCAM3,LOCAMERICA,28.27,30.16,28.19,29.8,4383242.0,27.6245,27.551250000000017,0.9575762990074831,0.8218090972406957,29.19486819448141,25.907631805518626,30.016677291722104,25.08582270827793,30.8384863889628,24.264013611037235
20181024,LCAM3,LOCAMERICA,30.0,30.13,29.41,29.48,2581069.0,27.7565,27.607500000000016,1.023437319706603,0.8745658263477125,29.35663165269544,25.85836834730459,30.231197479043153,24.98380252095688,31.105763305390866,24.109236694609166
20181025,LCAM3,LOCAMERICA,29.48,29.98,28.43,28.78,2602112.0,27.9055,27.619500000000016,0.9368675410502253,0.8875086131759008,29.39451722635182,25.844482773648213,30.28202583952772,24.956974160472313,31.16953445270362,24.069465547296414
20181026,LCAM3,LOCAMERICA,28.65,29.34,28.58,29.0,2668727.0,28.022000000000002,27.644500000000015,0.9198604013080172,0.9122413929296511,29.468982785859318,25.820017214140712,30.38122417878897,24.90777582121106,31.29346557171862,23.99553442828141
20181029,LCAM3,LOCAMERICA,29.7,30.8,29.33,30.8,4236804.0,28.217000000000002,27.706500000000016,1.0705291362586786,1.0353038696749721,29.77710773934996,25.63589226065007,30.812411609024934,24.600588390975098,31.847715478699904,23.56528452130013
20181030,LCAM3,LOCAMERICA,30.74,31.85,30.64,30.91,5161636.0,28.437,27.78325000000002,1.1504008454721162,1.1526032686365513,30.088456537273125,25.478043462726916,31.241059805909675,24.325440194090366,32.393663074546225,23.172836925453815
20181031,LCAM3,LOCAMERICA,30.82,31.43,30.33,30.71,2780365.0,28.613500000000005,27.857250000000022,1.2163027453807922,1.2419690476756977,30.341188095351416,25.373311904648627,31.583157143027115,24.13134285697293,32.82512619070281,22.889373809297233
20181101,LCAM3,LOCAMERICA,30.72,32.19,30.57,32.19,3520192.0,28.877500000000005,27.97700000000002,1.387993155602646,1.4155459216889128,30.80809184337785,25.145908156622195,32.22363776506676,23.73036223493328,33.63918368675567,22.31481631324437
20181105,LCAM3,LOCAMERICA,32.5,32.99,31.65,32.99,4433554.0,29.183500000000002,28.106250000000024,1.5830326491961044,1.6218408146932861,31.349931629386596,24.862568370613452,32.97177244407988,23.240727555920166,34.59361325877317,21.61888674122688
20181106,LCAM3,LOCAMERICA,32.8,32.9,31.0,31.0,9731164.0,29.391000000000002,28.185000000000024,1.5322357246159133,1.6843502894100586,31.55370057882014,24.816299421179906,33.2380508682302,23.131949131769847,34.92240115764026,21.44759884235979
20181107,LCAM3,LOCAMERICA,31.5,32.35,31.17,31.41,3639205.0,29.551499999999997,28.271000000000026,1.5686040559077683,1.7592463421327724,31.78949268426557,24.75250731573448,33.548739026398344,22.993260973601707,35.307985368531114,21.234014631468938
20181108,LCAM3,LOCAMERICA,31.4,31.41,29.64,29.91,4071063.0,29.604999999999997,28.32475000000003,1.5612899525037771,1.7759980762001157,31.876746152400262,24.772753847599798,33.652744228600376,22.996755771399684,35.428742304800494,21.220757695199566
20181109,LCAM3,LOCAMERICA,29.95,30.41,29.32,29.55,5833255.0,29.682499999999994,28.383500000000026,1.515217111418893,1.7767061861193356,31.936912372238698,24.830087627761355,33.713618558358036,23.05338144164202,35.49032474447737,21.276675255522683
20181112,LCAM3,LOCAMERICA,30.22,30.49,29.63,30.3,2658053.0,29.803499999999993,28.503250000000026,1.4592942598536716,1.7390911087735523,31.98143221754713,25.025067782452922,33.72052332632068,23.285976673679368,35.45961443509424,21.546885564905818
20181113,LCAM3,LOCAMERICA,30.3,30.49,29.85,30.37,2327084.0,29.90999999999999,28.608750000000022,1.4162738361443863,1.7205756155187668,32.04990123103755,25.16759876896249,33.77047684655632,23.447023153443723,35.49105246207509,21.726447537924955
20181114,LCAM3,LOCAMERICA,30.4,30.9,29.63,29.67,4362511.0,29.988499999999988,28.67550000000002,1.3527565424560548,1.7083114320046506,32.09212286400932,25.25887713599072,33.800434296013975,23.55056570398607,35.508745728018624,21.842254271981417
20181116,LCAM3,LOCAMERICA,29.25,30.89,28.86,30.2,2358528.0,30.09849999999999,28.75125000000002,1.269431182189705,1.7070204773980422,32.165290954796106,25.337209045203934,33.872311432194145,23.630188567805895,35.57933190959219,21.923168090407852
20181119,LCAM3,LOCAMERICA,30.29,30.42,29.61,30.14,2237347.0,30.19549999999999,28.810000000000024,1.1882515904071091,1.7135164024713299,32.237032804942686,25.382967195057365,33.950549207414014,23.669450792586034,35.66406560988534,21.955934390114706
20181121,LCAM3,LOCAMERICA,30.12,30.15,29.08,29.25,4735137.0,30.247999999999983,28.848750000000024,1.116472829471066,1.705277159967704,32.25930431993543,25.438195680064617,33.96458147990314,23.732918520096913,35.66985863987084,22.02764136012921
20181122,LCAM3,LOCAMERICA,29.04,29.76,29.0,29.25,1954472.0,30.285499999999985,28.89500000000002,1.066131595511139,1.6899962069445607,32.274992413889144,25.5150075861109,33.9649886208337,23.82501137916634,35.654984827778264,22.135015172221777
20181123,LCAM3,LOCAMERICA,29.1,29.5,28.5,28.88,4417694.0,30.239499999999985,28.932000000000023,1.1072368405415307,1.6725371484126548,32.27707429682533,25.586925703174714,33.94961144523799,23.91438855476206,35.62214859365064,22.241851406349404
20181126,LCAM3,LOCAMERICA,28.88,29.41,28.5,28.99,2942255.0,30.214999999999986,28.985750000000024,1.130111778355888,1.6377687878830525,32.26128757576613,25.71021242423392,33.89905636364918,24.07244363635087,35.536825151532234,22.434674848467814
20181127,LCAM3,LOCAMERICA,29.0,29.89,28.22,28.8,4165884.0,30.215999999999987,29.060750000000024,1.1287832293877904,1.5547254477715786,32.17020089554318,25.951299104456865,33.72492634331476,24.396573656685288,35.27965179108634,22.84184820891371
20181128,LCAM3,LOCAMERICA,28.91,31.56,28.63,31.56,9006026.0,30.343999999999983,29.18300000000002,1.1287832293877882,1.5541708977737911,32.2913417955476,26.07465820445244,33.845512693321396,24.520487306678646,35.39968359109518,22.966316408904856
20181129,LCAM3,LOCAMERICA,31.49,32.9,31.0,32.0,10652451.0,30.403999999999986,29.31050000000002,1.1848002274422145,1.5711794524479625,32.45285890489595,26.168141095104094,34.024038357343905,24.596961642656133,35.59521780979187,23.02578219020817
20181130,LCAM3,LOCAMERICA,32.17,34.9,32.17,34.0,8572176.0,30.558499999999988,29.497750000000018,1.4302935841434297,1.67195339080533,32.84165678161068,26.15384321838936,34.51361017241601,24.481889827584027,36.185563563221336,22.8099364367787
20181203,LCAM3,LOCAMERICA,34.14,35.35,33.75,34.4,6957767.0,30.742999999999984,29.67825000000002,1.6689489286121186,1.8001323135129919,33.278514627026006,26.077985372974037,35.078646940538995,24.277853059461044,36.878779254051985,22.47772074594805
20181204,LCAM3,LOCAMERICA,34.5,36.92,34.35,36.8,10623042.0,30.97349999999998,29.925500000000017,2.133113057432545,2.0692460537038633,34.06399210740774,25.787007892592293,36.133238161111606,23.71776183888843,38.20248421481547,21.648515785184564
20181205,LCAM3,LOCAMERICA,37.01,38.73,35.0,35.99,17579820.0,31.12349999999998,30.15350000000002,2.3742284619373573,2.2208343892814613,34.59516877856294,25.711831221437095,36.8160031678444,23.490996832155634,39.036837557125864,21.270162442874174
20181206,LCAM3,LOCAMERICA,35.81,37.34,34.32,34.32,13024305.0,31.289499999999983,30.34025000000002,2.478895074317069,2.24980738491777,34.83986476983556,25.84063523016448,37.08967215475333,23.590827845246707,39.3394795396711,21.341020460328938
20181207,LCAM3,LOCAMERICA,34.74,36.45,34.04,35.0,8504076.0,31.468999999999983,30.51025000000002,2.614356920021231,2.3390788100205047,35.18840762004103,25.83209237995901,37.527486430061536,23.493013569938505,39.86656524008204,21.153934759918002
20181210,LCAM3,LOCAMERICA,35.0,36.19,34.83,34.83,4307122.0,31.714999999999986,30.660000000000018,2.69031303207007,2.4197573516833035,35.49951470336663,25.82048529663341,37.91927205504993,23.400727944950106,40.33902940673323,20.980970593266804
20181211,LCAM3,LOCAMERICA,35.35,36.4,33.31,33.31,4814329.0,31.902999999999984,30.79275000000002,2.662288489251256,2.4157379161421733,35.62422583228437,25.961274167715672,38.03996374842654,23.545536251573502,40.455701664568714,21.129798335431325
20181212,LCAM3,LOCAMERICA,34.0,34.81,33.3,34.78,4992402.0,32.12699999999999,30.965250000000015,2.708386779499589,2.4485453426211112,35.86234068524224,26.068159314757793,38.31088602786335,23.619613972136683,40.759431370484464,21.17106862951557
20181213,LCAM3,LOCAMERICA,34.77,35.27,33.0,33.4,13015862.0,32.27849999999999,31.094250000000017,2.6896121320838,2.4371851012896935,35.9686202025794,26.21987979742063,38.405805303869094,23.782694696130935,40.84299040515879,21.345509594841243
20181214,LCAM3,LOCAMERICA,34.01,37.0,34.01,36.39,79706396.0,32.614499999999985,31.301500000000022,2.7652780863299395,2.5268624002393394,36.3552248004787,26.247775199521342,38.88208720071804,23.720912799282004,41.40894960095738,21.194050399042666
20181217,LCAM3,LOCAMERICA,36.41,36.41,34.06,35.2,140939528.0,32.864499999999985,31.481500000000022,2.7615165074741745,2.5420500005168907,36.5656000010338,26.39739999896624,39.107650001550695,23.85534999844935,41.64970000206758,21.31329999793246
20181218,LCAM3,LOCAMERICA,34.52,35.78,34.4,35.1,121097401.0,33.11249999999999,31.654000000000018,2.7264588079739407,2.547768052881142,36.7495361057623,26.558463894237732,39.29730415864344,24.010695841356593,41.84507221152459,21.462927788475447
20181219,LCAM3,LOCAMERICA,35.39,35.64,34.24,34.99,37737631.0,33.39949999999999,31.823750000000018,2.5975362314477817,2.537917263911739,36.89958452782349,26.74791547217654,39.43750179173524,24.2099982082648,41.975419055646974,21.672080944353063
20181220,LCAM3,LOCAMERICA,35.09,35.32,34.13,34.41,38459396.0,33.657499999999985,31.97150000000002,2.4134292592643813,2.5113491623795197,36.99419832475906,26.94880167524098,39.50554748713858,24.437452512861462,42.0168966495181,21.92610335048194
20181221,LCAM3,LOCAMERICA,34.42,35.93,34.0,35.93,45366218.0,34.009999999999984,32.12475000000002,2.1827409133327254,2.561965378876888,37.248680757753796,27.000819242246244,39.81064613663068,24.438853863369356,42.37261151550757,21.87688848449247
20181226,LCAM3,LOCAMERICA,35.93,36.29,34.92,35.88,14767379.0,34.35449999999999,32.284750000000024,1.8700646625464592,2.5922280165416156,37.46920603308325,27.100293966916794,40.06143404962487,24.508065950375176,42.65366206616649,21.91583793383356
20181227,LCAM3,LOCAMERICA,35.88,36.32,35.2,35.94,17004573.0,34.71149999999999,32.463750000000026,1.368019217316447,2.591218590171613,37.646187180343254,27.2813128196568,40.23740577051487,24.690094229485187,42.828624360686476,22.098875639313576
20181228,LCAM3,LOCAMERICA,36.16,37.7,35.8,37.7,38043861.0,35.018499999999996,32.68125000000003,1.311332287568939,2.6573103690452817,37.99587073809059,27.366629261909463,40.65318110713587,24.709318892864182,43.310491476181156,22.0520085238189
