DATA DO PREGAO,CODIGO DE NEGOGIACAO DO PAPEL,NOME RESUMIDO DA EMPRESA EMISSORA,PRECO DE ABERTURA,PRECO MAXIMO,PRECO MINIMO,PRECO FECHAMENTO,VOLUME TOTAL DE TITULOS NEGOCIADOS NESTE PAPEL,MA_20,MA_40,STD_20,STD_40,BANDA_1_40 SUPERIOR,BANDA_1_40 INFERIOR,BANDA_2_40 SUPERIOR,BANDA_2_40 INFERIOR,BANDA_3_40 SUPERIOR,BANDA_3_40 INFERIOR
20180102,LIGT3,LIGHT S/A,16.7,16.94,16.7,16.79,7940636.0,0.0,0.0,0.0,0.0,0.0,0.0,0.0,0.0,0.0,0.0
20180103,LIGT3,LIGHT S/A,16.93,16.93,16.44,16.52,8398129.0,0.0,0.0,0.0,0.0,0.0,0.0,0.0,0.0,0.0,0.0
20180104,LIGT3,LIGHT S/A,16.6,16.66,16.31,16.4,4637820.0,0.0,0.0,0.0,0.0,0.0,0.0,0.0,0.0,0.0,0.0
20180105,LIGT3,LIGHT S/A,16.4,16.64,16.13,16.36,11653239.0,0.0,0.0,0.0,0.0,0.0,0.0,0.0,0.0,0.0,0.0
20180108,LIGT3,LIGHT S/A,16.36,16.47,16.17,16.19,5651783.0,0.0,0.0,0.0,0.0,0.0,0.0,0.0,0.0,0.0,0.0
20180109,LIGT3,LIGHT S/A,16.29,16.29,15.86,16.09,12210531.0,0.0,0.0,0.0,0.0,0.0,0.0,0.0,0.0,0.0,0.0
20180110,LIGT3,LIGHT S/A,16.2,16.2,15.99,16.1,4942202.0,0.0,0.0,0.0,0.0,0.0,0.0,0.0,0.0,0.0,0.0
20180111,LIGT3,LIGHT S/A,16.19,16.52,16.03,16.39,13895282.0,0.0,0.0,0.0,0.0,0.0,0.0,0.0,0.0,0.0,0.0
20180112,LIGT3,LIGHT S/A,16.31,16.42,16.1,16.2,9870324.0,0.0,0.0,0.0,0.0,0.0,0.0,0.0,0.0,0.0,0.0
20180115,LIGT3,LIGHT S/A,16.35,16.45,16.13,16.18,17542735.0,0.0,0.0,0.0,0.0,0.0,0.0,0.0,0.0,0.0,0.0
20180116,LIGT3,LIGHT S/A,16.24,16.28,15.8,16.12,18392098.0,0.0,0.0,0.0,0.0,0.0,0.0,0.0,0.0,0.0,0.0
20180117,LIGT3,LIGHT S/A,16.1,16.15,15.82,15.99,6643520.0,0.0,0.0,0.0,0.0,0.0,0.0,0.0,0.0,0.0,0.0
20180118,LIGT3,LIGHT S/A,15.98,16.05,15.67,15.77,13276161.0,0.0,0.0,0.0,0.0,0.0,0.0,0.0,0.0,0.0,0.0
20180119,LIGT3,LIGHT S/A,15.83,15.94,15.22,15.68,8890868.0,0.0,0.0,0.0,0.0,0.0,0.0,0.0,0.0,0.0,0.0
20180122,LIGT3,LIGHT S/A,15.7,16.15,15.61,15.85,14634956.0,0.0,0.0,0.0,0.0,0.0,0.0,0.0,0.0,0.0,0.0
20180123,LIGT3,LIGHT S/A,15.8,16.07,15.61,15.95,15337045.0,0.0,0.0,0.0,0.0,0.0,0.0,0.0,0.0,0.0,0.0
20180124,LIGT3,LIGHT S/A,15.94,16.23,15.86,16.14,16978609.0,0.0,0.0,0.0,0.0,0.0,0.0,0.0,0.0,0.0,0.0
20180126,LIGT3,LIGHT S/A,16.14,16.64,16.14,16.6,24101671.0,0.0,0.0,0.0,0.0,0.0,0.0,0.0,0.0,0.0,0.0
20180129,LIGT3,LIGHT S/A,16.64,17.17,16.5,16.95,14658390.0,0.0,0.0,0.0,0.0,0.0,0.0,0.0,0.0,0.0,0.0
20180130,LIGT3,LIGHT S/A,17.12,17.15,16.51,16.78,11263449.0,16.252499999999998,0.0,0.3458760806385634,0.0,0.0,0.0,0.0,0.0,0.0,0.0
20180131,LIGT3,LIGHT S/A,16.86,16.97,16.6,16.6,11174036.0,16.243,0.0,0.33269394818345294,0.0,0.0,0.0,0.0,0.0,0.0,0.0
20180201,LIGT3,LIGHT S/A,16.61,16.83,16.2,16.2,15507293.0,16.226999999999997,0.0,0.3263046687408939,0.0,0.0,0.0,0.0,0.0,0.0,0.0
20180202,LIGT3,LIGHT S/A,16.18,16.18,15.74,16.0,7568740.0,16.207,0.0,0.3273996431210466,0.0,0.0,0.0,0.0,0.0,0.0,0.0
20180205,LIGT3,LIGHT S/A,15.9,15.99,15.56,15.69,6791163.0,16.173499999999997,0.0,0.34473903173269893,0.0,0.0,0.0,0.0,0.0,0.0,0.0
20180206,LIGT3,LIGHT S/A,15.63,16.0,15.3,16.0,10460604.0,16.163999999999998,0.0,0.346871734218859,0.0,0.0,0.0,0.0,0.0,0.0,0.0
20180207,LIGT3,LIGHT S/A,16.1,16.1,15.76,15.94,6496410.0,16.1565,0.0,0.35016199258718855,0.0,0.0,0.0,0.0,0.0,0.0,0.0
20180208,LIGT3,LIGHT S/A,15.98,15.98,15.51,15.63,10419029.0,16.133,0.0,0.36939637817732435,0.0,0.0,0.0,0.0,0.0,0.0,0.0
20180209,LIGT3,LIGHT S/A,15.55,15.77,15.1,15.29,8818387.0,16.078,0.0,0.4088958173834534,0.0,0.0,0.0,0.0,0.0,0.0,0.0
20180214,LIGT3,LIGHT S/A,15.6,15.87,15.4,15.73,10249883.0,16.0545,0.0,0.414975902914854,0.0,0.0,0.0,0.0,0.0,0.0,0.0
20180215,LIGT3,LIGHT S/A,15.87,15.94,15.19,15.35,19322012.0,16.013,0.0,0.4423632705796146,0.0,0.0,0.0,0.0,0.0,0.0,0.0
20180216,LIGT3,LIGHT S/A,15.35,15.48,15.26,15.39,5008084.0,15.976500000000001,0.0,0.4627182273206184,0.0,0.0,0.0,0.0,0.0,0.0,0.0
20180219,LIGT3,LIGHT S/A,15.41,15.94,15.38,15.94,7479167.0,15.974,0.0,0.4627765176228765,0.0,0.0,0.0,0.0,0.0,0.0,0.0
20180220,LIGT3,LIGHT S/A,15.92,15.92,15.5,15.81,14332468.0,15.976000000000003,0.0,0.4619341488726889,0.0,0.0,0.0,0.0,0.0,0.0,0.0
20180221,LIGT3,LIGHT S/A,15.76,15.99,15.58,15.7,11268887.0,15.977,0.0,0.46128082552822275,0.0,0.0,0.0,0.0,0.0,0.0,0.0
20180222,LIGT3,LIGHT S/A,15.69,15.9,15.33,15.49,13702239.0,15.959,0.0,0.47336310753896543,0.0,0.0,0.0,0.0,0.0,0.0,0.0
20180223,LIGT3,LIGHT S/A,15.55,15.75,15.4,15.72,7742484.0,15.947500000000002,0.0,0.4763775039984447,0.0,0.0,0.0,0.0,0.0,0.0,0.0
20180226,LIGT3,LIGHT S/A,15.8,15.99,15.5,15.5,13551715.0,15.915500000000003,0.0,0.4841973825447187,0.0,0.0,0.0,0.0,0.0,0.0,0.0
20180227,LIGT3,LIGHT S/A,15.31,15.65,15.31,15.4,5021402.0,15.855500000000001,0.0,0.4690244635074168,0.0,0.0,0.0,0.0,0.0,0.0,0.0
20180228,LIGT3,LIGHT S/A,15.48,15.54,15.15,15.27,12337194.0,15.7715,0.0,0.40932904020835637,0.0,0.0,0.0,0.0,0.0,0.0,0.0
20180301,LIGT3,LIGHT S/A,15.25,15.78,15.05,15.65,16515649.0,15.714999999999998,15.98375,0.33382157225868825,0.4320297206063248,16.84780944121265,15.119690558787351,17.279839161818973,14.687660838181026,17.7118688824253,14.255631117574701
20180302,LIGT3,LIGHT S/A,15.55,15.75,15.16,15.45,8652749.0,15.657499999999995,15.950250000000002,0.2653870063848151,0.41968539804636174,16.789620796092727,15.11087920390728,17.20930619413909,14.691193805860918,17.62899159218545,14.271508407814554
20180305,LIGT3,LIGHT S/A,15.53,15.55,14.91,14.95,27395561.0,15.594999999999995,15.911000000000005,0.2778015194532343,0.4380481181858383,16.78709623637168,15.034903763628328,17.22514435455752,14.59685564544249,17.663192472743358,14.158807527256652
20180306,LIGT3,LIGHT S/A,15.0,15.16,14.77,14.91,13414522.0,15.540499999999998,15.873750000000005,0.30018371567740715,0.4582837968568594,16.790317593713723,14.957182406286286,17.248601390570585,14.498898609429427,17.706885187427442,14.040614812572567
20180307,LIGT3,LIGHT S/A,14.91,14.96,14.57,14.91,10476723.0,15.501499999999998,15.837500000000002,0.32902207572713027,0.4758460750909774,16.789192150181957,14.885807849818047,17.265038225272935,14.40996177472707,17.740884300363913,13.934115699636092
20180308,LIGT3,LIGHT S/A,14.91,15.06,14.71,14.9,74269697.0,15.446499999999997,15.805250000000001,0.33321835736377226,0.49468450189010116,16.794619003780202,14.815880996219798,17.289303505670304,14.321196494329698,17.783988007560406,13.826511992439595
20180309,LIGT3,LIGHT S/A,14.9,15.2,14.57,15.1,14923760.0,15.404499999999999,15.7805,0.32043514821337366,0.5047362855479278,16.789972571095856,14.771027428904144,17.294708856643783,14.266291143356217,17.79944514219171,13.761554857808289
20180312,LIGT3,LIGHT S/A,15.22,15.43,15.13,15.25,5547801.0,15.385499999999999,15.75925,0.31761404913908764,0.5088165630871273,16.776883126174255,14.741616873825745,17.28569968926138,14.232800310738618,17.794516252348508,13.723983747651491
20180313,LIGT3,LIGHT S/A,15.16,15.33,14.66,14.76,12074112.0,15.358999999999998,15.7185,0.3467730943244718,0.5221039782481706,16.762707956496342,14.674292043503659,17.28481193474451,14.152188065255489,17.806915912992682,13.630084087007319
20180314,LIGT3,LIGHT S/A,14.94,14.94,14.45,14.58,11132498.0,15.301499999999995,15.678,0.3761197317764387,0.5460778567576497,16.7701557135153,14.5858442864847,17.31623357027295,14.039766429727052,17.8623114270306,13.493688572969402
20180315,LIGT3,LIGHT S/A,14.57,14.57,14.24,14.26,6011097.0,15.246999999999995,15.63,0.44193474155069007,0.5838949677239362,16.797789935447874,14.462210064552128,17.38168490317181,13.878315096828192,17.965579870895745,13.294420129104257
20180316,LIGT3,LIGHT S/A,14.3,14.5,14.16,14.4,8701706.0,15.197499999999994,15.587,0.47896681568384014,0.6096497523273706,16.806299504654742,14.36770049534526,17.41594925698211,13.758050743017888,18.02559900930948,13.148400990690517
20180319,LIGT3,LIGHT S/A,14.48,14.53,14.14,14.25,5536811.0,15.112999999999994,15.5435,0.4900279261644737,0.6414069071290274,16.826313814258054,14.260686185741946,17.46772072138708,13.619279278612918,18.10912762851611,12.97787237148389
20180320,LIGT3,LIGHT S/A,14.26,14.77,14.05,14.77,20684636.0,15.060999999999993,15.5185,0.46680211067037636,0.6517571909058161,16.82201438181163,14.214985618188367,17.473771572717446,13.563228427282551,18.125528763623265,12.911471236376736
20180321,LIGT3,LIGHT S/A,14.76,15.05,14.49,14.93,19559151.0,15.022499999999994,15.49975,0.4424438709569512,0.6577525351041242,16.81525507020825,14.184244929791753,17.47300760531237,13.526492394687628,18.1307601404165,12.868739859583503
20180322,LIGT3,LIGHT S/A,14.94,15.27,14.82,15.0,11129342.0,14.997999999999994,15.4785,0.42854220451740194,0.6598739195813051,16.79824783916261,14.15875216083739,17.458121758743914,13.498878241256085,18.117995678325222,12.83900432167478
20180323,LIGT3,LIGHT S/A,14.96,15.16,14.76,14.79,6348515.0,14.951499999999992,15.449499999999997,0.3952384356975358,0.6640974210275102,16.777694842055016,14.121305157944976,17.441792263082526,13.457207736917466,18.10588968411004,12.793110315889956
20180326,LIGT3,LIGHT S/A,14.77,15.11,14.71,14.88,8692276.0,14.920499999999993,15.417999999999997,0.37367978129325147,0.6603775144101043,16.738755028820208,14.097244971179789,17.39913254323031,13.436867456769685,18.059510057640416,12.77648994235958
20180327,LIGT3,LIGHT S/A,14.88,15.36,14.77,15.2,19065256.0,14.910499999999994,15.383,0.36268697537307154,0.6326428084448044,16.64828561688961,14.11771438311039,17.280928425334412,13.485071574665586,17.913571233779216,12.852428766220783
20180328,LIGT3,LIGHT S/A,14.99,15.2,13.1,13.31,84101033.0,14.812499999999995,15.291999999999996,0.49945101440429385,0.662548304963694,16.617096609927383,13.96690339007261,17.27964491489108,13.304355085108915,17.942193219854772,12.64180678014522
20180329,LIGT3,LIGHT S/A,13.6,13.95,13.31,13.55,53562849.0,14.707499999999996,15.211249999999996,0.5336850539804447,0.6732896184083184,16.557829236816634,13.864670763183359,17.231118855224953,13.191381144775042,17.904408473633268,12.518091526366723
20180402,LIGT3,LIGHT S/A,13.6,13.6,12.71,12.9,18501605.0,14.579999999999995,15.118749999999995,0.6408136275573143,0.7294261443079827,16.57760228861596,13.65989771138403,17.307028432923943,12.930471567076047,18.036454577231925,12.201045422768065
20180403,LIGT3,LIGHT S/A,12.96,13.84,12.92,13.84,18159963.0,14.524499999999994,15.059749999999994,0.6549927681400738,0.7351486418684569,16.53004728373691,13.58945271626308,17.265195925605365,12.854304074394623,18.00034456747382,12.119155432526167
20180404,LIGT3,LIGHT S/A,13.7,14.66,13.7,14.5,36225126.0,14.503999999999994,15.022249999999994,0.6486780078704256,0.7241316196411494,16.470513239282294,13.573986760717695,17.194644858923443,12.849855141076546,17.91877647856459,12.125723521435397
20180405,LIGT3,LIGHT S/A,14.71,15.09,14.4,14.73,17584739.0,14.494999999999994,14.998249999999993,0.64398022199117,0.7173093868131578,16.43286877362631,13.563631226373678,17.150178160439467,12.84632183956052,17.867487547252626,12.129012452747363
20180406,LIGT3,LIGHT S/A,14.85,15.41,14.6,15.1,51849974.0,14.504999999999995,14.975749999999994,0.6521018648227209,0.6989621885521802,16.373674377104354,13.577825622895634,17.072636565656534,12.878863434343454,17.771598754208714,12.179901245791275
20180409,LIGT3,LIGHT S/A,15.28,15.56,14.8,14.85,14318753.0,14.492499999999996,14.948499999999992,0.6424203821240638,0.6814334438971654,16.31136688779432,13.585633112205661,16.992800331691488,12.904199668308497,17.674233775588654,12.22276622441133
20180410,LIGT3,LIGHT S/A,15.05,15.15,14.6,14.75,11311358.0,14.467499999999996,14.926499999999994,0.6207539982277979,0.673020554416193,16.272541108832378,13.580458891167607,16.945561663248572,12.907438336751415,17.618582217664766,12.234417782335221
20180411,LIGT3,LIGHT S/A,14.57,15.05,14.55,14.89,14705388.0,14.473999999999995,14.916499999999994,0.6246464263043087,0.6704478028976378,16.25739560579527,13.575604394204719,16.927843408692908,12.90515659130708,17.598291211590546,12.234708788409442
20180412,LIGT3,LIGHT S/A,15.19,15.41,14.98,15.25,19284801.0,14.507499999999997,14.904499999999993,0.6481542620151689,0.6597239127283887,16.223947825456772,13.585052174543216,16.88367173818516,12.925328261814828,17.54339565091355,12.265604349086438
20180413,LIGT3,LIGHT S/A,15.3,15.5,14.9,15.01,6830447.0,14.544999999999996,14.895999999999992,0.6547438229446821,0.6560167289924567,16.208033457984904,13.583966542015078,16.864050186977362,12.927949813022622,17.520066915969817,12.271933084030165
20180416,LIGT3,LIGHT S/A,15.03,15.16,14.36,14.77,14103403.0,14.563499999999996,14.880499999999993,0.6556577653495491,0.6513534233051178,16.18320684661023,13.577793153389758,16.834560269915347,12.926439730084638,17.485913693220464,12.27508630677952
20180417,LIGT3,LIGHT S/A,14.7,15.64,14.66,15.6,34249059.0,14.630999999999997,14.871999999999991,0.6902623452450264,0.6392792415822391,16.15055848316447,13.593441516835513,16.789837724746707,12.954162275253275,17.429116966328948,12.314883033671034
20180418,LIGT3,LIGHT S/A,15.95,16.18,15.6,15.96,31356047.0,14.690499999999997,14.875749999999993,0.751451052438236,0.6453338929061044,16.1664177858122,13.585082214187784,16.811751678718306,12.93974832128168,17.45708557162441,12.294414428375575
20180419,LIGT3,LIGHT S/A,16.06,16.29,15.88,16.2,24526903.0,14.753999999999996,14.888249999999994,0.8230073223438443,0.6662135158625668,16.220677031725128,13.55582296827486,16.886890547587694,12.889609452412294,17.553104063450263,12.223395936549727
20180420,LIGT3,LIGHT S/A,16.29,16.6,15.85,16.5,22267733.0,14.828999999999997,14.913499999999994,0.9103203600352692,0.7074676761665697,16.328435352333134,13.498564647666853,17.035903028499703,12.791096971500284,17.743370704666273,12.083629295333715
20180423,LIGT3,LIGHT S/A,16.45,17.4,16.45,17.38,50526784.0,14.958499999999995,14.954999999999993,1.0739904684473665,0.7987843327559843,16.552568665511963,13.357431334488025,17.351352998267945,12.55864700173204,18.15013733102393,11.759862668976055
20180424,LIGT3,LIGHT S/A,17.56,18.1,17.26,17.89,44179576.0,15.108999999999995,15.014749999999992,1.2576121902449242,0.9206825436348071,16.856115087269607,13.173384912730379,17.77679763090441,12.252702369095571,18.69748017453922,11.332019825460764
20180425,LIGT3,LIGHT S/A,17.65,17.88,17.42,17.75,19507688.0,15.236499999999996,15.073499999999992,1.3896545386685528,1.0159460666080762,17.105392133216146,13.04160786678384,18.121338199824223,12.025661800175763,19.137284266432296,11.009715733567688
20180426,LIGT3,LIGHT S/A,17.95,18.3,17.5,17.92,17523178.0,15.466999999999995,15.139749999999992,1.4348816199108196,1.1110412937466667,17.361832587493325,12.91766741250666,18.47287388123999,11.806626118759992,19.583915174986657,10.695584825013325
20180427,LIGT3,LIGHT S/A,17.89,18.0,17.52,17.58,37437173.0,15.668499999999995,15.187999999999994,1.4344750552765035,1.173898174066615,17.535796348133225,12.840203651866764,18.70969452219984,11.666305477800147,19.883592696266454,10.492407303733533
20180430,LIGT3,LIGHT S/A,17.2,17.88,17.1,17.54,11310046.0,15.900499999999997,15.240249999999993,1.3349176004533023,1.2309835290197662,17.702217058039526,12.77828294196046,18.93320058705929,11.547299412940694,20.164184116079056,10.316315883920929
20180502,LIGT3,LIGHT S/A,17.55,17.59,16.91,17.24,9276635.0,16.0705,15.29749999999999,1.2737986083902133,1.2697783977872625,17.837056795574515,12.757943204425466,19.10683519336178,11.488164806638203,20.37661359114904,10.21838640885094
20180503,LIGT3,LIGHT S/A,17.34,17.42,16.65,16.86,15356329.0,16.188499999999998,15.346249999999992,1.2291857595900424,1.2917622379862275,17.929774475972447,12.762725524027537,19.221536713958674,11.47096328604131,20.513298951944904,10.179201048055083
20180504,LIGT3,LIGHT S/A,16.73,16.91,16.34,16.68,32783761.0,16.285999999999998,15.390499999999992,1.183911447613155,1.306665260334149,18.00383052066829,12.777169479331693,19.31049578100244,11.470504218997545,20.617161041336587,10.163838958663396
20180507,LIGT3,LIGHT S/A,16.8,16.8,15.91,16.1,19599884.0,16.336,15.420499999999993,1.1518698756918326,1.3088886458287785,18.03827729165755,12.802722708342436,19.34716593748633,11.493834062513658,20.656054583315107,10.18494541668488
20180508,LIGT3,LIGHT S/A,16.07,16.3,15.83,16.11,13017611.0,16.398999999999997,15.445749999999993,1.0995879611065813,1.3122849274335346,18.070319854867062,12.821180145132924,19.382604782300596,11.50889521769939,20.69488970973413,10.196610290265856
20180509,LIGT3,LIGHT S/A,16.12,16.6,15.64,15.9,16104735.0,16.4565,15.461999999999993,1.0371127685728512,1.3138223741317687,18.08964474826353,12.834355251736454,19.4034671223953,11.520532877604687,20.717289496527066,10.206710503472918
20180510,LIGT3,LIGHT S/A,16.06,16.27,15.94,16.22,10701878.0,16.522999999999996,15.498499999999993,0.9719762830114963,1.3141001600978657,18.126700320195724,12.870299679804262,19.44080048029359,11.556199519706396,20.754900640391455,10.242099359608531
20180511,LIGT3,LIGHT S/A,16.25,16.51,15.84,16.02,8978890.0,16.561499999999995,15.53449999999999,0.9333825018377216,1.3080028816717277,18.150505763343446,12.918494236656535,19.458508645015172,11.610491354984807,20.7665115266869,10.30248847331308
20180514,LIGT3,LIGHT S/A,16.13,16.2,15.28,15.7,8564182.0,16.595999999999997,15.570499999999992,0.8844885527806466,1.2917409242509197,18.153981848501832,12.987018151498152,19.445722772752752,11.695277227247233,20.73746369700367,10.403536302996313
20180515,LIGT3,LIGHT S/A,15.6,15.6,13.73,13.9,64535444.0,16.552499999999995,15.557999999999993,0.9936740702537927,1.3057018939625695,18.16940378792513,12.946596212074853,19.4751056818877,11.640894318112284,20.78080757585027,10.335192424149714
20180516,LIGT3,LIGHT S/A,13.85,14.33,13.85,14.29,13946556.0,16.486999999999995,15.558999999999992,1.0975144166419157,1.30468937259961,18.168378745199213,12.949621254800771,19.47306811779882,11.644931882201162,20.777757490398432,10.340242509601552
20180517,LIGT3,LIGHT S/A,14.2,14.93,13.41,13.65,18543828.0,16.371499999999994,15.530999999999992,1.264708308371207,1.3337508320714508,18.198501664142892,12.86349833585709,19.532252496214344,11.52974750378564,20.866003328285796,10.195996671714187
20180518,LIGT3,LIGHT S/A,13.6,13.81,13.04,13.58,12129089.0,16.240499999999994,15.497249999999994,1.4106753701684882,1.3660386064672478,18.22932721293449,12.765172787065499,19.59536581940174,11.39913418059825,20.961404425868984,10.033095574131004
20180521,LIGT3,LIGHT S/A,13.85,13.98,13.17,13.22,8776359.0,16.076499999999996,15.452749999999995,1.5615150369196948,1.4109080318571372,18.274566063714268,12.63093393628572,19.685474095571408,11.220025904428583,21.096382127428544,9.809117872571445
20180522,LIGT3,LIGHT S/A,13.45,13.58,13.3,13.48,6634012.0,15.881499999999997,15.419999999999996,1.6320870558566218,1.4415572064566795,18.303114412913356,12.536885587086637,19.744671619370035,11.095328380629958,21.186228825826714,9.65377117417328
20180523,LIGT3,LIGHT S/A,13.35,13.75,13.29,13.53,7742170.0,15.663499999999996,15.386249999999995,1.6408511109851036,1.4700456778181425,18.32634135563628,12.44615864436371,19.796387033454423,10.976112966545568,21.266432711272564,9.506067288727426
20180524,LIGT3,LIGHT S/A,13.46,13.54,12.94,13.3,8019398.0,15.440999999999997,15.338749999999994,1.6447361010524628,1.5064633187599485,18.35167663751989,12.325823362480097,19.85813995627984,10.819360043720149,21.364603275039787,9.3128967249602
20180525,LIGT3,LIGHT S/A,13.18,13.39,13.11,13.3,9007130.0,15.209999999999997,15.338499999999993,1.60212359073824,1.506809415747268,18.35211883149453,12.324881168505456,19.858928247241796,10.81807175275819,21.365737662989066,9.31126233701092
20180528,LIGT3,LIGHT S/A,13.3,13.3,12.27,12.61,13706348.0,14.961499999999997,15.314999999999994,1.6006126294246446,1.5423292408495324,18.39965848169906,12.230341518300929,19.94198772254859,10.688012277451397,21.484316963398122,9.145683036601865
20180529,LIGT3,LIGHT S/A,12.61,12.9,12.49,12.68,19002518.0,14.718499999999997,15.309499999999995,1.5568668773161687,1.551526874090697,18.412553748181388,12.206446251818601,19.964080622272085,10.654919377727904,21.515607496362783,9.103392503637206
20180530,LIGT3,LIGHT S/A,12.76,12.76,12.26,12.35,24998194.0,14.473999999999998,15.272249999999994,1.5236569582146025,1.604687824101785,18.481625648203565,12.062874351796424,20.08631347230535,10.45818652769464,21.691001296407133,8.853498703592855
20180601,LIGT3,LIGHT S/A,12.94,13.38,12.7,12.86,44853554.0,14.273999999999997,15.231249999999994,1.45495668229965,1.6453605130635436,18.52197102612708,11.940528973872906,20.167331539190624,10.295168460809364,21.812692052254167,8.64980794774582
20180604,LIGT3,LIGHT S/A,12.86,13.16,12.44,13.08,9736269.0,14.093999999999998,15.189999999999994,1.3613051013447908,1.6785967888350046,18.547193577670004,11.832806422329984,20.22579036650501,10.15420963349498,21.90438715534001,8.475612844659976
20180605,LIGT3,LIGHT S/A,12.91,13.01,12.35,12.52,24939033.0,13.914999999999996,15.125499999999994,1.3183422604883206,1.7308971291774915,18.587294258354977,11.66370574164501,20.31819138753247,9.932808612467518,22.049088516709958,8.201911483290028
20180606,LIGT3,LIGHT S/A,12.38,12.4,11.67,11.73,24194181.0,13.695999999999994,15.047499999999994,1.2981663181093794,1.8120278341667058,18.671555668333404,11.423444331666582,20.48358350250011,9.611416497499878,22.295611336666816,7.799388663333171
20180607,LIGT3,LIGHT S/A,11.6,11.72,10.3,11.2,50294063.0,13.460999999999995,14.958749999999995,1.3035857430463327,1.9111953401484476,18.78114068029689,11.1363593197031,20.69233602044534,9.225163979554651,22.603531360593784,7.3139686394062045
20180608,LIGT3,LIGHT S/A,11.26,12.11,10.77,11.98,24925278.0,13.248999999999995,14.885999999999996,1.169115275033118,1.9684079210340921,18.82281584206818,10.94918415793181,20.791223763102273,8.98077623689772,22.759631684136366,7.012368315863627
20180611,LIGT3,LIGHT S/A,12.09,12.09,11.4,11.7,24352197.0,13.032999999999996,14.797249999999996,1.019742485553131,2.0306219679997284,18.858493935999455,10.73600606400054,20.889115903999183,8.705384096000811,22.91973787199891,6.674762128001083
20180612,LIGT3,LIGHT S/A,11.58,11.75,11.49,11.65,15520678.0,12.830499999999995,14.713249999999997,0.8503031966985434,2.0902170019843944,18.893684003968787,10.532815996031207,20.98390100595318,8.442598994046813,23.074118007937575,6.352381992062419
20180613,LIGT3,LIGHT S/A,11.65,11.8,11.51,11.61,11746675.0,12.715999999999996,14.634249999999998,0.8528861218486774,2.1469631354842176,18.928176270968432,10.340323729031564,21.07513940645265,8.193360593547345,23.22210254193687,6.046397458063128
20180614,LIGT3,LIGHT S/A,11.61,11.65,11.1,11.12,41446643.0,12.557499999999994,14.522249999999996,0.8394288471774456,2.2111842603757275,18.94461852075145,10.099881479248541,21.15580278112718,7.888697218872814,23.366987041502906,5.677512958497086
20180615,LIGT3,LIGHT S/A,11.06,11.39,10.91,11.33,13529989.0,12.441499999999994,14.406499999999998,0.8408096035807715,2.254747185782675,18.915994371565347,9.897005628434648,21.170741557348023,7.642258442651972,23.4254887431307,5.387511256869297
20180618,LIGT3,LIGHT S/A,11.17,11.3,11.03,11.18,5141997.0,12.321499999999993,14.280999999999995,0.8410349201085973,2.291764296288694,18.864528592577383,9.697471407422608,21.156292888866076,7.405707111133912,23.448057185154774,5.113942814845219
20180619,LIGT3,LIGHT S/A,11.07,11.46,10.92,11.25,7930805.0,12.222999999999992,14.149749999999994,0.8456146938921324,2.3116710433841012,18.773092086768195,9.526407913231791,21.084763130152297,7.21473686984769,23.3964341735364,4.903065826463589
20180620,LIGT3,LIGHT S/A,11.37,11.59,11.03,11.4,13786886.0,12.118999999999993,14.000249999999994,0.8100415843776304,2.2906817790388394,18.581613558077674,9.418886441922314,20.872295337116512,7.128204662883476,23.162977116155353,4.8375228838446365
20180621,LIGT3,LIGHT S/A,11.28,11.38,11.05,11.15,5840634.0,11.999999999999993,13.831749999999994,0.7654376113322849,2.244650492467227,18.32105098493445,9.34244901506554,20.565701477401674,7.097798522598313,22.810351969868904,4.853148030131086
20180622,LIGT3,LIGHT S/A,11.34,11.34,10.9,11.17,9111561.0,11.893499999999992,13.667249999999992,0.721987570967498,2.190595268004832,18.048440536009657,9.286059463990327,20.239035804014488,7.095464195985496,22.42963107201932,4.904868927980663
20180625,LIGT3,LIGHT S/A,11.3,11.41,11.05,11.21,19042642.0,11.78899999999999,13.499499999999994,0.6559276275867238,2.1120908949943384,17.72368178998867,9.275318210011317,19.83577268498301,7.163227315016979,21.947863579977348,5.05113642002264
20180626,LIGT3,LIGHT S/A,11.39,11.75,11.29,11.65,33146974.0,11.74099999999999,13.351249999999993,0.627181665951128,2.024638223460546,17.400526446921084,9.301973553078902,19.425164670381633,7.277335329618355,21.449802893842175,5.252697106157809
20180627,LIGT3,LIGHT S/A,11.7,11.99,11.25,11.44,10170836.0,11.678999999999991,13.198749999999995,0.5896377121410371,1.928492419694865,17.055734839389725,9.341765160610265,18.98422725908459,7.4132727409154,20.912719678779453,5.484780321220535
20180628,LIGT3,LIGHT S/A,11.5,11.66,11.39,11.5,8988383.0,11.636499999999991,13.055249999999996,0.5689998150031803,1.8311730687437366,16.71759613748747,9.392903862512522,18.548769206231206,7.561730793768786,20.379942274974944,5.730557725025049
20180629,LIGT3,LIGHT S/A,11.64,11.65,11.12,11.25,18266375.0,11.555999999999992,12.914999999999996,0.49599872665368255,1.745107446548793,16.405214893097583,9.424785106902409,18.150322339646372,7.679677660353617,19.895429786195166,5.9345702138048235
20180702,LIGT3,LIGHT S/A,11.17,11.59,11.17,11.25,6581518.0,11.46449999999999,12.779249999999994,0.3462502137563019,1.6535158927849343,16.086281785569863,9.472218214430125,17.739797678354797,7.818702321645191,19.393313571139732,6.165186428860257
20180703,LIGT3,LIGHT S/A,11.36,11.42,11.21,11.3,6885540.0,11.40349999999999,12.659249999999995,0.24240624883375667,1.5788284970436073,15.816906994087208,9.501593005912781,17.395735491130814,7.922764508869173,18.974563988174424,6.343936011825566
20180704,LIGT3,LIGHT S/A,11.45,11.46,11.2,11.35,5548913.0,11.384499999999992,12.540249999999995,0.2300451900685018,1.4888930451849307,15.518036090369856,9.562463909630134,17.00692913555479,8.073570864445202,18.49582218073972,6.584677819260272
20180705,LIGT3,LIGHT S/A,11.46,11.75,11.3,11.6,17753059.0,11.404499999999992,12.432749999999995,0.23054797422883935,1.392186967070914,15.217123934141823,9.648376065858168,16.609310901212737,8.256189098787253,18.00149786828365,6.864002131716339
20180706,LIGT3,LIGHT S/A,11.47,11.82,11.47,11.7,3589729.0,11.390499999999992,12.319749999999996,0.20027546818785266,1.2534270713037055,14.826604142607406,9.812895857392585,16.080031213911113,8.559468786088878,17.333458285214817,7.306041714785174
20180710,LIGT3,LIGHT S/A,11.82,11.92,11.57,11.6,7492780.0,11.385499999999992,12.209249999999997,0.1932676083078111,1.104882839826764,14.419015679653526,9.999484320346468,15.523898519480289,8.894601480519706,16.628781359307055,7.789718640692941
20180711,LIGT3,LIGHT S/A,11.6,11.79,11.52,11.65,28577861.0,11.385499999999992,12.107999999999997,0.1932676083078111,0.9517492667014428,14.011498533402882,10.204501466597112,14.963247800104325,9.252752199895669,15.914997066805768,8.301002933194226
20180712,LIGT3,LIGHT S/A,11.61,11.76,11.52,11.6,5878734.0,11.384999999999991,12.050499999999998,0.1926682450004354,0.9092373530067014,13.8689747060134,10.232025293986595,14.778212059020102,9.322787940979893,15.687449412026803,8.413550587973193
20180713,LIGT3,LIGHT S/A,11.62,11.65,11.41,11.5,6464786.0,11.403999999999991,11.980749999999997,0.18368737744207647,0.8371942993546156,13.655138598709229,10.306361401290765,14.492332898063843,9.46916710193615,15.329527197418459,8.631972802581535
20180716,LIGT3,LIGHT S/A,11.55,11.58,11.24,11.26,4272413.0,11.40049999999999,11.920999999999998,0.18582603636046965,0.799441471695545,13.519882943391087,10.322117056608908,14.319324415086633,9.522675584913362,15.118765886782178,8.723234113217817
20180717,LIGT3,LIGHT S/A,11.28,11.39,11.1,11.23,7976768.0,11.402999999999988,11.86225,0.1830185495343385,0.7597620663312766,13.381774132662553,10.342725867337446,14.14153619899383,9.58296380100617,14.901298265325106,8.823201734674893
20180718,LIGT3,LIGHT S/A,11.23,11.6,11.19,11.26,9567465.0,11.403499999999989,11.813249999999998,0.18259172172383437,0.7326712191595152,13.278592438319029,10.347907561680968,14.011263657478544,9.615236342521452,14.74393487663806,8.882565123361937
20180719,LIGT3,LIGHT S/A,11.71,13.02,11.48,13.02,61352492.0,11.484499999999988,11.801749999999997,0.40492331957644945,0.7090690447738396,13.219888089547675,10.383611910452318,13.928957134321514,9.674542865678479,14.638026179095355,8.965473820904638
20180720,LIGT3,LIGHT S/A,13.11,13.38,12.63,13.0,21396084.0,11.576999999999988,11.788499999999997,0.5195656080348288,0.6803149723021955,13.149129944604388,10.427870055395607,13.829444916906585,9.74755508309341,14.50975988920878,9.067240110791214
20180723,LIGT3,LIGHT S/A,13.3,14.23,13.28,13.4,29980646.0,11.688499999999989,11.790999999999997,0.6504271875588841,0.6861703458980277,13.163340691796051,10.418659308203942,13.84951103769408,9.732488962305913,14.535681383592108,9.046318616407886
20180724,LIGT3,LIGHT S/A,13.55,14.54,13.24,14.5,59729750.0,11.852999999999989,11.820999999999996,0.8936153652733391,0.7743973670224846,13.369794734044966,10.272205265955026,14.14419210106745,9.497807898932543,14.918589468089934,8.723410531910059
20180725,LIGT3,LIGHT S/A,14.59,14.62,13.68,13.68,34878753.0,11.954499999999989,11.847749999999996,0.9804159965625624,0.8195167040428171,13.48678340808563,10.208716591914362,14.306300112128447,9.389199887871545,15.125816816171264,8.569683183828728
20180726,LIGT3,LIGHT S/A,13.71,13.84,12.87,13.1,22397771.0,12.037499999999989,11.858249999999996,1.0045364209686998,0.8330324200297289,13.524314840059454,10.19218515994054,14.357347260089183,9.35915273991081,15.190379680118912,8.52612031988108
20180727,LIGT3,LIGHT S/A,13.16,13.2,12.6,12.8,16804369.0,12.102499999999988,11.869499999999997,1.009970687432887,0.8428247681123658,13.555149536224729,10.183850463775265,14.397974304337094,9.3410256956629,15.24079907244946,8.498200927550533
20180730,LIGT3,LIGHT S/A,12.91,13.13,12.75,12.95,9040804.0,12.18749999999999,11.871749999999995,1.0059762213366237,0.8456521910367178,13.563054382073432,10.180445617926559,14.408706573110148,9.334793426889842,15.254358764146867,8.489141235853124
20180731,LIGT3,LIGHT S/A,12.8,13.23,12.8,13.08,17449207.0,12.278999999999987,11.871749999999995,0.9994203583235406,0.8456521910367178,13.563054382073432,10.180445617926559,14.408706573110148,9.334793426889842,15.254358764146867,8.489141235853124
20180801,LIGT3,LIGHT S/A,13.17,13.17,12.86,13.12,6709590.0,12.369999999999987,11.886749999999996,0.9883851795519147,0.8625971145623865,13.611944229124768,10.161555770875223,14.474541343687156,9.298958656312836,15.337138458249541,8.43636154175045
20180802,LIGT3,LIGHT S/A,13.01,13.1,12.79,12.95,14603886.0,12.449999999999987,11.917249999999996,0.9659791868739516,0.8783375541182508,13.673925108236498,10.160574891763494,14.552262662354748,9.282237337645244,15.430600216473,8.403899783526992
20180803,LIGT3,LIGHT S/A,12.95,13.28,12.89,13.28,6910112.0,12.533999999999988,11.969249999999995,0.9612075738361495,0.8961753133777803,13.761600626755556,10.176899373244435,14.657775940133337,9.280724059866653,15.553951253511116,8.384548746488875
20180806,LIGT3,LIGHT S/A,13.27,13.46,13.1,13.14,11308649.0,12.60599999999999,11.998249999999995,0.9493066722059392,0.915100912187967,13.828451824375929,10.168048175624062,14.743552736563895,9.252947263436095,15.658653648751862,8.337846351248128
20180807,LIGT3,LIGHT S/A,13.15,13.22,12.99,13.1,9707236.0,12.68099999999999,12.033249999999995,0.9245761475571158,0.9300520732595717,13.893354146519139,10.173145853480852,14.823406219778711,9.24309378022128,15.753458293038282,8.313041706961709
20180808,LIGT3,LIGHT S/A,13.23,13.25,12.7,12.82,10293115.0,12.73949999999999,12.062499999999996,0.8923621816044616,0.9360685653168934,13.934637130633783,10.19036286936621,14.870705695950676,9.254294304049317,15.80677426126757,8.318225738732423
20180809,LIGT3,LIGHT S/A,12.92,12.92,12.34,12.5,11989662.0,12.784499999999992,12.084749999999996,0.8537315922343083,0.9356143943269911,13.955978788653978,10.213521211346015,14.89159318298097,9.277906817019023,15.827207577307961,8.342292422692031
20180810,LIGT3,LIGHT S/A,12.47,12.47,11.85,12.11,12347321.0,12.814999999999992,12.109499999999995,0.81546564031006,0.9224408812965991,13.954381762593194,10.264618237406797,14.876822643889792,9.342177356110199,15.799263525186392,8.419736474813599
20180813,LIGT3,LIGHT S/A,11.9,11.93,11.56,11.8,12098954.0,12.841999999999993,12.121249999999996,0.7688788830772281,0.9152222302639383,13.951694460527873,10.29080553947212,14.866916690791811,9.375583309208182,15.78213892105575,8.460361078944242
20180814,LIGT3,LIGHT S/A,11.8,12.3,11.6,12.3,15059869.0,12.895499999999993,12.149249999999997,0.6832698087717097,0.9027348405305726,13.954719681061142,10.343780318938851,14.857454521591714,9.44104547840828,15.760189362122286,8.538310637877707
20180815,LIGT3,LIGHT S/A,12.12,12.76,12.03,12.67,23568409.0,12.965999999999994,12.184749999999998,0.5687881855312946,0.8943468824532859,13.97344376490657,10.396056235093425,14.867790647359854,9.501709352640141,15.762137529813142,8.607362470186853
20180816,LIGT3,LIGHT S/A,12.7,13.37,12.69,13.35,29823073.0,12.982499999999996,12.233499999999998,0.5751876124132603,0.9035728228283043,14.040645645656607,10.426354354343388,14.94421846848491,9.522781531515085,15.847791291313214,8.61920870868678
20180817,LIGT3,LIGHT S/A,14.0,14.42,13.46,13.9,67246927.0,13.027499999999995,12.302249999999997,0.6107361821691177,0.9234203073912911,14.14909061478258,10.455409385217415,15.072510922173871,9.531989077826124,15.995931229565162,8.608568770434832
20180820,LIGT3,LIGHT S/A,13.84,14.02,13.48,13.65,34715668.0,13.039999999999996,12.364249999999997,0.6212296803835576,0.9286905242025734,14.221631048405143,10.50686895159485,15.150321572607716,9.578178427392277,16.07901209681029,8.649487903189703
20180821,LIGT3,LIGHT S/A,13.6,13.8,13.13,13.3,16007613.0,12.979999999999995,12.416499999999997,0.5229773065419546,0.9208456258606684,14.258191251721334,10.574808748278661,15.179036877582003,9.653963122417991,16.09988250344267,8.733117496557323
20180822,LIGT3,LIGHT S/A,13.27,13.59,13.03,13.47,15555089.0,12.969499999999996,12.462,0.5101338833554885,0.9269448023840067,14.315889604768014,10.608110395231986,15.24283440715202,9.681165592847979,16.169779209536028,8.754220790463974
20180823,LIGT3,LIGHT S/A,13.47,13.71,13.04,13.04,24292368.0,12.966499999999996,12.501999999999999,0.509502078917285,0.9161715212831677,14.334343042566335,10.669656957433663,15.250514563849503,9.753485436150495,16.16668608513267,8.837313914867329
20180824,LIGT3,LIGHT S/A,13.17,13.2,12.82,13.14,11584659.0,12.983499999999996,12.543000000000001,0.5093264385957346,0.9068293594605016,14.356658718921004,10.729341281078998,15.263488078381506,9.822511921618496,16.17031743784201,8.915682562157995
20180827,LIGT3,LIGHT S/A,13.11,13.8,13.09,13.68,13103174.0,13.019999999999996,12.60375,0.532432353004867,0.89935215286997,14.40245430573994,10.805045694260059,15.30180645860991,9.90569354139009,16.20115861147988,9.00634138852012
20180828,LIGT3,LIGHT S/A,13.62,13.79,13.47,13.75,11148499.0,13.053499999999996,12.66625,0.5569208107744479,0.8896778082902573,14.445605616580515,10.886894383419484,15.335283424870772,9.997216575129228,16.22496123316103,9.107538766838971
20180829,LIGT3,LIGHT S/A,13.74,14.04,13.7,13.81,15680794.0,13.087999999999997,12.728999999999997,0.5820616715380502,0.8792998380121863,14.48759967602437,10.970400323975625,15.366899514036556,10.09110048596344,16.24619935204874,9.211800647951252
20180830,LIGT3,LIGHT S/A,13.76,13.98,13.58,13.74,32998273.0,13.127499999999998,12.788749999999997,0.598769571705164,0.8642654729262058,14.51728094585241,11.060219054147584,15.381546418778614,10.19595358122138,16.245811891704818,9.331688108295173
20180831,LIGT3,LIGHT S/A,13.75,13.98,13.57,13.88,12220631.0,13.157499999999999,12.845749999999995,0.6214149812704507,0.8590241556557355,14.563798311311466,11.127701688688525,15.422822466967201,10.26867753303279,16.281846622622936,9.409653377377053
20180903,LIGT3,LIGHT S/A,13.86,14.0,13.7,13.76,7940540.0,13.1885,12.897249999999994,0.6357943643067286,0.8502789512106265,14.597807902421247,11.196692097578742,15.448086853631875,10.346413146368114,16.2983658048425,9.496134195157488
20180904,LIGT3,LIGHT S/A,13.76,13.76,13.26,13.4,13326442.0,13.203499999999996,12.942249999999992,0.6371340022649019,0.8271808393729196,14.596611678745832,11.287888321254153,15.423792518118752,10.460707481881233,16.25097335749167,9.633526642508315
20180905,LIGT3,LIGHT S/A,13.23,13.58,13.23,13.35,4848842.0,13.229999999999999,12.984749999999995,0.6313394282667586,0.8023842276104352,14.589518455220865,11.379981544779124,15.3919026828313,10.577597317168689,16.194286910441736,9.775213089558253
20180906,LIGT3,LIGHT S/A,13.41,13.53,13.13,13.48,7092689.0,13.279,13.031749999999994,0.6093473644205771,0.7737417826083134,14.57923356521662,11.484266434783367,15.352975347824934,10.710524652175053,16.126717130433246,9.93678286956674
20180910,LIGT3,LIGHT S/A,13.5,14.0,13.28,13.73,14300522.0,13.36,13.087499999999995,0.5506168789352631,0.7401550426630423,14.56781008532608,11.60718991467391,15.307965127989121,10.86703487201087,16.048120170652165,10.126879829347825
20180911,LIGT3,LIGHT S/A,13.56,13.63,13.26,13.42,45264291.0,13.440999999999999,13.141499999999994,0.410338756074579,0.6797342995235414,14.500968599047077,11.78203140095291,15.180702898570617,11.10229710142937,15.860437198094159,10.422562801905828
20180912,LIGT3,LIGHT S/A,13.49,13.59,13.12,13.12,37526977.0,13.482,13.188749999999994,0.32173215404643657,0.6050394668203857,14.398828933640765,11.978671066359222,15.003868400461151,11.373631599538836,15.608907867281536,10.768592132718451
20180913,LIGT3,LIGHT S/A,13.21,13.23,12.52,12.7,14681080.0,13.483499999999998,13.224749999999995,0.3177929647129468,0.5248637796414669,14.274477559282928,12.175022440717061,14.799341338924396,11.650158661075594,15.324205118565862,11.125294881434128
20180914,LIGT3,LIGHT S/A,12.81,12.94,12.3,12.73,9136724.0,13.452499999999997,13.217499999999996,0.3590612761075622,0.5297447377553897,14.276989475510774,12.158010524489217,14.806734213266164,11.628265786733827,15.336478951021554,11.098521048978437
20180917,LIGT3,LIGHT S/A,12.59,12.99,12.48,12.61,17365778.0,13.388,13.207749999999995,0.3890555365578361,0.5373843942463595,14.282518788492714,12.132981211507277,14.819903182739074,11.595596817260917,15.357287576985433,11.058212423014558
20180918,LIGT3,LIGHT S/A,12.61,13.07,12.49,13.05,17032794.0,13.358,13.198999999999995,0.39091794804696867,0.5370231337232,14.273046267446395,12.124953732553594,14.810069401169594,11.587930598830395,15.347092534892795,11.050907465107194
20180919,LIGT3,LIGHT S/A,13.04,13.04,12.78,12.92,10274584.0,13.339000000000002,13.159499999999994,0.40293528277535123,0.4953680320524609,14.150236064104917,12.168763935895072,14.645604096157378,11.67339590384261,15.140972128209837,11.178027871790151
20180920,LIGT3,LIGHT S/A,12.94,13.09,12.81,12.9,10963102.0,13.3105,13.139999999999995,0.4132091989601052,0.48967283688145125,14.119345673762897,12.160654326237093,14.609018510644349,11.670981489355642,15.0986913475258,11.18130865247419
20180921,LIGT3,LIGHT S/A,12.99,13.3,12.99,13.2,6924024.0,13.318499999999997,13.142499999999995,0.40922616318066435,0.4897186528757099,14.121937305751414,12.163062694248575,14.611655958627125,11.673344041372864,15.101374611502834,11.183625388497155
20180924,LIGT3,LIGHT S/A,13.29,13.29,12.65,12.75,12277819.0,13.298999999999998,13.141249999999996,0.42708189772970895,0.4906781675422346,14.122606335084464,12.159893664915527,14.6132845026267,11.669215497373292,15.103962670168935,11.178537329831057
20180925,LIGT3,LIGHT S/A,12.6,12.97,12.49,12.97,7828278.0,13.263499999999999,13.141749999999996,0.4232365893047335,0.4904884404921806,14.122726880984358,12.160773119015635,14.613215321476538,11.670284678523455,15.103703761968719,11.179796238031274
20180926,LIGT3,LIGHT S/A,13.07,13.15,12.77,12.83,7848893.0,13.217499999999998,13.135499999999997,0.417535059983921,0.4928824169344228,14.121264833868842,12.149735166131151,14.614147250803265,11.656852749196728,15.107029667737688,11.163970332262306
20180927,LIGT3,LIGHT S/A,12.9,13.05,12.68,12.74,5911225.0,13.163999999999998,13.125999999999996,0.40601270397545447,0.49683511168713673,14.11967022337427,12.132329776625722,14.616505335061406,11.635494664938586,15.113340446748543,11.138659553251449
20180928,LIGT3,LIGHT S/A,12.67,12.9,12.61,12.77,6036272.0,13.115499999999997,13.121499999999994,0.3912527114417378,0.49927922407184655,14.120058448143688,12.1229415518563,14.619337672215533,11.623662327784455,15.11861689628738,11.124383103712608
20181001,LIGT3,LIGHT S/A,12.81,12.81,12.28,12.47,7265338.0,13.044999999999998,13.101249999999997,0.37284821237826543,0.5090170895323058,14.119284179064609,12.083215820935385,14.628301268596914,11.57419873140308,15.137318358129221,11.065181641870772
20181002,LIGT3,LIGHT S/A,12.77,13.01,12.6,12.95,14931261.0,13.004499999999998,13.096499999999997,0.33295289693728514,0.5095324654360853,14.115564930872168,12.077435069127826,14.625097396308252,11.567902603691742,15.134629861744338,11.058370138255656
20181003,LIGT3,LIGHT S/A,13.11,13.89,13.11,13.59,23675317.0,13.014,13.108749999999997,0.34723570032318196,0.5154743272475594,14.139698654495115,12.077801345504879,14.655172981742675,11.562327018257319,15.170647308990235,11.046852691009759
20181004,LIGT3,LIGHT S/A,13.4,14.22,13.33,14.1,19299735.0,13.051499999999999,13.140749999999997,0.4185975959897585,0.5363953168116562,14.21354063362331,12.067959366376684,14.749935950434965,11.531564049565029,15.286331267246622,10.995168732753372
20181005,LIGT3,LIGHT S/A,14.13,14.48,13.82,14.13,25390501.0,13.083999999999998,13.181499999999996,0.47504459624443396,0.5482538715707788,14.278007743141554,12.084992256858438,14.826261614712333,11.53673838528766,15.374515486283112,10.98848451371688
20181008,LIGT3,LIGHT S/A,15.66,16.15,15.28,15.92,64842008.0,13.193499999999997,13.276749999999996,0.7838318495832118,0.6738918253753566,14.62453365075071,11.928966349249283,15.298425476126067,11.255074523873926,15.972317301501423,10.58118269849857
20181009,LIGT3,LIGHT S/A,15.92,16.42,15.92,16.3,21593024.0,13.337499999999997,13.389249999999995,1.0477488399320403,0.7871414934872043,14.963532986974403,11.814967013025587,15.750674480461608,11.027825519538382,16.537815973948813,10.240684026051177
20181010,LIGT3,LIGHT S/A,16.2,16.2,15.31,15.43,17610034.0,13.452999999999998,13.467499999999996,1.14529288370865,0.8304671221822542,15.128434244364504,11.806565755635487,15.958901366546758,10.976098633453233,16.78936848872901,10.14563151127098
20181011,LIGT3,LIGHT S/A,15.5,15.76,15.1,15.45,13336976.0,13.590499999999997,13.536999999999997,1.2131970595344976,0.8770352155020922,15.291070431004181,11.782929568995813,16.168105646506273,10.905894353493721,17.045140862008367,10.028859137991628
20181015,LIGT3,LIGHT S/A,15.75,15.87,15.49,15.79,10691300.0,13.743499999999997,13.597999999999995,1.2895175556446623,0.9458497739450094,15.489699547890014,11.706300452109977,16.435549321835023,10.760450678164968,17.381399095780033,9.814600904219958
20181016,LIGT3,LIGHT S/A,15.79,16.34,15.79,16.12,14405693.0,13.918999999999997,13.653499999999998,1.3638409384026997,1.0257793784890405,15.70505875697808,11.601941243021916,16.73083813546712,10.576161864532876,17.756617513956158,9.550382486043835
20181017,LIGT3,LIGHT S/A,16.0,16.26,15.64,16.0,12919470.0,14.066499999999996,13.712249999999997,1.423144313427878,1.090808891814495,15.893867783628988,11.530632216371007,16.98467667544348,10.439823324556514,18.075485567257978,9.349014432742017
20181018,LIGT3,LIGHT S/A,15.98,16.24,15.55,15.55,16539952.0,14.197999999999997,13.768499999999998,1.4331033679249723,1.126436518748064,16.021373037496126,11.51562696250387,17.14780955624419,10.389190443755805,18.274246074992256,9.262753925007742
20181019,LIGT3,LIGHT S/A,15.78,16.9,15.25,16.33,28249212.0,14.369499999999997,13.839999999999998,1.4742401254098427,1.195645947080178,16.231291894160353,11.448708105839643,17.42693784124053,10.253062158759464,18.62258378832071,9.057416211679286
20181022,LIGT3,LIGHT S/A,16.85,16.96,16.23,16.64,40646582.0,14.541499999999996,13.929999999999998,1.5302228079940758,1.2672319926031481,16.464463985206294,11.395536014793702,17.731695977809444,10.128304022190553,18.99892797041259,8.861072029587405
20181023,LIGT3,LIGHT S/A,16.6,17.65,16.44,17.57,50986863.0,14.782499999999995,14.04075,1.6106679719263957,1.3845676683373578,16.809885336674714,11.271614663325284,18.194453005012072,9.887046994987926,19.57902067334943,8.502479326650569
20181024,LIGT3,LIGHT S/A,17.54,17.77,17.02,17.23,25667775.0,14.995499999999996,14.129500000000002,1.6397768622269173,1.4718746985409952,17.07324939708199,11.185750602918011,18.545124095622988,9.713875904377016,20.01699879416398,8.242001205836022
20181025,LIGT3,LIGHT S/A,17.42,17.69,17.14,17.55,28266125.0,15.231499999999997,14.2245,1.651325703472029,1.5663528600067411,17.357205720013482,11.09179427998652,18.923558580020224,9.525441419979778,20.489911440026965,7.959088559973036
20181026,LIGT3,LIGHT S/A,17.64,17.95,17.46,17.8,29633358.0,15.484499999999997,14.324250000000001,1.6370720814918407,1.663325195242415,17.650900390484832,10.99759960951517,19.314225585727247,9.334274414272755,20.97755078096966,7.670949219030341
20181029,LIGT3,LIGHT S/A,17.9,18.3,16.42,16.8,31068616.0,15.685999999999998,14.400749999999999,1.5298792522012385,1.7055961999945675,17.811942399989135,10.989557600010864,19.517538599983702,9.283961400016295,21.22313479997827,7.578365200021729
20181030,LIGT3,LIGHT S/A,16.9,17.26,16.75,16.97,18402713.0,15.910999999999996,14.478,1.3526500305929816,1.7507832679352577,17.979566535870514,10.976433464129485,19.730349803805773,9.225650196194227,21.48113307174103,7.474866928258969
20181031,LIGT3,LIGHT S/A,17.16,17.4,16.52,16.67,20688790.0,16.096999999999998,14.550749999999999,1.167097614642967,1.7803923328790108,18.111534665758022,10.989965334241978,19.891926998637032,9.209573001362966,21.672319331516043,7.429180668483956
20181101,LIGT3,LIGHT S/A,16.65,16.96,16.3,16.54,32442583.0,16.2445,14.629249999999999,1.009332635170931,1.7974945347800388,18.224239069560078,11.03426093043992,20.021733604340113,9.236766395659883,21.819228139120156,7.439271860879844
20181105,LIGT3,LIGHT S/A,16.46,16.88,16.34,16.45,14991075.0,16.362,14.70675,0.8742973118303233,1.8077247173854094,18.32219943477082,11.091300565229181,20.129924152156228,9.283575847843771,21.937648869541636,7.475851130458362
20181106,LIGT3,LIGHT S/A,16.39,16.45,15.87,16.0,27373934.0,16.455499999999997,14.769749999999998,0.7070284368583507,1.8077872683732206,18.385324536746438,11.154175463253557,20.19311180511966,9.346388194880337,22.00089907349288,7.538600926507116
20181107,LIGT3,LIGHT S/A,16.04,16.36,15.69,15.84,18084870.0,16.451499999999996,14.8225,0.710435559505979,1.807454294205258,18.437408588410516,11.207591411589483,20.244862882615774,9.400137117384226,22.05231717682103,7.592682823178968
20181108,LIGT3,LIGHT S/A,15.8,16.28,15.56,15.6,30326484.0,16.416499999999996,14.877,0.7351066875667159,1.7969164471251073,18.470832894250215,11.283167105749786,20.26774934137532,9.486250658624678,22.06466578850043,7.689334211499571
20181109,LIGT3,LIGHT S/A,15.61,15.9,15.4,15.81,33620403.0,16.435499999999998,14.94425,0.7128406849397063,1.7797290019867686,18.503708003973536,11.384791996026463,20.283437005960305,9.605062994039695,22.063166007947075,7.825333992052926
20181112,LIGT3,LIGHT S/A,15.81,16.07,15.61,15.91,20864563.0,16.458499999999997,15.024499999999998,0.6862965064291738,1.748027386395803,18.520554772791606,11.528445227208392,20.268582159187407,9.78041784081259,22.016609545583208,8.032390454416786
20181113,LIGT3,LIGHT S/A,15.76,15.98,15.47,15.55,26066340.0,16.446499999999997,15.094999999999995,0.700550723209619,1.7095583475242195,18.514116695048436,11.675883304951556,20.223675042572655,9.966324957427336,21.933233390096873,8.256766609903117
20181114,LIGT3,LIGHT S/A,15.46,15.69,15.01,15.65,54539586.0,16.422999999999995,15.170999999999996,0.7197009612917411,1.6631971065945883,18.49739421318917,11.844605786810819,20.160591319783762,10.181408680216231,21.82378842637835,8.518211573621642
20181116,LIGT3,LIGHT S/A,15.95,15.95,15.5,15.68,16338758.0,16.406999999999996,15.236749999999995,0.7330333517220669,1.6288290390527584,18.49440807810551,11.97909192189448,20.12323711715827,10.35026288284172,21.75206615621103,8.721433843788962
20181119,LIGT3,LIGHT S/A,15.68,16.05,15.44,15.95,13363845.0,16.426999999999996,15.312499999999996,0.7136201259848073,1.5882755525314944,18.489051105062984,12.135948894937007,20.07732665759448,10.547673342405513,21.665602210125975,8.959397789874018
20181121,LIGT3,LIGHT S/A,15.87,16.15,15.57,16.05,13223309.0,16.412999999999997,15.391249999999996,0.7183541129408204,1.5430392711488854,18.477328542297766,12.305171457702226,20.020367813446654,10.76213218655334,21.56340708459554,9.219092915404454
20181122,LIGT3,LIGHT S/A,16.05,17.13,16.05,16.8,32298344.0,16.421,15.481249999999994,0.7218973538348303,1.5167174195509263,18.514684839101847,12.447815160898141,20.031402258652772,10.931097741347216,21.548119678203697,9.414380321796289
20181123,LIGT3,LIGHT S/A,16.63,17.64,16.63,17.29,34854240.0,16.407,15.594749999999994,0.700849860038393,1.4764249744325626,18.54759994886512,12.641900051134868,20.02402492329768,11.165475076702307,21.500449897730245,9.689050102269743
20181126,LIGT3,LIGHT S/A,17.3,17.43,16.96,17.23,19461379.0,16.407,15.701249999999993,0.700849860038393,1.4353096467491842,18.57186929349836,12.830630706501625,20.007178940247545,11.39532105975244,21.44248858699673,9.960011413003256
20181127,LIGT3,LIGHT S/A,14.5,15.6,14.5,15.49,187995089.0,16.304,15.767749999999992,0.6749222177407134,1.35843138705395,18.48461277410789,13.050887225892092,19.843044161161842,11.692455838838143,21.201475548215793,10.334024451784192
20181128,LIGT3,LIGHT S/A,15.66,15.9,14.8,15.16,65348370.0,16.172,15.828249999999992,0.6231127295154945,1.2712176426056154,18.370685285211223,13.28581471478876,19.641902927816837,12.014597072183145,20.913120570422453,10.74337942957753
20181129,LIGT3,LIGHT S/A,15.14,15.63,15.14,15.57,20879471.0,16.1105,15.898249999999994,0.6185507254866309,1.1716914958889322,18.24163299177786,13.554867008222129,19.41332448766679,12.383175512333198,20.58501598355572,11.211484016444265
20181130,LIGT3,LIGHT S/A,15.74,16.18,15.55,15.68,39068582.0,16.046,15.978499999999991,0.5908459590861708,1.032531243706819,18.04356248741363,13.913437512586354,19.076093731120448,12.880906268879535,20.10862497482727,11.848375025172714
20181203,LIGT3,LIGHT S/A,15.75,15.92,15.31,15.57,21828669.0,15.990999999999996,16.04399999999999,0.5808152165616084,0.9114958120499486,17.86699162409989,14.221008375900093,18.778487436149835,13.309512563850145,19.689983248199784,12.398016751800196
20181204,LIGT3,LIGHT S/A,15.57,15.57,15.01,15.11,23151598.0,15.919499999999996,16.08199999999999,0.597454909111211,0.835043987786536,17.752087975573062,14.411912024426918,18.5871319633596,13.576868036640382,19.422175951146134,12.741824048853847
20181205,LIGT3,LIGHT S/A,15.1,15.52,15.1,15.36,13519591.0,15.864999999999998,16.11349999999999,0.5962293800914561,0.7803337550245714,17.674167510049134,14.552832489950848,18.454501265073706,13.772498734926277,19.234835020098277,12.992164979901705
20181206,LIGT3,LIGHT S/A,15.25,15.54,15.07,15.4,11767598.0,15.834999999999997,16.14524999999999,0.6041218071670377,0.7211528786318142,17.58755575726362,14.702944242736361,18.30870863589543,13.981791364104549,19.029861514527248,13.260638485472732
20181207,LIGT3,LIGHT S/A,15.4,15.59,15.15,15.28,19317886.0,15.806999999999997,16.129249999999992,0.6167239423377865,0.7332764109609506,17.595802821921893,14.66269717807809,18.329079232882844,13.92942076711714,19.062355643843794,13.19614435615619
20181210,LIGT3,LIGHT S/A,15.2,15.38,15.06,15.15,8987875.0,15.784499999999994,16.10049999999999,0.6326758128856796,0.7487903064789911,17.598080612957972,14.602919387042007,18.346870919436963,13.854129080563016,19.095661225915954,13.105338774084025
20181211,LIGT3,LIGHT S/A,15.17,15.42,15.01,15.33,20258194.0,15.760499999999993,16.097999999999992,0.6407107484332718,0.7512492160497494,17.600498432099492,14.595501567900493,18.35174764814924,13.844252351850743,19.10299686419899,13.093003135800995
20181212,LIGT3,LIGHT S/A,15.33,15.59,15.33,15.41,19881835.0,15.735499999999993,16.09699999999999,0.6443150177555159,0.7521599666191986,17.601319933238386,14.592680066761593,18.353479899857586,13.840520100142395,19.105639866476785,13.088360133523196
20181213,LIGT3,LIGHT S/A,15.52,15.85,15.4,15.7,12350611.0,15.742999999999991,16.094749999999994,0.6429135981894223,0.7532357124177776,17.60122142483555,14.58827857516444,18.354457137253327,13.835042862746661,19.107692849671103,13.081807150328883
20181214,LIGT3,LIGHT S/A,15.7,15.8,15.42,15.54,12395670.0,15.737499999999994,16.080249999999992,0.6442202549145231,0.7583027184578013,17.596855436915597,14.56364456308439,18.355158155373395,13.80534184462659,19.113460873831198,13.047039126168787
20181217,LIGT3,LIGHT S/A,15.69,15.69,15.21,15.42,19782524.0,15.724499999999995,16.06574999999999,0.6480535634132868,0.7653887482171492,17.596527496434287,14.534972503565692,18.36191624465144,13.769583755348544,19.127304992868588,13.004195007131393
20181218,LIGT3,LIGHT S/A,15.5,15.52,15.17,15.32,8854552.0,15.692999999999994,16.059999999999995,0.6518160864280218,0.7702114261847975,17.60042285236959,14.5195771476304,18.370634278554387,13.749365721445603,19.140845704739185,12.979154295260805
20181219,LIGT3,LIGHT S/A,15.39,15.53,15.2,15.53,29644949.0,15.666999999999993,16.039999999999992,0.6471809313435947,0.7734007486088289,17.58680149721765,14.493198502782334,18.36020224582648,13.719797754173506,19.133602994435307,12.946397005564677
20181220,LIGT3,LIGHT S/A,15.53,16.88,15.53,16.37,41244004.0,15.645499999999993,16.033249999999992,0.6138444428354998,0.7691966755264902,17.571643351052973,14.494856648947012,18.340840026579464,13.725659973420521,19.11003670210595,12.95646329789403
20181221,LIGT3,LIGHT S/A,16.37,16.65,15.95,16.09,19553547.0,15.58549999999999,15.996249999999993,0.4909976417566077,0.7278654690432981,17.45198093808659,14.540519061913397,18.179846407129887,13.812653592870099,18.907711876173185,13.084788123826801
20181226,LIGT3,LIGHT S/A,16.09,16.1,15.67,16.09,9406087.0,15.528499999999989,15.967749999999992,0.3297251646607347,0.7001080044883768,17.367966008976744,14.567533991023238,18.06807401346512,13.867425986534862,18.7681820179535,13.167317982046484
20181227,LIGT3,LIGHT S/A,16.18,16.5,15.9,16.5,13727997.0,15.578999999999988,15.941499999999994,0.3945003502100007,0.6576592134423573,17.25681842688471,14.626181573115279,17.914477640327068,13.968522359672923,18.572136853769422,13.310863146230565
20181228,LIGT3,LIGHT S/A,16.59,16.59,16.23,16.5,29547492.0,15.645999999999987,15.908999999999995,0.431635811401506,0.5923391267049815,17.09367825340996,14.724321746590032,17.68601738011494,14.13198261988505,18.27835650681992,13.539643493180069
