DATA DO PREGAO,CODIGO DE NEGOCIACAO DO PAPEL,NOME RESUMIDO DA EMPRESA EMISSORA,PRECO DE ABERTURA,PRECO MAXIMO,PRECO MINIMO,PRECO FECHAMENTO,VOLUME TOTAL DE TITULOS NEGOCIADOS NESTE PAPEL,MA_20,MA_40,STD_20,STD_40,BANDA_1_40 SUPERIOR,BANDA_1_40 INFERIOR,BANDA_2_40 SUPERIOR,BANDA_2_40 INFERIOR,BANDA_3_40 SUPERIOR,BANDA_3_40 INFERIOR
20180102,LPSB3,LOPES BRASIL,5.61,5.98,5.61,5.84,1476467.0,0.0,0.0,0.0,0.0,0.0,0.0,0.0,0.0,0.0,0.0
20180103,LPSB3,LOPES BRASIL,6.0,6.02,5.73,5.76,783177.0,0.0,0.0,0.0,0.0,0.0,0.0,0.0,0.0,0.0,0.0
20180104,LPSB3,LOPES BRASIL,5.85,5.86,5.5,5.5,2538989.0,0.0,0.0,0.0,0.0,0.0,0.0,0.0,0.0,0.0,0.0
20180105,LPSB3,LOPES BRASIL,5.51,5.55,5.35,5.35,2200325.0,0.0,0.0,0.0,0.0,0.0,0.0,0.0,0.0,0.0,0.0
20180108,LPSB3,LOPES BRASIL,5.35,5.43,5.27,5.41,799894.0,0.0,0.0,0.0,0.0,0.0,0.0,0.0,0.0,0.0,0.0
20180109,LPSB3,LOPES BRASIL,5.41,5.54,5.39,5.44,657007.0,0.0,0.0,0.0,0.0,0.0,0.0,0.0,0.0,0.0,0.0
20180110,LPSB3,LOPES BRASIL,5.41,5.47,5.2,5.2,823118.0,0.0,0.0,0.0,0.0,0.0,0.0,0.0,0.0,0.0,0.0
20180111,LPSB3,LOPES BRASIL,5.2,5.48,5.2,5.48,854289.0,0.0,0.0,0.0,0.0,0.0,0.0,0.0,0.0,0.0,0.0
20180112,LPSB3,LOPES BRASIL,5.4,5.51,5.3,5.51,552045.0,0.0,0.0,0.0,0.0,0.0,0.0,0.0,0.0,0.0,0.0
20180115,LPSB3,LOPES BRASIL,5.48,5.6,5.41,5.5,396266.0,0.0,0.0,0.0,0.0,0.0,0.0,0.0,0.0,0.0,0.0
20180116,LPSB3,LOPES BRASIL,5.56,5.63,5.5,5.6,2046705.0,0.0,0.0,0.0,0.0,0.0,0.0,0.0,0.0,0.0,0.0
20180117,LPSB3,LOPES BRASIL,5.66,5.77,5.59,5.73,807990.0,0.0,0.0,0.0,0.0,0.0,0.0,0.0,0.0,0.0,0.0
20180118,LPSB3,LOPES BRASIL,5.73,5.96,5.69,5.92,1161289.0,0.0,0.0,0.0,0.0,0.0,0.0,0.0,0.0,0.0,0.0
20180119,LPSB3,LOPES BRASIL,5.92,5.94,5.72,5.81,941682.0,0.0,0.0,0.0,0.0,0.0,0.0,0.0,0.0,0.0,0.0
20180122,LPSB3,LOPES BRASIL,5.77,5.78,5.58,5.72,949206.0,0.0,0.0,0.0,0.0,0.0,0.0,0.0,0.0,0.0,0.0
20180123,LPSB3,LOPES BRASIL,5.68,5.75,5.68,5.7,650095.0,0.0,0.0,0.0,0.0,0.0,0.0,0.0,0.0,0.0,0.0
20180124,LPSB3,LOPES BRASIL,5.75,6.15,5.75,6.01,1108852.0,0.0,0.0,0.0,0.0,0.0,0.0,0.0,0.0,0.0,0.0
20180126,LPSB3,LOPES BRASIL,6.06,6.25,5.9,6.13,1621871.0,0.0,0.0,0.0,0.0,0.0,0.0,0.0,0.0,0.0,0.0
20180129,LPSB3,LOPES BRASIL,6.07,6.11,5.92,5.93,1257713.0,0.0,0.0,0.0,0.0,0.0,0.0,0.0,0.0,0.0,0.0
20180130,LPSB3,LOPES BRASIL,5.94,5.95,5.63,5.75,1657099.0,5.664500000000001,0.0,0.24005427017984657,0.0,0.0,0.0,0.0,0.0,0.0,0.0
20180131,LPSB3,LOPES BRASIL,5.77,5.95,5.76,5.76,788866.0,5.660500000000001,0.0,0.23763029666845234,0.0,0.0,0.0,0.0,0.0,0.0,0.0
20180201,LPSB3,LOPES BRASIL,5.76,5.98,5.76,5.9,605987.0,5.667500000000001,0.0,0.24272303904699769,0.0,0.0,0.0,0.0,0.0,0.0,0.0
20180202,LPSB3,LOPES BRASIL,5.85,6.14,5.81,5.93,1359196.0,5.689000000000002,0.0,0.2461257701599772,0.0,0.0,0.0,0.0,0.0,0.0,0.0
20180205,LPSB3,LOPES BRASIL,5.93,6.05,5.65,5.65,962716.0,5.704000000000002,0.0,0.23317939784412162,0.0,0.0,0.0,0.0,0.0,0.0,0.0
20180206,LPSB3,LOPES BRASIL,5.66,5.69,5.4,5.55,2552191.0,5.711000000000002,0.0,0.2258760722166024,0.0,0.0,0.0,0.0,0.0,0.0,0.0
20180207,LPSB3,LOPES BRASIL,5.58,5.58,5.42,5.43,732715.0,5.7105000000000015,0.0,0.22651768839959174,0.0,0.0,0.0,0.0,0.0,0.0,0.0
20180208,LPSB3,LOPES BRASIL,5.43,5.69,5.43,5.69,1220922.0,5.735000000000001,0.0,0.1923127934546103,0.0,0.0,0.0,0.0,0.0,0.0,0.0
20180209,LPSB3,LOPES BRASIL,5.64,5.79,5.46,5.46,633058.0,5.734000000000001,0.0,0.19375513575536205,0.0,0.0,0.0,0.0,0.0,0.0,0.0
20180214,LPSB3,LOPES BRASIL,5.44,5.67,5.44,5.58,507520.0,5.737500000000001,0.0,0.19009346731486937,0.0,0.0,0.0,0.0,0.0,0.0,0.0
20180215,LPSB3,LOPES BRASIL,5.63,5.71,5.52,5.6,828182.0,5.742500000000001,0.0,0.18475802097822255,0.0,0.0,0.0,0.0,0.0,0.0,0.0
20180216,LPSB3,LOPES BRASIL,5.6,5.62,5.47,5.53,536778.0,5.739000000000001,0.0,0.18822998251019762,0.0,0.0,0.0,0.0,0.0,0.0,0.0
20180219,LPSB3,LOPES BRASIL,5.54,5.6,5.52,5.59,281909.0,5.732000000000001,0.0,0.19116264774985894,0.0,0.0,0.0,0.0,0.0,0.0,0.0
20180220,LPSB3,LOPES BRASIL,5.62,5.63,5.5,5.6,286268.0,5.716,0.0,0.18796416231768565,0.0,0.0,0.0,0.0,0.0,0.0,0.0
20180221,LPSB3,LOPES BRASIL,5.65,5.7,5.62,5.69,1853735.0,5.71,0.0,0.18671678525171928,0.0,0.0,0.0,0.0,0.0,0.0,0.0
20180222,LPSB3,LOPES BRASIL,5.78,5.87,5.65,5.69,1302943.0,5.7085,0.0,0.18675272139213453,0.0,0.0,0.0,0.0,0.0,0.0,0.0
20180223,LPSB3,LOPES BRASIL,5.73,5.8,5.72,5.76,738090.0,5.7115,0.0,0.18709060568837205,0.0,0.0,0.0,0.0,0.0,0.0,0.0
20180226,LPSB3,LOPES BRASIL,5.76,5.85,5.72,5.76,561906.0,5.699,0.0,0.1739903203599188,0.0,0.0,0.0,0.0,0.0,0.0,0.0
20180227,LPSB3,LOPES BRASIL,5.76,5.78,5.55,5.63,2003478.0,5.674,0.0,0.14173362710603063,0.0,0.0,0.0,0.0,0.0,0.0,0.0
20180228,LPSB3,LOPES BRASIL,5.66,5.68,5.39,5.39,1502100.0,5.647,0.0,0.14183385387580374,0.0,0.0,0.0,0.0,0.0,0.0,0.0
20180301,LPSB3,LOPES BRASIL,5.4,5.55,5.4,5.5,808209.0,5.6345,5.649500000000001,0.14328752838078176,0.1957228548162831,6.040945709632567,5.2580542903674345,6.23666856444885,5.062331435551151,6.432391419265133,4.8666085807348685
20180302,LPSB3,LOPES BRASIL,5.5,5.5,5.21,5.34,1035989.0,5.6135,5.6370000000000005,0.15428186781615558,0.19918037180611056,6.035360743612221,5.2386392563877795,6.234541115418332,5.039458884581669,6.433721487224442,4.8402785127755585
20180305,LPSB3,LOPES BRASIL,5.37,5.47,5.35,5.47,528760.0,5.592,5.6297500000000005,0.14170391667134516,0.1998651789171632,6.029480357834327,5.230019642165674,6.22934553675149,5.030154463248511,6.4292107156686535,4.830289284331347
20180306,LPSB3,LOPES BRASIL,5.54,5.55,5.35,5.45,521917.0,5.568,5.628500000000001,0.12050769794149001,0.2008513929533026,6.030202785906606,5.226797214093396,6.2310541788599085,5.025945821140093,6.431905571813211,4.82509442818679
20180307,LPSB3,LOPES BRASIL,5.45,5.54,5.35,5.4,401447.0,5.555499999999999,5.6297500000000005,0.1244556568674773,0.19922268818379948,6.0281953763675995,5.2313046236324015,6.227418064551399,5.032081935448602,6.4266407527351985,4.832859247264802
20180308,LPSB3,LOPES BRASIL,5.49,5.49,5.33,5.34,475118.0,5.545,5.628000000000001,0.13347580107901075,0.201496961865497,6.030993923730995,5.225006076269007,6.2324908855964924,5.02350911440351,6.433987847461989,4.822012152538013
20180309,LPSB3,LOPES BRASIL,5.38,5.42,5.33,5.39,719200.0,5.542999999999999,5.62675,0.1355728586406565,0.20284372537270373,6.032437450745408,5.221062549254593,6.235281176118112,5.018218823881889,6.4381249014908155,4.815375098509185
20180312,LPSB3,LOPES BRASIL,5.44,5.45,5.33,5.38,1334040.0,5.527499999999999,5.6312500000000005,0.135602942057819,0.19497780938826367,6.021205618776528,5.241294381223473,6.216183428164792,5.046316571835209,6.411161237553055,4.851338762446946
20180313,LPSB3,LOPES BRASIL,5.47,5.47,5.33,5.42,483116.0,5.525499999999999,5.6297500000000005,0.1369392873541118,0.1963968705688324,6.022543741137666,5.236956258862335,6.218940611706498,5.040559388293503,6.41533748227533,4.844162517724671
20180314,LPSB3,LOPES BRASIL,5.42,5.5,5.35,5.35,404099.0,5.513999999999999,5.625750000000001,0.14169648808930105,0.2004851487561979,6.026720297512397,5.224779702487605,6.227205446268595,5.024294553731407,6.427690595024792,4.82380940497521
20180315,LPSB3,LOPES BRASIL,5.33,5.41,5.31,5.41,321980.0,5.504499999999999,5.623500000000001,0.1419961081749828,0.20242820822992882,6.028356416459858,5.2186435835401435,6.230784624689788,5.016215375310214,6.4332128329197165,4.813787167080285
20180316,LPSB3,LOPES BRASIL,5.41,6.06,5.35,5.99,3193237.0,5.527499999999999,5.633250000000001,0.17882290563277048,0.21049864485829697,6.054247289716595,5.2122527102834075,6.264745934574892,5.001754065425111,6.475244579433189,4.791255420566813
20180319,LPSB3,LOPES BRASIL,5.99,5.99,5.78,5.87,887838.0,5.541499999999999,5.636750000000001,0.19426717901412147,0.21329391663100666,6.063337833262015,5.210162166737987,6.276631749893021,4.996868250106981,6.4899256665240275,4.783574333475975
20180320,LPSB3,LOPES BRASIL,5.87,5.87,5.7,5.72,477894.0,5.547499999999999,5.631750000000002,0.1979865758341352,0.20878018743804838,6.049310374876098,5.214189625123906,6.258090562314147,5.005409437685857,6.466870749752196,4.7966292502478085
20180321,LPSB3,LOPES BRASIL,5.6,5.6,4.91,5.0,5811531.0,5.513,5.611500000000001,0.22946390611711828,0.22931950614249078,6.070139012284983,5.1528609877150195,6.299458518427474,4.923541481572529,6.528778024569965,4.694221975430038
20180322,LPSB3,LOPES BRASIL,5.08,5.17,4.93,5.03,1974947.0,5.4799999999999995,5.5942500000000015,0.24927262606484168,0.24627363871962646,6.0867972774392545,5.1017027225607485,6.3330709161588805,4.8554290838411225,6.5793445548785074,4.6091554451214956
20180323,LPSB3,LOPES BRASIL,5.05,5.29,5.01,5.2,1223021.0,5.452,5.581750000000001,0.2476117504226476,0.25335581040636634,6.088461620812734,5.075038379187268,6.3418174312191,4.821682568780902,6.595173241625467,4.5683267583745355
20180326,LPSB3,LOPES BRASIL,5.26,5.26,5.02,5.02,523457.0,5.414999999999999,5.557000000000002,0.25436194683953617,0.25874648517369975,6.074492970347402,5.0395070296526026,6.333239455521102,4.780760544478903,6.591985940694801,4.522014059305203
20180327,LPSB3,LOPES BRASIL,5.06,5.07,4.92,4.96,757818.0,5.381499999999999,5.527750000000003,0.268294319927318,0.258441954004654,6.0446339080093106,5.010866091990695,6.303075862013965,4.752424137986041,6.561517816018618,4.493982183981387
20180328,LPSB3,LOPES BRASIL,4.97,4.97,4.64,4.85,1644809.0,5.354499999999999,5.500750000000002,0.2933916907659881,0.2714291473870892,6.04360829477418,4.957891705225824,6.31503744216127,4.686462557838734,6.586466589548358,4.415033410451645
20180329,LPSB3,LOPES BRASIL,4.91,4.97,4.76,4.89,1137823.0,5.323999999999999,5.479250000000002,0.3087734649084628,0.28490562990000406,6.04906125980001,4.909438740199994,6.333966889700014,4.62453311029999,6.618872519600019,4.339627480399986
20180402,LPSB3,LOPES BRASIL,4.91,4.94,4.75,4.83,953331.0,5.298499999999999,5.456000000000002,0.32785226133604223,0.2990051881892733,6.054010376378549,4.857989623621456,6.353015564567822,4.5589844354321825,6.652020752757095,4.259979247242909
20180403,LPSB3,LOPES BRASIL,4.9,4.9,4.81,4.84,306018.0,5.266999999999999,5.429500000000003,0.3405274546470807,0.30554658883502234,6.040593177670047,4.818406822329958,6.34613976650507,4.512860233494935,6.651686355340092,4.207313644659913
20180404,LPSB3,LOPES BRASIL,4.82,5.1,4.63,4.96,580648.0,5.242499999999998,5.405250000000002,0.34427459970203783,0.3032895502354994,6.011829100471001,4.798670899529004,6.3151186507065,4.495381349293504,6.6184082009419996,4.192091799058005
20180405,LPSB3,LOPES BRASIL,5.11,5.15,5.01,5.09,327483.0,5.2269999999999985,5.391250000000002,0.34378849066800915,0.30462408528107815,6.0004981705621585,4.782001829437846,6.305122255843236,4.477377744156768,6.609746341124315,4.172753658875689
20180406,LPSB3,LOPES BRASIL,5.12,5.25,5.0,5.21,485968.0,5.220499999999998,5.382750000000002,0.3427669915938728,0.3048243504305141,5.99239870086103,4.7731012991389745,6.297223051291544,4.468276948708461,6.602047401722059,4.163452598277946
20180409,LPSB3,LOPES BRASIL,5.22,5.22,5.11,5.11,139502.0,5.2064999999999975,5.374750000000002,0.34119411051867504,0.3077377129959866,5.990225425991976,4.759274574008029,6.297963138987962,4.451536861012043,6.605700851983949,4.143799148016056
20180410,LPSB3,LOPES BRASIL,5.14,5.2,5.02,5.11,280901.0,5.192999999999998,5.360250000000002,0.3393042416785425,0.3061630829040849,5.972576165808173,4.747923834191832,6.278739248712257,4.441760751287748,6.584902331616342,4.135597668383663
20180411,LPSB3,LOPES BRASIL,5.1,5.14,5.0,5.06,407561.0,5.174999999999998,5.350250000000003,0.3361625546635033,0.30933748477541434,5.968924969550831,4.731575030449174,6.278262454326246,4.4222375456737595,6.5875999391016595,4.112900060898346
20180412,LPSB3,LOPES BRASIL,5.01,5.07,4.93,4.95,391939.0,5.1549999999999985,5.334500000000002,0.33710064091493686,0.31335201799172663,5.961204035983455,4.707795964016549,6.274556053975182,4.394443946024822,6.5879080719669085,4.0810919280330955
20180413,LPSB3,LOPES BRASIL,4.95,5.15,4.93,5.13,929434.0,5.140999999999998,5.322750000000002,0.33172436243299486,0.3119499261263843,5.94664985225277,4.698850147747233,6.258599778379155,4.386900221620849,6.570549704505539,4.074950295494465
20180416,LPSB3,LOPES BRASIL,5.14,5.22,5.01,5.01,3084145.0,5.091999999999999,5.309750000000002,0.26548069609671765,0.3139205150091181,5.937591030018238,4.681908969981766,6.251511545027356,4.3679884549726475,6.565432060036475,4.054067939963529
20180417,LPSB3,LOPES BRASIL,5.03,5.05,4.93,4.93,439762.0,5.044999999999999,5.293250000000002,0.1941106575343523,0.3161498143731945,5.925549628746391,4.660950371253613,6.241699443119586,4.344800556880418,6.55784925749278,4.028650742507224
20180418,LPSB3,LOPES BRASIL,4.97,4.97,4.85,4.87,1249708.0,5.0024999999999995,5.275000000000002,0.11579814560826625,0.3190450494675381,5.913090098935078,4.636909901064926,6.232135148402616,4.317864851597388,6.5511801978701545,3.9988198021298498
20180419,LPSB3,LOPES BRASIL,4.9,4.93,4.83,4.83,901307.0,4.993999999999999,5.2535000000000025,0.12206124433422126,0.3193386595562456,5.892177319112494,4.614822680887511,6.211515978668739,4.295484021331266,6.530854638224985,3.9761453617750204
20180420,LPSB3,LOPES BRASIL,4.89,4.96,4.81,4.87,464466.0,4.985999999999999,5.233000000000002,0.12479035050413449,0.31690975824640544,5.866819516492813,4.599180483507191,6.1837292747392185,4.282270725260786,6.5006390329856245,3.9653609670143806
20180423,LPSB3,LOPES BRASIL,4.9,4.9,4.67,4.67,2296202.0,4.959499999999999,5.205750000000003,0.13296121318085044,0.3172953610657529,5.840340722131509,4.571159277868497,6.157636083197262,4.253863916802744,6.474931444263015,3.936568555736991
20180424,LPSB3,LOPES BRASIL,4.7,4.74,4.5,4.64,1299717.0,4.940499999999999,5.177750000000002,0.14992893053218076,0.31654778470240535,5.810845569404813,4.544654430595192,6.127393354107218,4.228106645892787,6.443941138809624,3.9115588611903807
20180425,LPSB3,LOPES BRASIL,4.63,4.84,4.51,4.66,2776051.0,4.9254999999999995,5.153500000000003,0.16236654438904338,0.31816420530672823,5.78982841061346,4.517171589386546,6.107992615920187,4.1990073840798186,6.426156821226916,3.88084317877309
20180426,LPSB3,LOPES BRASIL,4.75,4.75,4.62,4.62,503242.0,4.914,5.134250000000003,0.17560122287068858,0.32666840004773035,5.787586800095464,4.480913199904543,6.1142552001431945,4.154244799856812,6.440923600190924,3.827576399809082
20180427,LPSB3,LOPES BRASIL,4.64,4.68,4.45,4.63,919224.0,4.901,5.1125000000000025,0.18674215265693053,0.3306307104106742,5.773761420821351,4.451238579178654,6.104392131232025,4.12060786876798,6.4350228416426996,3.7899771583573054
20180430,LPSB3,LOPES BRASIL,4.66,4.76,4.61,4.7,14367193.0,4.8945,5.0965000000000025,0.19154427823955675,0.33479844683032867,5.766096893660659,4.426903106339346,6.100895340490989,4.092104659509016,6.435693787321317,3.757306212678688
20180502,LPSB3,LOPES BRASIL,4.7,4.77,4.64,4.74,554525.0,4.8895,5.078250000000002,0.19432677308296717,0.3338116120024777,5.745873224004958,4.410626775995047,6.079684836007436,4.076815163992569,6.413496448009913,3.7430035519900917
20180503,LPSB3,LOPES BRASIL,4.81,4.84,4.59,4.59,987519.0,4.871,5.056750000000003,0.20460231001421939,0.33693480690270705,5.730619613805417,4.382880386194588,6.067554420708124,4.045945579291882,6.404489227610831,3.7090107723891745
20180504,LPSB3,LOPES BRASIL,4.61,4.61,4.44,4.44,547479.0,4.8385,5.032750000000003,0.21909562920523723,0.3459286090569887,5.72460721811398,4.3408927818860255,6.070535827170969,3.994964172829037,6.416464436227957,3.649035563772048
20180507,LPSB3,LOPES BRASIL,4.49,4.62,4.4,4.45,611628.0,4.8005,5.010500000000002,0.21717019762582218,0.354183423434663,5.718866846869329,4.302133153130676,6.073050270303991,3.9479497296960133,6.427233693738654,3.59376630626135
20180508,LPSB3,LOPES BRASIL,4.37,4.49,4.32,4.37,396209.0,4.7635000000000005,4.985000000000003,0.22457620907880455,0.3627742110530028,5.710548422106008,4.259451577893998,6.0733226331590116,3.8966773668409944,6.436096844212014,3.533903155787992
20180509,LPSB3,LOPES BRASIL,4.34,4.35,4.17,4.2,2064764.0,4.718000000000001,4.9555000000000025,0.2421743608490125,0.3775083629571198,5.710516725914242,4.200483274085763,6.088025088871362,3.822974911128643,6.465533451828482,3.445466548171523
20180510,LPSB3,LOPES BRASIL,4.17,4.58,4.17,4.5,980492.0,4.69,4.932500000000003,0.23274110305794207,0.37650722743088577,5.685514454861774,4.179485545138231,6.06202168229266,3.8029783177073453,6.438528909723546,3.4264710902764595
20180511,LPSB3,LOPES BRASIL,4.43,4.65,4.4,4.4,1091392.0,4.6625000000000005,4.908750000000003,0.23289652095658306,0.37944755726970913,5.667645114539422,4.149854885460584,6.04709267180913,3.770407328190876,6.42654022907884,3.3909597709211665
20180514,LPSB3,LOPES BRASIL,4.39,4.39,4.18,4.22,613391.0,4.617000000000001,4.879000000000003,0.22553095247950244,0.3857380538057487,5.6504761076115,4.107523892388506,6.0362141614172495,3.7217858385827567,6.421952215222998,3.3360477847770085
20180515,LPSB3,LOPES BRASIL,4.2,4.2,3.96,4.06,881605.0,4.569500000000001,4.830750000000004,0.23809496115271223,0.363257255031932,5.557264510063868,4.10423548993614,5.9205217650958,3.7409782349042073,6.2837790201277315,3.377720979872276
20180516,LPSB3,LOPES BRASIL,4.06,4.15,4.0,4.0,410922.0,4.523000000000001,4.784000000000003,0.25425018760019125,0.3460013339236193,5.476002667847242,4.091997332152765,5.822004001770861,3.7459959982291453,6.168005335694481,3.399994664305526
20180517,LPSB3,LOPES BRASIL,4.02,4.1,3.81,3.96,5170254.0,4.4775,4.740000000000004,0.26983181896565,0.3356738343644377,5.4113476687288795,4.068652331271128,5.7470215030933165,3.7329784969066906,6.082695337457754,3.397304662542253
20180518,LPSB3,LOPES BRASIL,4.0,4.0,3.64,3.87,2009008.0,4.4295,4.711750000000004,0.2885622253427019,0.35990659400774716,5.431563188015498,3.99193681198451,5.7914697820232455,3.6320302179767623,6.151376376030992,3.2721236239690152
20180521,LPSB3,LOPES BRASIL,3.87,3.97,3.65,3.65,876019.0,4.3685,4.6772500000000035,0.3179916417305989,0.39321806763925504,5.463686135278514,3.890813864721493,5.856904202917768,3.4975957970822384,6.250122270557023,3.1043777294429833
20180522,LPSB3,LOPES BRASIL,3.7,3.77,3.61,3.67,781400.0,4.3185,4.639000000000004,0.34551677543247916,0.41488212722070894,5.468764254441422,3.8092357455585857,5.88364638166213,3.394353618337877,6.298528508882839,2.979471491117168
20180523,LPSB3,LOPES BRASIL,3.6,3.71,3.55,3.6,551162.0,4.2665,4.603500000000003,0.3718414347965729,0.4413531059169803,5.486206211833964,3.7207937881660422,5.927559317750944,3.2794406822490623,6.368912423667924,2.838087576332082
20180524,LPSB3,LOPES BRASIL,3.51,3.67,3.5,3.63,686553.0,4.215,4.570250000000003,0.38554814021215,0.46335724435627107,5.496964488712545,3.6435355112874612,5.960321733068817,3.1801782669311898,6.423678977425087,2.716821022574919
20180525,LPSB3,LOPES BRASIL,3.63,3.67,3.4,3.59,1692227.0,4.1635,4.538750000000003,0.39721762562260277,0.48612115984729914,5.510992319694601,3.5665076803054045,5.9971134795419,3.080386520458106,6.4832346393892,2.594265360610806
20180528,LPSB3,LOPES BRASIL,3.58,3.58,3.17,3.2,1262986.0,4.0920000000000005,4.496500000000003,0.43566766667893625,0.526568718577753,5.549637437155509,3.443362562844497,6.076206155733262,2.916793844266744,6.602774874311015,2.390225125688991
20180529,LPSB3,LOPES BRASIL,3.32,3.32,3.17,3.24,637327.0,4.019,4.456750000000003,0.450495633485463,0.5597178203894709,5.576185640778945,3.337314359221061,6.135903461168416,2.7775965388315904,6.695621281557887,2.2178787184421194
20180530,LPSB3,LOPES BRASIL,3.26,3.32,3.24,3.29,1190616.0,3.9465000000000003,4.418000000000003,0.4449988172663112,0.5855621887750938,5.58912437755019,3.2468756224498154,6.174686566325285,2.6613134336747213,6.760248755100378,2.0757512448996276
20180601,LPSB3,LOPES BRASIL,3.48,3.7,3.37,3.48,815541.0,3.8910000000000005,4.381000000000002,0.4294660087033358,0.5970817922752865,5.575163584550575,3.186836415449429,6.172245376825861,2.5897546231741426,6.769327169101148,1.9926728308988562
20180604,LPSB3,LOPES BRASIL,3.55,3.6,3.49,3.6,447503.0,3.849,4.343750000000002,0.4137365039935887,0.5981925232496613,5.540135046499325,3.147364953500679,6.138327569748986,2.549172430251018,6.7365200929986475,1.9509799070013565
20180605,LPSB3,LOPES BRASIL,3.6,3.61,3.46,3.52,329547.0,3.8024999999999998,4.3015000000000025,0.3944466477164326,0.5951149425714303,5.491729885142863,3.1112701148571418,6.086844827714293,2.516155172285712,6.681959770285724,1.9210402297142815
20180606,LPSB3,LOPES BRASIL,3.55,3.55,3.31,3.37,484214.0,3.7525,4.258000000000002,0.3819048517490558,0.5980875504043867,5.454175100808775,3.0618248991912287,6.052262651213162,2.4637373487868417,6.650350201617549,1.8656497983824551
20180607,LPSB3,LOPES BRASIL,3.36,3.36,3.11,3.2,2117993.0,3.7024999999999997,4.210250000000001,0.38567609808176284,0.6045319762067282,5.419313952413457,3.001186047586545,6.023845928620186,2.3966540713798166,6.628377904826914,1.7921220951730885
20180608,LPSB3,LOPES BRASIL,3.25,3.34,3.0,3.0,973846.0,3.6275,4.158750000000001,0.36786546453832086,0.6178838472706264,5.394517694541254,2.9229823054587483,6.01240154181188,2.305098458188122,6.630285389082507,1.6872146109174957
20180611,LPSB3,LOPES BRASIL,3.06,3.12,2.93,3.0,416056.0,3.5574999999999997,4.110000000000001,0.34566297854534067,0.6306488315361813,5.3712976630723634,2.8487023369276385,6.0019464946085455,2.218053505391457,6.632595326144727,1.5874046738552758
20180612,LPSB3,LOPES BRASIL,3.07,3.09,2.8,2.8,1444098.0,3.4864999999999995,4.051750000000002,0.3482478699825212,0.6415321703866673,5.334814340773336,2.7686856592266675,5.9763465111600045,2.12715348884,6.617878681546671,1.4856213184533327
20180613,LPSB3,LOPES BRASIL,2.81,2.88,2.7,2.72,1857919.0,3.4194999999999993,3.994500000000002,0.3607809511834525,0.6558453147832034,5.306190629566409,2.6828093704335956,5.962035944349612,2.026964055650392,6.617881259132815,1.3711187408671885
20180614,LPSB3,LOPES BRASIL,2.75,3.18,2.72,3.0,2486547.0,3.3694999999999995,3.946250000000002,0.3450472889024663,0.6562507631253214,5.258751526250645,2.633748473749359,5.915002289375966,1.9774977106240377,6.571253052501287,1.3212469474987163
20180615,LPSB3,LOPES BRASIL,2.93,3.08,2.92,3.04,462495.0,3.3235,3.900500000000002,0.3227884267148488,0.6539856110704441,5.20847122214089,2.5925287778591137,5.8624568332113345,1.9385431667886697,6.516442444281778,1.2845575557182256
20180618,LPSB3,LOPES BRASIL,2.99,3.06,2.93,2.98,253660.0,3.279,3.8542500000000013,0.30430075150813507,0.6519787927178682,5.158207585435738,2.550292414564265,5.810186378153606,1.8983136218463967,6.462165170871474,1.2463348291285286
20180619,LPSB3,LOPES BRASIL,2.95,3.07,2.88,3.0,522015.0,3.2464999999999997,3.807500000000001,0.2972200142017694,0.6442755820617668,5.096051164123534,2.5189488358764676,5.740326746185302,1.8746732538147004,6.384602328247068,1.2303976717529337
20180620,LPSB3,LOPES BRASIL,3.07,3.16,2.98,3.16,517670.0,3.220999999999999,3.769750000000001,0.28037381062468236,0.636635738945409,5.043021477890819,2.496478522109183,5.679657216836228,1.8598427831637738,6.316292955781638,1.223207044218365
20180621,LPSB3,LOPES BRASIL,3.1,3.25,2.99,3.16,665158.0,3.198999999999999,3.7327500000000016,0.2659620075756665,0.6277063967435919,4.988162793487185,2.477337206512818,5.615869190230777,1.849630809769226,6.243575586974369,1.2219244130256341
20180622,LPSB3,LOPES BRASIL,3.16,3.18,3.07,3.07,563656.0,3.170999999999999,3.6930000000000014,0.24700095887304807,0.6177469401391521,4.928493880278306,2.457506119721697,5.546240820417458,1.8397591795825452,6.16398776055661,1.222012239443393
20180625,LPSB3,LOPES BRASIL,3.02,3.09,2.82,2.85,829665.0,3.133999999999999,3.648750000000001,0.23611772264563935,0.6130177037640988,4.874785407528199,2.422714592471803,5.487803111292298,1.8096968887077045,6.100820815056396,1.1966791849436058
20180626,LPSB3,LOPES BRASIL,2.85,2.94,2.82,2.85,867609.0,3.1164999999999985,3.6042500000000013,0.24381345327933537,0.6045082235236304,4.813266447047262,2.3952335529527407,5.417774670570893,1.79072532942911,6.022282894094523,1.1862171059054796
20180627,LPSB3,LOPES BRASIL,2.85,2.87,2.76,2.76,411251.0,3.0924999999999985,3.555750000000001,0.2544110846641605,0.5920364139008839,4.739822827801769,2.3716771721982335,5.331859241702652,1.7796407582973495,5.923895655603537,1.1876043443964655
20180628,LPSB3,LOPES BRASIL,2.8,2.85,2.73,2.76,347853.0,3.0659999999999985,3.5062500000000005,0.2602913347527402,0.5729486820891516,4.652147364178304,2.3603526358216973,5.225096046267455,1.7874039537325457,5.798044728356607,1.214455271643394
20180629,LPSB3,LOPES BRASIL,2.81,2.82,2.77,2.81,341267.0,3.0324999999999984,3.4617500000000008,0.24697911695226568,0.5554757143483168,4.572701428696634,2.3507985713033674,5.128177143044951,1.7953228569550506,5.683652857393268,1.2398471426067337
20180702,LPSB3,LOPES BRASIL,2.81,2.89,2.8,2.87,224355.0,2.995999999999998,3.4225000000000008,0.20984706210399706,0.5398278453026539,4.502155690605308,2.342844309394693,5.0419835359079626,1.803016464092039,5.581811381210617,1.263188618789385
20180703,LPSB3,LOPES BRASIL,2.89,2.91,2.85,2.85,371652.0,2.962499999999998,3.382500000000001,0.17182840277438002,0.5206787975867789,4.423857595173559,2.341142404826443,4.944536392760337,1.8204636072396645,5.4652151903471164,1.2997848096528855
20180704,LPSB3,LOPES BRASIL,2.86,2.93,2.86,2.9,149136.0,2.9389999999999983,3.345750000000001,0.1428617292496666,0.5006861317872767,4.347122263574555,2.3443777364254474,4.847808395361831,1.8436916046381708,5.348494527149108,1.3430054728508942
20180705,LPSB3,LOPES BRASIL,2.85,3.08,2.82,3.08,412573.0,2.932999999999998,3.3177500000000015,0.13353887665748085,0.48268207671249913,4.283114153425,2.3523858465750034,4.765796230137499,1.869703769862504,5.248478306849998,1.387021693150005
20180706,LPSB3,LOPES BRASIL,3.07,3.17,2.99,2.99,217802.0,2.9324999999999983,3.280000000000002,0.1332933053951038,0.4454614432651845,4.170922886530371,2.389077113469633,4.616384329795555,1.9436156702044485,5.06184577306074,1.498154226939264
20180710,LPSB3,LOPES BRASIL,3.05,3.21,2.99,3.12,484293.0,2.938499999999998,3.248000000000002,0.1390673823802684,0.407281166662482,4.062562333324966,2.433437666675038,4.469843499987448,2.026156500012556,4.87712466664993,1.618875333350074
20180711,LPSB3,LOPES BRASIL,3.12,3.38,3.12,3.23,937661.0,2.959999999999998,3.2232500000000015,0.1493847029440389,0.3755432816737109,3.9743365633474235,2.4721634366525795,4.3498798450211345,2.0966201549788686,4.725423126694845,1.7210768733051578
20180712,LPSB3,LOPES BRASIL,3.23,3.32,3.2,3.25,447939.0,2.986499999999998,3.2030000000000016,0.15156291033583466,0.35025412020125124,3.903508240402504,2.502491759597499,4.253762360603755,2.152237639396248,4.604016480805006,1.8019835191949967
20180713,LPSB3,LOPES BRASIL,3.24,3.27,3.2,3.22,224858.0,2.997499999999998,3.1835000000000013,0.16032450644993623,0.325588618839714,3.834677237679429,2.5323227623205735,4.1602658565191435,2.206734143480859,4.485854475358858,1.8811455246411453
20180716,LPSB3,LOPES BRASIL,3.24,3.37,3.18,3.3,469585.0,3.0104999999999977,3.167000000000002,0.17391694932683385,0.3010255973441696,3.769051194688341,2.564948805311663,4.070076792032511,2.263923207967493,4.371102389376681,1.9628976106233236
20180717,LPSB3,LOPES BRASIL,3.37,3.37,3.22,3.27,783387.0,3.024999999999998,3.152000000000002,0.18308755455129538,0.2792590930044086,3.710518186008819,2.593481813991185,3.9897772790132278,2.314222720986776,4.269036372017636,2.0349636279823677
20180718,LPSB3,LOPES BRASIL,3.32,3.32,3.24,3.28,329484.0,3.0389999999999984,3.1427500000000017,0.19158342967571704,0.2682515801564162,3.6792531603128342,2.606246839687169,3.9475047404692503,2.337995259530753,4.215756320625666,2.069743679374337
20180719,LPSB3,LOPES BRASIL,3.28,3.41,3.2,3.28,584741.0,3.044999999999998,3.133000000000002,0.19736421048138894,0.25537503843644194,3.6437500768728857,2.622249923127118,3.8991251153093276,2.366874884690676,4.1545001537457695,2.111499846254234
20180720,LPSB3,LOPES BRASIL,3.31,3.33,3.22,3.28,729472.0,3.0509999999999984,3.1250000000000013,0.2027936467394612,0.24517916002960866,3.6153583200592188,2.634641679940784,3.8605374800888272,2.3894625199111754,4.105716640118436,2.144283359881567
20180723,LPSB3,LOPES BRASIL,3.3,3.3,3.23,3.27,196804.0,3.060999999999998,3.116000000000002,0.20862709114084252,0.2324429899776449,3.5808859799552915,2.6511140200447123,3.8133289699329365,2.4186710300670673,4.0457719599105815,2.1862280400894223
20180724,LPSB3,LOPES BRASIL,3.25,3.34,3.25,3.29,307079.0,3.082999999999998,3.108500000000002,0.20840497013973078,0.22133105497747,3.551162109954942,2.665837890045062,3.772493164932412,2.444506835067592,3.993824219909882,2.223175780090122
20180725,LPSB3,LOPES BRASIL,3.28,3.3,3.22,3.22,1180552.0,3.1014999999999984,3.1090000000000018,0.2029849618489923,0.22156552541242963,3.552131050824861,2.6658689491751426,3.773696576237291,2.4443034237627126,3.99526210164972,2.2227378983502835
20180726,LPSB3,LOPES BRASIL,3.25,3.25,3.15,3.22,211028.0,3.1244999999999985,3.108500000000002,0.1877421243705118,0.22128471044545084,3.5510694208909035,2.6659305791091006,3.7723541313363547,2.4446458686636494,3.9936388417818054,2.2233611582181987
20180727,LPSB3,LOPES BRASIL,3.18,3.26,3.16,3.18,185848.0,3.145499999999999,3.105750000000002,0.16718961816167738,0.21964875807315842,3.545047516146319,2.6664524838536847,3.764696274219477,2.4468037257805264,3.9843450322926355,2.227154967707368
20180730,LPSB3,LOPES BRASIL,3.18,3.22,3.14,3.17,6914791.0,3.163499999999998,3.0980000000000016,0.14737260332409552,0.21142010675067188,3.5208402135013452,2.675159786498658,3.732260320252017,2.4637396797479862,3.9436804270026893,2.252319572997314
20180731,LPSB3,LOPES BRASIL,3.17,3.17,3.08,3.08,446927.0,3.1739999999999986,3.0850000000000017,0.13204464954582273,0.1951199499584777,3.475239899916957,2.6947601000830463,3.670359849875435,2.4996401501245686,3.8654797998339125,2.304520200166091
20180801,LPSB3,LOPES BRASIL,3.08,3.25,3.07,3.25,437613.0,3.193999999999998,3.078250000000002,0.1085987302435958,0.18404134847561276,3.4463326969512273,2.7101673030487765,3.6303740454268403,2.5261259545731636,3.814415393902453,2.3420846060975506
20180802,LPSB3,LOPES BRASIL,3.32,3.32,3.2,3.25,443436.0,3.2114999999999982,3.075250000000002,0.08418494677288167,0.18009950953108483,3.4354490190621716,2.715050980937832,3.6155485285932563,2.5349514714067474,3.795648038124341,2.3548519618756627
20180803,LPSB3,LOPES BRASIL,3.3,3.36,3.16,3.22,416001.0,3.218499999999998,3.075750000000002,0.0782892746569467,0.18048208235524665,3.4367141647104953,2.7147858352895087,3.617196247065742,2.534303752934262,3.7976783294209886,2.3538216705790154
20180806,LPSB3,LOPES BRASIL,3.22,3.32,3.22,3.27,740443.0,3.232499999999998,3.082500000000002,0.05757146588550289,0.18261280321335596,3.447725606426714,2.7172743935732897,3.6303384096400695,2.534661590359934,3.8129512128534255,2.352048787146578
20180807,LPSB3,LOPES BRASIL,3.27,3.6,3.24,3.5,1910038.0,3.251499999999998,3.0950000000000015,0.0776818748757112,0.19360281837322316,3.482205636746448,2.707794363253555,3.675808455119671,2.5141915448803323,3.869411273492894,2.320588726507109
20180808,LPSB3,LOPES BRASIL,3.55,3.68,3.5,3.67,941379.0,3.2734999999999976,3.116750000000002,0.12132058444683451,0.20794954392957135,3.5326490878591446,2.7008509121408593,3.740598631788716,2.492901368211288,3.948548175718287,2.2849518242817166
20180809,LPSB3,LOPES BRASIL,3.75,3.83,3.45,3.46,937135.0,3.2839999999999976,3.135250000000002,0.12807892303697363,0.20463836144370107,3.544526722887404,2.7259732771125997,3.7491650843311053,2.5213349156688984,3.953803445774806,2.3166965542251976
20180810,LPSB3,LOPES BRASIL,3.45,3.46,3.3,3.35,615261.0,3.290499999999997,3.144000000000002,0.12795866931406732,0.2061838860624145,3.556367772124831,2.731632227875173,3.7625516581872454,2.5254483418127585,3.96873554424966,2.3192644557503437
20180813,LPSB3,LOPES BRASIL,3.4,3.52,3.33,3.36,402590.0,3.293499999999997,3.152000000000002,0.1288930605293661,0.2082429547550938,3.5684859095101897,2.735514090489814,3.776728864265283,2.5272711357347206,3.984971819020377,2.3190281809796267
20180814,LPSB3,LOPES BRASIL,3.37,3.5,3.34,3.48,265774.0,3.3039999999999976,3.164500000000002,0.13527360189045146,0.21261437344374345,3.5897287468874888,2.7392712531125154,3.8023431203312326,2.5266568796687716,4.0149574937749755,2.3140425062250283
20180815,LPSB3,LOPES BRASIL,3.4,3.47,3.33,3.4,520436.0,3.309999999999998,3.174500000000002,0.1368056631637723,0.21408062224432317,3.6026612444886483,2.7463387555113554,3.816741866732971,2.5322581332670326,4.030822488977295,2.318177511022709
20180816,LPSB3,LOPES BRASIL,3.47,3.47,3.31,3.32,357556.0,3.3119999999999976,3.178500000000002,0.13663628245896417,0.21529407437628706,3.609088148752576,2.747911851247428,3.824382223128863,2.532617776871141,4.03967629750515,2.3173237024948534
20180817,LPSB3,LOPES BRASIL,3.32,3.34,3.21,3.24,441232.0,3.3099999999999974,3.180500000000002,0.13741983308937286,0.2154893060586645,3.611478612117331,2.749521387882673,3.8269679181759955,2.5340320818240087,4.04245722423466,2.3185427757653443
20180820,LPSB3,LOPES BRASIL,3.24,3.24,3.03,3.19,474553.0,3.3059999999999974,3.183500000000002,0.13978931515525156,0.2147455262063561,3.6129910524127142,2.75400894758729,3.8277365786190707,2.5392634213809337,4.042482104825426,2.3245178951745777
20180821,LPSB3,LOPES BRASIL,3.19,3.2,3.05,3.06,628471.0,3.294499999999997,3.1887500000000024,0.1502445375134379,0.20886982205217272,3.606489644104348,2.771010355895657,3.8153594661565204,2.5621405338434844,4.024229288208693,2.3532707117913114
20180822,LPSB3,LOPES BRASIL,3.06,3.12,3.04,3.06,561287.0,3.2864999999999975,3.1940000000000026,0.15845553917339741,0.20268454711948158,3.599369094238966,2.7886309057610394,3.802053641358447,2.585946358641558,4.004738188477929,2.3832618115220763
20180823,LPSB3,LOPES BRASIL,3.08,3.11,2.95,2.99,559101.0,3.2749999999999972,3.1997500000000025,0.1713568145558619,0.19309207980146406,3.585934159602931,2.8135658403970742,3.779026239404395,2.62047376059561,3.9721183192058587,2.4273816807941464
20180824,LPSB3,LOPES BRASIL,3.04,3.05,2.97,3.05,474934.0,3.268499999999997,3.207000000000003,0.17750537426999793,0.18123790852683977,3.5694758170536827,2.8445241829463233,3.750713725580522,2.663286274419484,3.931951634107362,2.482048365892644
20180827,LPSB3,LOPES BRASIL,3.05,3.09,3.03,3.05,396953.0,3.2624999999999966,3.213000000000003,0.18295455288417345,0.171467272798716,3.5559345455974354,2.870065454402571,3.7274018183961513,2.698598181603855,3.898869091194867,2.5271309088051392
20180828,LPSB3,LOPES BRASIL,3.1,3.1,2.96,3.06,293515.0,3.2614999999999967,3.217750000000003,0.18405591255747156,0.16419949561121674,3.5461489912224367,2.88935100877757,3.7103484868336536,2.725151513166353,3.87454798244487,2.5609520175551364
20180829,LPSB3,LOPES BRASIL,3.05,3.08,3.01,3.05,781126.0,3.2514999999999965,3.2227500000000036,0.1900491626146285,0.15553031693911995,3.5338106338782436,2.9116893661217635,3.6893409508173636,2.7561590491826435,3.844871267756483,2.600628732243524
20180830,LPSB3,LOPES BRASIL,3.04,3.04,2.94,2.96,515399.0,3.236999999999996,3.2242500000000036,0.20092156102371317,0.1525994841541287,3.529448968308261,2.919051031691746,3.6820484524623898,2.7664515475376175,3.8346479366165185,2.6138520633834887
20180831,LPSB3,LOPES BRASIL,2.97,3.0,2.9,2.94,676105.0,3.2229999999999963,3.2207500000000033,0.21163772422652966,0.15751902611985388,3.535788052239711,2.9057119477602957,3.693307078359565,2.7481929216404417,3.850826104479419,2.5906738955205877
20180903,LPSB3,LOPES BRASIL,3.0,3.0,2.9,2.92,170953.0,3.2054999999999962,3.2190000000000025,0.2217745417499857,0.16050880637236248,3.5400176127447276,2.8979823872552775,3.70052641911709,2.737473580882915,3.861035225489452,2.576964774510553
20180904,LPSB3,LOPES BRASIL,2.99,2.99,2.84,2.84,838827.0,3.1724999999999968,3.2120000000000024,0.2247308331502736,0.17071794101563856,3.5534358820312795,2.8705641179687253,3.724153823046918,2.699846176953087,3.8948717640625565,2.5291282359374483
20180905,LPSB3,LOPES BRASIL,2.92,2.92,2.76,2.81,523617.0,3.1294999999999966,3.201500000000003,0.20602695275898472,0.18211788236449153,3.565735764728986,2.83726423527102,3.7478536470934776,2.6551463529065282,3.929971529457969,2.4730284705420367
20180906,LPSB3,LOPES BRASIL,2.79,2.83,2.79,2.81,252716.0,3.096999999999997,3.190500000000003,0.2023831696767693,0.19212642739240177,3.574752854784806,2.8062471452151994,3.766879282177208,2.6141207178227974,3.9590057095696096,2.421994290430396
20180910,LPSB3,LOPES BRASIL,2.81,2.84,2.75,2.79,403589.0,3.0689999999999964,3.179750000000003,0.204267626308942,0.20219928605723375,3.5841485721144704,2.7753514278855356,3.7863478581717045,2.5731521418283014,3.9885471442289377,2.370952855771068
20180911,LPSB3,LOPES BRASIL,2.79,2.81,2.75,2.78,445781.0,3.0399999999999965,3.166750000000003,0.20193797901438904,0.21080295210311556,3.5883559042062343,2.745144095793772,3.79915885630935,2.534341143690656,4.0099618084124655,2.3235381915875406
20180912,LPSB3,LOPES BRASIL,2.78,2.84,2.7,2.7,562098.0,3.000999999999997,3.152500000000003,0.18727688479612759,0.2225810137732137,3.5976620275464306,2.7073379724535753,3.820243041319644,2.4847569586803617,4.042824055092858,2.262175944907148
20180913,LPSB3,LOPES BRASIL,2.73,2.78,2.55,2.6,996055.0,2.9609999999999967,3.135500000000003,0.1829552720720066,0.2380255319207538,3.6115510638415107,2.6594489361584954,3.8495765957622643,2.421423404237742,4.087602127683018,2.183397872316988
20180914,LPSB3,LOPES BRASIL,2.61,2.66,2.56,2.58,328214.0,2.923999999999997,3.1180000000000034,0.1813516502616561,0.25242617605743334,3.62285235211487,2.6131476478851368,3.8752785281723034,2.3607214718277034,4.127704704229737,2.10829529577027
20180917,LPSB3,LOPES BRASIL,2.58,2.73,2.58,2.71,1663664.0,2.8974999999999964,3.1037500000000033,0.17118395768416922,0.25904843127028154,3.6218468625405666,2.58565313745944,3.880895293810848,2.326604706189159,4.13994372508113,2.067556274918877
20180918,LPSB3,LOPES BRASIL,2.88,3.06,2.8,2.83,2795972.0,2.8794999999999966,3.092750000000003,0.15716149923597575,0.26114135576792846,3.6150327115358603,2.570467288464146,3.8761740673037886,2.309325932696218,4.137315423071717,2.048184576928289
20180919,LPSB3,LOPES BRASIL,2.84,3.2,2.77,3.04,9906971.0,2.8784999999999963,3.0865000000000036,0.15601197659827146,0.2592845185090418,3.605069037018087,2.56793096298192,3.8643535555271287,2.3086464444728785,4.123638074036171,2.0493619259638365
20180920,LPSB3,LOPES BRASIL,3.1,3.19,2.97,2.99,873041.0,2.8749999999999964,3.080750000000003,0.15247087728824466,0.25879788668737286,3.598345773374749,2.5631542266252576,3.857143660062122,2.3043563399378844,4.115941546749495,2.0455584532505116
20180921,LPSB3,LOPES BRASIL,3.04,3.06,2.83,2.83,743095.0,2.8669999999999964,3.0710000000000033,0.15030145147597143,0.26075629647977877,3.5925125929595607,2.549487407040446,3.85326888943934,2.2887311105606667,4.114025185919118,2.0279748140808884
20180924,LPSB3,LOPES BRASIL,2.9,2.99,2.81,2.9,2182908.0,2.859499999999996,3.064000000000003,0.144312344002768,0.26151236672234474,3.5870247334446925,2.540975266555314,3.8485371001670377,2.2794628998329687,4.110049466889382,2.017950533110624
20180925,LPSB3,LOPES BRASIL,2.85,2.92,2.78,2.87,296036.0,2.8504999999999963,3.0565000000000033,0.13724641688351177,0.26269364042160004,3.5818872808432034,2.5311127191568032,3.8445809212648037,2.268419078735203,4.1072745616864035,2.005725438313603
20180926,LPSB3,LOPES BRASIL,2.92,2.92,2.83,2.84,446906.0,2.839499999999996,3.0505000000000035,0.12808200498116148,0.2648749100022918,3.580249820004587,2.52075017999542,3.845124730006879,2.255875269993128,4.109999640009171,1.9910003599908364
20180927,LPSB3,LOPES BRASIL,2.87,2.95,2.87,2.9,464028.0,2.8319999999999963,3.0417500000000035,0.1191902503960284,0.26389476826559666,3.569539536531197,2.51396046346881,3.8334343047967936,2.2500656952032134,4.09732907306239,1.9861709269376169
20180928,LPSB3,LOPES BRASIL,2.91,3.0,2.82,2.86,606296.0,2.826999999999996,3.0320000000000036,0.11558091264744066,0.26320704534254585,3.5584140906850954,2.5055859093149118,3.821621136027641,2.242378863972366,4.084828181370187,1.9791718186298202
20181001,LPSB3,LOPES BRASIL,2.93,2.97,2.81,2.81,468222.0,2.8204999999999965,3.0217500000000035,0.11250614018328786,0.26368092120047765,3.5491118424009587,2.4943881575990483,3.8127927636014363,2.2307072363985707,4.076473684801914,1.967026315198093
20181002,LPSB3,LOPES BRASIL,2.89,2.94,2.87,2.9,806862.0,2.819499999999996,3.0125000000000037,0.11166090584770971,0.2612273790967323,3.5349547581934684,2.490045241806539,3.7961821372902005,2.228817862709807,4.057409516386933,1.9675904836130744
20181003,LPSB3,LOPES BRASIL,2.93,3.1,2.92,3.02,4694033.0,2.828499999999996,3.0005000000000037,0.12031865585752978,0.2489974770750658,3.4984949541501353,2.502505045849872,3.747492431225201,2.2535075687748063,3.996489908300267,2.0045100916997405
20181004,LPSB3,LOPES BRASIL,3.0,3.17,3.0,3.13,762909.0,2.844499999999996,2.9870000000000037,0.13774404180444919,0.22527703742225477,3.4375540748445133,2.536445925155494,3.662831112266768,2.3111688877332393,3.888108149689023,2.0858918503109845
20181005,LPSB3,LOPES BRASIL,3.14,3.2,3.04,3.15,558475.0,2.861499999999996,2.979250000000004,0.15335802623443154,0.21361824924444264,3.4064864984888894,2.5520135015111185,3.6201047477333317,2.338395252266676,3.8337229969777744,2.1247770030222335
20181008,LPSB3,LOPES BRASIL,3.38,3.38,3.15,3.25,780867.0,2.884499999999996,2.976750000000004,0.1750330795802974,0.20971760622079103,3.396185212441586,2.557314787558422,3.605902818662377,2.347597181337631,3.815620424883168,2.13787957511684
20181009,LPSB3,LOPES BRASIL,3.25,3.46,3.21,3.46,1755965.0,2.918499999999996,2.979250000000004,0.2151199175979824,0.21493454579095322,3.4091190915819105,2.5493809084180974,3.624053637372864,2.334446362627144,3.838988183163817,2.119511816836191
20181010,LPSB3,LOPES BRASIL,3.46,3.47,3.32,3.4,778338.0,2.9534999999999956,2.977250000000004,0.23383023531477437,0.210481590643943,3.39821318128789,2.556286818712118,3.608694771931833,2.3458052280681754,3.819176362575776,2.135323637424232
20181011,LPSB3,LOPES BRASIL,3.44,3.45,3.22,3.3,1066762.0,2.9884999999999957,2.974750000000004,0.23049774516534896,0.20587508659878126,3.3865001731975664,2.562999826802441,3.5923752597963476,2.35712474020366,3.798250346395129,2.1512496536048786
20181015,LPSB3,LOPES BRASIL,3.35,3.4,3.23,3.33,1639956.0,3.0259999999999954,2.975000000000004,0.22136894661697734,0.2063106942553075,3.387621388510619,2.562378611489389,3.5939320827659267,2.3560679172340815,3.800242777021234,2.1497572229787743
20181016,LPSB3,LOPES BRASIL,3.32,3.43,3.28,3.38,3239523.0,3.0594999999999954,2.978500000000004,0.221727072629475,0.2120298721092645,3.402559744218533,2.5544402557814747,3.6145896163277973,2.3424103836722105,3.826619488437062,2.130380511562946
20181017,LPSB3,LOPES BRASIL,3.43,3.65,3.43,3.65,2603079.0,3.100499999999996,2.990000000000004,0.25094505584415483,0.23502318489013338,3.460046369780271,2.5199536302197374,3.6950695546704044,2.284930445329604,3.930092739560538,2.0499072604394706
20181018,LPSB3,LOPES BRASIL,3.65,3.74,3.59,3.62,2441500.0,3.129499999999996,3.004000000000004,0.27586180750894035,0.2551198813227974,3.514239762645599,2.493760237354409,3.769359643968396,2.238640356031612,4.024479525291193,1.9835204747088144
20181019,LPSB3,LOPES BRASIL,3.67,3.69,3.51,3.54,1136633.0,3.156999999999996,3.0160000000000045,0.28835467926258107,0.26874637743534285,3.5534927548706903,2.4785072451293186,3.822239132306033,2.209760867693976,4.090985509741376,1.941014490258633
20181022,LPSB3,LOPES BRASIL,3.54,3.76,3.54,3.73,5257081.0,3.201999999999996,3.0345000000000044,0.30441661203719655,0.2914240016161213,3.617348003232247,2.4516519967677617,3.9087720048483683,2.1602279951516405,4.200196006464489,1.8688039935355192
20181023,LPSB3,LOPES BRASIL,3.76,3.78,3.56,3.67,4798434.0,3.240499999999996,3.0500000000000047,0.3127883932427208,0.30827061039089276,3.6665412207817902,2.433458779218219,3.974811831172683,2.1251881688273264,4.283082441563575,1.8169175584364337
20181024,LPSB3,LOPES BRASIL,3.68,3.73,3.46,3.46,2196520.0,3.269999999999995,3.0602500000000044,0.30369652442423994,0.3150131254896748,3.690276250979354,2.4302237490206546,4.005289376469029,2.11521062353098,4.320302501958704,1.8001974980413051
20181025,LPSB3,LOPES BRASIL,3.52,3.68,3.5,3.64,1493174.0,3.309999999999995,3.0747500000000043,0.2966834215650978,0.3280790047127943,3.730908009425593,2.4185919905744155,4.0589870141383875,2.0905129858616216,4.387066018851181,1.7624339811488272
20181026,LPSB3,LOPES BRASIL,3.63,3.72,3.45,3.63,2306917.0,3.3464999999999945,3.0892500000000043,0.2883761250063515,0.3395727896742963,3.768395579348597,2.4101044206514115,4.107968369022894,2.0705316309771153,4.44754115869719,1.730958841302819
20181029,LPSB3,LOPES BRASIL,3.78,3.8,3.34,3.53,3580366.0,3.3799999999999946,3.103500000000005,0.2670107429338751,0.3459105412734728,3.7953210825469506,2.411678917453059,4.141231623820423,2.0657683761795864,4.487142165093896,1.7198578349061135
20181030,LPSB3,LOPES BRASIL,3.54,3.73,3.46,3.67,1923228.0,3.4229999999999947,3.121750000000005,0.23806456444019547,0.3561682654776218,3.8340865309552488,2.409413469044761,4.19025479643287,2.0532452035671396,4.546423061910492,1.6970769380895177
20181031,LPSB3,LOPES BRASIL,3.72,3.83,3.69,3.79,1147098.0,3.467499999999995,3.143500000000005,0.2174463031114504,0.36983398909130005,3.883167978182605,2.4038320218174047,4.253001967273905,2.033998032726105,4.622835956365205,1.6641640436348046
20181101,LPSB3,LOPES BRASIL,3.79,4.05,3.78,3.9,2999978.0,3.5114999999999954,3.1700000000000044,0.21106933258502839,0.3851872671431847,3.9403745342863736,2.399625465713635,4.325561801429559,2.01443819857045,4.710749068572743,1.6292509314272656
20181105,LPSB3,LOPES BRASIL,3.93,4.08,3.93,3.99,1574064.0,3.554499999999995,3.199500000000005,0.21678208801514287,0.4017394869621603,4.002978973924326,2.3960210260756845,4.404718460886485,1.994281539113524,4.806457947848646,1.5925420521513638
20181106,LPSB3,LOPES BRASIL,3.99,4.2,3.95,4.11,1277073.0,3.6024999999999947,3.232000000000005,0.22847031363072304,0.42151862202986135,4.075037244059728,2.388962755940282,4.496555866089589,1.967444133910421,4.9180744881194505,1.5459255118805597
20181107,LPSB3,LOPES BRASIL,4.17,4.2,4.0,4.09,837890.0,3.644499999999995,3.2645000000000053,0.23729783639529728,0.4364187003913631,4.137337400782732,2.391662599217279,4.573756101174094,1.955243898825916,5.010174801565458,1.5188251984345529
20181108,LPSB3,LOPES BRASIL,4.09,4.12,3.93,3.93,1177189.0,3.6679999999999957,3.2932500000000053,0.2413034778469783,0.4415322243372611,4.176314448674527,2.4101855513254833,4.617846673011789,1.968653326988222,5.05937889734905,1.527121102650961
20181109,LPSB3,LOPES BRASIL,3.95,4.01,3.8,3.98,1027029.0,3.6969999999999956,3.3252500000000054,0.2422504141542161,0.44381208485875073,4.212874169717507,2.437625830282504,4.6566862545762575,1.9938137454237532,5.100498339435008,1.5500016605650024
20181112,LPSB3,LOPES BRASIL,3.98,4.03,3.9,3.9,452177.0,3.726999999999996,3.3577500000000056,0.22718181913912672,0.4368857592857324,4.23152151857147,2.4839784814285406,4.668407277857202,2.0470927221428084,5.1052930371429355,1.6102069628570759
20181113,LPSB3,LOPES BRASIL,3.9,3.91,3.66,3.66,1073593.0,3.743499999999996,3.3847500000000053,0.2080049341519894,0.42065874774130907,4.226067495482623,2.543432504517387,4.646726243223933,2.122773756776078,5.067384990965241,1.702115009034769
20181114,LPSB3,LOPES BRASIL,3.65,3.69,3.44,3.51,1585914.0,3.7499999999999964,3.404750000000005,0.19783033666568348,0.406536260091563,4.217822520183131,2.591677479816879,4.624358780274694,2.185141219725316,5.030895040366257,1.7786049596337528
20181116,LPSB3,LOPES BRASIL,3.52,3.87,3.44,3.76,1571759.0,3.7554999999999965,3.4280000000000044,0.19642796992387707,0.3993533234155953,4.226706646831195,2.629293353168814,4.62605997024679,2.2299400297532186,5.025413293662385,1.830586706337623
20181119,LPSB3,LOPES BRASIL,3.85,4.0,3.7,3.85,1674843.0,3.766999999999996,3.4482500000000043,0.1948035447640163,0.3997107126987691,4.2476714253975425,2.648828574602466,4.647382138096312,2.249117861903697,5.047092850795081,1.8494071492049278
20181121,LPSB3,LOPES BRASIL,3.79,4.44,3.76,4.21,4356592.0,3.800499999999995,3.4787500000000042,0.21067498040445032,0.4102543769981716,4.299258753996347,2.6582412460036613,4.7095131309945195,2.2479868690054894,5.119767507992691,1.837732492007318
20181122,LPSB3,LOPES BRASIL,4.25,4.3,4.12,4.29,1477733.0,3.8284999999999956,3.515250000000004,0.23644905983050832,0.41596343219456317,4.34717686438913,2.6833231356108778,4.7631402965836935,2.2673597034163144,5.179103728778257,1.8513962712217513
20181123,LPSB3,LOPES BRASIL,4.25,4.34,4.22,4.33,578190.0,3.861499999999995,3.551000000000004,0.2582180840827436,0.42311906550018225,4.3972381310003685,2.7047618689996398,4.8203571965005505,2.2816428034994574,5.243476262000733,1.8585237379992752
20181126,LPSB3,LOPES BRASIL,4.36,4.43,4.21,4.28,1472865.0,3.9024999999999954,3.586250000000004,0.25620458519253453,0.42366343378702037,4.433576867574045,2.7389231324259633,4.857240301361065,2.3152596986389433,5.280903735148086,1.8915962648519227
20181127,LPSB3,LOPES BRASIL,4.26,4.31,4.13,4.18,657711.0,3.929499999999995,3.6197500000000042,0.25553813187487245,0.4160528042177335,4.451855608435471,2.7876443915645375,4.867908412653205,2.3715915873468036,5.283961216870939,1.9555387831290703
20181128,LPSB3,LOPES BRASIL,4.18,4.4,4.14,4.25,1573899.0,3.9604999999999952,3.6535000000000037,0.2548988447455697,0.41089364772845227,4.4752872954569085,2.831712704543099,4.8861809431853604,2.420819056814647,5.297074590913812,2.0099254090861947
20181129,LPSB3,LOPES BRASIL,4.25,4.36,4.2,4.23,975265.0,3.9954999999999954,3.6877500000000034,0.24031722456171772,0.4000095351427661,4.487769070285536,2.887730929714471,4.887778605428302,2.487721394571705,5.287788140571068,2.087711859428939
20181130,LPSB3,LOPES BRASIL,4.23,4.6,4.2,4.37,1548882.0,4.0304999999999955,3.7267500000000036,0.24138798208430184,0.3881077533432329,4.502965506686469,2.950534493313538,4.891073260029702,2.562426739970305,5.279181013372935,2.174318986627072
20181203,LPSB3,LOPES BRASIL,4.4,4.67,4.4,4.53,2086076.0,4.0674999999999955,3.767500000000003,0.2586783208624275,0.38463269191829114,4.536765383836586,2.998234616163421,4.921398075754876,2.61360192424513,5.3060307676731675,2.228969232326839
20181204,LPSB3,LOPES BRASIL,4.56,4.79,4.56,4.74,2241107.0,4.109499999999995,3.8105000000000033,0.29560775931699673,0.3949290750995394,4.6003581501990825,3.0206418498009246,4.995287225298622,2.625712774701385,5.390216300398161,2.2307836996018455
20181205,LPSB3,LOPES BRASIL,4.77,4.94,4.65,4.81,1356947.0,4.150499999999996,3.8525000000000036,0.33269988056251276,0.4097575893760665,4.672015178752137,3.0329848212478705,5.081772768128203,2.6232272318718044,5.49153035750427,2.2134696424957374
20181206,LPSB3,LOPES BRASIL,4.8,5.05,4.72,5.05,2302868.0,4.197499999999995,3.9000000000000035,0.38840937437870565,0.43554857834984045,4.7710971566996845,3.0289028433003224,5.206645735049525,2.593354264950482,5.642194313399365,2.157805686600642
20181207,LPSB3,LOPES BRASIL,5.01,5.3,4.77,4.95,6548150.0,4.2404999999999955,3.9425000000000034,0.42203111633846285,0.4530848678072358,4.848669735614475,3.0363302643855317,5.301754603421711,2.583245396578296,5.754839471228946,2.1301605287710603
20181210,LPSB3,LOPES BRASIL,4.96,5.15,4.71,4.71,2288531.0,4.279499999999994,3.9737500000000034,0.4278277444806061,0.4619728457998511,4.897695691599706,3.0498043084003013,5.359668537399557,2.58783146260045,5.821641383199408,2.125858616800599
20181211,LPSB3,LOPES BRASIL,4.77,4.97,4.6,4.65,1138407.0,4.312999999999994,4.0050000000000034,0.4293704081191617,0.4644379012339182,4.93387580246784,3.076124197532167,5.398313703701758,2.6116862962982488,5.862751604935676,2.147248395064331
20181212,LPSB3,LOPES BRASIL,4.65,4.97,4.65,4.89,801594.0,4.3624999999999945,4.044750000000002,0.43626253563650697,0.47055334311632646,4.985856686232655,3.1036433137673494,5.456410029348982,2.6330899706510227,5.926963372465308,2.1625366275346964
20181213,LPSB3,LOPES BRASIL,4.88,5.09,4.8,4.93,2015032.0,4.425999999999995,4.084750000000002,0.420781228318538,0.47620824737901934,5.037166494758041,3.132333505241964,5.51337474213706,2.656125257862944,5.98958298951608,2.179917010483925
20181214,LPSB3,LOPES BRASIL,4.93,5.25,4.93,5.23,3580745.0,4.511999999999995,4.131000000000002,0.3989143160867276,0.49545524261622237,5.121910485232447,3.140089514767557,5.617365727848669,2.644634272151335,6.112820970464892,2.1491790295351123
20181217,LPSB3,LOPES BRASIL,5.25,5.55,5.25,5.4,4561593.0,4.593999999999995,4.174750000000002,0.4047143241973534,0.5280830718449826,5.230916143689967,3.118583856310037,5.75899921553495,2.5905007844650543,6.287082287379933,2.062417712620072
20181218,LPSB3,LOPES BRASIL,5.51,5.66,5.26,5.4,5155548.0,4.6714999999999955,4.219250000000002,0.4031491169856508,0.5544754393302872,5.328200878660577,3.1102991213394278,5.882676317990864,2.555823682009141,6.437151757321152,2.0013482426788536
20181219,LPSB3,LOPES BRASIL,5.36,5.6,5.36,5.57,4377931.0,4.739499999999996,4.270000000000002,0.43467440930569784,0.5828840760853294,5.435768152170661,3.104231847829343,6.01865222825599,2.521347771744014,6.6015363043413195,1.9384636956586845
20181220,LPSB3,LOPES BRASIL,5.5,5.8,5.5,5.8,3491216.0,4.814999999999996,4.321750000000003,0.48114446894877044,0.6241420264897815,5.570034052979566,3.0734659470204404,6.194176079469347,2.449323920530659,6.818318105959129,1.8251818940408775
20181221,LPSB3,LOPES BRASIL,5.71,6.25,5.66,5.92,5484730.0,4.894499999999995,4.378000000000003,0.5260525789210316,0.6640134382328778,5.706026876465758,3.0499731235342473,6.370040314698636,2.385959685301369,7.034053752931515,1.7219462470684914
20181226,LPSB3,LOPES BRASIL,5.8,5.9,5.7,5.83,1171682.0,4.971999999999996,4.437250000000003,0.544606086519127,0.6853933457960764,5.8080366915921555,3.0664633084078505,6.493430037388232,2.3810699626117744,7.178823383184309,1.6956766168156978
20181227,LPSB3,LOPES BRASIL,5.82,6.2,5.78,6.2,2185310.0,5.072999999999996,4.501250000000003,0.5763779827052409,0.7272822169398371,5.955814433879677,3.0466855661203294,6.683096650819515,2.319403349180492,7.410378867759352,1.592121132240655
20181228,LPSB3,LOPES BRASIL,6.2,6.42,6.08,6.32,2512204.0,5.176499999999995,4.568500000000003,0.605911883466821,0.7678893817237633,6.10427876344753,3.0327212365524763,6.872168145171293,2.2648318548287127,7.640057526895056,1.4969424731049497
