DATA DO PREGAO,CODIGO DE NEGOCIACAO DO PAPEL,NOME RESUMIDO DA EMPRESA EMISSORA,PRECO DE ABERTURA,PRECO MAXIMO,PRECO MINIMO,PRECO FECHAMENTO,VOLUME TOTAL DE TITULOS NEGOCIADOS NESTE PAPEL,MA_20,MA_40,STD_20,STD_40,BANDA_1_40 SUPERIOR,BANDA_1_40 INFERIOR,BANDA_2_40 SUPERIOR,BANDA_2_40 INFERIOR,BANDA_3_40 SUPERIOR,BANDA_3_40 INFERIOR
20180102,MAGG3,MAGNESITA SA,50.0,50.0,49.22,49.25,1866680.0,0.0,0.0,0.0,0.0,0.0,0.0,0.0,0.0,0.0,0.0
20180103,MAGG3,MAGNESITA SA,49.54,50.58,48.95,50.02,2045407.0,0.0,0.0,0.0,0.0,0.0,0.0,0.0,0.0,0.0,0.0
20180104,MAGG3,MAGNESITA SA,50.02,51.75,49.04,51.2,1746549.0,0.0,0.0,0.0,0.0,0.0,0.0,0.0,0.0,0.0,0.0
20180105,MAGG3,MAGNESITA SA,51.58,52.0,50.46,51.89,1665901.0,0.0,0.0,0.0,0.0,0.0,0.0,0.0,0.0,0.0,0.0
20180108,MAGG3,MAGNESITA SA,51.61,51.75,51.06,51.75,1176155.0,0.0,0.0,0.0,0.0,0.0,0.0,0.0,0.0,0.0,0.0
20180109,MAGG3,MAGNESITA SA,51.99,52.9,51.37,52.9,5368033.0,0.0,0.0,0.0,0.0,0.0,0.0,0.0,0.0,0.0,0.0
20180110,MAGG3,MAGNESITA SA,52.98,54.0,52.94,53.91,4707836.0,0.0,0.0,0.0,0.0,0.0,0.0,0.0,0.0,0.0,0.0
20180111,MAGG3,MAGNESITA SA,54.1,54.29,53.44,53.7,1496362.0,0.0,0.0,0.0,0.0,0.0,0.0,0.0,0.0,0.0,0.0
20180112,MAGG3,MAGNESITA SA,53.94,54.0,53.27,54.0,1149870.0,0.0,0.0,0.0,0.0,0.0,0.0,0.0,0.0,0.0,0.0
20180115,MAGG3,MAGNESITA SA,54.0,54.81,53.85,54.8,989343.0,0.0,0.0,0.0,0.0,0.0,0.0,0.0,0.0,0.0,0.0
20180116,MAGG3,MAGNESITA SA,54.59,55.0,53.96,55.0,2454214.0,0.0,0.0,0.0,0.0,0.0,0.0,0.0,0.0,0.0,0.0
20180117,MAGG3,MAGNESITA SA,55.0,55.25,54.59,55.1,1764672.0,0.0,0.0,0.0,0.0,0.0,0.0,0.0,0.0,0.0,0.0
20180118,MAGG3,MAGNESITA SA,54.6,55.13,53.25,54.0,11688410.0,0.0,0.0,0.0,0.0,0.0,0.0,0.0,0.0,0.0,0.0
20180119,MAGG3,MAGNESITA SA,53.7,54.53,53.61,54.15,2388021.0,0.0,0.0,0.0,0.0,0.0,0.0,0.0,0.0,0.0,0.0
20180122,MAGG3,MAGNESITA SA,54.3,54.3,53.69,53.96,5524190.0,0.0,0.0,0.0,0.0,0.0,0.0,0.0,0.0,0.0,0.0
20180123,MAGG3,MAGNESITA SA,54.1,54.98,53.99,54.98,9755497.0,0.0,0.0,0.0,0.0,0.0,0.0,0.0,0.0,0.0,0.0
20180124,MAGG3,MAGNESITA SA,55.35,55.44,54.52,54.95,3977895.0,0.0,0.0,0.0,0.0,0.0,0.0,0.0,0.0,0.0,0.0
20180126,MAGG3,MAGNESITA SA,54.96,55.39,54.37,55.0,2407665.0,0.0,0.0,0.0,0.0,0.0,0.0,0.0,0.0,0.0,0.0
20180129,MAGG3,MAGNESITA SA,55.0,55.16,54.6,55.05,4797114.0,0.0,0.0,0.0,0.0,0.0,0.0,0.0,0.0,0.0,0.0
20180130,MAGG3,MAGNESITA SA,55.04,55.04,54.3,54.9,4408376.0,53.5255,0.0,1.7801847183870947,0.0,0.0,0.0,0.0,0.0,0.0,0.0
20180131,MAGG3,MAGNESITA SA,55.0,55.0,54.53,54.95,4398512.0,53.810500000000005,0.0,1.4927349502101646,0.0,0.0,0.0,0.0,0.0,0.0,0.0
20180201,MAGG3,MAGNESITA SA,54.64,54.94,54.31,54.79,4758440.0,54.049,0.0,1.2094100345122598,0.0,0.0,0.0,0.0,0.0,0.0,0.0
20180202,MAGG3,MAGNESITA SA,54.19,55.0,54.12,54.94,8077152.0,54.236000000000004,0.0,1.020022703565696,0.0,0.0,0.0,0.0,0.0,0.0,0.0
20180205,MAGG3,MAGNESITA SA,54.5,54.51,51.99,54.19,2852435.0,54.351,0.0,0.8584680357596615,0.0,0.0,0.0,0.0,0.0,0.0,0.0
20180206,MAGG3,MAGNESITA SA,53.95,54.2,53.27,54.1,2347465.0,54.46849999999999,0.0,0.6080190007418802,0.0,0.0,0.0,0.0,0.0,0.0,0.0
20180207,MAGG3,MAGNESITA SA,53.68,54.8,53.66,54.8,4835971.0,54.56349999999999,0.0,0.48629939878962736,0.0,0.0,0.0,0.0,0.0,0.0,0.0
20180208,MAGG3,MAGNESITA SA,54.94,54.94,53.85,54.78,3361845.0,54.606999999999985,0.0,0.46312553714720744,0.0,0.0,0.0,0.0,0.0,0.0,0.0
20180209,MAGG3,MAGNESITA SA,54.56,54.59,54.01,54.45,1664184.0,54.64449999999998,0.0,0.4135275081539248,0.0,0.0,0.0,0.0,0.0,0.0,0.0
20180214,MAGG3,MAGNESITA SA,54.79,55.0,54.43,55.0,1584906.0,54.694499999999984,0.0,0.3913603131857341,0.0,0.0,0.0,0.0,0.0,0.0,0.0
20180215,MAGG3,MAGNESITA SA,55.0,55.0,54.05,54.05,2324621.0,54.65699999999998,0.0,0.4158833338430566,0.0,0.0,0.0,0.0,0.0,0.0,0.0
20180216,MAGG3,MAGNESITA SA,53.9,54.12,53.3,54.0,4627033.0,54.606999999999985,0.0,0.4322657564629901,0.0,0.0,0.0,0.0,0.0,0.0,0.0
20180219,MAGG3,MAGNESITA SA,53.88,53.88,53.35,53.83,2412517.0,54.54349999999998,0.0,0.4489903878938261,0.0,0.0,0.0,0.0,0.0,0.0,0.0
20180220,MAGG3,MAGNESITA SA,53.83,54.5,53.47,54.45,7579937.0,54.56599999999999,0.0,0.43124544238628537,0.0,0.0,0.0,0.0,0.0,0.0,0.0
20180221,MAGG3,MAGNESITA SA,54.72,55.8,54.07,55.8,28014641.0,54.64849999999998,0.0,0.49984497596754307,0.0,0.0,0.0,0.0,0.0,0.0,0.0
20180222,MAGG3,MAGNESITA SA,55.91,56.48,54.47,55.0,11702387.0,54.70049999999998,0.0,0.47807150973577645,0.0,0.0,0.0,0.0,0.0,0.0,0.0
20180223,MAGG3,MAGNESITA SA,54.96,55.26,54.88,55.0,5675272.0,54.701499999999974,0.0,0.4787074153109352,0.0,0.0,0.0,0.0,0.0,0.0,0.0
20180226,MAGG3,MAGNESITA SA,54.94,55.49,54.94,55.38,8061109.0,54.72299999999998,0.0,0.49965356419274937,0.0,0.0,0.0,0.0,0.0,0.0,0.0
20180227,MAGG3,MAGNESITA SA,55.46,55.8,55.1,55.4,8926131.0,54.74299999999998,0.0,0.5189574569319281,0.0,0.0,0.0,0.0,0.0,0.0,0.0
20180228,MAGG3,MAGNESITA SA,55.19,55.45,54.56,55.0,4047137.0,54.74049999999998,0.0,0.5175191326236838,0.0,0.0,0.0,0.0,0.0,0.0,0.0
20180301,MAGG3,MAGNESITA SA,54.65,55.3,53.45,54.99,7400649.0,54.74499999999998,54.13525,0.5193670236577875,1.4340993555324055,57.00344871106481,51.267051288935185,58.437548066597216,49.83295193340278,59.87164742212962,48.39885257787038
20180302,MAGG3,MAGNESITA SA,54.41,55.15,54.41,55.15,6660197.0,54.75499999999998,54.28275,0.5254121189474341,1.203656794724801,56.6900635894496,51.8754364105504,57.8937203841744,50.6717796158256,59.0973771788992,49.4681228211008
20180305,MAGG3,MAGNESITA SA,54.76,55.25,54.53,55.1,9402966.0,54.770499999999984,54.409749999999995,0.5310414296455502,0.9916897971876878,56.393129594375374,52.42637040562462,57.384819391563056,51.434680608436935,58.376509188750745,50.442990811249246
20180306,MAGG3,MAGNESITA SA,55.15,55.68,55.13,55.5,4523915.0,54.798499999999976,54.517250000000004,0.5546860183449346,0.8590154993974974,56.235280998795,52.79921900120501,57.0942964981925,51.94020350180751,57.95331199758999,51.081188002410016
20180307,MAGG3,MAGNESITA SA,55.23,55.44,54.4,55.0,4714891.0,54.83899999999998,54.595000000000006,0.5372140610300592,0.748797326315632,56.09259465263127,53.09740534736874,56.8413919789469,52.34860802105311,57.590189305262534,51.59981069473748
20180308,MAGG3,MAGNESITA SA,54.83,55.7,54.7,55.5,3419484.0,54.90899999999998,54.688750000000006,0.5269664924931297,0.6042719183298638,55.897293836659735,53.48020616334028,56.5015657549896,52.87593424501041,57.10583767331946,52.27166232668055
20180309,MAGG3,MAGNESITA SA,55.74,56.01,55.31,55.72,1588910.0,54.954999999999984,54.759249999999994,0.556289398368175,0.5525158658819518,55.864281731763896,53.65421826823609,56.41679759764585,53.10170240235414,56.969313463527804,52.549186536472185
20180312,MAGG3,MAGNESITA SA,55.42,57.99,55.42,56.69,3488579.0,55.050499999999985,54.82875,0.6757800560911111,0.614338032315041,56.05742606463008,53.60007393536992,56.671764096945125,52.985735903054874,57.286102129260165,52.371397870739834
20180313,MAGG3,MAGNESITA SA,56.73,57.91,56.27,56.59,2421440.0,55.157499999999985,54.90100000000001,0.7418814985526394,0.6472458416144359,56.19549168322888,53.60650831677114,56.842737524843315,52.959262475156706,57.48998336645776,52.312016633542264
20180314,MAGG3,MAGNESITA SA,56.8,56.91,54.9,56.9,2470892.0,55.25249999999998,54.973500000000016,0.8362943010057561,0.7036919124818107,56.38088382496364,53.56611617503639,57.08457573744545,52.86242426255458,57.788267649927256,52.158732350072775
20180315,MAGG3,MAGNESITA SA,56.58,58.0,56.58,58.0,24755805.0,55.44999999999999,55.05350000000001,0.9897102180888285,0.8501238220521244,56.75374764410426,53.353252355895755,57.60387146615638,52.503128533843636,58.4539952882085,51.65300471179151
20180316,MAGG3,MAGNESITA SA,57.71,58.59,57.28,58.59,9726700.0,55.67949999999998,55.14325000000001,1.1542756899549627,1.0173807181389993,57.178011436278005,53.10848856372201,58.19539215441701,52.09110784558301,59.21277287255601,51.07372712744401
20180319,MAGG3,MAGNESITA SA,58.58,58.86,58.31,58.5,3673373.0,55.91299999999999,55.22825000000002,1.2302935037067801,1.1473981436275733,57.52304628725516,52.93345371274487,58.67044443088274,51.786055569117295,59.81784257451031,50.638657425489725
20180320,MAGG3,MAGNESITA SA,58.34,58.9,58.32,58.8,1628878.0,56.130499999999984,55.34825000000002,1.3378516753598269,1.2610249951771528,57.870299990354326,52.82620000964572,59.13132498553148,51.565175014468565,60.39234998070863,50.30415001929141
20180321,MAGG3,MAGNESITA SA,58.89,58.89,57.41,58.0,22088319.0,56.24049999999998,55.44450000000002,1.398324090888028,1.3130761494898056,58.07065229897963,52.81834770102041,59.383728448469434,51.505271551530605,60.69680459795924,50.192195402040795
20180322,MAGG3,MAGNESITA SA,58.0,59.0,56.98,59.0,3674061.0,56.440499999999986,55.57050000000002,1.4943207398962703,1.4055329311378029,58.38156586227562,52.75943413772441,59.78709879341343,51.353901206586606,61.19263172455123,49.94836827544881
20180323,MAGG3,MAGNESITA SA,58.5,59.02,57.31,58.5,5527212.0,56.61549999999998,55.65850000000002,1.521441404513608,1.476038617380997,58.61057723476201,52.706422765238024,60.08661585214301,51.23038414785702,61.562654469524006,49.75434553047603
20180326,MAGG3,MAGNESITA SA,58.52,58.52,57.71,58.0,2362198.0,56.74649999999998,55.73475000000002,1.5222568944273147,1.5167187719987318,58.768187543997485,52.701312456002555,60.28490631599622,51.18459368400382,61.80162508799495,49.66787491200509
20180327,MAGG3,MAGNESITA SA,58.0,58.9,57.75,58.9,5746704.0,56.92149999999998,55.83225000000002,1.5600279181037326,1.5917712880101031,59.01579257602023,52.648707423979815,60.60756386403033,51.056936135969714,62.19933515204043,49.46516484795961
20180328,MAGG3,MAGNESITA SA,58.53,59.0,57.97,59.0,5967157.0,57.12149999999998,55.93100000000002,1.5571237823898627,1.6629319180599582,59.25686383611993,52.605136163880104,60.919795754179894,50.94220424582014,62.582727672239855,49.27927232776018
20180329,MAGG3,MAGNESITA SA,58.71,58.78,57.73,58.2,7278777.0,57.28199999999998,56.01350000000001,1.4898378576560476,1.6920743603712134,59.39764872074243,52.629351279257584,61.08972308111365,50.93727691888637,62.78179744148486,49.24520255851515
20180402,MAGG3,MAGNESITA SA,58.29,58.29,57.03,58.2,4585394.0,57.43449999999998,56.09475000000001,1.4143046459581607,1.7175354846481778,59.52982096929637,52.65967903070366,61.24735645394455,50.942143546055476,62.96489193859272,49.2246080614073
20180403,MAGG3,MAGNESITA SA,57.96,58.05,55.25,56.37,9558340.0,57.497999999999976,56.13425000000001,1.3299687372660878,1.7048812087349212,59.54401241746985,52.724487582530166,61.248893626204776,51.01960637379524,62.95377483493969,49.314725165060324
20180404,MAGG3,MAGNESITA SA,56.36,56.37,54.31,56.0,8366951.0,57.52299999999998,56.16075000000001,1.294665573562651,1.69404596477464,59.54884192954929,52.772658070450724,61.24288789432393,51.078612105676086,62.936933859098566,49.38456614090145
20180405,MAGG3,MAGNESITA SA,56.0,56.19,54.79,54.99,6249603.0,57.52249999999998,56.18075,1.2956927632899675,1.6747956438676206,59.53034128773525,52.83115871226476,61.205136931602866,51.15636306839714,62.879932575470484,49.48156742452952
20180406,MAGG3,MAGNESITA SA,55.23,55.23,53.82,54.99,4307672.0,57.49699999999998,56.202999999999996,1.341790241666508,1.652203191080139,59.507406382160276,52.898593617839715,61.15960957324042,51.246390426759575,62.81181276432055,49.59418723567944
20180409,MAGG3,MAGNESITA SA,54.84,55.05,53.83,54.8,4545445.0,57.45099999999998,56.202999999999996,1.4194398450389154,1.652203191080139,59.507406382160276,52.898593617839715,61.15960957324042,51.246390426759575,62.81181276432055,49.59418723567944
20180410,MAGG3,MAGNESITA SA,55.27,55.28,54.71,55.0,7407225.0,57.366499999999974,56.208499999999994,1.5142629786206043,1.6477047750252576,59.50390955005051,52.91309044994948,61.15161432507577,51.26538567492422,62.79931910010102,49.617680899898964
20180411,MAGG3,MAGNESITA SA,55.18,55.69,54.75,54.94,7479453.0,57.28399999999998,56.220749999999995,1.6012442530403141,1.6360762747876663,59.49290254957533,52.948597450424664,61.128978824362996,51.312521175636995,62.76505509915066,49.67644490084933
20180412,MAGG3,MAGNESITA SA,54.83,54.88,54.47,54.5,4073742.0,57.16399999999997,56.20825,1.7172634288921511,1.6475123243770802,59.50327464875416,52.91322535124584,61.15078697313124,51.26571302686876,62.79829929750832,49.61820070249168
20180413,MAGG3,MAGNESITA SA,54.69,55.05,54.52,55.05,807977.0,57.01649999999997,56.23325,1.7676308110605092,1.6213011354448876,59.475852270889774,52.99064772911022,61.09715340633466,51.369346593665334,62.71845454177955,49.748045458220446
20180416,MAGG3,MAGNESITA SA,55.2,55.44,54.15,55.4,3857385.0,56.856999999999985,56.26825,1.7620893698585032,1.5865943004936662,59.44143860098733,53.09506139901267,61.028032901481,51.508467098519006,62.61462720197467,49.92187279802533
20180417,MAGG3,MAGNESITA SA,55.4,55.75,54.41,55.75,3868721.0,56.71949999999998,56.316250000000004,1.734208373930436,1.5392750333209269,59.39480006664186,53.23769993335815,60.93407509996278,51.698424900037224,62.47335013328371,50.1591498667163
20180418,MAGG3,MAGNESITA SA,55.65,55.82,54.56,55.82,11077502.0,56.57049999999998,56.35050000000001,1.67298496233841,1.511679232695917,59.37385846539185,53.327141534608174,60.88553769808776,51.81546230191226,62.39721693078368,50.303783069216344
20180419,MAGG3,MAGNESITA SA,55.82,55.82,55.24,55.5,3647410.0,56.44549999999998,56.343,1.6538423364045738,1.5152205560027712,59.373441112005544,53.31255888799446,60.88866166800832,51.79733833199169,62.403882224011085,50.28211777598892
20180420,MAGG3,MAGNESITA SA,55.57,56.72,55.57,56.1,4549262.0,56.30049999999998,56.37050000000001,1.5413953862789516,1.5001281141870428,59.37075622837409,53.37024377162592,60.87088434256113,51.87011565743888,62.371012456748176,50.36998754325184
20180423,MAGG3,MAGNESITA SA,56.34,57.72,56.34,57.69,3089385.0,56.25999999999998,56.43775000000001,1.490358487429305,1.4974071393664636,59.43256427873293,53.442935721267084,60.9299714180994,51.94552858190062,62.427378557465865,50.44812144253415
20180424,MAGG3,MAGNESITA SA,57.72,59.49,57.72,58.7,3721008.0,56.29499999999998,56.52075,1.5407397403092957,1.5289537020711055,59.57865740414221,53.462842595857786,61.10761110621331,51.93388889378669,62.63656480828442,50.40493519171558
20180425,MAGG3,MAGNESITA SA,58.6,58.64,57.02,58.26,6358775.0,56.26299999999998,56.59225,1.4895852478211007,1.542015809390511,59.67628161878102,53.50821838121898,61.21829742817153,51.96620257182847,62.760313237562045,50.424186762437955
20180426,MAGG3,MAGNESITA SA,58.46,58.98,57.99,58.5,2251884.0,56.23799999999998,56.67975,1.4447531204144546,1.5486362693905282,59.777022538781054,53.58247746121894,61.32565880817158,52.033841191828415,62.87429507756211,50.48520492243789
20180427,MAGG3,MAGNESITA SA,58.1,58.47,57.4,57.98,2202971.0,56.226999999999975,56.75450000000001,1.429788721970354,1.537101751632537,59.82870350326508,53.68029649673493,61.365805254897616,52.1431947451024,62.90290700653016,50.60609299346986
20180430,MAGG3,MAGNESITA SA,57.55,57.66,57.2,57.5,3035215.0,56.19199999999997,56.813250000000004,1.3868730446963042,1.5190067394053897,59.851263478810786,53.77523652118922,61.37027021821617,52.25622978178384,62.88927695762156,50.737223042378446
20180502,MAGG3,MAGNESITA SA,57.29,57.65,56.6,57.65,3541058.0,56.255999999999986,56.87700000000001,1.4245420316719097,1.498633907845278,59.874267815690565,53.879732184309454,61.37290172353585,52.38109827646417,62.87153563138112,50.8824643686189
20180503,MAGG3,MAGNESITA SA,58.0,59.75,57.45,59.75,4798903.0,56.443499999999986,56.98325000000001,1.6221567027944566,1.54833804614116,60.079926092282335,53.88657390771769,61.62826413842349,52.338235861576536,63.17660218456465,50.789897815435374
20180504,MAGG3,MAGNESITA SA,59.89,61.42,59.06,60.15,17289918.0,56.70149999999999,57.11200000000001,1.781345662251147,1.5926806945749723,60.297361389149955,53.92663861085006,61.89004208372493,52.33395791627509,63.4827227782999,50.741277221700116
20180507,MAGG3,MAGNESITA SA,60.12,60.32,59.52,60.0,3648727.0,56.951999999999984,57.22450000000001,1.8776597976708647,1.634283266411248,60.49306653282251,53.955933467177516,62.127349799233755,52.32165020076627,63.76163306564501,50.68736693435502
20180508,MAGG3,MAGNESITA SA,60.7,64.96,60.7,64.8,9094593.0,57.451999999999984,57.451500000000024,2.502067776439049,2.007855789591199,61.46721157918242,53.43578842081763,63.47506736877362,51.427932631226426,65.48292315836483,49.42007684163523
20180509,MAGG3,MAGNESITA SA,65.03,68.1,63.6,67.5,9640041.0,58.076999999999984,57.72175000000002,3.293406650934705,2.5555318453935465,62.83281369078711,52.61068630921293,65.38834553618067,50.055154463819385,67.94387738157421,47.49962261842583
20180510,MAGG3,MAGNESITA SA,68.47,69.0,66.72,68.87,6189503.0,58.77349999999999,58.02875000000002,3.9936123668731303,3.0964480788684723,64.22164615773696,51.83585384226307,67.31809423660543,48.7394057633946,70.41454231547391,45.642957684526124
20180511,MAGG3,MAGNESITA SA,69.0,69.0,66.92,68.9,2646301.0,59.4935,58.328750000000014,4.454123193295458,3.534596910612705,65.39794382122543,51.2595561787746,68.93254073183813,47.724959268161896,72.46713764245084,44.19036235754919
20180514,MAGG3,MAGNESITA SA,69.15,69.18,67.02,68.41,3278759.0,60.161500000000004,58.58900000000001,4.744968831354553,3.876477253568755,66.34195450713753,50.8360454928625,70.21843176070628,46.959568239293745,74.09490901427503,43.08309098572499
20180515,MAGG3,MAGNESITA SA,67.01,68.76,67.01,68.5,2817492.0,60.8165,58.83675000000001,4.95271353055972,4.1812422319885,67.199234463977,50.47426553602301,71.38047669596551,46.293023304034506,75.561718927954,42.111781072046014
20180516,MAGG3,MAGNESITA SA,68.05,68.19,67.67,68.07,4095866.0,61.43249999999999,59.07600000000001,5.054506977883553,4.427995321147328,67.93199064229466,50.22000935770535,72.359985963442,45.79201403655802,76.78798128458932,41.364018715410694
20180517,MAGG3,MAGNESITA SA,68.51,68.98,67.87,68.98,2959796.0,62.0905,59.33050000000001,5.141257756209981,4.696154427854402,68.7228088557088,49.9381911442912,73.41896328356322,45.2420367164368,78.11511771141761,40.545882288582405
20180518,MAGG3,MAGNESITA SA,70.0,70.4,69.62,69.75,2103657.0,62.803,59.62425,5.1671952078269,4.970283429724604,69.56481685944921,49.6836831405508,74.53510028917381,44.713399710826195,79.50538371889841,39.74311628110159
20180521,MAGG3,MAGNESITA SA,70.79,70.79,68.93,69.5,4344850.0,63.473,59.886750000000006,5.12085426672664,5.2080546038238085,70.30285920764763,49.47064079235239,75.51091381147143,44.26258618852858,80.71896841529524,39.054531584704776
20180522,MAGG3,MAGNESITA SA,70.05,70.05,68.48,68.88,3569657.0,64.0325,60.14625000000001,5.0667729530633725,5.392519361495393,70.9312887229908,49.361211277009225,76.32380808448619,43.96869191551383,81.71632744598158,38.57617255401844
20180523,MAGG3,MAGNESITA SA,68.03,68.03,65.84,67.02,4101220.0,64.4485,60.371750000000006,4.946024746144469,5.488214359787205,71.34817871957442,49.3953212804256,76.83639307936161,43.90710692063839,82.32460743914882,38.41889256085119
20180524,MAGG3,MAGNESITA SA,66.6,67.0,66.11,66.95,2482176.0,64.88300000000001,60.573,4.751643593758377,5.579694505009293,71.73238901001858,49.413610989981414,77.31208351502788,43.83391648497212,82.89177802003718,38.25422197996283
20180525,MAGG3,MAGNESITA SA,66.38,67.05,66.1,66.88,3504573.0,65.30199999999999,60.77,4.523147018102349,5.661245219551753,72.09249043910351,49.4475095608965,77.75373565865526,43.78626434134475,83.41498087820702,38.12501912179299
20180528,MAGG3,MAGNESITA SA,66.06,67.4,65.8,67.4,4500866.0,65.773,61.000000000000014,4.199444950792496,5.740486444142583,72.48097288828518,49.51902711171485,78.22145933242777,43.778540667572265,83.96194577657035,38.03805422342968
20180529,MAGG3,MAGNESITA SA,67.4,67.4,66.11,67.1,6165497.0,66.253,61.22250000000001,3.7260238437522446,5.801334837555582,72.82516967511117,49.619830324888845,78.62650451266676,43.818495487333266,84.42783935022234,38.01716064977768
20180530,MAGG3,MAGNESITA SA,67.0,67.39,66.71,67.39,5899671.0,66.74,61.49800000000001,3.1315003970687614,5.826595170599331,73.15119034119867,49.84480965880135,78.977785511798,44.01821448820202,84.80438068239734,38.19161931760269
20180601,MAGG3,MAGNESITA SA,68.19,68.3,66.23,67.34,10224843.0,67.11949999999999,61.781500000000015,2.664968598610243,5.8281045649947805,73.43770912998957,50.12529087001045,79.26581369498436,44.29718630501567,85.09391825997913,38.4690817400209
20180604,MAGG3,MAGNESITA SA,67.4,67.73,65.33,67.35,4454915.0,67.47949999999999,62.09050000000002,2.1004547753183296,5.786300775682755,73.66310155136553,50.51789844863451,79.44940232704829,44.73159767295175,85.23570310273104,38.945296897269
20180605,MAGG3,MAGNESITA SA,67.28,68.48,66.7,67.93,8019536.0,67.87599999999999,62.41400000000002,1.1457491229022354,5.740692265947366,73.89538453189475,50.93261546810529,79.63607679784212,45.19192320215792,85.37676906378948,39.451230936210564
20180606,MAGG3,MAGNESITA SA,68.36,68.54,67.52,68.2,6453549.0,68.04599999999999,62.74900000000001,0.8887389054750088,5.675593632116671,74.10018726423336,51.397812735766664,79.77578089635003,45.72221910365,85.45137452846669,40.046625471533325
20180607,MAGG3,MAGNESITA SA,68.04,68.85,66.91,68.6,8266440.0,68.10099999999998,63.08900000000001,0.8872067343485021,5.606418848756535,74.30183769751308,51.87616230248695,79.90825654626963,46.269743453730406,85.51467539502616,40.66332460497387
20180608,MAGG3,MAGNESITA SA,68.6,68.6,65.87,66.2,6783787.0,67.9675,63.37050000000001,0.9630427382983225,5.46773236172798,74.30596472345597,52.43503527654405,79.77369708518395,46.96730291481607,85.24142944691192,41.49957055308809
20180611,MAGG3,MAGNESITA SA,65.92,66.0,63.53,65.4,6759164.0,67.79249999999999,63.64300000000001,1.0938001116338374,5.282798986163055,74.20859797232612,53.0774020276739,79.49139695848918,47.79460304151084,84.77419594465223,42.51180405534779
20180612,MAGG3,MAGNESITA SA,64.82,65.22,64.1,64.8,3957329.0,67.612,63.886750000000006,1.2701786032720779,5.097845390771027,74.08244078154206,53.69105921845795,79.18028617231309,48.593213827686924,84.27813156308412,43.495368436915896
20180613,MAGG3,MAGNESITA SA,65.13,65.13,64.5,64.99,2618152.0,67.4365,64.1265,1.3788640442883675,4.910548849161393,73.94759769832278,54.305402301677205,78.85814654748417,49.39485345251582,83.76869539664557,44.48430460335442
20180614,MAGG3,MAGNESITA SA,64.57,64.6,63.61,64.6,9122550.0,67.26299999999999,64.34774999999999,1.5072879094933955,4.719100570268448,73.78595114053688,54.909548859463094,78.50505171080533,50.19044828919465,83.22415228107378,45.4713477189262
20180615,MAGG3,MAGNESITA SA,65.0,65.24,63.69,64.25,10475223.0,67.02649999999998,64.5585,1.5923807895560327,4.512196889457626,73.58289377891525,55.53410622108474,78.09509066837288,51.021909331627114,82.6072875578305,46.50971244216949
20180618,MAGG3,MAGNESITA SA,64.9,64.9,63.0,64.59,6211830.0,66.76849999999999,64.78575,1.5452074464716128,4.266493718950781,73.31873743790156,56.25276256209843,77.58523115685233,51.98626884314765,81.85172487580311,47.71977512419687
20180619,MAGG3,MAGNESITA SA,64.57,64.57,63.42,63.5,8048523.0,66.46849999999998,64.97075,1.5692380819666907,4.034332396396671,73.03941479279334,56.90208520720665,77.07374718919002,52.86775281080998,81.10807958558668,48.83342041441331
20180620,MAGG3,MAGNESITA SA,63.5,64.0,62.96,64.0,3578573.0,66.22449999999999,65.1285,1.553859287133268,3.8620285290213343,72.85255705804268,57.404442941957335,76.71458558706401,53.542414412936,80.57661411608534,49.68038588391467
20180621,MAGG3,MAGNESITA SA,63.8,64.25,63.8,64.0,3653723.0,66.0735,65.261,1.6179040209642916,3.724282618926948,72.7095652378539,57.8124347621461,76.43384785678084,54.08815214321915,80.1581304757078,50.363869524292205
20180622,MAGG3,MAGNESITA SA,64.63,64.63,63.29,64.3,2233445.0,65.94099999999999,65.412,1.6505275073840424,3.5515920590414805,72.51518411808297,58.30881588191704,76.06677617712445,54.75722382287557,79.61836823616594,51.205631763834084
20180625,MAGG3,MAGNESITA SA,64.05,64.15,63.71,63.97,3148075.0,65.79549999999999,65.54875,1.6911580429739856,3.3797816554419455,72.30831331088389,58.78918668911611,75.68809496632583,55.40940503367416,79.06787662176778,52.029623378232216
20180626,MAGG3,MAGNESITA SA,63.6,63.6,62.89,63.6,5954031.0,65.60549999999998,65.68924999999999,1.714705667546362,3.1672040468462623,72.02365809369252,59.35484190630746,75.19086214053877,56.1876378594612,78.35806618738503,53.02043381261494
20180627,MAGG3,MAGNESITA SA,63.0,63.2,62.89,63.2,4846628.0,65.41049999999998,65.83174999999999,1.7570384023601366,2.9068282895844706,71.64540657916892,60.01809342083104,74.5522348687534,57.111265131246576,77.45906315833787,54.2044368416621
20180628,MAGG3,MAGNESITA SA,62.82,62.82,62.0,62.5,5513375.0,65.16599999999998,65.95299999999999,1.8066176597224208,2.6462738195820763,71.24554763916414,60.66045236083583,73.89182145874622,58.014178541253756,76.5380952783283,55.367904721671685
20180629,MAGG3,MAGNESITA SA,62.16,63.58,62.15,63.4,8168681.0,64.969,66.04424999999999,1.7715556648562003,2.4849050825396044,71.0140601650792,61.07443983492078,73.4989652476188,58.58953475238118,75.98387033015841,56.10462966984157
20180702,MAGG3,MAGNESITA SA,63.8,64.6,62.62,64.1,3151873.0,64.8065,66.14299999999999,1.688781170579883,2.317509936913475,70.77801987382693,61.50798012617304,73.09552981074042,59.190470189259564,75.41303974765388,56.87296025234609
20180703,MAGG3,MAGNESITA SA,65.0,66.54,63.5,64.22,9867568.0,64.621,66.24849999999998,1.5232786661463993,2.1181723495892633,70.48484469917851,62.012155300821455,72.60301704876777,59.89398295123219,74.72118939835703,57.775810601642924
20180704,MAGG3,MAGNESITA SA,63.61,63.95,63.5,63.95,2532694.0,64.40849999999999,66.22724999999997,1.2737234063129255,2.1372543943466913,70.50175878869335,61.95274121130659,72.63901318304005,59.8154868169599,74.77626757738673,57.678232422613206
20180705,MAGG3,MAGNESITA SA,64.51,64.52,63.68,64.4,1279883.0,64.1985,66.14974999999997,0.8070236088635216,2.1461061788200566,70.44196235764008,61.85753764235986,72.58806853646014,59.711431463539796,74.73417471528019,57.56532528471974
20180706,MAGG3,MAGNESITA SA,64.7,64.94,63.22,63.22,4742461.0,64.0495,66.00849999999997,0.6837164309088172,2.1484085344202155,70.3053170688404,61.71168293115954,72.45372560326062,59.563274396739324,74.60213413768084,57.414865862319104
20180710,MAGG3,MAGNESITA SA,63.33,63.33,60.72,61.45,8230626.0,63.852,65.82224999999997,0.8282931085577022,2.2132601403175194,70.248770280635,61.39572971936493,72.46203042095253,59.18246957904741,74.67529056127005,56.96920943872989
20180711,MAGG3,MAGNESITA SA,60.91,62.95,60.5,62.95,3677321.0,63.7595,65.68574999999996,0.8201121553594978,2.2179360785916082,70.12162215718317,61.24987784281674,72.33955823577477,59.03194176422513,74.5574943143664,56.814005685633525
20180712,MAGG3,MAGNESITA SA,62.79,63.34,61.7,63.2,2573894.0,63.67,65.55324999999996,0.7752011623477157,2.2037676217717688,69.9607852435435,61.14571475645643,72.16455286531527,58.94194713468465,74.36832048708703,56.738179512912886
20180713,MAGG3,MAGNESITA SA,62.5,62.7,61.93,62.5,4920925.0,63.56500000000001,65.41399999999996,0.7847661401569499,2.2166026210143177,69.8472052420286,60.980794757971324,72.06380786304291,58.76419213695701,74.28041048405723,56.54758951594269
20180716,MAGG3,MAGNESITA SA,62.46,62.74,61.3,62.74,6226788.0,63.48950000000001,65.25799999999995,0.7880253469073336,2.178450637376834,69.61490127475362,60.901098725246285,71.79335191213046,58.72264808786945,73.97180254950729,56.54419745049262
20180717,MAGG3,MAGNESITA SA,63.0,63.0,61.86,62.05,5440930.0,63.36250000000001,65.06549999999996,0.8058070488646852,2.1104817167943977,69.28646343358875,60.844536566411165,71.39694515038315,58.73405484961677,73.50742686717754,56.623573132822365
20180718,MAGG3,MAGNESITA SA,62.1,63.8,62.1,63.5,4458345.0,63.36250000000001,64.91549999999995,0.8058070488646852,1.9974162156300534,68.91033243126006,60.920667568739844,70.90774864689011,58.92325135310979,72.90516486252017,56.92583513747974
20180719,MAGG3,MAGNESITA SA,63.34,63.63,62.76,63.6,3088470.0,63.34250000000001,64.78349999999995,0.7940295301415793,1.9008332181118004,68.58516643622355,60.98183356377635,70.48599965433534,59.08100034566455,72.38683287244714,57.18016712755274
20180720,MAGG3,MAGNESITA SA,63.96,63.99,63.2,63.99,4425056.0,63.342000000000006,64.70774999999995,0.7935967423532555,1.869537838817275,68.4468256776345,60.968674322365395,70.31636351645177,59.09913648354812,72.18590135526905,57.22959864473085
20180723,MAGG3,MAGNESITA SA,63.57,66.1,62.73,65.14,3593030.0,63.384000000000015,64.66249999999994,0.8659002008861933,1.8354692685789566,68.33343853715785,60.99156146284202,70.16890780573681,59.15609219426307,72.00437707431577,57.32062292568411
20180724,MAGG3,MAGNESITA SA,65.43,66.0,64.0,64.55,5680432.0,63.41300000000001,64.60424999999995,0.8957566633857714,1.7999186413238093,68.20408728264756,61.00441271735233,70.00400592397138,59.204494076028524,71.80392456529519,57.40457543470471
20180725,MAGG3,MAGNESITA SA,64.01,64.69,63.81,64.0,2782575.0,63.433000000000014,64.51924999999994,0.904573758303067,1.7439159993591555,68.00708199871825,61.03141800128163,69.75099799807741,59.287502001922476,71.49491399743657,57.54358600256332
20180726,MAGG3,MAGNESITA SA,64.46,65.84,64.33,65.6,2952495.0,63.55300000000001,64.48174999999995,1.0234209917310606,1.7026373019676297,67.8870246039352,61.07647539606469,69.58966190590284,59.37383809409706,71.29229920787047,57.671200792129426
20180727,MAGG3,MAGNESITA SA,65.56,66.7,65.55,66.32,4580646.0,63.74400000000001,64.45499999999996,1.1634404515103065,1.6637353709697078,67.78247074193938,61.12752925806054,69.44620611290908,59.46379388709083,71.10994148387879,57.800058516121126
20180730,MAGG3,MAGNESITA SA,66.5,67.44,66.1,67.24,2913606.0,63.936,64.45249999999994,1.3970774005608488,1.6593584642327404,67.77121692846542,61.13378307153447,69.43057539269816,59.47442460730172,71.08993385693091,57.81506614306898
20180731,MAGG3,MAGNESITA SA,67.52,69.0,67.52,68.55,2128391.0,64.1585,64.48249999999994,1.7374611695774436,1.722724065289776,67.9279481305795,61.037051869420395,69.65067219586928,59.31432780413061,71.37339626115904,57.59160373884084
20180801,MAGG3,MAGNESITA SA,68.74,68.96,68.19,68.6,35941063.0,64.3775,64.49924999999995,2.0015858844005407,1.7599583146288136,68.01916662925757,60.97933337074232,69.77912494388639,59.219375056113506,71.5390832585152,57.459416741484695
20180802,MAGG3,MAGNESITA SA,68.27,69.5,67.42,68.5,1879019.0,64.60499999999999,64.50674999999995,2.199254658431231,1.7766929629555326,68.06013592591101,60.95336407408889,69.83682888886655,59.17667111113336,71.61352185182209,57.39997814817782
20180803,MAGG3,MAGNESITA SA,68.03,69.08,67.84,68.0,3586365.0,64.785,64.49174999999995,2.3253036021356737,1.7434711729103973,67.97869234582075,61.00480765417916,69.72216351873115,59.26133648126876,71.46563469164154,57.51786530835837
20180806,MAGG3,MAGNESITA SA,68.02,68.79,67.46,68.0,2288746.0,65.02399999999999,64.53674999999996,2.400419700144529,1.8106287157101464,68.15800743142024,60.915492568579666,69.9686361471304,59.104863852869514,71.77926486284053,57.29423513715937
20180807,MAGG3,MAGNESITA SA,68.0,68.16,67.3,67.8,15711783.0,65.34149999999998,64.59674999999996,2.3214656781302305,1.8784628023999648,68.35367560479989,60.839824395200026,70.23213840719986,58.96136159280006,72.11060120959982,57.0828987904001
20180808,MAGG3,MAGNESITA SA,68.25,68.79,67.88,68.0,2160337.0,65.59399999999998,64.67674999999996,2.32229559748647,1.9539642642981414,68.58467852859624,60.768821471403676,70.53864279289438,58.81485720710553,72.49260705719252,56.86089294280739
20180809,MAGG3,MAGNESITA SA,68.0,68.18,67.71,67.8,1799238.0,65.82399999999998,64.74699999999997,2.3004036259111174,2.0150729451707963,68.77714589034156,60.71685410965838,70.79221883551236,58.701781164487585,72.80729178068316,56.686708219316785
20180810,MAGG3,MAGNESITA SA,68.23,68.25,65.14,68.15,6205828.0,66.10649999999998,64.83574999999998,2.2160948939400344,2.0853824435574815,69.00651488711495,60.66498511288501,71.09189733067242,58.57960266932753,73.1772797742299,56.49422022577005
20180813,MAGG3,MAGNESITA SA,67.7,68.5,67.39,68.5,2551350.0,66.39449999999998,64.94199999999998,2.1280964436989,2.1616472825970745,69.26529456519413,60.61870543480583,71.4269418477912,58.45705815220876,73.58858913038827,56.29541086961168
20180814,MAGG3,MAGNESITA SA,68.51,69.71,68.1,68.8,5506323.0,66.73199999999999,65.04724999999998,1.928739975926382,2.2449555846215348,69.53716116924305,60.557338830756905,71.78211675386459,58.31238324613537,74.02707233848612,56.06742766151384
20180815,MAGG3,MAGNESITA SA,68.18,68.49,67.53,68.25,7324200.0,66.96949999999998,65.16599999999997,1.7978217082726722,2.2862619810848863,69.73852396216974,60.59347603783019,72.02478594325463,58.30721405674531,74.31104792433952,56.020952075660425
20180816,MAGG3,MAGNESITA SA,68.18,68.18,64.3,66.0,10049518.0,67.08949999999999,65.21599999999998,1.6336831974019017,2.281973729595599,69.77994745919118,60.65205254080878,72.06192118878678,58.37007881121318,74.34389491838238,56.088105081617584
20180817,MAGG3,MAGNESITA SA,65.11,66.0,63.83,66.0,8463069.0,67.18999999999998,65.26599999999998,1.4883335789079237,2.2765513729864515,69.81910274597288,60.71289725402708,72.09565411895933,58.43634588104062,74.37220549194578,56.15979450805417
20180820,MAGG3,MAGNESITA SA,65.49,66.0,64.5,66.0,8698008.0,67.23299999999998,65.30849999999997,1.43754578874429,2.273921891629331,69.85634378325862,60.7606562167413,72.13026567488797,58.486734325111975,74.4041875665173,56.21281243348264
20180821,MAGG3,MAGNESITA SA,65.8,67.9,65.42,67.9,4775681.0,67.4005,65.40674999999997,1.296746840528494,2.2993660079382505,70.00548201587648,60.808017984123474,72.30484802381473,58.50865197618522,74.60421403175297,56.209285968246974
20180822,MAGG3,MAGNESITA SA,68.05,68.5,66.5,68.5,98403648.0,67.62549999999999,65.52924999999998,1.0408118036061382,2.330950491174801,70.19115098234958,60.867349017650376,72.52210147352437,58.53639852647557,74.85305196469918,56.205448035300776
20180823,MAGG3,MAGNESITA SA,68.6,69.15,68.25,68.85,8683114.0,67.78799999999998,65.67049999999998,0.9583736223412701,2.357224519620011,70.38494903924,60.95605096075995,72.74217355886,58.59882644113994,75.09939807848002,56.24160192151993
20180824,MAGG3,MAGNESITA SA,69.03,69.3,68.3,69.0,9259603.0,67.922,65.83299999999998,0.9292305815478311,2.3571007832853605,70.5472015665707,61.11879843342926,72.90430234985607,58.7616976501439,75.26140313314143,56.40459686685854
20180827,MAGG3,MAGNESITA SA,69.0,69.5,68.64,69.5,7781248.0,68.035,65.98549999999997,0.9780619935144158,2.39271431534819,70.77092863069635,61.20007136930359,73.16364294604455,58.8073570539554,75.55635726139273,56.41464273860721
20180828,MAGG3,MAGNESITA SA,69.44,71.54,69.32,70.5,14040851.0,68.1325,66.14549999999998,1.1191250106548294,2.4759343742598254,71.09736874851964,61.19363125148033,73.57330312277946,58.717696877220504,76.04923749703929,56.24176250296068
20180829,MAGG3,MAGNESITA SA,70.8,71.25,69.94,70.89,10210914.0,68.247,66.31224999999998,1.2756715465731452,2.565902138050408,71.44405427610079,61.18044572389916,74.0099564141512,58.61454358584875,76.57585855220161,56.048641447798346
20180830,MAGG3,MAGNESITA SA,70.32,71.9,70.23,71.11,17430487.0,68.3775,66.49125,1.4273931889248095,2.645396763901763,71.78204352780352,61.200456472196464,74.42744029170528,58.555059708294706,77.07283705560704,55.90966294439294
20180831,MAGG3,MAGNESITA SA,71.6,71.87,70.48,71.0,17863070.0,68.5275,66.65624999999999,1.5389089607488577,2.716489710297875,72.08922942059573,61.223270579404236,74.8057191308936,58.506780869106365,77.52220884119149,55.790291158808486
20180903,MAGG3,MAGNESITA SA,71.78,71.91,70.8,71.4,2888992.0,68.6975,66.86075,1.6605575316106647,2.7587431061339185,72.37823621226784,61.343263787732155,75.13697931840176,58.58452068159824,77.89572242453568,55.82577757546432
20180904,MAGG3,MAGNESITA SA,71.0,71.6,70.09,71.6,7737134.0,68.8875,67.11449999999999,1.7664799222716565,2.714748843272926,72.54399768654585,61.68500231345414,75.25874652981877,58.97025347018121,77.9734953730917,56.25550462690829
20180905,MAGG3,MAGNESITA SA,71.58,72.0,69.4,72.0,14780480.0,69.0875,67.34075,1.883286251546094,2.7358122475503643,72.81237449510073,61.86912550489927,75.5481867426511,59.1333132573489,78.28399899020145,56.397501009798546
20180906,MAGG3,MAGNESITA SA,72.02,72.5,70.84,72.4,6715327.0,69.31750000000001,67.57075,1.9953310634155246,2.7653361528866576,73.10142230577333,62.04007769422669,75.86675845865997,59.274741541340035,78.63209461154663,56.509405388453374
20180910,MAGG3,MAGNESITA SA,72.4,72.4,70.79,71.7,10262903.0,69.495,67.80075000000001,2.0433293265749963,2.7149088736655873,73.23056774733118,62.37093225266884,75.94547662099677,59.656023379003244,78.66038549466236,56.94111450533766
20180911,MAGG3,MAGNESITA SA,71.32,71.46,70.4,71.25,8477796.0,69.63250000000001,68.01350000000001,2.065258681388832,2.640581278275666,73.29466255655134,62.73233744344868,75.935243834827,60.09175616517301,78.57582511310267,57.45117488689734
20180912,MAGG3,MAGNESITA SA,71.3,72.0,70.7,72.0,18995805.0,69.7925,68.26225000000001,2.1205830255899762,2.530774167051627,73.32379833410326,63.20070166589676,75.85457250115489,60.66992749884513,78.38534666820652,58.1391533317935
20180913,MAGG3,MAGNESITA SA,71.7,72.2,70.91,72.2,11707936.0,69.99000000000001,68.47975,2.1530541343083827,2.4844258352323,73.4486016704646,63.510898329535394,75.9330275056969,61.02647249430309,78.4174533409292,58.54204665907079
20180914,MAGG3,MAGNESITA SA,71.64,71.92,71.18,71.79,14083591.0,70.27950000000001,68.6845,1.9697835173598093,2.408273080605628,73.50104616121125,63.86795383878874,75.90931924181689,61.45968075818312,78.31759232242251,59.05140767757749
20180917,MAGG3,MAGNESITA SA,71.53,71.56,70.9,71.0,15784438.0,70.52950000000001,68.85975,1.6963722127557121,2.310988785491432,73.48172757098287,64.23777242901714,75.7927163564743,61.92678364352571,78.10370514196573,59.61579485803428
20180918,MAGG3,MAGNESITA SA,70.99,71.0,68.91,71.0,20967207.0,70.77950000000001,69.00625000000001,1.3205041899928294,2.254179807061673,73.51460961412336,64.49789038587666,75.76878942118503,62.24371057881499,78.0229692282467,59.989530771753316
20180919,MAGG3,MAGNESITA SA,70.4,71.2,69.6,71.2,17501007.0,70.9445,69.1725,1.1348938044449526,2.1603688550208484,73.4932377100417,64.8517622899583,75.65360656506255,62.69139343493745,77.8139754200834,60.531024579916604
20180920,MAGG3,MAGNESITA SA,71.29,71.62,70.16,71.62,19337844.0,71.10050000000001,69.363,0.9858390762237116,2.0242405350131305,73.41148107002626,65.31451892997374,75.43572160503939,63.29027839496061,77.45996214005253,61.266037859947474
20180921,MAGG3,MAGNESITA SA,71.69,71.69,70.69,71.0,42239434.0,71.20800000000001,69.498,0.8328745403715229,1.9453761089128003,73.38875221782561,65.6072477821744,75.33412832673841,63.6618716732616,77.2795044356512,61.716495564348804
20180924,MAGG3,MAGNESITA SA,70.51,71.16,70.08,71.0,9500935.0,71.30800000000002,69.615,0.6548571559782331,1.889266578630106,73.39353315726021,65.83646684273978,75.28279973589031,63.947200264109675,77.17206631452042,62.05793368547957
20180925,MAGG3,MAGNESITA SA,70.91,70.99,69.9,70.99,11813087.0,71.38250000000002,69.70875,0.5062335117513437,1.8612253855720786,73.43120077114415,65.98629922885584,75.29242615671623,64.12507384328376,77.15365154228832,62.26384845771168
20180926,MAGG3,MAGNESITA SA,70.57,70.94,70.22,70.85,15743298.0,71.4,69.76624999999999,0.47946241826170105,1.8600367896831647,73.48632357936631,66.04617642063366,75.34636036904948,64.18613963095049,77.20639715873264,62.32610284126733
20180927,MAGG3,MAGNESITA SA,70.82,71.08,70.39,70.89,10362434.0,71.4,69.8235,0.47946241826170105,1.858461660511251,73.5404233210225,66.10657667897749,75.39888498153375,64.24811501846624,77.257346642045,62.38965335795499
20180928,MAGG3,MAGNESITA SA,70.68,71.0,70.4,71.0,20410887.0,71.39450000000002,69.886,0.48357740358933377,1.8548450761211155,73.59569015224223,66.17630984775776,75.45053522836334,64.32146477163666,77.30538030448446,62.46661969551553
20181001,MAGG3,MAGNESITA SA,70.58,70.81,69.53,70.0,16154120.0,71.34450000000001,69.93599999999999,0.5704151304547276,1.8294847249908506,73.59496944998169,66.2770305500183,75.42445417497254,64.44754582502745,77.2539388999634,62.61806110003659
20181002,MAGG3,MAGNESITA SA,69.55,69.55,68.38,68.38,18546961.0,71.19350000000001,69.9455,0.8739280652073009,1.8201365826463871,73.58577316529276,66.30522683470723,75.40590974793916,64.48509025206083,77.22604633058555,62.664953669414444
20181003,MAGG3,MAGNESITA SA,68.92,68.92,65.71,67.0,10581226.0,70.96350000000002,69.92549999999999,1.2747229833221214,1.8484906524806075,73.6224813049612,66.22851869503877,75.4709719574418,64.38002804255817,77.31946260992241,62.53153739007755
20181004,MAGG3,MAGNESITA SA,66.39,67.5,65.81,67.5,4935553.0,70.73850000000002,69.91299999999998,1.4650750833998782,1.863475110426747,73.63995022085348,66.18604977914649,75.50342533128023,64.32257466871974,77.36690044170697,62.45909955829299
20181005,MAGG3,MAGNESITA SA,66.89,67.05,66.11,66.5,11087112.0,70.44350000000001,69.88049999999998,1.6896940707213228,1.9119770275415562,73.70445405508309,66.05654594491688,75.61643108262466,64.14456891737531,77.52840811016621,62.232591889833756
20181008,MAGG3,MAGNESITA SA,66.09,66.09,63.8,63.8,10219869.0,70.04850000000002,69.77174999999998,2.2205150540499483,2.124794876977837,74.02133975395566,65.52216024604431,76.14613463093349,63.39736536906647,78.27092950791133,61.27257049208863
20181009,MAGG3,MAGNESITA SA,63.8,63.82,61.19,62.0,12820326.0,69.58600000000001,69.60924999999999,2.8353007823360055,2.448452559454222,74.50615511890844,64.71234488109154,76.95460767836265,62.26389232163732,79.40306023781687,59.815439762183104
20181010,MAGG3,MAGNESITA SA,61.5,61.84,60.63,61.78,9014400.0,69.07500000000002,69.43374999999999,3.265638488388079,2.7419445537606957,74.91763910752138,63.9498608924786,77.65958366128207,61.2079163387179,80.40152821504277,58.465971784957205
20181011,MAGG3,MAGNESITA SA,61.8,61.8,59.25,61.0,21666624.0,68.51500000000001,69.25249999999998,3.6403549566664375,3.0450672595831323,75.34263451916625,63.16236548083372,78.38770177874937,60.117298221250586,81.43276903833251,57.07223096166746
20181015,MAGG3,MAGNESITA SA,61.0,61.0,58.95,59.8,15527679.0,67.91550000000001,69.0975,4.038167217152345,3.3567190559403888,75.81093811188077,62.38406188811922,79.16765716782116,59.02734283217883,82.52437622376155,55.67062377623844
20181016,MAGG3,MAGNESITA SA,59.69,61.6,59.46,61.6,17907838.0,67.44550000000001,68.98749999999998,4.203898535257079,3.5285246063243507,76.04454921264869,61.93045078735128,79.57307381897303,58.40192618102693,83.10159842529738,54.873401574702584
20181017,MAGG3,MAGNESITA SA,61.5,61.5,60.0,60.0,14084481.0,66.8955,68.83749999999999,4.427982164895365,3.7775278512099932,76.39255570241998,61.28244429758001,80.17008355362998,57.50491644637001,83.94761140483996,53.72738859516002
20181018,MAGG3,MAGNESITA SA,60.01,60.02,58.83,59.0,11269509.0,66.2855,68.61499999999998,4.6390884710366596,4.083852504933523,76.78270500986703,60.44729499013293,80.86655751480055,56.363442485199414,84.95041001973408,52.27958998026589
20181019,MAGG3,MAGNESITA SA,59.0,59.58,58.6,58.7,58534563.0,65.6395,68.36999999999998,4.755264644802155,4.374545251091441,77.11909050218286,59.620909497817095,81.4936357532743,55.24636424672565,85.86818100436574,50.871818995634214
20181022,MAGG3,MAGNESITA SA,58.84,58.98,58.21,58.8,5881321.0,65.0295,68.11874999999999,4.81357780822017,4.627561348967951,77.3738726979359,58.86362730206409,82.00143404690384,54.236065953096144,86.6289953958718,49.608504604128186
20181023,MAGG3,MAGNESITA SA,58.03,58.05,56.85,57.25,11863391.0,64.342,67.82499999999999,4.897156640122418,4.933039319028124,77.69107863805624,57.95892136194374,82.62411795708437,53.02588204291562,87.55715727611249,48.09284272388749
20181024,MAGG3,MAGNESITA SA,57.24,57.45,56.12,56.9,8732866.0,63.6375,67.50999999999999,4.903928473549008,5.217429369983821,77.94485873996763,57.07514126003235,83.16228810995145,51.85771189004853,88.37971747993527,46.64028252006471
20181025,MAGG3,MAGNESITA SA,56.83,56.83,55.77,56.0,8724861.0,62.895,67.1475,4.8785615869737,5.500407793740064,78.14831558748013,56.14668441251987,83.64872338122018,50.6462766187798,89.14913117496025,45.14586882503974
20181026,MAGG3,MAGNESITA SA,56.0,56.26,55.2,55.25,8351688.0,62.113,66.75649999999999,4.782107110997555,5.77650837222275,78.30951674444549,55.20348325555449,84.08602511666824,49.42697488333174,89.86253348889099,43.65046651110899
20181029,MAGG3,MAGNESITA SA,56.0,56.0,54.6,55.4,3718824.0,61.333000000000006,66.36375,4.521411167696353,6.002565557262272,78.36888111452454,54.35861888547545,84.37144667178681,48.35605332821318,90.37401222904909,42.353487770950906
20181030,MAGG3,MAGNESITA SA,55.01,55.05,54.61,54.99,6862084.0,60.5825,65.96349999999998,4.244326088717671,6.215489975941252,78.39447995188249,53.532520048117476,84.60996992782374,47.31703007217622,90.825459903765,41.10154009623497
20181031,MAGG3,MAGNESITA SA,54.8,56.34,54.8,56.1,5858242.0,59.96849999999999,65.58099999999999,3.9338186550128924,6.341845480817445,78.26469096163488,52.8973090383651,84.60653644245232,46.555463557547654,90.94838192326976,40.213618076730214
20181101,MAGG3,MAGNESITA SA,56.13,56.39,55.62,56.39,6848087.0,59.438,65.20074999999999,3.6401179853638874,6.427113395807223,78.05497679161444,52.34652320838554,84.48209018742165,45.919409812578316,90.90920358322887,39.4922964167711
20181105,MAGG3,MAGNESITA SA,56.7,57.08,54.7,55.8,9785012.0,58.852999999999994,64.79574999999998,3.1884117478276788,6.497705665098794,77.79116133019757,51.8003386698024,84.28886699529636,45.3026330047036,90.78657266039517,38.80492733960481
20181106,MAGG3,MAGNESITA SA,55.6,58.45,55.6,56.5,85836308.0,58.352999999999994,64.39824999999999,2.667676102804671,6.506922502129443,77.41209500425887,51.38440499574111,83.91901750638831,44.87748249361166,90.42594000851776,38.37055999148222
20181107,MAGG3,MAGNESITA SA,56.35,57.5,55.65,57.5,6490440.0,58.038,64.04324999999999,2.3428134233958104,6.48566640013551,77.014582800271,51.071917199728965,83.50024920040651,44.58625079959346,89.98591560054203,38.100584399457944
20181108,MAGG3,MAGNESITA SA,57.95,57.95,56.35,57.3,7069752.0,57.803,63.69449999999999,2.1524700621431627,6.463229307159357,76.62095861431871,50.76804138568128,83.08418792147806,44.30481207852192,89.54741722863741,37.84158277136257
20181109,MAGG3,MAGNESITA SA,57.0,57.05,54.72,54.72,12818825.0,57.45,63.26249999999999,2.042001082530131,6.47134779684208,76.20519559368415,50.319804406315825,82.67654339052623,43.84845660947375,89.14789118736832,37.37710881263167
20181112,MAGG3,MAGNESITA SA,54.55,54.62,53.09,53.5,6994783.0,57.075,62.794999999999995,2.044416014931142,6.484578550249777,75.76415710049955,49.825842899500444,82.24873565074932,43.341264349250665,88.7333142009991,36.856685799000886
20181113,MAGG3,MAGNESITA SA,53.0,54.0,50.96,54.0,11853268.0,56.785000000000004,62.350249999999996,2.048890585556161,6.461861479639734,75.27397295927946,49.42652704072053,81.7358344389192,42.96466556108079,88.19769591855894,36.502804081441056
20181114,MAGG3,MAGNESITA SA,54.0,54.5,53.5,53.94,7246241.0,56.40200000000001,61.92375,1.802587613755557,6.439279577278773,74.80230915455755,49.04519084544245,81.24158873183632,42.60591126816368,87.68086830911508,36.166631690884905
20181116,MAGG3,MAGNESITA SA,53.94,53.94,52.89,53.6,5942558.0,56.08200000000001,61.488749999999996,1.6951124788023144,6.398008579398108,74.28476715879621,48.69273284120378,80.68277573819432,42.29472426180567,87.08078431759243,35.89671568240756
20181119,MAGG3,MAGNESITA SA,53.2,53.4,52.41,53.4,23505751.0,55.80200000000001,61.04375,1.649643023585728,6.323834720873371,73.69141944174675,48.39608055825326,80.01525416262012,42.07224583737989,86.33908888349349,35.74841111650652
20181121,MAGG3,MAGNESITA SA,53.2,53.2,50.21,52.44,39462450.0,55.48900000000001,60.56425,1.664653907447705,6.227760797532494,73.019771595065,48.108728404935015,79.24753239259749,41.88096760740252,85.47529319012997,35.65320680987003
20181122,MAGG3,MAGNESITA SA,51.97,52.22,51.39,52.0,12217759.0,55.149000000000015,60.08925000000001,1.6471471349617022,6.135294441558277,72.35983888311657,47.818661116883455,78.49513332467484,41.683366675325175,84.63042776623311,35.5480722337669
20181123,MAGG3,MAGNESITA SA,51.58,51.88,51.45,51.7,3424362.0,54.87150000000001,59.60675,1.7394804880834738,6.012923000739409,71.63259600147882,47.58090399852118,77.64551900221822,41.567980997781774,83.65844200295763,35.55505799704236
20181126,MAGG3,MAGNESITA SA,51.69,53.35,51.21,52.99,44290457.0,54.67600000000001,59.15675,1.7191013564319912,5.809270834468438,70.77529166893687,47.538208331063124,76.58456250340532,41.72893749659469,82.39383333787376,35.91966666212625
20181127,MAGG3,MAGNESITA SA,52.99,54.08,52.17,53.0,18106401.0,54.52600000000001,58.7105,1.72835303411324,5.568605658004475,69.84771131600895,47.57328868399105,75.41631697401343,42.00468302598658,80.9849226320179,36.43607736798211
20181128,MAGG3,MAGNESITA SA,52.51,53.0,51.34,53.0,57381341.0,54.41350000000001,58.263250000000006,1.7518149235344282,5.276055435790922,68.81536087158185,47.71113912841816,74.09141630737277,42.435083692627245,79.36747174316369,37.15902825683632
20181129,MAGG3,MAGNESITA SA,53.0,57.68,53.0,56.2,140590794.0,54.453500000000005,57.89325,1.7843568058346553,4.862704421910945,67.61865884382189,48.16784115617811,72.48136326573284,43.305136734267165,77.34406768764379,38.44243231235622
20181130,MAGG3,MAGNESITA SA,56.8,57.3,54.24,55.31,7244077.0,54.469500000000004,57.525999999999996,1.7908435971563288,4.4632251188505965,66.45245023770119,48.59954976229881,70.91567535655179,44.136324643448205,75.37890047540239,39.67309952459761
20181203,MAGG3,MAGNESITA SA,55.96,56.44,54.12,56.42,9400329.0,54.485500000000016,57.227,1.8075295003786176,4.103571427615087,65.43414285523016,49.01985714476982,69.53771428284526,44.916285717154736,73.64128571046035,40.81271428953965
20181204,MAGG3,MAGNESITA SA,56.01,56.01,55.18,55.59,5723180.0,54.4455,56.94175,1.7716613523386915,3.7915093317597113,64.52476866351942,49.358731336480574,68.31627799527914,45.56722200472086,72.10778732703885,41.775712672961156
20181205,MAGG3,MAGNESITA SA,55.26,55.26,51.66,54.5,11341719.0,54.380500000000005,56.61675,1.7429662405771447,3.4002514141586118,63.417252828317224,49.81624717168278,66.81750424247583,46.41599575752417,70.21775565663445,43.015744343365554
20181206,MAGG3,MAGNESITA SA,53.66,55.41,52.75,54.75,2823473.0,54.293000000000006,56.323,1.673505932246828,3.009647905124613,62.342295810249226,50.303704189750775,65.35194371537384,47.29405628462616,68.36159162049846,44.28440837950155
20181207,MAGG3,MAGNESITA SA,54.46,55.42,53.0,55.0,8098729.0,54.168000000000006,56.102999999999994,1.506378019238297,2.760388489938522,61.623776979877036,50.58222302012295,64.38416546981556,47.82183453018443,67.14455395975408,45.061446040245904
20181210,MAGG3,MAGNESITA SA,54.41,54.41,51.55,51.55,37172050.0,53.880500000000005,55.841750000000005,1.4235924719940152,2.681346664625426,61.20444332925086,50.47905667074915,63.88578999387628,47.79771000612373,66.56713665850171,45.1163633414983
20181211,MAGG3,MAGNESITA SA,51.55,52.96,50.99,52.0,17170728.0,53.7445,55.597249999999995,1.4683914399964673,2.569546490466193,60.73634298093238,50.45815701906761,63.30588947139857,47.88861052860142,65.87543596186477,45.319064038135224
20181212,MAGG3,MAGNESITA SA,51.7,52.4,51.26,52.0,10919670.0,53.669500000000006,55.372249999999994,1.518972904370847,2.476689775403897,60.32562955080779,50.4188704491922,62.80231932621169,47.9421806737883,65.27900910161559,45.4654908983844
20181213,MAGG3,MAGNESITA SA,51.79,52.5,51.79,52.2,1028893.0,53.57950000000001,55.18224999999999,1.5513405917403311,2.4191537909159524,60.020557581831895,50.34394241816808,62.439711372747844,47.924788627252134,64.8588651636638,45.50563483633618
20181214,MAGG3,MAGNESITA SA,52.38,53.82,52.0,53.82,3009131.0,53.5735,54.98774999999999,1.550104495629477,2.192030422187459,59.371810844374906,50.60368915562508,61.56384126656237,48.41165873343761,63.75587168874983,46.219628311250155
20181217,MAGG3,MAGNESITA SA,52.84,54.41,52.84,54.0,5356547.0,53.593500000000006,54.83774999999999,1.55304209113739,2.0402859119654186,58.91832182393083,50.757178176069154,60.95860773589625,48.716892264103734,62.998893647861664,46.67660635213832
20181218,MAGG3,MAGNESITA SA,54.42,55.69,54.42,55.5,2172330.0,53.6985,54.750249999999994,1.6092439382001256,1.9292345864990208,58.608719172998036,50.89178082700195,60.53795375949706,48.96254624050293,62.46718834599608,47.03331165400391
20181219,MAGG3,MAGNESITA SA,55.4,56.0,55.16,55.6,10454972.0,53.8565,54.67274999999999,1.6341141975175917,1.8260030436406927,58.32475608728138,51.02074391271861,60.15075913092207,49.19474086907792,61.976762174562765,47.36873782543722
20181220,MAGG3,MAGNESITA SA,55.29,55.66,54.55,54.9,1748384.0,54.0015,54.57525,1.5887442078248333,1.699731483318784,57.97471296663757,51.175787033362425,59.67444444995635,49.47605555004365,61.37417593327513,47.77632406672486
20181221,MAGG3,MAGNESITA SA,54.55,55.25,54.49,54.5,4105095.0,54.14149999999999,54.506499999999996,1.4959182182832276,1.643454070563501,57.793408141126996,51.219591858872995,59.436862211690496,49.576137788309495,61.080316282254,47.93268371774599
20181226,MAGG3,MAGNESITA SA,55.0,55.0,53.55,54.93,793298.0,54.2385,54.45724999999999,1.4801361068290364,1.5987992088617224,57.654848417723436,51.25965158227654,59.253647626585156,49.66085237341482,60.85244683544688,48.0620531645531
20181227,MAGG3,MAGNESITA SA,54.5,55.24,54.15,54.5,1288413.0,54.3135,54.419749999999986,1.4518093067479818,1.5791566842254103,57.578063368450806,51.26143663154917,59.157220052676216,49.68227994732376,60.736376736901626,48.10312326309835
20181228,MAGG3,MAGNESITA SA,54.6,55.58,54.51,55.2,1716570.0,54.423500000000004,54.41849999999998,1.430234706540019,1.578502292421505,57.57550458484299,51.26149541515697,59.15400687726449,49.68299312273547,60.732509169686,48.104490830313964
