DATA DO PREGAO,CODIGO DE NEGOCIACAO DO PAPEL,NOME RESUMIDO DA EMPRESA EMISSORA,PRECO DE ABERTURA,PRECO MAXIMO,PRECO MINIMO,PRECO FECHAMENTO,VOLUME TOTAL DE TITULOS NEGOCIADOS NESTE PAPEL,MA_20,MA_40,STD_20,STD_40,BANDA_1_40 SUPERIOR,BANDA_1_40 INFERIOR,BANDA_2_40 SUPERIOR,BANDA_2_40 INFERIOR,BANDA_3_40 SUPERIOR,BANDA_3_40 INFERIOR
20180102,MEAL3,IMC S/A,8.72,9.27,8.72,9.1,9037433.0,0.0,0.0,0.0,0.0,0.0,0.0,0.0,0.0,0.0,0.0
20180103,MEAL3,IMC S/A,9.28,9.28,8.92,9.05,4787755.0,0.0,0.0,0.0,0.0,0.0,0.0,0.0,0.0,0.0,0.0
20180104,MEAL3,IMC S/A,9.02,9.17,8.8,8.97,6817897.0,0.0,0.0,0.0,0.0,0.0,0.0,0.0,0.0,0.0,0.0
20180105,MEAL3,IMC S/A,8.97,9.07,8.6,8.94,7575570.0,0.0,0.0,0.0,0.0,0.0,0.0,0.0,0.0,0.0,0.0
20180108,MEAL3,IMC S/A,8.9,8.92,8.65,8.65,7496572.0,0.0,0.0,0.0,0.0,0.0,0.0,0.0,0.0,0.0,0.0
20180109,MEAL3,IMC S/A,8.65,8.66,8.3,8.4,7185341.0,0.0,0.0,0.0,0.0,0.0,0.0,0.0,0.0,0.0,0.0
20180110,MEAL3,IMC S/A,8.38,8.39,8.23,8.33,2334359.0,0.0,0.0,0.0,0.0,0.0,0.0,0.0,0.0,0.0,0.0
20180111,MEAL3,IMC S/A,8.43,8.5,8.28,8.5,5804259.0,0.0,0.0,0.0,0.0,0.0,0.0,0.0,0.0,0.0,0.0
20180112,MEAL3,IMC S/A,8.41,8.42,8.2,8.35,5018157.0,0.0,0.0,0.0,0.0,0.0,0.0,0.0,0.0,0.0,0.0
20180115,MEAL3,IMC S/A,8.4,8.4,8.21,8.28,3362053.0,0.0,0.0,0.0,0.0,0.0,0.0,0.0,0.0,0.0,0.0
20180116,MEAL3,IMC S/A,8.36,8.36,8.22,8.28,2060909.0,0.0,0.0,0.0,0.0,0.0,0.0,0.0,0.0,0.0,0.0
20180117,MEAL3,IMC S/A,8.31,8.6,8.23,8.4,4567038.0,0.0,0.0,0.0,0.0,0.0,0.0,0.0,0.0,0.0,0.0
20180118,MEAL3,IMC S/A,8.45,8.57,8.36,8.37,5446722.0,0.0,0.0,0.0,0.0,0.0,0.0,0.0,0.0,0.0,0.0
20180119,MEAL3,IMC S/A,8.44,9.12,8.24,9.03,20341593.0,0.0,0.0,0.0,0.0,0.0,0.0,0.0,0.0,0.0,0.0
20180122,MEAL3,IMC S/A,9.03,9.06,8.69,9.05,10371760.0,0.0,0.0,0.0,0.0,0.0,0.0,0.0,0.0,0.0,0.0
20180123,MEAL3,IMC S/A,9.05,9.08,8.92,8.95,18496913.0,0.0,0.0,0.0,0.0,0.0,0.0,0.0,0.0,0.0,0.0
20180124,MEAL3,IMC S/A,9.0,9.25,8.98,9.18,13610089.0,0.0,0.0,0.0,0.0,0.0,0.0,0.0,0.0,0.0,0.0
20180126,MEAL3,IMC S/A,9.18,9.39,9.12,9.15,12241061.0,0.0,0.0,0.0,0.0,0.0,0.0,0.0,0.0,0.0,0.0
20180129,MEAL3,IMC S/A,9.14,9.26,8.71,9.16,4624164.0,0.0,0.0,0.0,0.0,0.0,0.0,0.0,0.0,0.0,0.0
20180130,MEAL3,IMC S/A,9.16,9.18,8.97,9.1,8854240.0,8.762,0.0,0.35378554312791705,0.0,0.0,0.0,0.0,0.0,0.0,0.0
20180131,MEAL3,IMC S/A,9.1,9.5,9.1,9.4,8702617.0,8.777000000000001,0.0,0.37461699739446097,0.0,0.0,0.0,0.0,0.0,0.0,0.0
20180201,MEAL3,IMC S/A,9.33,9.5,9.23,9.4,8038374.0,8.794500000000001,0.0,0.3956270838475086,0.0,0.0,0.0,0.0,0.0,0.0,0.0
20180202,MEAL3,IMC S/A,9.36,9.36,9.13,9.17,5873174.0,8.8045,0.0,0.4027598866766511,0.0,0.0,0.0,0.0,0.0,0.0,0.0
20180205,MEAL3,IMC S/A,9.17,9.17,8.81,8.99,5319845.0,8.807,0.0,0.40379906415261246,0.0,0.0,0.0,0.0,0.0,0.0,0.0
20180206,MEAL3,IMC S/A,8.81,9.28,8.63,9.06,14182652.0,8.8275,0.0,0.40581140291623324,0.0,0.0,0.0,0.0,0.0,0.0,0.0
20180207,MEAL3,IMC S/A,9.1,9.24,8.81,8.86,6610868.0,8.8505,0.0,0.3931448775411444,0.0,0.0,0.0,0.0,0.0,0.0,0.0
20180208,MEAL3,IMC S/A,8.91,9.67,8.9,9.3,28611880.0,8.899000000000001,0.0,0.38530780586844754,0.0,0.0,0.0,0.0,0.0,0.0,0.0
20180209,MEAL3,IMC S/A,9.29,9.55,9.12,9.39,7902190.0,8.9435,0.0,0.3881843701943153,0.0,0.0,0.0,0.0,0.0,0.0,0.0
20180214,MEAL3,IMC S/A,9.5,9.9,9.29,9.35,10617794.0,8.993500000000001,0.0,0.3717706565244639,0.0,0.0,0.0,0.0,0.0,0.0,0.0
20180215,MEAL3,IMC S/A,9.47,9.54,9.23,9.3,8621832.0,9.044500000000001,0.0,0.33708463719306214,0.0,0.0,0.0,0.0,0.0,0.0,0.0
20180216,MEAL3,IMC S/A,9.27,9.33,9.09,9.2,11665156.0,9.0905,0.0,0.28619969105136,0.0,0.0,0.0,0.0,0.0,0.0,0.0
20180219,MEAL3,IMC S/A,9.21,9.36,8.98,9.0,5062265.0,9.1205,0.0,0.23727565581429638,0.0,0.0,0.0,0.0,0.0,0.0,0.0
20180220,MEAL3,IMC S/A,9.04,9.2,9.0,9.17,2809219.0,9.160499999999999,0.0,0.15842896465641762,0.0,0.0,0.0,0.0,0.0,0.0,0.0
20180221,MEAL3,IMC S/A,9.24,9.24,8.86,8.9,9809807.0,9.154,0.0,0.16652485194645453,0.0,0.0,0.0,0.0,0.0,0.0,0.0
20180222,MEAL3,IMC S/A,8.78,9.09,8.72,8.98,3911306.0,9.150499999999997,0.0,0.16953419155221247,0.0,0.0,0.0,0.0,0.0,0.0,0.0
20180223,MEAL3,IMC S/A,9.08,9.08,8.74,8.85,7347219.0,9.145499999999998,0.0,0.17706600018369345,0.0,0.0,0.0,0.0,0.0,0.0,0.0
20180226,MEAL3,IMC S/A,8.85,8.94,8.62,8.71,5110326.0,9.121999999999998,0.0,0.20171892899722746,0.0,0.0,0.0,0.0,0.0,0.0,0.0
20180227,MEAL3,IMC S/A,8.71,8.72,8.48,8.65,6689343.0,9.096999999999998,0.0,0.22741337274941,0.0,0.0,0.0,0.0,0.0,0.0,0.0
20180228,MEAL3,IMC S/A,8.68,8.76,8.48,8.75,4405952.0,9.0765,0.0,0.23958901213711975,0.0,0.0,0.0,0.0,0.0,0.0,0.0
20180301,MEAL3,IMC S/A,8.88,8.88,8.62,8.82,3696386.0,9.062499999999998,8.91225,0.24623213266731345,0.33714858247761686,9.586547164955235,8.237952835044766,9.92369574743285,7.900804252567149,10.260844329910467,7.563655670089533
20180302,MEAL3,IMC S/A,8.89,8.89,8.62,8.85,3304877.0,9.034999999999998,8.906,0.23709869142127887,0.3358937560965002,9.577787512193002,8.234212487807,9.913681268289501,7.8983187317105,10.249575024386,7.562424975614
20180305,MEAL3,IMC S/A,8.92,8.93,8.72,8.93,4166546.0,9.011499999999998,8.903,0.22181725527298507,0.33510962615010226,9.573219252300206,8.232780747699795,9.908328878450307,7.897671121549694,10.243438504600409,7.562561495399591
20180306,MEAL3,IMC S/A,9.0,9.1,8.91,9.0,3781732.0,9.002999999999998,8.903749999999999,0.21865858992357676,0.33529694072797356,9.574343881455945,8.233156118544052,9.909640822183919,7.897859177816078,10.244937762911892,7.5625622370881045
20180307,MEAL3,IMC S/A,8.99,9.09,8.8,8.99,3497948.0,9.002999999999998,8.905,0.21865858992357676,0.3355286681931768,9.576057336386352,8.233942663613647,9.91158600457953,7.898413995420469,10.247114672772707,7.562885327227292
20180308,MEAL3,IMC S/A,9.08,9.08,8.84,8.95,13178075.0,8.997499999999999,8.9125,0.218532786893333,0.3330261405001265,9.578552281000253,8.246447718999747,9.91157842150038,7.91342157849962,10.244604562000506,7.580395437999494
20180309,MEAL3,IMC S/A,9.0,9.22,8.92,9.18,2114379.0,9.013499999999999,8.932,0.21964744478367715,0.3249867847411799,9.58197356948236,8.282026430517641,9.906960354223541,7.957039645776461,10.23194713896472,7.63205286103528
20180312,MEAL3,IMC S/A,9.18,9.3,9.14,9.19,5731319.0,9.008,8.953500000000002,0.21338376596860842,0.3123406260265647,9.578181252053131,8.328818747946872,9.890521878079696,8.016478121920308,10.20286250410626,7.704137495893743
20180313,MEAL3,IMC S/A,9.18,9.28,9.11,9.18,2342624.0,8.997499999999999,8.970500000000001,0.1982256821217422,0.3054542644853846,9.58140852897077,8.359591471029232,9.886862793456155,8.054137206543848,10.19231705794154,7.748682942058463
20180314,MEAL3,IMC S/A,9.18,9.24,8.91,9.0,3626970.0,8.98,8.98675,0.18008769793455295,0.28841198719708905,9.56357397439418,8.409926025605822,9.851985961591268,8.121514038408733,10.140397948788356,7.833102051211645
20180315,MEAL3,IMC S/A,8.94,9.0,8.58,8.74,5079517.0,8.952,8.998250000000002,0.17102169760772995,0.2679541436084214,9.534158287216846,8.462341712783159,9.802112430825266,8.194387569174738,10.070066574433689,7.926433425566317
20180316,MEAL3,IMC S/A,8.74,8.85,8.7,8.77,8128377.0,8.9305,9.010500000000002,0.1651307297105388,0.2444454739683048,9.499390947936611,8.521609052063393,9.743836421904916,8.277163578095088,9.988281895873222,8.032718104126783
20180319,MEAL3,IMC S/A,8.77,8.87,8.75,8.76,3530855.0,8.9185,9.019500000000003,0.16850035139741032,0.22742651673193243,9.474353033463867,8.564646966536138,9.7017795501958,8.337220449804205,9.929206066927732,8.109793933072273
20180320,MEAL3,IMC S/A,8.76,8.82,8.51,8.58,10280913.0,8.889000000000001,9.024750000000001,0.17371785957937666,0.21408107139166815,9.452912142783337,8.596587857216665,9.666993214175005,8.382506785824997,9.881074285566674,8.168425714433328
20180321,MEAL3,IMC S/A,8.63,8.65,8.33,8.5,12013927.0,8.869000000000002,9.011500000000002,0.1942028239807627,0.22958770180589422,9.47067540361179,8.552324596388214,9.700263105417685,8.322736894582318,9.929850807223579,8.093149192776425
20180322,MEAL3,IMC S/A,8.52,8.75,8.5,8.6,8922383.0,8.850000000000001,9.000250000000003,0.20123304112919185,0.23850482444187726,9.477259648883757,8.523240351116248,9.715764473325635,8.284735526674371,9.954269297767512,8.046230702232494
20180323,MEAL3,IMC S/A,8.59,8.59,8.33,8.39,7995523.0,8.827000000000002,8.986250000000002,0.22599720538560397,0.25723069063610504,9.500711381272211,8.471788618727793,9.757942071908317,8.214557928091686,10.015172762544422,7.957327237455582
20180326,MEAL3,IMC S/A,8.38,8.47,8.21,8.25,6517614.0,8.804000000000002,8.963000000000003,0.25946097972527105,0.28026727170638926,9.523534543412781,8.402465456587224,9.80380181511917,8.122198184880835,10.08406908682556,7.841930913174446
20180327,MEAL3,IMC S/A,8.41,8.52,8.2,8.4,7111640.0,8.791500000000003,8.944250000000002,0.2729425426329594,0.29226689155194324,9.528783783103888,8.359716216896116,9.821050674655831,8.067449325344173,10.113317566207774,7.775182433792229
20180328,MEAL3,IMC S/A,8.3,8.48,7.94,8.48,8793553.0,8.778000000000002,8.927250000000003,0.2816418031172847,0.29909253777693223,9.525435075553867,8.329064924446138,9.8245276133308,8.029972386669206,10.123620151107732,7.730879848892274
20180329,MEAL3,IMC S/A,8.48,8.6,8.37,8.5,10923031.0,8.762000000000002,8.912250000000002,0.2881447004910034,0.30519004167643,9.522630083352862,8.301869916647142,9.827820125029293,7.996679874970712,10.133010166705722,7.691489833294282
20180402,MEAL3,IMC S/A,8.48,8.55,8.29,8.42,2698986.0,8.7405,8.887750000000002,0.29713500387250436,0.3043655654568975,9.496481130913796,8.279018869086208,9.800846696370694,7.97465330362931,10.105212261827592,7.670287738172412
20180403,MEAL3,IMC S/A,8.43,8.47,8.21,8.44,6390698.0,8.716000000000001,8.863750000000003,0.3008654184182644,0.300765582966927,9.465281165933858,8.262218834066148,9.766046748900784,7.961453251099222,10.06681233186771,7.6606876681322955
20180404,MEAL3,IMC S/A,8.4,8.4,8.21,8.21,3964205.0,8.6765,8.839750000000002,0.313222218073262,0.3137244217789114,9.467198843557824,8.21230115644218,9.780923265336737,7.898576734663268,10.094647687115648,7.584852312884356
20180405,MEAL3,IMC S/A,8.24,8.39,8.24,8.3,2557505.0,8.642000000000001,8.822500000000002,0.3148700650978654,0.32405088236104806,9.470601764722097,8.174398235277906,9.794652647083145,7.850347352916858,10.118703529444193,7.52629647055581
20180406,MEAL3,IMC S/A,8.32,8.32,8.16,8.29,1555934.0,8.609000000000002,8.803250000000002,0.3154762481675789,0.3323451056218049,9.467940211243612,8.138559788756393,9.800285316865416,7.806214683134588,10.132630422487221,7.473869577512782
20180409,MEAL3,IMC S/A,8.36,8.45,8.12,8.34,2896981.0,8.567000000000002,8.790250000000002,0.2903736250165642,0.34014693280615566,9.470543865612314,8.10995613438769,9.810690798418468,7.769809201581535,10.150837731224625,7.429662268775379
20180410,MEAL3,IMC S/A,8.39,8.4,8.22,8.27,2859129.0,8.521000000000003,8.764500000000002,0.25749603982646585,0.33955438369601265,9.443608767392027,8.085391232607977,9.78316315108804,7.745836848911964,10.122717534784051,7.406282465215951
20180411,MEAL3,IMC S/A,8.31,8.4,8.17,8.25,3875874.0,8.474500000000003,8.736,0.21221823424806285,0.3334958578145861,9.402991715629174,8.069008284370828,9.736487573443759,7.735512426556243,10.069983431258345,7.402016568741656
20180412,MEAL3,IMC S/A,8.26,8.3,8.11,8.16,3171842.0,8.432500000000001,8.70625,0.18398727072673007,0.33038196619934207,9.367013932398685,8.045486067601317,9.697395898598026,7.715104101401975,10.027777864797368,7.384722135202632
20180413,MEAL3,IMC S/A,8.16,8.23,7.9,8.0,4050074.0,8.395500000000002,8.673750000000002,0.19307688678483476,0.33439334660906445,9.34253669321813,8.004963306781873,9.676930039827194,7.670569960172808,10.01132338643626,7.336176613563744
20180416,MEAL3,IMC S/A,8.02,8.12,7.77,7.77,5305968.0,8.345500000000001,8.638000000000002,0.21876387174061682,0.35263259008455705,9.343265180169116,7.932734819830888,9.695897770253673,7.5801022297463305,10.04853036033823,7.2274696396617735
20180417,MEAL3,IMC S/A,7.77,8.0,7.77,7.99,2479325.0,8.307000000000002,8.612750000000002,0.20953833966477683,0.36208079208927885,9.33691158417856,7.888588415821444,9.698992376267839,7.526507623732165,10.061073168357117,7.164426831642887
20180418,MEAL3,IMC S/A,8.14,8.17,7.97,8.05,5452381.0,8.280500000000002,8.584750000000001,0.2066900807336479,0.36118741140001775,9.307124822800038,7.862375177199966,9.668312234200055,7.501187765799948,10.029499645600072,7.14000035439993
20180419,MEAL3,IMC S/A,8.09,8.15,7.85,7.96,10151024.0,8.253500000000003,8.561250000000001,0.2117166676679439,0.37060717678854926,9.3024643535771,7.820035646422903,9.673071530365648,7.449428469634354,10.043678707154198,7.078821292845804
20180420,MEAL3,IMC S/A,7.95,8.06,7.87,8.0,3481126.0,8.223500000000003,8.536750000000001,0.20233570333014078,0.3745861819292153,9.285922363858433,7.787577636141571,9.660508545787646,7.412991454212356,10.035094727716862,7.03840527228314
20180423,MEAL3,IMC S/A,8.0,8.02,7.76,7.8,4398535.0,8.194000000000003,8.5105,0.21909863195901816,0.3886000514667998,9.2877001029336,7.7332998970664,9.6763001544004,7.344699845599601,10.0649002058672,6.956099794132801
20180424,MEAL3,IMC S/A,7.76,7.94,7.76,7.94,2298719.0,8.178500000000003,8.49125,0.22579158997903498,0.39743528742715734,9.286120574854316,7.696379425145686,9.683555862281473,7.298944137718529,10.08099114970863,6.901508850291371
20180425,MEAL3,IMC S/A,7.95,7.95,7.81,7.88,3070357.0,8.152500000000002,8.472000000000001,0.2288615991793836,0.40805479772785114,9.288109595455703,7.655890404544299,9.696164393183555,7.247835606816448,10.104219190911406,6.839780809088596
20180426,MEAL3,IMC S/A,7.88,8.0,7.87,7.94,2623011.0,8.125500000000002,8.45175,0.21986778323633632,0.4139607779017539,9.279671555803509,7.6238284441964925,9.693632333705262,7.209867666294739,10.107593111607017,6.7959068883929845
20180427,MEAL3,IMC S/A,7.99,8.53,7.98,8.31,8855822.0,8.116000000000003,8.439000000000002,0.2065353289518784,0.41016444482045417,9.25932888964091,7.618671110359093,9.669493334461364,7.208506665538639,10.079657779281819,6.798342220718185
20180430,MEAL3,IMC S/A,8.31,8.37,8.1,8.15,4531716.0,8.102500000000003,8.4215,0.19406659193498682,0.4071007561292722,9.235701512258544,7.607298487741455,9.642802268387817,7.2001977316121835,10.04990302451709,6.793096975482911
20180502,MEAL3,IMC S/A,8.22,8.32,8.05,8.25,6673736.0,8.093000000000004,8.4045,0.18087797573298056,0.39944801657877527,9.203396033157551,7.60560396684245,9.602844049736326,7.206155950263675,10.002292066315102,6.8067079336848995
20180503,MEAL3,IMC S/A,8.29,8.29,7.77,8.0,7137101.0,8.082500000000003,8.3795,0.17982081724813467,0.392454145614817,9.164408291229634,7.594591708770366,9.556862436844451,7.202137563155549,9.949316582459268,6.809683417540732
20180504,MEAL3,IMC S/A,8.04,8.05,7.82,7.9,4531373.0,8.062500000000004,8.35225,0.1765718878500908,0.386778194570055,9.12580638914011,7.57869361085989,9.512584583710165,7.191915416289834,9.89936277828022,6.80513722171978
20180507,MEAL3,IMC S/A,7.9,7.97,7.7,7.85,2916186.0,8.040500000000003,8.32475,0.1741286578185278,0.3822671069103914,9.089284213820783,7.560215786179217,9.471551320731175,7.177948679268826,9.853818427641565,6.7956815723584345
20180508,MEAL3,IMC S/A,7.92,8.2,7.92,8.15,2874241.0,8.031000000000002,8.299,0.16166567190867076,0.3570376694914656,9.013075338982931,7.584924661017069,9.370113008474396,7.227886991525603,9.727150677965861,6.870849322034137
20180509,MEAL3,IMC S/A,8.15,8.3,7.83,7.83,2962424.0,8.009000000000004,8.264999999999999,0.1573096176000425,0.3340274823638895,8.933054964727777,7.59694503527222,9.267082447091667,7.2629175529083305,9.601109929455557,6.9288900705444405
20180510,MEAL3,IMC S/A,7.84,8.14,7.84,8.0,2274602.0,7.996500000000003,8.235499999999998,0.14672835624484365,0.3016871362937567,8.838874272587512,7.632125727412485,9.140561408881268,7.330438591118728,9.442248545175024,7.028751454824971
20180511,MEAL3,IMC S/A,8.0,8.29,8.0,8.22,2015781.0,7.999500000000003,8.216,0.15080398570747763,0.27503659430179045,8.76607318860358,7.665926811396418,9.041109782905371,7.390890217094628,9.316146377207161,7.115853622792837
20180514,MEAL3,IMC S/A,8.16,8.3,7.84,8.19,4635081.0,8.009000000000004,8.20225,0.15670622867410564,0.2615877310304143,8.725425462060828,7.6790745379391705,8.987013193091242,7.417486806908756,9.248600924121657,7.155899075878342
20180515,MEAL3,IMC S/A,8.18,8.23,7.92,8.15,3994378.0,8.028000000000002,8.18675,0.14905315194675017,0.24492162535003287,8.676593250700066,7.696906749299934,8.921514876050098,7.4519851239499015,9.166436501400131,7.207063498599869
20180516,MEAL3,IMC S/A,8.15,8.26,8.09,8.16,2271451.0,8.036500000000002,8.17175,0.15159763225479786,0.22660128204765362,8.624952564095306,7.718547435904692,8.851553846142961,7.491946153857039,9.078155128190614,7.2653448718093845
20180517,MEAL3,IMC S/A,8.25,8.25,7.91,7.99,3819519.0,8.033500000000002,8.157,0.15190977238929104,0.21839977458427162,8.593799549168544,7.720200450831457,8.812199323752814,7.501800676247186,9.030599098337087,7.2834009016629135
20180518,MEAL3,IMC S/A,7.98,7.98,7.81,7.88,5193350.0,8.029500000000002,8.1415,0.15496943671507388,0.2154131391369143,8.57232627827383,7.710673721726172,8.787739417410744,7.495260582589258,9.003152556547658,7.2798474434523435
20180521,MEAL3,IMC S/A,7.88,7.89,7.6,7.66,4831337.0,8.012500000000001,8.118,0.1756454263266527,0.21538516483446188,8.548770329668924,7.687229670331076,8.764155494503386,7.471844505496614,8.979540659337848,7.256459340662153
20180522,MEAL3,IMC S/A,7.67,7.75,7.52,7.74,3582352.0,8.009500000000001,8.101750000000001,0.1799261544429533,0.2188300769183742,8.53941015383675,7.664089846163252,8.758240230755124,7.4452597692448785,8.977070307673497,7.226429692326504
20180523,MEAL3,IMC S/A,7.62,7.72,7.57,7.67,2523478.0,7.996,8.087250000000001,0.19491968656481132,0.22778743465040896,8.54282486930082,7.631675130699183,8.770612303951228,7.403887696048774,8.998399738601638,7.176100261398365
20180524,MEAL3,IMC S/A,7.71,7.82,7.45,7.74,2721648.0,7.989000000000002,8.070750000000002,0.20170066409096146,0.22845509573924958,8.527660191478502,7.613839808521503,8.756115287217751,7.385384712782253,8.984570382957001,7.156929617043004
20180525,MEAL3,IMC S/A,7.71,7.73,7.55,7.6,5624364.0,7.972000000000001,8.048750000000002,0.21958333749458614,0.2303975104477297,8.50954502089546,7.587954979104542,8.73994253134319,7.357557468656813,8.970340041790921,7.127159958209083
20180528,MEAL3,IMC S/A,7.49,7.5,6.98,7.16,2378356.0,7.914500000000001,8.015250000000004,0.2709724204260969,0.2587741070152445,8.532798214030493,7.4977017859695145,8.791572321045738,7.23892767895427,9.050346428060982,6.9801535719390255
20180529,MEAL3,IMC S/A,7.31,7.44,7.05,7.35,2621634.0,7.8745,7.988500000000004,0.2925653323348636,0.27088222438391596,8.530264448767836,7.446735551232171,8.801146673151752,7.175853326848256,9.072028897535667,6.90497110246434
20180530,MEAL3,IMC S/A,7.28,7.57,7.22,7.35,4523770.0,7.8295,7.961250000000004,0.3008667304201035,0.27900176913325453,8.519253538266513,7.403246461733495,8.798255307399767,7.12424469260024,9.077257076533023,6.845242923466986
20180601,MEAL3,IMC S/A,7.35,7.99,7.31,7.58,1636226.0,7.8085,7.9455000000000044,0.30298992514082257,0.28236137965016983,8.510222759300344,7.380777240699665,8.792584138950513,7.098415861049495,9.074945518600684,6.816054481399325
20180604,MEAL3,IMC S/A,7.47,7.7,7.47,7.6,1600586.0,7.7935,7.928000000000004,0.3056360925228414,0.2815178638955373,8.491035727791079,7.36496427220893,8.772553591686616,7.083446408313392,9.054071455582154,6.801928544417855
20180605,MEAL3,IMC S/A,7.65,7.65,7.21,7.37,2384070.0,7.769500000000001,7.905000000000004,0.31949754961583937,0.2886751345948103,8.482350269189624,7.327649730810383,8.771025403784435,7.0389745962155725,9.059700538379245,6.750299461620763
20180606,MEAL3,IMC S/A,7.27,7.3,7.05,7.3,3884677.0,7.727000000000001,7.879000000000005,0.3227366532769725,0.2952513053880233,8.469502610776052,7.288497389223958,8.764753916164075,6.993246083835935,9.060005221552098,6.697994778447912
20180607,MEAL3,IMC S/A,7.16,7.2,6.23,6.86,3673827.0,7.678500000000001,7.843750000000005,0.37508279787689264,0.32955049027580585,8.502850980551617,7.184649019448393,8.832401470827422,6.855098529172587,9.16195196110323,6.5255480388967815
20180608,MEAL3,IMC S/A,6.75,7.39,6.74,7.3,10370601.0,7.643500000000001,7.820000000000006,0.3761617093471205,0.3337279715192559,8.487455943038517,7.152544056961494,8.821183914557773,6.818816085442238,9.154911886077029,6.485088113922982
20180611,MEAL3,IMC S/A,7.38,7.95,7.25,7.7,8066037.0,7.6175000000000015,7.808500000000005,0.35137137348575154,0.32961165961452943,8.467723319229064,7.149276680770946,8.797334978843594,6.819665021156417,9.126946638458122,6.490053361541888
20180612,MEAL3,IMC S/A,7.84,7.84,7.58,7.66,7798464.0,7.591000000000001,7.800000000000006,0.3249113239347826,0.32892988887431623,8.457859777748638,7.142140222251373,8.786789666622955,6.813210333377057,9.115719555497272,6.484280444502741
20180613,MEAL3,IMC S/A,8.72,8.78,7.85,8.25,40189141.0,7.596000000000001,7.8120000000000065,0.3345916600086873,0.3364764631536781,8.484952926307363,7.13904707369265,8.821429389461041,6.8025706105389725,9.157905852614718,6.466094147385294
20180614,MEAL3,IMC S/A,8.39,8.4,8.03,8.35,7969491.0,7.605500000000001,7.821000000000007,0.35360511725280347,0.3460383853022123,8.513076770604432,7.128923229395582,8.859115155906643,6.7828848440933704,9.205153541208857,6.436846458791157
20180615,MEAL3,IMC S/A,8.15,8.45,8.15,8.35,8735039.0,7.6235,7.828500000000007,0.38221342894142035,0.3542818666339547,8.537063733267917,7.119936266732098,8.891345599901872,6.765654400098143,9.245627466535826,6.4113725334641885
20180618,MEAL3,IMC S/A,8.35,8.35,7.8,8.08,10948637.0,7.633500000000001,7.831500000000007,0.3917743039852897,0.3559281834792941,8.543356366958596,7.119643633041419,8.89928455043789,6.763715449562125,9.255212733917183,6.407787266082831
20180619,MEAL3,IMC S/A,8.15,8.19,7.9,8.1,7625153.0,7.655500000000001,7.834000000000008,0.40545588377061526,0.35748982413346064,8.54897964826693,7.119020351733086,8.906469472400389,6.761530527599626,9.26395929653385,6.4040407034661655
20180620,MEAL3,IMC S/A,8.02,8.19,7.97,8.1,3568486.0,7.6735,7.841500000000008,0.41722485418221245,0.3598970650559625,8.561294130111932,7.121705869888083,8.921191195167895,6.76180880483212,9.281088260223857,6.401911739776158
20180621,MEAL3,IMC S/A,7.98,8.19,7.93,8.05,3343045.0,7.692500000000001,7.844250000000008,0.4256249275446262,0.3610873003326712,8.56642460066535,7.1220753993346655,8.927511900998022,6.7609880990019935,9.288599201330692,6.399900798669323
20180622,MEAL3,IMC S/A,8.12,8.18,7.94,8.05,4159240.0,7.708000000000001,7.8485000000000085,0.4330260719025683,0.36251648945696713,8.573532978913942,7.123467021086074,8.93604946837091,6.760950531629107,9.298565957827877,6.3984340421721395
20180625,MEAL3,IMC S/A,8.12,8.12,7.78,7.96,3608347.0,7.726000000000002,7.849000000000008,0.43577396361923787,0.3626596907323028,8.574319381464614,7.123680618535403,8.936979072196916,6.7610209278030995,9.29963876292922,6.398361237070797
20180626,MEAL3,IMC S/A,7.99,8.0,7.85,8.0,5666372.0,7.7680000000000025,7.841250000000008,0.41848850829974654,0.35580308224259605,8.552856164485199,7.129643835514815,8.908659246727796,6.77384075327222,9.264462328970392,6.418037671029623
20180627,MEAL3,IMC S/A,8.0,8.0,7.83,8.0,2174492.0,7.800500000000002,7.837500000000008,0.40946017093112597,0.3532468447606172,8.543993689521242,7.131006310478774,8.89724053428186,6.777759465718157,9.250487379042477,6.42451262095754
20180628,MEAL3,IMC S/A,7.99,7.99,7.81,7.95,3621051.0,7.8305000000000025,7.830000000000008,0.3964908573977454,0.3474006037518901,8.524801207503788,7.135198792496228,8.872201811255678,6.787798188744338,9.219602415007568,6.440397584992448
20180629,MEAL3,IMC S/A,8.0,8.0,7.88,7.93,9501615.0,7.848000000000002,7.828250000000009,0.39255706926710443,0.3466978844425234,8.521645768885055,7.134854231114962,8.868343653327578,6.788156346672438,9.215041537770102,6.441458462229915
20180702,MEAL3,IMC S/A,7.89,8.06,7.86,8.0,4707511.0,7.868000000000002,7.830750000000009,0.38943413739478494,0.3475879339028759,8.52592586780576,7.135574132194257,8.873513801708636,6.787986198291382,9.221101735611512,6.440398264388506
20180703,MEAL3,IMC S/A,8.09,8.09,7.76,7.9,2815845.0,7.8945000000000025,7.832000000000008,0.371376883332395,0.3477488041233629,8.527497608246733,7.136502391753282,8.875246412370096,6.78875358762992,9.222995216493459,6.441004783506556
20180704,MEAL3,IMC S/A,7.83,7.9,7.83,7.88,753441.0,7.9235000000000015,7.8252500000000085,0.3441583937665896,0.3440183917265937,8.513286783453196,7.137213216546821,8.857305175179789,6.793194824820228,9.201323566906384,6.449176433093633
20180705,MEAL3,IMC S/A,7.9,7.9,7.65,7.65,7811549.0,7.963000000000001,7.820750000000008,0.24740973899053983,0.3451301315334636,8.511010263066936,7.130489736933081,8.856140394600398,6.785359605399617,9.201270526133863,6.440229473866154
20180706,MEAL3,IMC S/A,7.65,7.93,7.54,7.7,4090495.0,7.983,7.813250000000008,0.20321365474220168,0.34439383761126385,8.502037675222535,7.124462324777481,8.8464315128338,6.780068487166217,9.190825350445063,6.435674649554953
20180710,MEAL3,IMC S/A,7.7,7.79,7.42,7.56,3198502.0,7.976000000000001,7.796750000000007,0.21551407329794559,0.34019140539950515,8.477132810799018,7.116367189200997,8.817324216198523,6.7761757838014915,9.157515621598028,6.435984378401987
20180711,MEAL3,IMC S/A,7.6,7.6,7.39,7.4,2107806.0,7.963000000000001,7.777000000000006,0.2418155016579869,0.33970726462797907,8.456414529255964,7.097585470744049,8.796121793883943,6.757878206116069,9.135829058511924,6.41817094148809
20180712,MEAL3,IMC S/A,7.49,7.59,7.31,7.47,3481689.0,7.924000000000001,7.760000000000008,0.25559836915713735,0.337570505456037,8.435141010912082,7.084858989087934,8.772711516368119,6.7472884836318965,9.110282021824156,6.40971797817586
20180713,MEAL3,IMC S/A,7.5,7.69,7.47,7.68,2941944.0,7.890500000000001,7.748000000000007,0.2402734188158831,0.3314629576705223,8.410925915341052,7.085074084658963,8.742388873011574,6.7536111269884405,9.073851830682097,6.422148169317918
20180716,MEAL3,IMC S/A,7.68,7.81,7.38,7.59,1900163.0,7.852500000000002,7.738000000000007,0.22327408221616993,0.3300054389606145,8.398010877921235,7.077989122078778,8.72801631688185,6.747983683118163,9.058021755842464,6.417978244157549
20180717,MEAL3,IMC S/A,7.65,7.7,7.47,7.63,2623833.0,7.830000000000001,7.731750000000007,0.22181073012818722,0.3296142850713164,8.39097857014264,7.072521429857375,8.720592855213956,6.742907144786058,9.050207140285274,6.413292859714741
20180718,MEAL3,IMC S/A,7.68,7.7,7.5,7.61,2751413.0,7.805500000000002,7.730500000000006,0.21743662113481704,0.3299879562681787,8.390475912536363,7.0705240874636495,8.720463868804542,6.74053613119547,9.05045182507272,6.410548174927292
20180719,MEAL3,IMC S/A,7.52,7.66,7.43,7.66,1810457.0,7.783500000000002,7.728500000000007,0.20813141091754062,0.3301712842193807,8.388842568438768,7.068157431561245,8.719013852658149,6.737986147341864,9.04918513687753,6.407814863122484
20180720,MEAL3,IMC S/A,7.84,7.85,7.61,7.71,3503441.0,7.766500000000002,7.729500000000006,0.19889894286718593,0.3300501127451331,8.389600225490272,7.06939977450974,8.719650338235406,6.7393496617646065,9.049700450980538,6.409299549019474
20180723,MEAL3,IMC S/A,7.65,7.76,7.6,7.62,2119590.0,7.745000000000002,7.726500000000006,0.18966729873788535,0.3304972942982433,8.387494588596493,7.065505411403519,8.717991882894736,6.735008117105276,9.048489177192979,6.404510822807032
20180724,MEAL3,IMC S/A,7.7,7.76,7.63,7.68,1413068.0,7.731000000000002,7.728500000000006,0.18318526716213612,0.32995376521489383,8.388407530429793,7.068592469570218,8.718361295644687,6.738638704355324,9.048315060859581,6.40868493914043
20180725,MEAL3,IMC S/A,7.67,7.8,7.6,7.62,3363952.0,7.7120000000000015,7.740000000000005,0.17325369290512493,0.317409385413721,8.374818770827446,7.105181229172563,8.692228156241168,6.787771843758842,9.00963754165489,6.470362458345121
20180726,MEAL3,IMC S/A,7.69,7.69,7.51,7.6,1398813.0,7.692000000000002,7.746250000000005,0.1609053333975905,0.31194746023764336,8.370144920475292,7.122355079524718,8.682092380712936,6.810407619287075,8.99403984095058,6.498460159049432
20180727,MEAL3,IMC S/A,7.6,7.61,7.4,7.58,3187383.0,7.673500000000002,7.752000000000004,0.1506223929671754,0.3065289545866721,8.365057909173348,7.13894209082666,8.671586863760021,6.832413136239988,8.978115818346692,6.525884181653316
20180730,MEAL3,IMC S/A,7.58,7.58,7.4,7.53,1839830.0,7.653500000000003,7.750750000000004,0.14102164820749416,0.3073491917038725,8.365448383407749,7.136051616592258,8.672797575111622,6.828702424888386,8.980146766815494,6.521353233184514
20180731,MEAL3,IMC S/A,7.57,7.59,7.3,7.3,3760073.0,7.618500000000003,7.743250000000003,0.13731542635767485,0.31469470349889034,8.372639406997784,7.113860593002222,8.687334110496675,6.799165889503332,9.002028813995565,6.484471186004442
20180801,MEAL3,IMC S/A,7.22,7.36,7.04,7.3,5060782.0,7.588500000000003,7.741500000000004,0.13811798922431878,0.317009665791323,8.37551933158265,7.107480668417358,8.692528997373973,6.790471002626035,9.009538663165296,6.473461336834712
20180802,MEAL3,IMC S/A,7.29,7.58,7.25,7.46,1808944.0,7.567500000000004,7.7455000000000025,0.12251208318495145,0.3122700179373009,8.370040035874604,7.120959964125401,8.682310053811905,6.8086899461881,8.994580071749207,6.496419928250798
20180803,MEAL3,IMC S/A,7.5,7.69,7.46,7.57,2616941.0,7.563500000000003,7.763250000000002,0.12097302874695337,0.2790587430117182,8.321367486023439,7.205132513976565,8.600426229035156,6.926073770964847,8.879484972046875,6.647015027953129
20180806,MEAL3,IMC S/A,7.57,7.77,7.55,7.55,1532331.0,7.5560000000000045,7.7695000000000025,0.11663708898252094,0.2711036323754767,8.311707264750956,7.2272927352490495,8.582810897126432,6.956189102873573,8.853914529501909,6.6850854704980955
20180807,MEAL3,IMC S/A,7.62,7.69,7.3,7.41,2124528.0,7.548500000000004,7.762250000000003,0.1211034790234355,0.27682714684576604,8.315904293691535,7.208595706308471,8.592731440537301,6.931768559462705,8.869558587383068,6.654941412616939
20180808,MEAL3,IMC S/A,7.42,7.47,7.16,7.27,2879466.0,7.542000000000004,7.752500000000002,0.132450586615302,0.2871946539035282,8.32688930780706,7.178110692192946,8.614083961710588,6.890916038289418,8.901278615614116,6.6037213843858895
20180809,MEAL3,IMC S/A,7.3,7.3,7.02,7.1,2629158.0,7.523500000000004,7.723750000000003,0.16490108677947954,0.2936043692471618,8.310958738494326,7.136541261505679,8.604563107741487,6.842936892258517,8.89816747698865,6.549332523011355
20180810,MEAL3,IMC S/A,7.12,7.17,6.9,7.1,2981987.0,7.494500000000004,7.692500000000003,0.18562766921703283,0.2917563964539474,8.276012792907897,7.108987207092108,8.567769189361846,6.8172308106381605,8.859525585815792,6.525474414184213
20180813,MEAL3,IMC S/A,7.12,7.12,6.97,7.1,2127458.0,7.470000000000003,7.661250000000003,0.20380589320543221,0.28642077259576865,8.23409154519154,7.088408454808465,8.520512317787308,6.801987682212697,8.806933090383078,6.515566909616928
20180814,MEAL3,IMC S/A,7.27,7.3,7.19,7.25,1344969.0,7.451000000000003,7.640500000000003,0.2058077795061791,0.2853693063832182,8.21123861276644,7.069761387233567,8.496607919149657,6.784392080850348,8.781977225532875,6.4990227744671305
20180815,MEAL3,IMC S/A,7.2,7.23,6.93,7.0,3839054.0,7.420500000000002,7.613000000000002,0.2252828631322266,0.29285683909570276,8.198713678191409,7.027286321808597,8.49157051728711,6.734429482712894,8.784427356382814,6.441572643617191
20180816,MEAL3,IMC S/A,7.02,7.08,6.88,6.99,1264370.0,7.387000000000003,7.585250000000002,0.23728951892039954,0.298070612009282,8.181391224018565,6.989108775981438,8.479461836027848,6.691038163972156,8.77753244803713,6.392967551962874
20180817,MEAL3,IMC S/A,6.99,7.34,6.8,6.9,6775988.0,7.346500000000003,7.5565000000000015,0.24813568020233345,0.3074089400298152,8.171317880059632,6.941682119940371,8.478726820089447,6.634273179910556,8.786135760119262,6.326864239880741
20180820,MEAL3,IMC S/A,6.93,7.05,6.82,7.02,4503728.0,7.316500000000003,7.53075,0.24959493500259267,0.308149044024692,8.147048088049385,6.914451911950616,8.455197132074076,6.606302867925924,8.763346176098768,6.298153823901233
20180821,MEAL3,IMC S/A,7.03,7.03,6.86,6.98,2007796.0,7.281500000000003,7.506250000000001,0.24497636835546557,0.3120789471123732,8.130407894224748,6.882092105775255,8.442486841337121,6.570013158662881,8.754565788449494,6.257934211550508
20180822,MEAL3,IMC S/A,6.96,7.03,6.83,6.96,3978558.0,7.248500000000003,7.480250000000001,0.24140542443650598,0.3132090929354288,8.10666818587086,6.853831814129143,8.419877278806288,6.5406227211937145,8.733086371741717,6.227413628258286
20180823,MEAL3,IMC S/A,7.0,7.05,6.89,7.0,3606573.0,7.218500000000003,7.455250000000001,0.23254371405688343,0.3105577075900516,8.076365415180105,6.834134584819898,8.386923122770156,6.523576877229846,8.697480830360208,6.213019169639795
20180824,MEAL3,IMC S/A,7.08,7.1,6.94,7.1,6231809.0,7.194500000000002,7.434000000000002,0.21755761487356579,0.3048648292318457,8.043729658463693,6.824270341536311,8.34859448769554,6.5194055123044645,8.653459316927385,6.214540683072619
20180827,MEAL3,IMC S/A,7.06,7.47,7.06,7.39,2950602.0,7.187500000000002,7.420500000000001,0.2082477016995841,0.2941040283423161,8.008708056684634,6.8322919433153695,8.30281208502695,6.5381879149730535,8.596916113369266,6.244083886630737
20180828,MEAL3,IMC S/A,7.3,7.7,7.1,7.56,6124538.0,7.200500000000001,7.409500000000001,0.22321750072872865,0.27975217970782723,7.969004359415655,6.849995640584347,8.248756539123484,6.57024346087652,8.52850871883131,6.290491281168692
20180829,MEAL3,IMC S/A,7.56,7.77,7.37,7.4,19341009.0,7.205500000000001,7.397000000000001,0.22665705603980787,0.26820581457969433,7.93341162915939,6.860588370840612,8.201617443739083,6.592382556260918,8.469823258318778,6.324176741681224
20180830,MEAL3,IMC S/A,7.37,7.5,7.28,7.39,7549255.0,7.202,7.384750000000001,0.22303174189952843,0.2565149818186734,7.897779963637348,6.871720036362655,8.154294945456021,6.615205054543981,8.410809927274695,6.358690072725308
20180831,MEAL3,IMC S/A,7.44,7.5,7.32,7.5,1773587.0,7.1985,7.381000000000002,0.21743177998482516,0.2536179238185852,7.888235847637173,6.873764152362831,8.141853771455757,6.620146228544247,8.395471695274344,6.366528304725661
20180903,MEAL3,IMC S/A,7.52,7.52,7.2,7.38,1967943.0,7.1899999999999995,7.373000000000002,0.2059892690102313,0.24828850051337034,7.869577001026743,6.876422998973261,8.117865501540113,6.628134498459891,8.366154002053483,6.3798459979465205
20180904,MEAL3,IMC S/A,7.31,7.53,7.21,7.27,3056715.0,7.183,7.365750000000001,0.20042323638792864,0.24691831411653584,7.859586628233073,6.871913371766929,8.10650494234961,6.624995057650394,8.353423256466144,6.378076743533858
20180905,MEAL3,IMC S/A,7.29,7.3,7.21,7.3,1157262.0,7.1845,7.3632500000000025,0.2012193095264885,0.24706884226974318,7.857387684539489,6.869112315460516,8.104456526809232,6.622043473190773,8.351525369078976,6.37497463092103
20180906,MEAL3,IMC S/A,7.3,7.36,7.14,7.35,2952929.0,7.197,7.360250000000002,0.203446617852916,0.24646721839544536,7.853184436790893,6.867315563209112,8.099651655186339,6.620848344813666,8.346118873581784,6.374381126418221
20180910,MEAL3,IMC S/A,7.32,7.35,7.15,7.35,3045647.0,7.2095,7.352000000000002,0.20484846774345916,0.24095110686077847,7.833902213721559,6.870097786278445,8.074853320582337,6.6291466794176666,8.315804427443116,6.388195572556889
20180911,MEAL3,IMC S/A,7.31,7.31,7.16,7.16,2910901.0,7.2125,7.341250000000004,0.20359596211485775,0.23964918270094127,7.820548365401887,6.861951634598121,8.060197548102828,6.6223024518971805,8.299846730803768,6.382653269196239
20180912,MEAL3,IMC S/A,7.14,7.17,6.72,6.89,8447138.0,7.1945,7.322750000000004,0.21566238234308674,0.2452835878356659,7.813317175671336,6.8321828243286715,8.058600763507002,6.5868992364930055,8.303884351342667,6.34161564865734
20180913,MEAL3,IMC S/A,6.89,6.95,6.71,6.81,3251319.0,7.185,7.302750000000003,0.22848471099374637,0.2537310053519701,7.810212010703943,6.795287989296063,8.063943016055914,6.541556983944093,8.317674021407884,6.287825978592123
20180914,MEAL3,IMC S/A,6.77,6.84,6.56,6.75,3972774.0,7.172999999999999,7.280000000000003,0.24497260856546704,0.261553544059825,7.803107088119653,6.756892911880353,8.064660632179478,6.495339367820528,8.326214176239302,6.233785823760703
20180917,MEAL3,IMC S/A,6.69,6.76,6.66,6.67,2909761.0,7.161499999999998,7.254000000000003,0.26318444602897817,0.26928966388801756,7.792579327776038,6.715420672223968,8.061868991664056,6.44613100833595,8.331158655552073,6.176841344447933
20180918,MEAL3,IMC S/A,6.36,6.95,6.0,6.72,15478858.0,7.146499999999998,7.231500000000004,0.27970426111200347,0.2754534722682104,7.782406944536425,6.680593055463583,8.057860416804635,6.405139583195373,8.333313889072846,6.129686110927162
20180919,MEAL3,IMC S/A,6.72,6.84,6.25,6.57,9542200.0,7.125999999999998,7.203750000000004,0.3063090974128847,0.28486332755308064,7.773476655106165,6.634023344893842,8.058339982659247,6.349160017340762,8.343203310212326,6.064296689787682
20180920,MEAL3,IMC S/A,6.65,6.7,6.05,6.26,20335766.0,7.090999999999997,7.169750000000003,0.3613265034636466,0.31361815341884225,7.796986306837688,6.542513693162318,8.11060446025653,6.228895539743476,8.424222613675372,5.915277386324634
20180921,MEAL3,IMC S/A,6.32,6.54,6.18,6.4,7664912.0,7.060999999999997,7.139750000000002,0.3928157462810234,0.32845003132428124,7.796650062648564,6.48284993735144,8.125100093972845,6.154399906027159,8.453550125297127,5.825949874702877
20180924,MEAL3,IMC S/A,6.44,6.44,6.11,6.4,5400214.0,7.025999999999998,7.110250000000002,0.4194407303967882,0.3406591461360637,7.79156829227213,6.428931707727875,8.132227438408194,6.088272561591811,8.472886584544257,5.747613415455747
20180925,MEAL3,IMC S/A,6.3,6.31,6.16,6.24,6475321.0,6.968499999999999,7.078000000000003,0.44496333379398184,0.3603929479374908,7.7987858958749845,6.357214104125021,8.159178843812475,5.99682115618753,8.519571791749966,5.63642820825004
20180926,MEAL3,IMC S/A,6.27,6.33,6.16,6.25,8008915.0,6.902999999999999,7.051750000000003,0.44970282585163895,0.381433782941717,7.814617565883437,6.2888824341165686,8.196051348825154,5.907448651174851,8.57748513176687,5.526014868233135
20180927,MEAL3,IMC S/A,6.3,6.34,6.16,6.34,6601307.0,6.849999999999999,7.027750000000002,0.4505084846446783,0.39536083810576184,7.818471676211526,6.237028323788478,8.213832514317287,5.841667485682716,8.609193352423048,5.446306647576955
20180928,MEAL3,IMC S/A,6.34,6.45,6.28,6.43,6810177.0,6.802,7.0020000000000024,0.44098693142111695,0.4000012820492251,7.802002564098452,6.201997435901553,8.202003846147678,5.801996153852327,8.602005128196902,5.401994871803102
20181001,MEAL3,IMC S/A,6.44,6.53,6.24,6.42,4516287.0,6.747999999999999,6.973250000000003,0.4164587551449057,0.3994572439493214,7.772164487898646,6.17433551210136,8.171621731847967,5.7748782681520385,8.571078975797288,5.375421024202717
20181002,MEAL3,IMC S/A,6.45,6.48,6.35,6.38,8162818.0,6.697999999999999,6.944000000000003,0.39612066210609503,0.39897818203955415,7.741956364079111,6.146043635920894,8.140934546118665,5.747065453881341,8.53991272815822,5.348087271841786
20181003,MEAL3,IMC S/A,6.49,6.7,6.44,6.59,10264406.0,6.663999999999999,6.9235000000000015,0.3729456006613222,0.3954714810295304,7.714442962059063,6.13255703794094,8.109914443088593,5.73708555691141,8.505385924118123,5.34161407588188
20181004,MEAL3,IMC S/A,6.6,6.6,6.37,6.59,4812375.0,6.628499999999998,6.906500000000001,0.3417027794351213,0.394809593835577,7.696119187671155,6.116880812328847,8.090928781506733,5.72207121849327,8.48573837534231,5.327261624657693
20181005,MEAL3,IMC S/A,6.58,6.65,6.47,6.6,2000351.0,6.590999999999998,6.894000000000001,0.2965219438050037,0.3964379862261874,7.686875972452376,6.101124027547626,8.083313958678563,5.704686041321439,8.47975194490475,5.308248055095252
20181008,MEAL3,IMC S/A,6.79,7.0,6.62,6.87,5581503.0,6.566999999999998,6.888250000000001,0.2471756247563408,0.395039027607819,7.678328055215639,6.098171944784363,8.073367082823458,5.703132917176545,8.468406110431276,5.308093889568725
20181009,MEAL3,IMC S/A,6.9,7.17,6.77,7.0,9543549.0,6.558999999999999,6.88575,0.228885170014649,0.3939796135556175,7.673709227111235,6.097790772888764,8.067688840666852,5.7038111593331475,8.461668454222469,5.30983154577753
20181010,MEAL3,IMC S/A,7.03,7.05,6.64,6.73,4209891.0,6.550999999999999,6.872750000000001,0.2193027227613227,0.3902135345731877,7.653177069146376,6.0923229308536255,8.043390603719564,5.702109396280438,8.433604138292752,5.31189586170725
20181011,MEAL3,IMC S/A,6.84,6.84,6.46,6.62,7340184.0,6.541499999999999,6.863250000000001,0.21146792714388066,0.391659110674521,7.6465682213490425,6.079931778650959,8.038227332023563,5.688272667976438,8.429886442698084,5.296613557301916
20181015,MEAL3,IMC S/A,6.7,6.71,6.38,6.42,5622371.0,6.524999999999999,6.849000000000001,0.2071739670701469,0.397258554312373,7.6435171086247475,6.054482891375255,8.04077566293712,5.657224337062882,8.438034217249493,5.259965782750509
20181016,MEAL3,IMC S/A,6.44,6.94,6.42,6.73,10848593.0,6.527999999999999,6.844750000000002,0.2098019115863021,0.3976081533240248,7.639966306648052,6.049533693351952,8.037574459972078,5.651925540027928,8.435182613296101,5.254317386703903
20181017,MEAL3,IMC S/A,7.0,7.0,6.92,6.93,8586703.0,6.538499999999999,6.842500000000003,0.22464650594118357,0.39684492870124355,7.63618985740249,6.048810142597516,8.033034786103734,5.651965213896272,8.429879714804978,5.255120285195028
20181018,MEAL3,IMC S/A,7.02,7.05,6.93,6.99,9051026.0,6.5595,6.842750000000002,0.24633043703637086,0.3969369096675287,7.6366238193350595,6.048876180664945,8.033560729002588,5.651939270997416,8.430497638670117,5.255002361329888
20181019,MEAL3,IMC S/A,7.1,7.29,6.94,7.01,5634410.0,6.5969999999999995,6.844000000000003,0.25526250678159523,0.3973940755497607,7.638788151099524,6.049211848900482,8.036182226649284,5.651817773350721,8.433576302199047,5.25442369780096
20181022,MEAL3,IMC S/A,7.11,7.25,7.1,7.14,23380192.0,6.633999999999999,6.847500000000002,0.2778375140446822,0.399414635788486,7.646329271576974,6.04867072842303,8.045743907365459,5.649256092634544,8.445158543153946,5.249841456846058
20181023,MEAL3,IMC S/A,7.16,7.27,7.05,7.07,4600076.0,6.667499999999999,6.846750000000002,0.288332319235621,0.39895625041298377,7.644662500825969,6.048837499174034,8.043618751238952,5.649881248761051,8.442575001651937,5.250924998348067
20181024,MEAL3,IMC S/A,7.14,7.2,6.91,6.98,3342407.0,6.704499999999998,6.836500000000003,0.27787681860096175,0.38980304033756313,7.616106080675129,6.056893919324876,8.005909121012692,5.667090878987313,8.395712161350255,5.27728783864975
20181025,MEAL3,IMC S/A,7.07,7.1,6.88,6.9,5813370.0,6.736999999999997,6.820000000000002,0.25931285717206365,0.37195257486501626,7.563905149730035,6.076094850269969,7.935857724595051,5.704142275404953,8.307810299460067,5.332189700539937
20181026,MEAL3,IMC S/A,7.0,7.0,6.7,6.9,5243061.0,6.764999999999998,6.807500000000002,0.24396936822392495,0.36017623891217565,7.527852477824354,6.08714752217565,7.888028716736529,5.726971283263475,8.248204955648704,5.366795044351299
20181029,MEAL3,IMC S/A,7.11,7.11,6.65,6.74,3404786.0,6.780499999999998,6.7912500000000025,0.23107244250280606,0.34766759470829883,7.4865851894166004,6.0959148105834045,7.8342527841248994,5.7482472158751055,8.181920378833198,5.400579621166807
20181030,MEAL3,IMC S/A,6.74,6.79,6.57,6.7,5091278.0,6.7944999999999975,6.771250000000002,0.21607686254274847,0.3283227578669057,7.427895515733813,6.114604484266191,7.7562182736007195,5.7862817263992845,8.084541031467625,5.457958968532379
20181031,MEAL3,IMC S/A,6.71,6.85,6.68,6.7,4482098.0,6.8104999999999976,6.754250000000002,0.19454332490003304,0.3132532971975324,7.380756594395066,6.127743405604937,7.694009891592599,5.814490108407404,8.007263188790132,5.501236811209872
20181101,MEAL3,IMC S/A,6.72,6.79,6.65,6.71,5444820.0,6.816499999999998,6.740250000000001,0.18916088947048498,0.3019210925951406,7.3440921851902825,6.13640781480972,7.646013277785423,5.83448672221458,7.947934370380564,5.532565629619439
20181105,MEAL3,IMC S/A,6.71,6.81,6.57,6.64,4340273.0,6.818999999999997,6.723750000000001,0.1863189116598396,0.2882723738731458,7.3002947477462925,6.147205252253709,7.588567121619438,5.858932878380563,7.876839495492584,5.570660504507417
20181106,MEAL3,IMC S/A,6.63,6.76,6.53,6.68,5417370.0,6.822999999999998,6.707000000000001,0.18218267292964851,0.2698261548592928,7.246652309718586,6.1673476902814155,7.5164784645778795,5.897521535422122,7.786304619437172,5.627695380562829
20181107,MEAL3,IMC S/A,6.79,6.85,6.42,6.6,6408361.0,6.809499999999997,6.688250000000001,0.18841373846433598,0.24927471716036856,7.186799434320738,6.189700565679264,7.436074151481106,5.940425848518895,7.6853488686414755,5.691151131358526
20181108,MEAL3,IMC S/A,6.72,6.75,6.05,6.5,33059420.0,6.784499999999997,6.67175,0.19486770140953,0.23887436350194347,7.149498727003888,6.194001272996113,7.388373090505831,5.95512690949417,7.627247454007774,5.716252545992226
20181109,MEAL3,IMC S/A,6.5,6.9,6.26,6.58,9707490.0,6.776999999999998,6.664,0.19989734207443396,0.23663018859360108,7.137260377187202,6.1907396228127975,7.373890565780803,5.9541094342191965,7.610520754374404,5.717479245625595
20181112,MEAL3,IMC S/A,6.64,6.69,6.51,6.59,6747493.0,6.775499999999998,6.658499999999999,0.20124546415287847,0.23570461740632853,7.129909234812656,6.187090765187342,7.365613852218985,5.9513861477810135,7.601318469625314,5.715681530374685
20181113,MEAL3,IMC S/A,6.59,6.61,6.28,6.3,7279026.0,6.769499999999999,6.64725,0.21379958643060332,0.24188350130822323,7.131017002616446,6.163482997383554,7.37290050392467,5.92159949607533,7.614784005232893,5.679715994767107
20181114,MEAL3,IMC S/A,6.3,6.79,6.25,6.68,10835858.0,6.767,6.647499999999999,0.2145766946682215,0.24191278360556287,7.131325567211125,6.1636744327888735,7.373238350816687,5.921761649183311,7.61515113442225,5.679848865577748
20181116,MEAL3,IMC S/A,6.78,6.97,6.69,6.96,9800889.0,6.7685,6.653499999999998,0.21587703614985176,0.24668624315940196,7.146872486318802,6.160127513681195,7.393558729478205,5.913441270521792,7.640244972637606,5.666755027362391
20181119,MEAL3,IMC S/A,7.18,7.23,6.98,7.11,20956265.0,6.774500000000001,6.666999999999999,0.22387672829860292,0.25657707394035023,7.1801541478807,6.153845852119298,7.4367312218210495,5.897268778178948,7.693308295761399,5.6406917042385984
20181121,MEAL3,IMC S/A,7.13,7.4,7.05,7.25,10208876.0,6.786500000000001,6.691749999999999,0.24279675277461382,0.2639530601237937,7.219656120247587,6.163843879752411,7.4836091803713805,5.8998908196286175,7.747562240495174,5.635937759504824
20181122,MEAL3,IMC S/A,7.3,7.37,7.14,7.27,4892991.0,6.793000000000002,6.713499999999999,0.2542294860533481,0.2749130398638389,7.263326079727677,6.163673920272321,7.538239119591516,5.888760880408482,7.813152159455354,5.6138478405446435
20181123,MEAL3,IMC S/A,7.27,7.27,7.0,7.0,7093314.0,6.789500000000002,6.7284999999999995,0.25067225404374255,0.27373532041193166,7.2759706408238625,6.1810293591761365,7.549705961235794,5.907294038764205,7.823441281647726,5.633558718352273
20181126,MEAL3,IMC S/A,6.96,7.07,6.58,6.78,10549644.0,6.779500000000003,6.741999999999999,0.24662938314722602,0.2620941306731813,7.266188261346362,6.217811738653636,7.528282392019543,5.955717607980455,7.790376522692725,5.693623477307273
20181127,MEAL3,IMC S/A,6.85,7.01,6.69,7.01,2652165.0,6.785000000000002,6.760999999999998,0.25065178193955834,0.2528990880132747,7.266798176026548,6.255201823973449,7.519697264039823,6.002302735960174,7.772596352053097,5.7494036479469
20181128,MEAL3,IMC S/A,7.0,7.0,6.8,6.8,4037007.0,6.780000000000003,6.772499999999999,0.2492303943616959,0.24355013173197843,7.259600263463956,6.285399736536042,7.503150395195934,6.041849604804064,7.7467005269279126,5.798299473072086
20181129,MEAL3,IMC S/A,7.0,7.1,6.79,7.04,4438524.0,6.795000000000002,6.78775,0.2556416076833923,0.24063471092625346,7.269019421852507,6.306480578147493,7.509654132778761,6.065845867221239,7.750288843705014,5.825211156294986
20181130,MEAL3,IMC S/A,7.0,7.0,6.74,6.9,4638945.0,6.805000000000002,6.799749999999999,0.25564160768339217,0.23369372351489007,7.2671374470297785,6.332362552970219,7.500831170544669,6.098668829455328,7.734524894059559,5.864975105940438
20181203,MEAL3,IMC S/A,6.96,7.03,6.84,6.95,2083091.0,6.817500000000003,6.813999999999998,0.25634834441480686,0.22464558982013996,7.263291179640278,6.364708820359718,7.487936769460418,6.140063230539578,7.7125823592805585,5.915417640719438
20181204,MEAL3,IMC S/A,6.98,6.98,6.65,6.7,4606509.0,6.817000000000002,6.816749999999999,0.25657870445333003,0.22249618262354265,7.261742365247084,6.371757634752914,7.484238547870627,6.149261452129371,7.706734730494169,5.926765269505829
20181205,MEAL3,IMC S/A,6.71,6.77,6.65,6.77,1341639.0,6.823500000000003,6.821249999999999,0.25348673794853904,0.2195938850673487,7.260437770134697,6.382062229865301,7.480031655202045,6.162468344797953,7.699625540269394,5.9428744597306045
20181206,MEAL3,IMC S/A,6.74,7.0,6.62,6.82,2834311.0,6.8305000000000025,6.826749999999999,0.2512385111277449,0.21664561041668515,7.260041220833369,6.393458779166629,7.4766868312500545,6.176813168749943,7.6933324416667395,5.960167558333258
20181207,MEAL3,IMC S/A,6.98,6.98,6.84,6.95,7489851.0,6.848000000000002,6.828749999999998,0.24648262456109954,0.2174229896083991,7.263595979216796,6.393904020783199,7.481018968825195,6.1764810311748,7.698441958433594,5.959058041566402
20181210,MEAL3,IMC S/A,6.95,6.96,6.67,6.67,4479423.0,6.856500000000001,6.820499999999998,0.23658257710464495,0.21701884592628598,7.25453769185257,6.3864623081474265,7.471556537778856,6.169443462221141,7.6885753837051425,5.952424616294854
20181211,MEAL3,IMC S/A,6.7,6.87,6.68,6.8,4026647.0,6.8675000000000015,6.822249999999999,0.22800911800789542,0.21655209002063514,7.255354180041269,6.3891458199587285,7.471906270061904,6.172593729938093,7.688458360082539,5.9560416399174585
20181212,MEAL3,IMC S/A,6.77,6.84,6.62,6.76,3267598.0,6.876,6.8257499999999975,0.22015305680606412,0.21431928613695503,7.254388572273908,6.397111427726087,7.468707858410863,6.1827921415891325,7.683027144547817,5.968472855452178
20181213,MEAL3,IMC S/A,6.82,6.99,6.72,6.89,3210149.0,6.905499999999999,6.837499999999997,0.17349275731887623,0.20414612664863055,7.245792253297258,6.429207746702736,7.4499383799458885,6.225061620054105,7.654084506594519,6.020915493405474
20181214,MEAL3,IMC S/A,6.8,6.8,6.68,6.8,4669204.0,6.911499999999999,6.839249999999997,0.16724627287169924,0.20349998424997795,7.246249968499953,6.4322500315000415,7.449749952749931,6.228750047250063,7.653249936999909,6.025250063000085
20181217,MEAL3,IMC S/A,6.8,6.88,6.7,6.73,4037846.0,6.899999999999999,6.834249999999997,0.1715870195066024,0.20367001340151183,7.241590026803021,6.426909973196974,7.445260040204532,6.223239959795462,7.648930053606045,6.01956994639395
20181218,MEAL3,IMC S/A,6.73,6.74,6.49,6.49,3098038.0,6.868999999999998,6.821749999999997,0.18696748943403127,0.20913604331961094,7.240022086639219,6.403477913360775,7.44915812995883,6.194341870041164,7.658294173278441,5.985205826721553
20181219,MEAL3,IMC S/A,6.45,6.5,6.35,6.5,2781066.0,6.831499999999998,6.8089999999999975,0.18166698857206764,0.21287771860136182,7.234755437202721,6.383244562797274,7.447633155804083,6.170366844195912,7.660510874405444,5.957489125594551
20181220,MEAL3,IMC S/A,6.54,6.78,6.49,6.75,4815781.0,6.805499999999998,6.799249999999998,0.150069282245522,0.20615388203213766,7.211557764064273,6.386942235935723,7.417711646096411,6.180788353903585,7.623865528128548,5.974634471871448
20181221,MEAL3,IMC S/A,6.77,6.99,6.74,6.99,5684453.0,6.804999999999998,6.797249999999998,0.14940231802613002,0.20383486906354195,7.204919738127082,6.389580261872914,7.408754607190624,6.185745392809372,7.612589476254166,5.981910523745831
20181226,MEAL3,IMC S/A,6.91,7.09,6.91,7.0,4784917.0,6.815999999999998,6.797749999999998,0.1554416458455061,0.2043185986237846,7.206387197247567,6.389112802752429,7.410705795871352,6.184794204128644,7.615024394495136,5.98047560550486
20181227,MEAL3,IMC S/A,7.0,7.14,7.0,7.0,4123411.0,6.815499999999998,6.800249999999998,0.15479953080304848,0.20620487074253652,7.212659741485071,6.387840258514926,7.418864612227608,6.181635387772388,7.625069482970145,5.975430517029852
20181228,MEAL3,IMC S/A,7.01,7.16,6.93,7.09,3953365.0,6.829999999999998,6.804999999999998,0.16641735739431443,0.210700906013404,7.226401812026806,6.38359818797319,7.43710271804021,6.172897281959786,7.647803624053614,5.962196375946382
