DATA DO PREGAO,CODIGO DE NEGOCIACAO DO PAPEL,NOME RESUMIDO DA EMPRESA EMISSORA,PRECO DE ABERTURA,PRECO MAXIMO,PRECO MINIMO,PRECO FECHAMENTO,VOLUME TOTAL DE TITULOS NEGOCIADOS NESTE PAPEL,MA_20,MA_40,STD_20,STD_40,BANDA_1_40 SUPERIOR,BANDA_1_40 INFERIOR,BANDA_2_40 SUPERIOR,BANDA_2_40 INFERIOR,BANDA_3_40 SUPERIOR,BANDA_3_40 INFERIOR
20180102,PFRM3,PROFARMA,7.45,7.61,7.45,7.57,1355087.0,0.0,0.0,0.0,0.0,0.0,0.0,0.0,0.0,0.0,0.0
20180103,PFRM3,PROFARMA,7.47,7.75,7.47,7.69,611350.0,0.0,0.0,0.0,0.0,0.0,0.0,0.0,0.0,0.0,0.0
20180104,PFRM3,PROFARMA,7.77,7.93,7.74,7.88,666461.0,0.0,0.0,0.0,0.0,0.0,0.0,0.0,0.0,0.0,0.0
20180105,PFRM3,PROFARMA,7.93,7.93,7.8,7.85,389605.0,0.0,0.0,0.0,0.0,0.0,0.0,0.0,0.0,0.0,0.0
20180108,PFRM3,PROFARMA,7.77,7.93,7.66,7.82,799688.0,0.0,0.0,0.0,0.0,0.0,0.0,0.0,0.0,0.0,0.0
20180109,PFRM3,PROFARMA,7.84,7.99,7.8,7.96,773027.0,0.0,0.0,0.0,0.0,0.0,0.0,0.0,0.0,0.0,0.0
20180110,PFRM3,PROFARMA,7.94,7.94,7.81,7.85,302039.0,0.0,0.0,0.0,0.0,0.0,0.0,0.0,0.0,0.0,0.0
20180111,PFRM3,PROFARMA,7.53,7.6,7.22,7.4,2411855.0,0.0,0.0,0.0,0.0,0.0,0.0,0.0,0.0,0.0,0.0
20180112,PFRM3,PROFARMA,7.26,7.39,7.24,7.39,2445066.0,0.0,0.0,0.0,0.0,0.0,0.0,0.0,0.0,0.0,0.0
20180115,PFRM3,PROFARMA,7.31,7.37,7.15,7.18,9304182.0,0.0,0.0,0.0,0.0,0.0,0.0,0.0,0.0,0.0,0.0
20180116,PFRM3,PROFARMA,7.18,7.29,7.18,7.25,1035914.0,0.0,0.0,0.0,0.0,0.0,0.0,0.0,0.0,0.0,0.0
20180117,PFRM3,PROFARMA,7.34,7.34,7.22,7.29,1289368.0,0.0,0.0,0.0,0.0,0.0,0.0,0.0,0.0,0.0,0.0
20180118,PFRM3,PROFARMA,7.3,7.32,7.27,7.28,684977.0,0.0,0.0,0.0,0.0,0.0,0.0,0.0,0.0,0.0,0.0
20180119,PFRM3,PROFARMA,7.27,7.3,7.23,7.27,1232940.0,0.0,0.0,0.0,0.0,0.0,0.0,0.0,0.0,0.0,0.0
20180122,PFRM3,PROFARMA,7.25,7.32,7.22,7.24,1527326.0,0.0,0.0,0.0,0.0,0.0,0.0,0.0,0.0,0.0,0.0
20180123,PFRM3,PROFARMA,7.24,7.28,7.18,7.19,965810.0,0.0,0.0,0.0,0.0,0.0,0.0,0.0,0.0,0.0,0.0
20180124,PFRM3,PROFARMA,7.22,7.24,7.15,7.2,1693692.0,0.0,0.0,0.0,0.0,0.0,0.0,0.0,0.0,0.0,0.0
20180126,PFRM3,PROFARMA,7.25,7.25,7.1,7.1,1747936.0,0.0,0.0,0.0,0.0,0.0,0.0,0.0,0.0,0.0,0.0
20180129,PFRM3,PROFARMA,7.1,7.14,7.05,7.11,1263841.0,0.0,0.0,0.0,0.0,0.0,0.0,0.0,0.0,0.0,0.0
20180130,PFRM3,PROFARMA,7.12,7.13,7.05,7.07,899149.0,7.4295,0.0,0.3015831036730218,0.0,0.0,0.0,0.0,0.0,0.0,0.0
20180131,PFRM3,PROFARMA,7.09,7.14,7.01,7.06,1456816.0,7.404000000000001,0.0,0.3105072251045139,0.0,0.0,0.0,0.0,0.0,0.0,0.0
20180201,PFRM3,PROFARMA,7.06,7.11,7.02,7.07,2399330.0,7.373,0.0,0.311399219145152,0.0,0.0,0.0,0.0,0.0,0.0,0.0
20180202,PFRM3,PROFARMA,7.06,7.09,7.03,7.04,1600396.0,7.331,0.0,0.2956687335515879,0.0,0.0,0.0,0.0,0.0,0.0,0.0
20180205,PFRM3,PROFARMA,7.04,7.25,7.03,7.03,2724725.0,7.290000000000001,0.0,0.27611972994184586,0.0,0.0,0.0,0.0,0.0,0.0,0.0
20180206,PFRM3,PROFARMA,7.01,7.13,6.89,7.04,2067590.0,7.251,0.0,0.2512893069541036,0.0,0.0,0.0,0.0,0.0,0.0,0.0
20180207,PFRM3,PROFARMA,7.05,7.31,7.05,7.14,2066631.0,7.209999999999999,0.0,0.18859592003177492,0.0,0.0,0.0,0.0,0.0,0.0,0.0
20180208,PFRM3,PROFARMA,7.14,7.24,7.06,7.06,993508.0,7.1705,0.0,0.11641464006323528,0.0,0.0,0.0,0.0,0.0,0.0,0.0
20180209,PFRM3,PROFARMA,7.07,7.12,6.95,7.07,1452583.0,7.153999999999999,0.0,0.10500125312535422,0.0,0.0,0.0,0.0,0.0,0.0,0.0
20180214,PFRM3,PROFARMA,7.08,7.15,7.06,7.06,345904.0,7.1375,0.0,0.09095256137708596,0.0,0.0,0.0,0.0,0.0,0.0,0.0
20180215,PFRM3,PROFARMA,7.14,7.14,7.01,7.01,1029174.0,7.129,0.0,0.09464059438350492,0.0,0.0,0.0,0.0,0.0,0.0,0.0
20180216,PFRM3,PROFARMA,7.02,7.08,7.02,7.04,948461.0,7.118499999999999,0.0,0.09212548650160746,0.0,0.0,0.0,0.0,0.0,0.0,0.0
20180219,PFRM3,PROFARMA,7.04,7.09,7.0,7.04,597490.0,7.105999999999999,0.0,0.08425525128097956,0.0,0.0,0.0,0.0,0.0,0.0,0.0
20180220,PFRM3,PROFARMA,7.04,7.05,6.74,6.98,1480427.0,7.090999999999998,0.0,0.07812944724184186,0.0,0.0,0.0,0.0,0.0,0.0,0.0
20180221,PFRM3,PROFARMA,7.0,7.06,6.91,6.94,1527958.0,7.074499999999998,0.0,0.07301585984889625,0.0,0.0,0.0,0.0,0.0,0.0,0.0
20180222,PFRM3,PROFARMA,7.0,7.0,6.92,6.95,675385.0,7.059999999999997,0.0,0.06696424812028993,0.0,0.0,0.0,0.0,0.0,0.0,0.0
20180223,PFRM3,PROFARMA,6.98,7.03,6.92,6.96,1056489.0,7.048499999999997,0.0,0.06310183915911748,0.0,0.0,0.0,0.0,0.0,0.0,0.0
20180226,PFRM3,PROFARMA,6.99,7.03,6.9,6.91,697959.0,7.033999999999997,0.0,0.05968337509858087,0.0,0.0,0.0,0.0,0.0,0.0,0.0
20180227,PFRM3,PROFARMA,6.95,6.96,6.89,6.91,478506.0,7.024499999999998,0.0,0.06361686304084724,0.0,0.0,0.0,0.0,0.0,0.0,0.0
20180228,PFRM3,PROFARMA,6.91,6.98,6.66,6.81,1234474.0,7.009499999999997,0.0,0.07646636687562672,0.0,0.0,0.0,0.0,0.0,0.0,0.0
20180301,PFRM3,PROFARMA,6.8,6.8,6.66,6.67,600689.0,6.989499999999997,7.2095,0.10630022032952417,0.3153666974272236,7.840233394854447,6.578766605145553,8.155600092281672,6.2633999077183296,8.470966789708894,5.948033210291106
20180302,PFRM3,PROFARMA,6.69,6.7,6.3,6.53,1801150.0,6.9629999999999965,7.1834999999999996,0.1463269590587073,0.3275202088108266,7.838540417621653,6.528459582378346,8.166060626432479,6.20093937356752,8.493580835243305,5.873419164756693
20180305,PFRM3,PROFARMA,6.51,6.6,6.5,6.5,407522.0,6.934499999999997,7.15375,0.17673873075070054,0.3343089888112498,7.822367977622499,6.4851320223775,8.15667696643375,6.15082303356625,8.490985955244998,5.816514044755
20180306,PFRM3,PROFARMA,6.5,6.55,6.32,6.49,446754.0,6.906999999999998,7.119,0.20063320814492955,0.32908419934176514,7.77716839868353,6.460831601316469,8.106252598025295,6.131747401974704,8.43533679736706,5.802663202632939
20180307,PFRM3,PROFARMA,6.49,6.51,6.35,6.43,846722.0,6.876999999999998,7.083499999999999,0.2246892591066497,0.3247685566439829,7.733037113287965,6.433962886712033,8.057805669931948,6.10919433006805,8.382574226575931,5.784425773424068
20180308,PFRM3,PROFARMA,6.42,6.73,6.42,6.54,426846.0,6.8519999999999985,7.0515,0.2332516147628439,0.3131932310890525,7.677886462178105,6.425113537821895,7.9910796932671575,6.111920306732842,8.30427292435621,5.798727075643789
20180309,PFRM3,PROFARMA,6.53,6.73,6.49,6.7,517417.0,6.829999999999998,7.0200000000000005,0.22527176569879573,0.28120619316957396,7.582412386339149,6.457587613660852,7.863618579508723,6.176381420491278,8.144824772678296,5.895175227321705
20180312,PFRM3,PROFARMA,6.74,6.9,6.65,6.74,639010.0,6.813999999999998,6.99225,0.21936271333114135,0.2502663965273204,7.492782793054641,6.49171720694536,7.743049189581962,6.241450810418039,7.993315586109282,5.991184413890719
20180313,PFRM3,PROFARMA,6.76,6.76,6.65,6.71,165378.0,6.795999999999999,6.975,0.21189371715183433,0.2451687017294277,7.465337403458855,6.484662596541145,7.710506105188283,6.239493894811717,7.955674806917711,5.994325193082289
20180314,PFRM3,PROFARMA,6.71,6.81,6.69,6.7,431736.0,6.777999999999999,6.95775,0.20340780919646576,0.23942760267579377,7.436605205351587,6.478894794648412,7.676032808027381,6.239467191972619,7.915460410703175,6.000039589296825
20180315,PFRM3,PROFARMA,6.74,6.74,6.62,6.66,255148.0,6.760499999999999,6.944750000000001,0.1973635437993886,0.24116158536634963,7.4270731707327,6.462426829267302,7.66823475609905,6.221265243900952,7.909396341465399,5.980103658534603
20180316,PFRM3,PROFARMA,6.6,6.76,6.59,6.7,758015.0,6.743499999999999,6.931,0.18635774876917885,0.23898074163370536,7.408961483267411,6.453038516732589,7.647942224901116,6.214057775098884,7.886922966534821,5.975077033465179
20180319,PFRM3,PROFARMA,6.66,6.76,6.66,6.73,335781.0,6.727999999999999,6.917,0.17279741713469454,0.23375639302926515,7.38451278605853,6.449487213941469,7.618269179087795,6.215730820912205,7.852025572117061,5.981974427882939
20180320,PFRM3,PROFARMA,6.72,6.86,6.68,6.79,417937.0,6.718499999999999,6.904750000000002,0.16316846315517472,0.22698681199689527,7.358723623993792,6.450776376006211,7.585710435990688,6.223789564009316,7.8126972479875825,5.996802752012421
20180321,PFRM3,PROFARMA,6.77,6.89,6.77,6.86,520127.0,6.714499999999999,6.8945000000000025,0.1583625088539799,0.21919374406195657,7.332887488123916,6.456112511876089,7.552081232185873,6.2369187678141325,7.771274976247829,6.017725023752176
20180322,PFRM3,PROFARMA,6.88,7.05,6.88,6.89,575732.0,6.711499999999999,6.885750000000002,0.15417949211705886,0.2119129901271192,7.30957598025424,6.461924019745763,7.521488970381359,6.250011029618644,7.733401960508479,6.0380980394915245
20180323,PFRM3,PROFARMA,6.53,6.56,6.0,6.0,10119973.0,6.663499999999999,6.856000000000002,0.2115176986497958,0.24848051050850117,7.352961021017004,6.3590389789829995,7.601441531525505,6.1105584684744985,7.849922042034006,5.862077957965997
20180326,PFRM3,PROFARMA,6.17,6.17,5.71,5.75,2544167.0,6.605499999999999,6.819750000000002,0.28621808027042006,0.2978683885931474,7.415486777186296,6.224013222813707,7.7133551657794435,5.92614483422056,8.011223554372592,5.628276445627412
20180327,PFRM3,PROFARMA,5.71,5.71,5.37,5.49,2269382.0,6.5344999999999995,6.779500000000001,0.37044034962673705,0.3610948451300416,7.5016896902600845,6.057310309739918,7.8627845353901265,5.696215464609876,8.223879380520168,5.335120619479835
20180328,PFRM3,PROFARMA,5.49,5.54,4.95,4.99,2977110.0,6.4435,6.7265000000000015,0.5000660482692053,0.4547726961111527,7.636045392222307,5.816954607777696,8.09081808833346,5.362181911666544,8.545590784444613,4.907409215555391
20180329,PFRM3,PROFARMA,5.11,6.09,5.1,6.01,9454134.0,6.410500000000001,6.700000000000001,0.506073377246714,0.4650117175253751,7.630023435050751,5.769976564949251,8.095035152576127,5.304964847423876,8.560046870101502,4.8399531298985
20180402,PFRM3,PROFARMA,6.01,6.15,5.72,5.76,1426883.0,6.372,6.667500000000001,0.5254231377510993,0.4842374391100913,7.635974878220184,5.699025121779819,8.120212317330274,5.214787682669727,8.604449756440367,4.730550243559636
20180403,PFRM3,PROFARMA,5.88,5.92,5.8,5.9,356707.0,6.3420000000000005,6.638250000000001,0.534775899941176,0.49452845968245285,7.627306919364907,5.649193080635095,8.12183537904736,5.1546646209526426,8.616363838729812,4.66013616127019
20180404,PFRM3,PROFARMA,5.9,5.9,5.8,5.89,437484.0,6.311999999999999,6.6095,0.5428055772897346,0.5039126399664439,7.617325279932888,5.601674720067112,8.12123791989933,5.097762080100669,8.625150559865775,4.593849440134225
20180405,PFRM3,PROFARMA,6.01,6.03,5.33,5.48,4703569.0,6.2645,6.570750000000001,0.5726804473149418,0.5296848966542202,7.630119793308442,5.511380206691561,8.159804689962662,4.98169531003734,8.689489586616883,4.45201041338312
20180406,PFRM3,PROFARMA,5.5,5.56,5.35,5.56,925350.0,6.2155,6.53375,0.589544650333494,0.547458873294351,7.628667746588702,5.438832253411299,8.176126619883053,4.8913733801169474,8.723585493177405,4.343914506822596
20180409,PFRM3,PROFARMA,5.5,5.6,5.4,5.5,842649.0,6.1555,6.492750000000001,0.5986341910857093,0.5621067856391175,7.6169635712782355,5.368536428721766,8.179070356917354,4.806429643082648,8.74117714255647,4.244322857443531
20180410,PFRM3,PROFARMA,5.6,5.6,5.33,5.33,1488000.0,6.085,6.4495000000000005,0.6091106545396191,0.5834906015106709,7.616481203021342,5.282518796978659,8.199971804532012,4.699028195467988,8.783462406042684,4.115537593957317
20180411,PFRM3,PROFARMA,5.36,5.54,5.26,5.54,1048668.0,6.0265,6.411250000000001,0.6020690203482958,0.5918601164429819,7.594970232885965,5.227529767114037,8.186830349328947,4.635669650671055,8.778690465771929,4.043809534228073
20180412,PFRM3,PROFARMA,5.5,5.54,5.32,5.45,567896.0,5.964,6.371,0.593290556313283,0.6012798316070801,7.57355966321416,5.1684403367858405,8.17483949482124,4.5671605051787605,8.77611932642832,3.96588067357168
20180413,PFRM3,PROFARMA,5.45,5.53,5.38,5.51,859437.0,5.906500000000001,6.333500000000001,0.577811433455221,0.6071520318203609,7.547804063640722,5.119195936359279,8.154956095461083,4.512043904538918,8.762108127281444,3.904891872718557
20180416,PFRM3,PROFARMA,5.53,5.65,5.39,5.62,1274095.0,5.852500000000001,6.298000000000001,0.5495249144296784,0.6062968723619646,7.510593744723931,5.085406255276071,8.116890617085895,4.479109382914107,8.72318748944786,3.8728125105521425
20180417,PFRM3,PROFARMA,5.64,5.72,5.55,5.64,697539.0,5.798000000000001,6.263000000000002,0.5105889272512446,0.6027637203449671,7.468527440689936,5.057472559310067,8.071291161034903,4.4547088389651,8.67405488137987,3.8519451186201334
20180418,PFRM3,PROFARMA,5.69,5.77,5.57,5.72,707595.0,5.7445,6.231500000000002,0.4541095972513542,0.5972310037120269,7.425962007424056,5.037037992575948,8.023193011136083,4.439806988863921,8.62042401484811,3.842575985151895
20180419,PFRM3,PROFARMA,5.75,5.85,5.68,5.79,1427471.0,5.691000000000001,6.202750000000002,0.3712411615109476,0.5898847671041707,7.382519534208344,5.02298046579166,7.972404301312514,4.43309569868749,8.562289068416685,3.843210931583319
20180420,PFRM3,PROFARMA,5.89,5.93,5.74,5.93,850489.0,5.643000000000002,6.177250000000003,0.25047533758204515,0.5786943194680753,7.334638638936153,5.019861361063852,7.9133329584042285,4.441167041595777,8.492027277872303,3.8624727221277015
20180423,PFRM3,PROFARMA,5.93,5.99,5.82,5.88,1466159.0,5.637000000000001,6.1502500000000015,0.24279295923199448,0.566299220988614,7.2828484419772295,5.017651558022774,7.849147662965843,4.45135233703416,8.415446883954457,3.8850531160455457
20180424,PFRM3,PROFARMA,5.98,5.98,5.72,5.79,740221.0,5.639000000000001,6.122250000000002,0.24393484893781198,0.5553538373104017,7.232957674620805,5.011542325379199,7.788311511931207,4.456188488068797,8.343665349241608,3.9008346507583953
20180425,PFRM3,PROFARMA,5.7,5.76,5.66,5.7,939591.0,5.6495000000000015,6.092000000000001,0.24169304151296303,0.544186996518192,7.180373993036385,5.003626006963618,7.724560989554577,4.459439010445426,8.26874798607277,3.9152520139272333
20180426,PFRM3,PROFARMA,5.7,5.79,5.7,5.77,412291.0,5.688500000000002,6.066000000000002,0.18624474559878307,0.5337472752587665,7.1334945505175344,4.998505449482469,7.667241825776301,4.464758174223702,8.200989101035068,3.9310108989649355
20180427,PFRM3,PROFARMA,5.77,5.92,5.7,5.79,693025.0,5.677500000000002,6.044000000000002,0.17222613653351415,0.5262971764590056,7.0965943529180135,4.991405647081991,7.62289152937702,4.465108470622985,8.149188705836025,3.9388112941639797
20180430,PFRM3,PROFARMA,5.72,5.79,5.65,5.65,1039330.0,5.672000000000002,6.022000000000002,0.17120624681175015,0.5238476975767042,7.069695395153411,4.974304604846593,7.593543092730115,4.450456907269889,8.11739079030682,3.926609209693185
20180502,PFRM3,PROFARMA,5.65,5.69,5.52,5.54,429713.0,5.654000000000002,5.998000000000002,0.16477736175629776,0.5233775908119362,7.0447551816238745,4.9512448183761295,7.568132772435811,4.427867227564193,8.091510363247746,3.904489636752257
20180503,PFRM3,PROFARMA,5.53,5.55,5.4,5.4,868537.0,5.629500000000002,5.970750000000002,0.16426791338669394,0.5254760357072129,7.021702071414428,4.9197979285855755,7.54717810712164,4.394321892878363,8.072654142828853,3.86884585717115
20180504,PFRM3,PROFARMA,5.5,5.5,5.3,5.41,686476.0,5.626000000000002,5.9452500000000015,0.168316744014928,0.5273639695791329,6.999977939158267,4.890522060841736,7.5273419087374,4.363158091262603,8.054705878316533,3.83579412168347
20180507,PFRM3,PROFARMA,5.4,5.54,5.35,5.41,652638.0,5.618500000000002,5.917000000000002,0.17463571106433148,0.5249478606588094,6.96689572131762,4.867104278682383,7.49184358197643,4.342156418023573,8.016791442635238,3.817208557364764
20180508,PFRM3,PROFARMA,5.46,5.5,5.34,5.42,1009662.0,5.614500000000001,5.885000000000002,0.17836907331649945,0.5149109955451892,6.914821991090379,4.855178008909624,7.429732986635569,4.340267013364434,7.944643982180758,3.825356017819245
20180509,PFRM3,PROFARMA,5.42,5.43,5.36,5.41,466542.0,5.618500000000002,5.851750000000001,0.17245212913183344,0.5010393684312175,6.853828736862436,4.849671263137566,7.3548681052936535,4.348631894706348,7.855907473724871,3.8475925262751307
20180510,PFRM3,PROFARMA,5.45,5.61,5.2,5.61,1668760.0,5.622000000000002,5.824250000000001,0.1714826982219226,0.4825726330345007,6.789395266069002,4.859104733931,7.271967899103503,4.376532100896499,7.754540532138003,3.893959467861998
20180511,PFRM3,PROFARMA,5.67,5.84,5.4,5.45,1164097.0,5.622000000000002,5.793000000000001,0.1714826982219226,0.4645438898974246,6.72208777979485,4.863912220205152,7.186631669692275,4.399368330307727,7.651175559589699,3.9348244404103028
20180514,PFRM3,PROFARMA,5.41,5.48,5.17,5.29,1127030.0,5.6110000000000015,5.758750000000001,0.18552627846210165,0.44923403471767703,6.657218069435355,4.860281930564647,7.106452104153032,4.41104789584697,7.555686138870709,3.9618138611292926
20180515,PFRM3,PROFARMA,5.25,5.37,5.12,5.29,1219462.0,5.594500000000002,5.723500000000001,0.19887777256659392,0.4283154241491986,6.580130848298398,4.8668691517016045,7.008446272447597,4.438553727552406,7.436761696596796,4.010238303403207
20180516,PFRM3,PROFARMA,5.2,5.45,5.2,5.33,1613679.0,5.5790000000000015,5.688500000000002,0.20705707324055508,0.40024063274806276,6.488981265496127,4.888018734503877,6.88922189824419,4.487778101755814,7.289462530992253,4.087537469007751
20180517,PFRM3,PROFARMA,5.4,5.4,4.88,5.04,2442855.0,5.545000000000002,5.644750000000002,0.23643180835073177,0.37135225864400745,6.387454517288017,4.902045482711987,6.758806775932024,4.53069322406798,7.130159034576032,4.159340965423972
20180518,PFRM3,PROFARMA,5.03,5.11,4.94,4.95,439254.0,5.503000000000002,5.597000000000001,0.263660467467651,0.33177224192633503,6.260544483852671,4.9334555161473315,6.592316725779006,4.6016832742209965,6.924088967705341,4.269911032294662
20180521,PFRM3,PROFARMA,5.0,5.05,4.78,4.81,556854.0,5.447000000000001,5.545000000000002,0.28617440394570803,0.28339516670689163,6.111790333413785,4.978209666586219,6.395185500120677,4.694814499879326,6.6785806668275685,4.411419333172435
20180522,PFRM3,PROFARMA,4.8,4.86,4.59,4.6,1670084.0,5.383000000000001,5.510000000000002,0.3247687436347627,0.3108796452747598,6.131759290549521,4.888240709450482,6.442638935824281,4.577361064175722,6.753518581099041,4.2664814189009626
20180523,PFRM3,PROFARMA,4.6,4.6,4.41,4.45,939088.0,5.316000000000001,5.477500000000001,0.37127660280371905,0.350565477259471,6.178630954518943,4.776369045481059,6.529196431778414,4.425803568221588,6.879761909037885,4.075238090962117
20180524,PFRM3,PROFARMA,4.4,4.49,4.32,4.48,416498.0,5.255000000000001,5.452250000000001,0.4036739173874677,0.38438420616451574,6.221018412329032,4.68348158767097,6.605402618493549,4.299097381506454,6.989786824658064,3.914713175341938
20180525,PFRM3,PROFARMA,4.54,4.54,4.42,4.51,485433.0,5.192000000000002,5.440250000000001,0.41716587638617963,0.40606610236165563,6.252382204723312,4.628117795276689,6.658448307084967,4.222051692915034,7.064514409446623,3.815985590553378
20180528,PFRM3,PROFARMA,4.41,4.49,4.13,4.2,710314.0,5.112500000000002,5.3950000000000005,0.447600326889487,0.44034951153339524,6.275699023066791,4.51430097693321,6.716048534600186,4.073951465399815,7.156398046133582,3.6336019538664193
20180529,PFRM3,PROFARMA,4.22,4.39,4.07,4.22,644298.0,5.041000000000001,5.3565000000000005,0.47083240956282235,0.47367927047957153,6.303858540959143,4.409141459040858,6.777537811438715,3.935462188561286,7.251217081918287,3.461782918081714
20180530,PFRM3,PROFARMA,4.14,4.27,4.07,4.18,3386832.0,4.973000000000001,5.3135,0.49267369365640873,0.5003924101168724,6.314284820233745,4.312715179766256,6.814677230350617,3.8123227696493833,7.31506964046749,3.3119303595325107
20180601,PFRM3,PROFARMA,4.23,4.23,4.04,4.19,508824.0,4.9125000000000005,5.271000000000001,0.5114157336566553,0.5219038127314249,6.3148076254628505,4.227192374537151,6.836711438194276,3.705288561805726,7.3586152509257,3.183384749074301
20180604,PFRM3,PROFARMA,4.2,4.24,4.07,4.19,1232764.0,4.851500000000001,5.238750000000001,0.5216096039638881,0.5478685388826819,6.334487077765365,4.143012922234638,6.882355616648047,3.5951443833519554,7.430224155530729,3.0472758444692736
20180605,PFRM3,PROFARMA,4.19,4.19,4.0,4.0,1998924.0,4.781000000000001,5.199750000000001,0.537204263807192,0.5790508923207398,6.357851784641481,4.041648215358521,6.93690267696222,3.462597323037781,7.51595356928296,2.8835464307170415
20180606,PFRM3,PROFARMA,4.02,4.02,3.75,3.75,1305588.0,4.697500000000001,5.156000000000001,0.5618753841986819,0.6204167333953305,6.396833466790662,3.9151665332093395,7.017250200185992,3.294749799814009,7.637666933581323,2.6743330664186784
20180607,PFRM3,PROFARMA,3.74,3.88,3.67,3.72,1717326.0,4.613000000000001,5.11575,0.5759851971782053,0.6598130562748656,6.435376112549731,3.796123887450269,7.095189168824597,3.136310831175403,7.755002225099463,2.4764977749005377
20180608,PFRM3,PROFARMA,3.8,3.85,3.63,3.85,767014.0,4.525,5.073500000000001,0.5494830106084838,0.6855562966653038,6.444612593330609,3.702387406669393,7.130168889995913,3.0168311100040897,7.815725186661217,2.3312748133387857
20180611,PFRM3,PROFARMA,3.93,3.93,3.79,3.87,569475.0,4.446000000000001,5.034000000000001,0.5224073828768168,0.7084428572942864,6.450885714588574,3.6171142854114278,7.15932857188286,2.9086714281171417,7.867771429177147,2.2002285708228553
20180612,PFRM3,PROFARMA,3.94,4.09,3.9,4.0,1197257.0,4.381500000000001,4.996250000000002,0.4914347951607935,0.722519407955112,6.441288815910226,3.5512111840897775,7.163808223865338,2.8286917761346655,7.88632763182045,2.1061723681795534
20180613,PFRM3,PROFARMA,4.13,4.13,3.88,4.0,676645.0,4.317,4.955750000000001,0.4487186435313622,0.7320007268456603,6.419751453691322,3.4917485463086804,7.151752180536982,2.75974781946302,7.883752907382642,2.0277470926173597
20180614,PFRM3,PROFARMA,4.13,4.31,4.06,4.13,1150814.0,4.257,4.918000000000001,0.38130109666218315,0.7347394444849566,6.387478888969914,3.4485211110300877,7.122218333454871,2.713781666545131,7.856957777939828,1.9790422220601744
20180615,PFRM3,PROFARMA,4.18,4.2,4.09,4.2,1054150.0,4.215,4.880000000000001,0.3338215722586801,0.7314965341593842,6.342993068318769,3.4170069316812324,7.074489602478153,2.685510397521848,7.805986136637538,1.954013863362464
20180618,PFRM3,PROFARMA,4.15,4.23,4.15,4.17,933369.0,4.176,4.839500000000001,0.28549864042444145,0.7246358944236694,6.28877178884734,3.390228211152662,7.013407683271009,2.665592316728993,7.738043577694679,1.9409564223053235
20180619,PFRM3,PROFARMA,4.2,4.25,4.16,4.2,1508351.0,4.1455,4.796250000000001,0.24373140954746486,0.7093467110026441,6.214943422005289,3.3775565779947123,6.924290133007933,2.6682098669920684,7.633636844010577,1.958863155989424
20180620,PFRM3,PROFARMA,4.18,4.27,4.15,4.16,1602282.0,4.1235,4.75325,0.21916768394132513,0.6939311556040422,6.141112311208085,3.365387688791916,6.835043466812127,2.671456533187874,7.528974622416169,1.9775253775838317
20180621,PFRM3,PROFARMA,4.11,4.2,4.07,4.2,227949.0,4.111,4.713500000000001,0.20631860900327603,0.6783862828197234,6.070272565639447,3.356727434360554,6.74865884845917,2.6783411515408306,7.427045131278894,1.9999548687211073
20180622,PFRM3,PROFARMA,4.2,4.2,4.12,4.2,450322.0,4.0969999999999995,4.676,0.188710304295665,0.6637569836418648,6.003513967283729,3.348486032716271,6.6672709509255945,2.684729049074406,7.331027934567459,2.020972065432541
20180625,PFRM3,PROFARMA,4.2,4.29,4.2,4.27,227264.0,4.084999999999999,4.6385000000000005,0.16750490959024505,0.6423935609729451,5.923287121945891,3.35371287805411,6.565680682918836,2.7113193170811654,7.208074243891781,2.06892575610822
20180626,PFRM3,PROFARMA,4.27,4.3,4.23,4.3,258754.0,4.089999999999999,4.601250000000001,0.17253527480670625,0.616591904685012,5.834433809370025,3.3680661906299774,6.451025714055037,2.751474285944965,7.06761761874005,2.134882381259953
20180627,PFRM3,PROFARMA,4.34,4.65,4.3,4.44,970134.0,4.100999999999999,4.571000000000001,0.18761382509936514,0.5930529444086835,5.757105888817367,3.384894111182634,6.350158833226051,2.79184116677395,6.943211777634735,2.1987882223652666
20180628,PFRM3,PROFARMA,4.49,4.59,4.45,4.51,536003.0,4.1175,4.545250000000001,0.20829824265876798,0.5718839199948994,5.6890178399898,3.401482160010202,6.2609017599847,2.829598240015303,6.832785679979599,2.2577143200204035
20180629,PFRM3,PROFARMA,4.6,4.65,4.47,4.55,935945.0,4.1354999999999995,4.524000000000001,0.22938074530305208,0.5548471723054911,5.6336943446109835,3.4143056553890188,6.188541516916474,2.859458483083528,6.743388689221965,2.3046113107780366
20180702,PFRM3,PROFARMA,4.54,4.55,4.24,4.29,996969.0,4.1405,4.496,0.2317093233478316,0.5369610595631628,5.569922119126326,3.422077880873675,6.106883178689489,2.885116821310512,6.643844238252651,2.3481557617473494
20180703,PFRM3,PROFARMA,4.28,4.35,4.06,4.3,723437.0,4.1555,4.468250000000001,0.2318455701993179,0.516819104890195,5.501888209780391,3.434611790219611,6.018707314670586,2.9177926853294163,6.535526419560782,2.400973580439221
20180704,PFRM3,PROFARMA,4.21,4.48,4.21,4.4,329186.0,4.188000000000001,4.442750000000002,0.21710051031478889,0.49328302324898277,5.429316046497967,3.4561839535020367,5.92259906974695,2.9629009302530536,6.415882092995933,2.469617907004071
20180705,PFRM3,PROFARMA,4.4,4.49,4.35,4.44,838586.0,4.224,4.418500000000002,0.19386376116936194,0.46769237095142946,5.353884741902861,3.4831152580971425,5.82157711285429,3.0154228871457134,6.28926948380572,2.547730516194284
20180706,PFRM3,PROFARMA,4.45,4.73,4.45,4.68,455078.0,4.2655,4.395250000000002,0.19837431391449697,0.42840783049657843,5.252065660993159,3.538434339006845,5.680473491489737,3.1100265085102663,6.108881321986315,2.681618678013688
20180710,PFRM3,PROFARMA,4.7,4.85,4.7,4.78,571565.0,4.311,4.378500000000002,0.20705707324054978,0.39814022784146924,5.17478045568294,3.5822195443170632,5.572920683524409,3.184079316475594,5.971060911365878,2.785939088634125
20180711,PFRM3,PROFARMA,4.76,4.78,4.67,4.7,886870.0,4.346,4.363750000000001,0.21084791226203406,0.37368358684445746,5.111117173688916,3.6163828263110864,5.484800760533374,3.2426992394666287,5.858484347377831,2.8690156526221715
20180712,PFRM3,PROFARMA,4.81,4.85,4.69,4.8,632381.0,4.386,4.351500000000002,0.21753160689884923,0.34980983845074926,5.051119676901501,3.6518803230985037,5.40092951535225,3.3020704846477544,5.750739353803,2.952260646197005
20180713,PFRM3,PROFARMA,4.8,5.07,4.76,5.07,601395.0,4.433,4.3450000000000015,0.2572342778173358,0.33318201693709804,5.011364033874198,3.6786359661258055,5.344546050811296,3.345453949188707,5.677728067748394,3.0122719322516094
20180716,PFRM3,PROFARMA,5.02,5.15,5.0,5.11,669608.0,4.4784999999999995,4.346750000000002,0.2919854899062376,0.3370869742442512,5.020923948488504,3.6725760515114994,5.358010922732755,3.3354890772672485,5.695097896977007,2.998402103022997
20180717,PFRM3,PROFARMA,5.2,5.3,5.0,5.13,491006.0,4.5264999999999995,4.351250000000002,0.3164818943852565,0.346418951190038,5.044087902380078,3.658412097619926,5.390506853570116,3.311993146429888,5.736925804760154,2.96557419523985
20180718,PFRM3,PROFARMA,5.19,5.47,5.0,5.33,801691.0,4.582999999999999,4.364250000000003,0.35379298139478016,0.37282626393125684,5.109902527862516,3.6185974721374894,5.4827287917937735,3.245771208206232,5.855555055725031,2.8729449442749755
20180719,PFRM3,PROFARMA,5.33,5.45,5.24,5.45,227688.0,4.647499999999999,4.385500000000002,0.3885042165997515,0.40906992694186284,5.203639853883728,3.5673601461162763,5.612709780825591,3.1582902191744138,6.021779707767454,2.749220292232551
20180720,PFRM3,PROFARMA,5.44,5.45,5.31,5.45,448421.0,4.709999999999999,4.4105000000000025,0.41252751104431645,0.4423187735512851,5.295137547102573,3.5258624528974325,5.737456320653858,3.083543679346147,6.179775094205143,2.641224905794862
20180723,PFRM3,PROFARMA,5.45,5.6,5.41,5.56,806226.0,4.778,4.437500000000003,0.4354864189072141,0.478178970893894,5.3938579417877905,3.481142058212215,5.8720369126816845,3.002963087318321,6.350215883575578,2.524784116424427
20180724,PFRM3,PROFARMA,5.59,5.64,5.45,5.46,485740.0,4.8374999999999995,4.461250000000003,0.4436437048376813,0.5047273318210482,5.4707046636421,3.4517953363579066,5.975431995463148,2.9470680045368587,6.480159327284197,2.4423406727158103
20180725,PFRM3,PROFARMA,5.48,5.53,5.43,5.5,180402.0,4.897499999999999,4.493750000000004,0.44824658392451694,0.5287560995586978,5.551262199117399,3.4362378008826084,6.080018298676098,2.9074817013239103,6.608774398234795,2.3787256017652125
20180726,PFRM3,PROFARMA,5.53,5.64,5.41,5.64,540877.0,4.9575,4.529250000000003,0.4638270435364772,0.5568288762590458,5.642907752518094,3.4155922474819116,6.19973662877714,2.8587633712228655,6.7565655050361855,2.30193449496382
20180727,PFRM3,PROFARMA,5.65,5.8,5.55,5.6,1146967.0,5.011999999999999,4.564750000000003,0.47243601627488596,0.5788227995970332,5.722395599194069,3.4071044008059364,6.301218398791102,2.828281601208903,6.8800411983881355,2.24945880161187
20180730,PFRM3,PROFARMA,5.79,5.79,5.43,5.54,1351600.0,5.0615,4.598500000000003,0.4733450393907072,0.5955284229691444,5.789556845938292,3.4074431540617143,6.385085268907437,2.81191473109257,6.980613691876581,2.2163863081234254
20180731,PFRM3,PROFARMA,5.52,5.55,5.35,5.48,358026.0,5.1209999999999996,4.630750000000003,0.44521904721159594,0.6076452554001139,5.846040510800231,3.4154594891997747,6.453685766200344,2.807814233799661,7.061331021600458,2.200168978399547
20180801,PFRM3,PROFARMA,5.49,5.57,5.37,5.47,669223.0,5.179499999999999,4.667500000000002,0.40688127066879654,0.612948945880832,5.8933978917616665,3.441602108238338,6.506346837642498,2.828653162357506,7.119295783523331,2.215704216476674
20180802,PFRM3,PROFARMA,5.45,5.48,5.39,5.45,461996.0,5.231999999999999,4.710000000000003,0.36677255249426743,0.6066046742065571,5.923209348413117,3.4967906515868883,6.529814022619673,2.8901859773803316,7.136418696826231,2.2835813031737744
20180803,PFRM3,PROFARMA,5.53,5.53,5.21,5.21,911361.0,5.270499999999999,4.747250000000003,0.31618573821827295,0.5897673922175497,5.926784784435102,3.5677152155649035,6.516552176652652,2.9779478233473538,7.106319568870202,2.388180431129804
20180806,PFRM3,PROFARMA,5.17,5.31,5.04,5.04,1854251.0,5.288499999999999,4.777000000000003,0.28995961606294635,0.5731254840895075,5.923250968179017,3.630749031820988,6.4963764522685254,3.05762354773148,7.069501936358033,2.484498063641973
20180807,PFRM3,PROFARMA,5.1,5.11,4.81,4.97,1757054.0,5.297999999999999,4.804500000000003,0.27515737123938977,0.5545797669846326,5.913659533969268,3.6953404660307374,6.4682393009539005,3.1407606990461048,7.022819067938533,2.586180932061472
20180808,PFRM3,PROFARMA,5.09,5.15,4.88,5.15,403890.0,5.320499999999999,4.833250000000002,0.23981297537434856,0.5414576125181522,5.916165225036306,3.750334774963698,6.457622837554458,3.2088771624455457,6.999080450072611,2.6674195499273936
20180809,PFRM3,PROFARMA,5.16,5.16,4.94,5.0,1015133.0,5.330499999999999,4.858250000000003,0.22034601975315077,0.5248290930608629,5.907908186121729,3.8085918138782766,6.432737279182591,3.283762720817414,6.957566372243454,2.758933627756551
20180810,PFRM3,PROFARMA,4.99,4.99,4.85,4.95,325685.0,5.324499999999999,4.878750000000002,0.22926599123473443,0.5114994924427995,5.901748984885601,3.8557510151144028,6.4132484773284,3.3442515226716036,6.9247479697712,2.832752030228804
20180813,PFRM3,PROFARMA,5.0,5.0,4.82,4.95,166963.0,5.3165,4.897500000000003,0.2396988241852525,0.49958829203502364,5.89667658407005,3.8983234159299553,6.396264876105073,3.398735123894932,6.895853168140097,2.899146831859908
20180814,PFRM3,PROFARMA,4.98,5.13,4.96,5.07,692595.0,5.3134999999999994,4.920000000000003,0.2425147852248078,0.4860674217241357,5.892134843448274,3.9478651565517313,6.37820226517241,3.4617977348275955,6.864269686896545,2.97573031310346
20180815,PFRM3,PROFARMA,5.15,5.15,4.95,4.99,171299.0,5.296499999999999,4.939750000000003,0.2529879339748143,0.4719055071646418,5.8835610143292865,3.995938985670719,6.355466521493928,3.5240334785060776,6.82737202865857,3.0521279713414353
20180816,PFRM3,PROFARMA,5.11,5.13,4.93,4.93,350472.0,5.270499999999999,4.959000000000003,0.2629083290306467,0.45467260692413547,5.868345213848274,4.0496547861517325,6.32301782077241,3.5949821792275967,6.777690427696545,3.1403095723034613
20180817,PFRM3,PROFARMA,4.95,4.95,4.76,4.95,277318.0,5.245499999999999,4.977750000000003,0.2686511139984979,0.43771837041056605,5.853186740821135,4.102313259178871,6.290905111231702,3.664594888768305,6.728623481642267,3.226876518357739
20180820,PFRM3,PROFARMA,4.82,5.08,4.81,5.08,493721.0,5.221499999999999,4.999750000000004,0.2603898898514383,0.41935535081410347,5.838460701628211,4.161039298371797,6.2578160524423145,3.7416839475576937,6.677171403256418,3.3223285967435903
20180821,PFRM3,PROFARMA,5.19,5.2,4.96,5.0,496460.0,5.198499999999999,5.018000000000003,0.2585236424086051,0.4023214686075967,5.822642937215197,4.21335706278481,6.224964405822794,3.811035594177213,6.62728587443039,3.4087141255696167
20180822,PFRM3,PROFARMA,4.99,5.13,4.97,5.0,721475.0,5.173499999999999,5.035500000000003,0.2519246963510733,0.3851469915866074,5.805793983173218,4.265206016826789,6.190940974759826,3.880059025240181,6.576087966346433,3.4949120336535735
20180823,PFRM3,PROFARMA,5.0,5.0,4.83,4.89,180698.0,5.135999999999999,5.046750000000003,0.23401304507048107,0.37370897425122995,5.794167948502463,4.299332051497543,6.167876922753693,3.925623077246313,6.541585897004923,3.551914102995083
20180824,PFRM3,PROFARMA,4.98,4.98,4.83,4.94,200497.0,5.103,5.057500000000003,0.2104906548744491,0.36392976217242895,5.785359524344861,4.329640475655145,6.1492892865172895,3.965710713482716,6.513219048689718,3.601780951310287
20180827,PFRM3,PROFARMA,4.93,5.0,4.71,4.75,607795.0,5.0634999999999994,5.062500000000003,0.1979174469052033,0.35810577151136846,5.778711543022739,4.346288456977266,6.136817314534108,3.9881826854658975,6.4949230860454765,3.630076913954529
20180828,PFRM3,PROFARMA,4.71,4.74,4.52,4.71,764133.0,5.024999999999999,5.073000000000003,0.18723753559807904,0.3406042895374203,5.754208579074843,4.391791420925163,6.094812868612264,4.051187131387742,6.435417158149685,3.710582841850322
20180829,PFRM3,PROFARMA,4.66,4.71,4.63,4.69,207181.0,4.985999999999999,5.0827500000000025,0.17012070018542208,0.3230383600306483,5.728826720061299,4.436673279938706,6.051865080091948,4.1136349199080575,6.374903440122596,3.790596559877409
20180830,PFRM3,PROFARMA,4.62,4.69,4.52,4.65,481248.0,4.945999999999999,5.089000000000003,0.1478761928812459,0.3117099243256229,5.7124198486512485,4.465580151348758,6.024129772976872,4.153870227023134,6.335839697302495,3.8421603026975113
20180831,PFRM3,PROFARMA,4.68,4.85,4.65,4.75,157535.0,4.922999999999999,5.096750000000003,0.14022913579678917,0.29874427362821465,5.6942385472564325,4.499261452743573,5.992982820884647,4.200517179115359,6.291727094512861,3.901772905487144
20180903,PFRM3,PROFARMA,4.82,4.89,4.7,4.8,242854.0,4.910999999999999,5.099750000000003,0.13995864050722262,0.2950313977207073,5.6898127954414175,4.509687204558588,5.984844193162125,4.2146558068378805,6.279875590882832,3.9196244091171737
20180904,PFRM3,PROFARMA,4.73,4.8,4.62,4.75,323093.0,4.899999999999999,5.099000000000003,0.14367360670337526,0.2959019241538609,5.690803848307724,4.507196151692281,5.986705772461585,4.211294227538421,6.282607696615447,3.915392303384559
20180905,PFRM3,PROFARMA,4.89,4.89,4.69,4.82,55533.0,4.883499999999998,5.102000000000003,0.13192003159808657,0.29233980930173126,5.686679618603465,4.517320381396541,5.979019427905197,4.224980572094809,6.271359237206928,3.9326407627930777
20180906,PFRM3,PROFARMA,4.81,4.85,4.7,4.7,348348.0,4.868499999999998,5.099500000000003,0.13499610130821896,0.2954002065864047,5.690300413172812,4.508699586827193,5.985700619759217,4.213299380240788,6.281100826345622,3.9178991736543836
20180910,PFRM3,PROFARMA,4.72,4.83,4.72,4.81,156191.0,4.861499999999998,5.093000000000003,0.1341748662635439,0.29890569647402837,5.690811392948059,4.495188607051946,5.989717089422088,4.196282910577917,6.288622785896116,3.897377214103889
20180911,PFRM3,PROFARMA,4.81,4.86,4.57,4.7,417056.0,4.848999999999998,5.0827500000000025,0.13710925340187188,0.30526984699964743,5.693289693999297,4.472210306000708,5.9985595409989445,4.166940459001061,6.303829387998592,3.861670612001413
20180912,PFRM3,PROFARMA,4.7,4.75,4.64,4.74,255836.0,4.832499999999998,5.073000000000002,0.1287132676267501,0.3099147939146956,5.692829587829394,4.453170412170611,6.002744381744089,4.143255618255916,6.312659175658784,3.83334082434122
20180913,PFRM3,PROFARMA,4.77,4.77,4.44,4.55,1072409.0,4.8104999999999976,5.053500000000002,0.13766760120322394,0.3177690662842883,5.689038132568579,4.417961867431425,6.006807198852867,4.100192801147138,6.324576265137155,3.7824237348628493
20180914,PFRM3,PROFARMA,4.68,4.68,4.3,4.3,870664.0,4.778999999999998,5.024750000000003,0.17570609431361298,0.3326504864777073,5.690050972955417,4.3594490270445885,6.022701459433124,4.026798540566881,6.355351945910832,3.6941480540891733
20180917,PFRM3,PROFARMA,4.35,4.41,4.2,4.2,437547.0,4.741499999999998,4.993500000000003,0.2133017383401829,0.34994175339510464,5.693383506790212,4.293616493209793,6.043325260185316,3.9436747398146887,6.393267013580421,3.5937329864195844
20180918,PFRM3,PROFARMA,4.17,4.29,4.0,4.22,644586.0,4.6984999999999975,4.960000000000003,0.22767185527466174,0.35835807905016265,5.676716158100328,4.243283841899677,6.035074237150491,3.8849257628495146,6.393432316200653,3.5265676837993523
20180919,PFRM3,PROFARMA,4.29,4.5,4.22,4.36,212310.0,4.666499999999997,4.932500000000003,0.22804143206189037,0.3611999233324873,5.654899846664978,4.210100153335028,6.0160997699974645,3.848900230002541,6.377299693329952,3.4877003066700536
20180920,PFRM3,PROFARMA,4.49,4.64,4.4,4.6,958678.0,4.646499999999998,4.910000000000003,0.21438467639661113,0.3528782749378137,5.6157565498756306,4.204243450124375,5.968634824813444,3.8513651751865616,6.321513099751257,3.498486900248748
20180921,PFRM3,PROFARMA,4.67,4.77,4.58,4.7,1005256.0,4.636999999999998,4.886500000000003,0.20711298721634908,0.3338013381239564,5.554102676247917,4.21889732375209,5.887904014371872,3.8850959856281344,6.221705352495829,3.551294647504178
20180924,PFRM3,PROFARMA,4.65,4.8,4.52,4.77,494915.0,4.628499999999997,4.865750000000004,0.1972781899007631,0.3134905838360331,5.49273116767207,4.2387688323279376,5.806221751508103,3.9252782484919044,6.119712335344136,3.6117876646558713
20180925,PFRM3,PROFARMA,4.62,4.8,4.62,4.79,309469.0,4.630499999999998,4.847000000000003,0.19877188724236128,0.2939492368524959,5.434898473704995,4.259101526295011,5.728847710557491,3.965152289442515,6.0227969474099865,3.6712030525900197
20180926,PFRM3,PROFARMA,4.81,4.85,4.73,4.79,105410.0,4.634499999999998,4.829750000000003,0.20124546415286126,0.2755180435247452,5.3807860870494935,4.278713912950513,5.656304130574239,4.003195869425768,5.9318221740989845,3.7276778259010226
20180927,PFRM3,PROFARMA,4.89,4.92,4.78,4.86,730931.0,4.642999999999999,4.814500000000004,0.20721461033633107,0.2553122773670906,5.3251245547341854,4.303875445265823,5.580436832101276,4.048563167898733,5.835749109468367,3.7932508905316418
20180928,PFRM3,PROFARMA,4.98,4.98,4.65,4.65,436666.0,4.642999999999999,4.794500000000005,0.20721461033633107,0.23476065279892097,5.264021305597846,4.324978694402163,5.498781958396767,4.090218041603242,5.733542611195689,3.8554573888043207
20181001,PFRM3,PROFARMA,4.58,4.75,4.54,4.7,910911.0,4.6404999999999985,4.781750000000004,0.206154643028239,0.22527348052012827,5.2322969610402605,4.331203038959748,5.457570441560389,4.10592955843962,5.682843922080517,3.880656077919491
20181002,PFRM3,PROFARMA,4.69,4.86,4.69,4.77,571674.0,4.6389999999999985,4.775000000000004,0.20503914902177656,0.22134785247407182,5.217695704948148,4.33230429505186,5.439043557422219,4.1109564425777885,5.660391409896291,3.8896085901037165
20181003,PFRM3,PROFARMA,4.89,4.89,4.76,4.79,375577.0,4.640999999999999,4.770500000000004,0.2063696224075311,0.21910014101977096,5.208700282039546,4.332299717960462,5.427800423059317,4.113199576940691,5.646900564079088,3.89409943592092
20181004,PFRM3,PROFARMA,4.75,4.77,4.61,4.68,307318.0,4.633999999999999,4.7587500000000045,0.2023129415430084,0.21066667680950535,5.180083353619015,4.337416646380994,5.390750030428521,4.126749969571488,5.601416707238026,3.916083292761983
20181005,PFRM3,PROFARMA,4.67,4.73,4.63,4.7,86601.0,4.633999999999999,4.751250000000004,0.2023129415430084,0.20716879653177067,5.165587593063545,4.336912406936463,5.372756389595316,4.1297436104046925,5.579925186127086,3.9225748138729215
20181008,PFRM3,PROFARMA,4.74,5.0,4.74,4.84,461620.0,4.635499999999999,4.748500000000004,0.2037923349625029,0.2051834701194723,5.158866940238949,4.33813305976106,5.364050410358422,4.132949589641587,5.569233880477894,3.927766119522115
20181009,PFRM3,PROFARMA,4.8,4.84,4.74,4.77,250667.0,4.6389999999999985,4.744000000000005,0.20555188869811863,0.20260862866686707,5.149217257333739,4.338782742666271,5.351825886000606,4.136174113999404,5.554434514667474,3.9335654853325366
20181010,PFRM3,PROFARMA,4.77,4.94,4.64,4.66,201987.0,4.634999999999999,4.733750000000005,0.2042573196523792,0.19595509035467681,5.1256601807093585,4.3418398192906515,5.321615271064036,4.145884728935974,5.517570361418712,3.9499296385812976
20181011,PFRM3,PROFARMA,4.79,4.79,4.64,4.7,135358.0,4.642499999999999,4.726500000000004,0.20372517607899238,0.19154633904100646,5.109592678082017,4.343407321917991,5.301139017123024,4.151860982876984,5.49268535616403,3.960314643835978
20181015,PFRM3,PROFARMA,4.66,4.68,4.59,4.66,520458.0,4.660499999999999,4.719750000000004,0.18709623192356298,0.1889306954740811,5.097611390948166,4.341888609051842,5.286542086422247,4.152957913577761,5.475472781896328,3.9640272181036798
20181016,PFRM3,PROFARMA,4.66,4.73,4.53,4.53,615016.0,4.676999999999999,4.709250000000004,0.1563767380735455,0.1874715363010857,5.084193072602176,4.334306927397833,5.2716646089032615,4.146835391096747,5.459136145204347,3.9593638547956616
20181017,PFRM3,PROFARMA,4.54,4.63,4.53,4.54,398768.0,4.693,4.695750000000004,0.11907980517281751,0.17935622053936778,5.05446244107874,4.337037558921268,5.233818661618107,4.1576813383819005,5.413174882157475,3.978325117842533
20181018,PFRM3,PROFARMA,4.6,4.6,4.45,4.52,935589.0,4.700999999999999,4.683750000000004,0.09925512050954725,0.17446897453970342,5.032687949079411,4.334812050920598,5.207156923619115,4.160343076380894,5.381625898158818,3.9858741018411905
20181019,PFRM3,PROFARMA,4.56,4.56,4.47,4.49,164424.0,4.695499999999999,4.671000000000005,0.10782417461578447,0.16932444959539056,5.009648899190786,4.332351100809223,5.178973348786176,4.163026651213833,5.348297798381567,3.9937022016184427
20181022,PFRM3,PROFARMA,4.48,4.6,4.48,4.56,270252.0,4.6884999999999994,4.662750000000004,0.11198096642778808,0.1663944571932257,4.995538914386456,4.329961085613553,5.161933371579681,4.163566628420328,5.328327828772907,3.9971721712271018
20181023,PFRM3,PROFARMA,4.6,4.75,4.49,4.58,535887.0,4.678999999999999,4.653750000000005,0.1127596419030376,0.16065072003002906,4.975051440060063,4.332448559939947,5.1357021600900925,4.171797839909917,5.296352880120121,4.0111471198798885
20181024,PFRM3,PROFARMA,4.58,4.77,4.57,4.62,733477.0,4.670499999999999,4.650500000000005,0.11033322732806954,0.159967144062461,4.9704342881249275,4.330565711875083,5.130401432187388,4.170598567812623,5.29036857624985,4.010631423750161
20181025,PFRM3,PROFARMA,4.67,5.0,4.62,4.63,1820380.0,4.662499999999999,4.648500000000005,0.10696162617350201,0.15970405322156855,4.967908106443142,4.329091893556868,5.127612159664711,4.169387840335299,5.287316212886279,4.0096837871137305
20181026,PFRM3,PROFARMA,4.72,4.72,4.36,4.62,843001.0,4.650499999999999,4.646750000000005,0.09659873596206783,0.1596211460190136,4.965992292038033,4.327507707961978,5.125613438057046,4.167886561942964,5.2852345840760595,4.008265415923951
20181029,PFRM3,PROFARMA,4.72,4.76,4.37,4.38,1020383.0,4.636999999999999,4.640000000000005,0.11397599008468808,0.1650951551573314,4.970190310314668,4.309809689685342,5.135285465471999,4.144714534528011,5.300380620629331,3.9796193793706793
20181030,PFRM3,PROFARMA,4.43,4.49,4.35,4.48,525957.0,4.625999999999999,4.633250000000005,0.11811680213823827,0.1659994979912483,4.965248995982502,4.301251004017508,5.131248493973749,4.13525150602626,5.297247991964998,3.9692520080350118
20181031,PFRM3,PROFARMA,4.54,4.72,4.47,4.72,917929.0,4.623499999999998,4.631250000000004,0.11540660384276802,0.1644132925564229,4.96007658511285,4.3024234148871585,5.124489877669273,4.138010122330735,5.288903170225696,3.9735968297743125
20181101,PFRM3,PROFARMA,4.75,4.91,4.68,4.78,817439.0,4.622999999999998,4.632000000000004,0.1146665646674167,0.16503612658123132,4.962072253162467,4.301927746837541,5.127108379743698,4.136891620256311,5.292144506324929,3.9718554936750787
20181105,PFRM3,PROFARMA,4.9,4.91,4.74,4.91,641267.0,4.634499999999998,4.634250000000004,0.13104740002238507,0.16824718536911246,4.970744370738229,4.297755629261779,5.138991556107341,4.129508443892667,5.307238741476454,3.9612612585235545
20181106,PFRM3,PROFARMA,4.98,5.2,4.86,5.07,1069036.0,4.652999999999998,4.643500000000005,0.16300145301256125,0.18159619898883492,5.006692397977675,4.280307602022335,5.18828859696651,4.0987114030335,5.369884795955344,3.917115204044665
20181107,PFRM3,PROFARMA,5.08,5.25,4.98,5.15,1044768.0,4.668499999999998,4.652000000000005,0.19358868496728912,0.19690164146159217,5.045803282923189,4.25819671707682,5.242704924384781,4.061295075615228,5.439606565846374,3.864393434153636
20181108,PFRM3,PROFARMA,5.2,5.28,4.99,5.16,627619.0,4.687999999999998,4.663500000000004,0.2219198527681282,0.2125854277756992,5.088670855551403,4.238329144448606,5.301256283327102,4.025743716672907,5.513841711102801,3.8131582888972075
20181109,PFRM3,PROFARMA,5.19,5.25,4.84,4.84,2071473.0,4.696999999999998,4.666000000000005,0.22436108115454942,0.21409080268634775,5.0941816053727,4.237818394627309,5.308272408059048,4.023727591940961,5.522363210745396,3.809636789254614
20181112,PFRM3,PROFARMA,4.8,4.92,4.64,4.8,1242503.0,4.701999999999998,4.6722500000000045,0.22554262054921412,0.214266638345089,5.100783276690183,4.243716723309826,5.315049915035272,4.029450084964737,5.529316553380361,3.8151834466196486
20181113,PFRM3,PROFARMA,4.5,4.6,4.25,4.5,3743732.0,4.693999999999998,4.677250000000004,0.2299061593460674,0.2075867134229847,5.092423426845974,4.262076573154035,5.300010140268959,4.05448985973105,5.507596853691943,3.8469031463080654
20181114,PFRM3,PROFARMA,4.58,4.59,4.32,4.5,1170038.0,4.692499999999998,4.684750000000005,0.23112710105502862,0.19493572247653496,5.074621444953075,4.294878555046934,5.26955716742961,4.0999428325704,5.464492889906144,3.905007110093865
20181116,PFRM3,PROFARMA,4.41,4.5,4.28,4.28,1473754.0,4.679499999999998,4.686250000000005,0.24692796733587624,0.19146784559671798,5.06918569119344,4.303314308806569,5.260653536790159,4.111846463209851,5.452121382386877,3.9203786176131326
20181119,PFRM3,PROFARMA,4.29,4.3,4.1,4.1,1366628.0,4.658499999999998,4.679750000000004,0.2772093072030514,0.20663962809066586,5.093029256181335,4.266470743818672,5.299668884272002,4.059831115728006,5.506308512362668,3.8531914876373405
20181121,PFRM3,PROFARMA,4.1,4.2,4.0,4.08,605720.0,4.637999999999998,4.666750000000005,0.304174465172791,0.22712684245618234,5.1210036849123695,4.21249631508764,5.348130527368552,3.985369472631458,5.575257369824734,3.7582426301752756
20181122,PFRM3,PROFARMA,4.11,4.17,4.1,4.1,211338.0,4.6149999999999975,4.651750000000005,0.3269234579659532,0.24405639848411814,5.1398627969682416,4.163637203031769,5.38391919545236,3.9195808045476506,5.627975593936478,3.6755244060635324
20181123,PFRM3,PROFARMA,4.15,4.15,4.07,4.13,164966.0,4.592499999999998,4.635750000000004,0.34447328213557904,0.2567537730979102,5.149257546195825,4.1222424538041835,5.406011319293735,3.8654886807062736,5.662765092391645,3.6087349076083637
20181126,PFRM3,PROFARMA,4.14,4.14,4.02,4.09,596881.0,4.565999999999997,4.618250000000005,0.3621776243488023,0.2695094070952512,5.157268814190507,4.079231185809503,5.426778221285758,3.8097217787142514,5.696287628381009,3.5402123716190004
20181127,PFRM3,PROFARMA,4.09,4.14,4.05,4.09,506878.0,4.538999999999998,4.600750000000005,0.37698108287034743,0.28057073243203645,5.161891464864078,4.039608535135932,5.4424621972961145,3.7590378027038955,5.72303292972815,3.478467070271859
20181128,PFRM3,PROFARMA,4.1,4.2,4.09,4.11,511745.0,4.513499999999998,4.582000000000005,0.38829282222244055,0.2877694946503115,5.157538989300628,4.0064610106993825,5.44530848395094,3.7186915160490708,5.733077978601251,3.430922021398759
20181129,PFRM3,PROFARMA,4.11,4.2,4.11,4.18,366814.0,4.503499999999998,4.570250000000005,0.39443864174958465,0.29443982015400266,5.15912964030801,3.981370359692,5.453569460462013,3.6869305395379968,5.7480092806160155,3.3924907193839946
20181130,PFRM3,PROFARMA,4.12,4.36,4.12,4.15,692015.0,4.486999999999998,4.556500000000005,0.4022973500965805,0.3009945054443787,5.158489010888762,3.9545109891112475,5.459483516333141,3.653516483666869,5.76047802177752,3.35252197822249
20181203,PFRM3,PROFARMA,4.2,4.3,4.13,4.21,506524.0,4.461499999999998,4.542500000000006,0.40291405639676914,0.3038197002441155,5.150139400488237,3.934860599511775,5.4539591007323525,3.631040899267659,5.757778800976467,3.327221199023544
20181204,PFRM3,PROFARMA,4.27,4.32,4.12,4.2,651157.0,4.432499999999998,4.5277500000000055,0.3996429327339641,0.30581113242974456,5.139372264859494,3.9161277351405164,5.445183397289239,3.610316602710772,5.750994529718984,3.3045054702810273
20181205,PFRM3,PROFARMA,4.21,4.23,4.07,4.14,496160.0,4.393999999999998,4.514250000000005,0.3881453878448847,0.31079622724835165,5.135842454496708,3.892657545503302,5.44663868174506,3.58186131825495,5.757434908993412,3.2710650910065984
20181206,PFRM3,PROFARMA,4.13,4.13,4.0,4.11,524200.0,4.345999999999998,4.499500000000006,0.3583647069088794,0.3157161172108275,5.13093223442166,3.868067765578351,5.446648351632488,3.552351648367523,5.762364468843316,3.2366355311566957
20181207,PFRM3,PROFARMA,4.06,4.13,4.03,4.08,2510987.0,4.292499999999998,4.4805000000000055,0.30840634507772735,0.3175624307689936,5.1156248615379925,3.8453751384620185,5.433187292306986,3.5278127076930246,5.75074972307598,3.210250276924031
20181210,PFRM3,PROFARMA,4.1,4.1,3.96,4.03,351789.0,4.235999999999998,4.462000000000005,0.23616229923283374,0.3217914597837521,5.105582919567509,3.818417080432501,5.427374379351262,3.4966256206487487,5.749165839135014,3.1748341608649966
20181211,PFRM3,PROFARMA,4.03,4.06,3.92,3.98,560854.0,4.192999999999998,4.445000000000006,0.1951274886890518,0.3289454790769177,5.102890958153841,3.78710904184617,5.431836437230759,3.4581635627692524,5.7607819163076766,3.1292180836923347
20181212,PFRM3,PROFARMA,3.99,4.0,3.94,4.0,130493.0,4.152999999999998,4.4275000000000055,0.13769149344970946,0.33361846779112336,5.094736935582253,3.760263064417759,5.428355403373375,3.4266445966266357,5.761973871164499,3.093026128835512
20181213,PFRM3,PROFARMA,4.0,4.08,3.97,4.06,202552.0,4.1309999999999985,4.412500000000006,0.11210427476703441,0.33637395246577995,5.085247904931566,3.7397520950684457,5.421621857397346,3.403378142602666,5.757995809863125,3.067004190136886
20181214,PFRM3,PROFARMA,4.01,4.07,3.96,4.0,407810.0,4.105999999999998,4.399250000000006,0.07514197089152981,0.34201804945625475,5.083286098912515,3.715213901087496,5.42530414836877,3.3731958516312415,5.767322197825025,3.0311778021749864
20181217,PFRM3,PROFARMA,4.0,4.0,3.92,3.93,283265.0,4.088499999999998,4.384000000000006,0.07321741236668931,0.3491072864262682,5.082214572852542,3.6857854271474695,5.43132185927881,3.336678140721201,5.780429145705078,2.987570854294933
20181218,PFRM3,PROFARMA,4.05,4.05,3.92,3.99,497753.0,4.082999999999998,4.370750000000006,0.07637166738350634,0.3538389282986007,5.078427856597208,3.663072143402805,5.432266784895808,3.3092332151042045,5.786105713194409,2.9553942868056033
20181219,PFRM3,PROFARMA,4.05,4.05,3.96,3.97,146911.0,4.077499999999999,4.357750000000006,0.08045103119937075,0.35886207264003583,5.075474145280078,3.640025854719934,5.434336217920113,3.281163782079898,5.793198290560149,2.9223017094398624
20181220,PFRM3,PROFARMA,3.97,4.03,3.94,4.0,161026.0,4.072499999999999,4.343750000000005,0.08207025231945442,0.36168187962807496,5.067113759256156,3.6203862407438554,5.42879563888423,3.2587043611157807,5.790477518512305,2.8970224814877055
20181221,PFRM3,PROFARMA,4.03,4.03,3.94,3.95,216491.0,4.0634999999999994,4.328000000000005,0.08524114400668432,0.36483364667147283,5.05766729334295,3.598332706657059,5.422500940014423,3.2334990599855864,5.787334586685896,2.8686654133141136
20181226,PFRM3,PROFARMA,3.96,3.97,3.85,3.86,314380.0,4.051999999999999,4.3090000000000055,0.09627810594418514,0.369002814248201,5.047005628496407,3.5709943715036037,5.416008442744609,3.2019915572554023,5.78501125699281,2.8329887430072014
20181227,PFRM3,PROFARMA,3.87,4.0,3.86,3.93,136401.0,4.043999999999999,4.291500000000005,0.0995463393812131,0.36998648623972136,5.031472972479448,3.551527027520563,5.401459458719169,3.1815405412808415,5.771445944958891,2.81155405504112
20181228,PFRM3,PROFARMA,3.98,4.0,3.93,3.93,472202.0,4.034999999999999,4.274250000000006,0.10138514372633739,0.3703628678015244,5.014975735603055,3.5335242643969567,5.385338603404579,3.1631613965954326,5.755701471206104,2.792798528793908
