DATA DO PREGAO,CODIGO DE NEGOCIACAO DO PAPEL,NOME RESUMIDO DA EMPRESA EMISSORA,PRECO DE ABERTURA,PRECO MAXIMO,PRECO MINIMO,PRECO FECHAMENTO,VOLUME TOTAL DE TITULOS NEGOCIADOS NESTE PAPEL,MA_20,MA_40,STD_20,STD_40,BANDA_1_40 SUPERIOR,BANDA_1_40 INFERIOR,BANDA_2_40 SUPERIOR,BANDA_2_40 INFERIOR,BANDA_3_40 SUPERIOR,BANDA_3_40 INFERIOR
20180102,QUAL3,QUALICORP,30.9,31.6,30.6,30.76,80547215.0,0.0,0.0,0.0,0.0,0.0,0.0,0.0,0.0,0.0,0.0
20180103,QUAL3,QUALICORP,30.63,31.1,30.6,31.0,47890594.0,0.0,0.0,0.0,0.0,0.0,0.0,0.0,0.0,0.0,0.0
20180104,QUAL3,QUALICORP,31.2,31.5,30.93,31.41,68358529.0,0.0,0.0,0.0,0.0,0.0,0.0,0.0,0.0,0.0,0.0
20180105,QUAL3,QUALICORP,31.41,31.99,31.12,31.65,60734501.0,0.0,0.0,0.0,0.0,0.0,0.0,0.0,0.0,0.0,0.0
20180108,QUAL3,QUALICORP,31.79,31.79,30.83,31.3,58792173.0,0.0,0.0,0.0,0.0,0.0,0.0,0.0,0.0,0.0,0.0
20180109,QUAL3,QUALICORP,31.36,31.36,30.4,30.46,172536864.0,0.0,0.0,0.0,0.0,0.0,0.0,0.0,0.0,0.0,0.0
20180110,QUAL3,QUALICORP,30.28,30.63,30.0,30.52,48863911.0,0.0,0.0,0.0,0.0,0.0,0.0,0.0,0.0,0.0,0.0
20180111,QUAL3,QUALICORP,30.62,30.98,30.05,30.71,68328402.0,0.0,0.0,0.0,0.0,0.0,0.0,0.0,0.0,0.0,0.0
20180112,QUAL3,QUALICORP,30.6,30.99,30.38,30.62,147978990.0,0.0,0.0,0.0,0.0,0.0,0.0,0.0,0.0,0.0,0.0
20180115,QUAL3,QUALICORP,31.05,31.05,30.62,30.81,26749079.0,0.0,0.0,0.0,0.0,0.0,0.0,0.0,0.0,0.0,0.0
20180116,QUAL3,QUALICORP,30.95,31.6,30.93,31.48,50485189.0,0.0,0.0,0.0,0.0,0.0,0.0,0.0,0.0,0.0,0.0
20180117,QUAL3,QUALICORP,31.35,32.3,31.3,32.1,46141158.0,0.0,0.0,0.0,0.0,0.0,0.0,0.0,0.0,0.0,0.0
20180118,QUAL3,QUALICORP,32.01,32.66,31.65,32.45,98994065.0,0.0,0.0,0.0,0.0,0.0,0.0,0.0,0.0,0.0,0.0
20180119,QUAL3,QUALICORP,32.45,33.13,32.22,32.76,123003746.0,0.0,0.0,0.0,0.0,0.0,0.0,0.0,0.0,0.0,0.0
20180122,QUAL3,QUALICORP,32.97,33.3,32.58,33.26,59897590.0,0.0,0.0,0.0,0.0,0.0,0.0,0.0,0.0,0.0,0.0
20180123,QUAL3,QUALICORP,33.26,33.38,32.32,32.5,49239421.0,0.0,0.0,0.0,0.0,0.0,0.0,0.0,0.0,0.0,0.0
20180124,QUAL3,QUALICORP,32.73,33.99,32.07,33.5,142824667.0,0.0,0.0,0.0,0.0,0.0,0.0,0.0,0.0,0.0,0.0
20180126,QUAL3,QUALICORP,34.05,34.25,33.11,33.9,68929100.0,0.0,0.0,0.0,0.0,0.0,0.0,0.0,0.0,0.0,0.0
20180129,QUAL3,QUALICORP,34.0,34.11,32.31,32.67,42756532.0,0.0,0.0,0.0,0.0,0.0,0.0,0.0,0.0,0.0,0.0
20180130,QUAL3,QUALICORP,32.8,32.8,31.15,31.38,107059518.0,31.761999999999993,0.0,1.0638391251549872,0.0,0.0,0.0,0.0,0.0,0.0,0.0
20180131,QUAL3,QUALICORP,31.76,31.8,30.13,30.59,112524911.0,31.753499999999995,0.0,1.0729068974176268,0.0,0.0,0.0,0.0,0.0,0.0,0.0
20180201,QUAL3,QUALICORP,30.59,31.54,30.56,31.19,65447539.0,31.762999999999998,0.0,1.0667071812481241,0.0,0.0,0.0,0.0,0.0,0.0,0.0
20180202,QUAL3,QUALICORP,30.83,30.83,30.2,30.35,59627643.0,31.71,0.0,1.1105996483645084,0.0,0.0,0.0,0.0,0.0,0.0,0.0
20180205,QUAL3,QUALICORP,30.0,30.09,29.4,29.6,30663952.0,31.607500000000005,0.0,1.2068570534112235,0.0,0.0,0.0,0.0,0.0,0.0,0.0
20180206,QUAL3,QUALICORP,29.35,30.9,28.97,30.9,144891363.0,31.587500000000006,0.0,1.2155045519410748,0.0,0.0,0.0,0.0,0.0,0.0,0.0
20180207,QUAL3,QUALICORP,30.9,31.47,30.5,30.96,76983153.0,31.612500000000004,0.0,1.1960807709040036,0.0,0.0,0.0,0.0,0.0,0.0,0.0
20180208,QUAL3,QUALICORP,31.0,31.12,29.65,29.78,54736083.0,31.575500000000005,0.0,1.2422114194155176,0.0,0.0,0.0,0.0,0.0,0.0,0.0
20180209,QUAL3,QUALICORP,29.7,29.75,28.7,29.35,62013620.0,31.507500000000004,0.0,1.3264510426024214,0.0,0.0,0.0,0.0,0.0,0.0,0.0
20180214,QUAL3,QUALICORP,29.8,30.11,29.5,29.64,63690316.0,31.458500000000004,0.0,1.3780584167588825,0.0,0.0,0.0,0.0,0.0,0.0,0.0
20180215,QUAL3,QUALICORP,30.0,30.02,29.5,29.71,33546403.0,31.403500000000008,0.0,1.4264061391077254,0.0,0.0,0.0,0.0,0.0,0.0,0.0
20180216,QUAL3,QUALICORP,29.27,29.71,29.27,29.5,34082233.0,31.304500000000008,0.0,1.488190264434589,0.0,0.0,0.0,0.0,0.0,0.0,0.0
20180219,QUAL3,QUALICORP,29.72,29.72,29.12,29.61,18418988.0,31.180000000000007,0.0,1.5219101571103941,0.0,0.0,0.0,0.0,0.0,0.0,0.0
20180220,QUAL3,QUALICORP,29.85,29.85,28.6,29.05,67899938.0,31.01,0.0,1.561948850163253,0.0,0.0,0.0,0.0,0.0,0.0,0.0
20180221,QUAL3,QUALICORP,28.91,29.8,28.91,29.6,71033960.0,30.852000000000004,0.0,1.5352064836263597,0.0,0.0,0.0,0.0,0.0,0.0,0.0
20180222,QUAL3,QUALICORP,29.6,29.6,28.75,28.85,51440102.0,30.631500000000006,0.0,1.4870928014081657,0.0,0.0,0.0,0.0,0.0,0.0,0.0
20180223,QUAL3,QUALICORP,29.1,29.38,28.79,29.38,77234626.0,30.475500000000004,0.0,1.443783315860755,0.0,0.0,0.0,0.0,0.0,0.0,0.0
20180226,QUAL3,QUALICORP,29.46,29.77,29.1,29.17,41152992.0,30.259000000000004,0.0,1.2819594377358343,0.0,0.0,0.0,0.0,0.0,0.0,0.0
20180227,QUAL3,QUALICORP,29.17,29.45,28.55,28.55,36946630.0,29.991500000000002,0.0,1.0119718895617265,0.0,0.0,0.0,0.0,0.0,0.0,0.0
20180228,QUAL3,QUALICORP,28.55,29.11,28.15,28.75,83784665.0,29.795500000000004,0.0,0.828959239681059,0.0,0.0,0.0,0.0,0.0,0.0,0.0
20180301,QUAL3,QUALICORP,28.54,28.95,28.16,28.7,53511540.0,29.661500000000007,30.711750000000002,0.7741431596151407,1.405219003827497,33.522188007655,27.901311992345008,34.927407011482494,26.49609298851751,36.33262601530999,25.090873984690013
20180302,QUAL3,QUALICORP,28.35,28.85,28.22,28.61,49981681.0,29.562500000000007,30.657999999999998,0.775756846060987,1.4439124201013962,33.54582484020279,27.770175159797205,34.98973726030419,26.32626273969581,36.43364968040558,24.882350319594412
20180305,QUAL3,QUALICORP,28.66,28.96,28.26,28.6,25522579.0,29.433000000000003,30.597999999999995,0.7024925547460596,1.4787801625768322,33.55556032515366,27.64043967484633,35.03434048773049,26.161659512269498,36.51312065030732,24.682879349692666
20180306,QUAL3,QUALICORP,28.96,29.15,28.38,28.68,29838264.0,29.3495,30.529749999999996,0.6868346541236998,1.5031411341689647,33.53603226833793,27.523467731662066,35.03917340250689,26.020326597493103,36.54231453667585,24.51718546332414
20180307,QUAL3,QUALICORP,28.68,28.9,28.45,28.7,34609360.0,29.3045,30.455999999999996,0.698935092235218,1.519053011346886,33.49410602269377,27.417893977306225,35.013159034040655,25.898840965959337,36.53221204538754,24.379787954612453
20180308,QUAL3,QUALICORP,28.42,28.75,27.21,27.32,99621859.0,29.125500000000006,30.356499999999993,0.7266902257568064,1.590996381887614,33.538492763775224,27.174507236224766,35.12948914566284,25.58351085433715,36.72048552755045,23.992514472449535
20180309,QUAL3,QUALICORP,27.5,27.78,26.63,26.81,79217443.0,28.918,30.26524999999999,0.7666921429786603,1.6867005988782957,33.63865119775658,26.8918488022434,35.32535179663488,25.205148203365106,37.01205239551317,23.51844760448681
20180312,QUAL3,QUALICORP,27.09,27.2,26.45,26.67,28666464.0,28.7625,30.168999999999993,0.8883863254000691,1.7791078144352597,33.72721562887051,26.610784371129473,35.506323443305774,24.831676556694212,37.28543125774103,23.052568742258956
20180313,QUAL3,QUALICORP,26.85,27.19,26.35,26.82,40435164.0,28.636000000000003,30.07174999999999,0.9761222960480129,1.853538386784056,33.778826773568106,26.36467322643188,35.63236516035216,24.511134839647823,37.48590354713622,22.657596452863768
20180314,QUAL3,QUALICORP,26.83,27.04,25.86,25.96,45081378.0,28.452000000000005,29.955249999999996,1.1140093545860366,1.961498625789564,33.878247251579126,26.032252748420866,35.839745877368685,24.070754122631303,37.80124450315825,22.10925549684174
20180315,QUAL3,QUALICORP,25.84,25.92,24.85,24.91,88280850.0,28.212,29.80775,1.3256680540292174,2.1116605296087916,34.03107105921758,25.584428940782416,36.14273158882637,23.472768411173625,38.25439211843516,21.361107881564834
20180316,QUAL3,QUALICORP,23.99,24.0,21.6,22.0,449319510.0,27.837,29.570749999999997,1.884954557598258,2.4275294896410444,34.42580897928209,24.71569102071791,36.85333846892313,22.288161531076863,39.28086795856417,19.86063204143582
20180319,QUAL3,QUALICORP,22.1,22.8,21.5,22.8,136914078.0,27.496499999999997,29.33825,2.1449703101858675,2.617038733142713,34.57232746628542,24.10417253371457,37.189366199428136,21.48713380057186,39.80640493257085,18.870095067429148
20180320,QUAL3,QUALICORP,22.97,24.29,22.62,23.9,171572476.0,27.238999999999997,29.1245,2.2549638811437895,2.704084232870996,34.53266846574199,23.71633153425801,37.23675269861299,21.012247301387013,39.940836931483986,18.308163068516016
20180321,QUAL3,QUALICORP,24.13,24.15,23.28,23.67,80777580.0,26.942499999999995,28.897250000000003,2.317184941395804,2.7718354443886484,34.4409208887773,23.353579111222707,37.21275633316595,20.581743666834058,39.9845917775546,17.809908222445408
20180322,QUAL3,QUALICORP,23.35,23.46,22.85,22.95,104346664.0,26.647499999999997,28.639500000000005,2.4341709385116377,2.834397643239209,34.308295286478426,22.970704713521588,37.14269292971763,20.136307070282378,39.97709057295684,17.30190942704317
20180323,QUAL3,QUALICORP,22.96,23.68,22.22,22.78,109235046.0,26.317499999999995,28.396500000000003,2.4909475580272624,2.910577130187278,34.21765426037456,22.575345739625448,37.12823139056184,19.66476860943817,40.038808520749114,16.754191479250892
20180326,QUAL3,QUALICORP,22.92,23.03,22.54,22.64,120252987.0,25.990999999999996,28.125000000000007,2.525103228739242,2.9287697601027443,33.98253952020549,22.26746047979452,36.91130928030824,19.338690719691776,39.840079040410984,16.40992095958903
20180327,QUAL3,QUALICORP,22.54,22.65,21.96,22.13,102119298.0,25.669999999999998,27.830750000000005,2.5899075374675915,2.924941715395627,33.68063343079126,21.98086656920875,36.60557514618689,19.055924853813124,39.53051686158251,16.1309831384175
20180328,QUAL3,QUALICORP,22.04,22.65,21.81,22.49,72605757.0,25.357,27.576250000000005,2.576323573989609,2.935942331142566,33.448134662285135,21.704365337714872,36.384076993427705,18.768423006572306,39.32001932457027,15.832480675429741
20180329,QUAL3,QUALICORP,22.51,22.65,22.05,22.28,93480459.0,25.035999999999998,27.348750000000003,2.537537969640705,2.985787004871833,33.32032400974367,21.377175990256337,36.3061110146155,18.391388985384502,39.291898019487334,15.405601980512671
20180402,QUAL3,QUALICORP,22.31,22.33,21.91,22.12,38267467.0,24.711499999999994,27.137,2.4705257803914513,3.0496853137365636,33.23637062747313,21.037629372526872,36.28605594120969,17.987944058790312,39.33574125494626,14.938258745053746
20180403,QUAL3,QUALICORP,22.24,22.68,22.15,22.41,30157075.0,24.401999999999994,26.9175,2.3421438672158192,3.066415053780432,33.05033010756087,20.784669892439137,36.1167451613413,17.7182548386587,39.18316021512173,14.651839784878272
20180404,QUAL3,QUALICORP,22.15,22.19,21.4,22.0,70962824.0,24.06799999999999,26.708750000000002,2.1699420317262983,3.1106510057361216,32.93005201147224,20.48744798852776,36.040703017208365,17.37679698279164,39.15135402294449,14.266145977055515
20180405,QUAL3,QUALICORP,22.22,22.45,21.86,21.89,39977477.0,23.727499999999992,26.51600000000001,1.9253677024073867,3.16529562762412,32.84659125524825,20.18540874475177,36.01188688287237,17.02011311712765,39.17718251049649,13.854817489503528
20180406,QUAL3,QUALICORP,21.91,22.2,21.49,21.59,32818493.0,23.440999999999992,26.283250000000002,1.7837715808453127,3.1769356203576735,32.63712124071535,19.929378759284656,35.81405686107303,16.75244313892698,38.990992481430695,13.575507518569308
20180409,QUAL3,QUALICORP,21.84,21.89,21.17,21.4,51244205.0,23.17049999999999,26.044250000000005,1.6512689697702545,3.175681544051722,32.395613088103445,19.69288691189656,35.57129463215517,16.517205367844838,38.74697617620689,13.341523823793118
20180410,QUAL3,QUALICORP,21.58,21.58,20.86,21.44,58010537.0,22.90899999999999,25.835750000000008,1.4723339867098255,3.1978260945162713,32.23140218903255,19.440097810967465,35.429228283548824,16.242271716451192,38.6270543780651,13.044445621934923
20180411,QUAL3,QUALICORP,21.44,22.09,21.23,22.01,48353641.0,22.668499999999987,25.65225000000001,1.1594702737842237,3.2015905402126994,32.05543108042541,19.24906891957461,35.257021620638106,16.047478379361912,38.458612160850805,12.845887839149212
20180412,QUAL3,QUALICORP,22.45,23.31,22.26,22.87,144187748.0,22.51399999999999,25.483000000000008,0.866702158517407,3.1641016872375394,31.811203374475085,19.15479662552493,34.975305061712625,15.99069493828739,38.139406748950165,12.82659325104985
20180413,QUAL3,QUALICORP,22.82,22.82,22.18,22.65,106393108.0,22.40099999999999,25.306500000000007,0.660724482749841,3.1188521474973245,31.544204294994657,19.068795705005357,34.66305644249198,15.949943557508034,37.78190858998931,12.831091410010709
20180416,QUAL3,QUALICORP,22.83,22.9,22.1,22.46,40422005.0,22.423999999999985,25.130500000000005,0.6540030580966594,3.074462179358797,31.2794243587176,18.98157564128241,34.353886538076395,15.907113461923613,37.42834871743519,12.832651282564816
20180417,QUAL3,QUALICORP,22.41,22.51,22.17,22.39,39085820.0,22.403499999999987,24.95000000000001,0.6479950860760668,3.016117388724128,30.982234777448266,18.917765222551754,33.998352166172396,15.901647833827626,37.01446955489652,12.885530445103498
20180418,QUAL3,QUALICORP,22.62,22.62,22.03,22.19,71428182.0,22.317999999999987,24.77850000000001,0.5447317060523721,2.9717158558995975,30.721931711799208,18.835068288200816,33.693647567698804,15.86335243230122,36.6653634235984,12.891636576401622
20180419,QUAL3,QUALICORP,22.19,22.5,22.06,22.31,182566739.0,22.249999999999986,24.59625000000001,0.4423382844549129,2.8908819411099875,30.37801388221998,18.814486117780035,33.26889582332997,15.923604176670047,36.15977776443996,13.032722235560058
20180420,QUAL3,QUALICORP,22.3,22.48,21.63,22.2,44213089.0,22.212499999999984,24.43000000000001,0.41051796550184955,2.8305693909393965,30.091138781878804,18.768861218121216,32.9217081728182,15.938291827181821,35.752277563757595,13.107722436242424
20180423,QUAL3,QUALICORP,22.32,22.32,21.82,22.09,28415569.0,22.177999999999987,24.24775000000001,0.388730728071689,2.7368206217040543,29.72139124340812,18.7741087565919,32.458211865112176,16.03728813488785,35.19503248681623,13.300467513183793
20180424,QUAL3,QUALICORP,22.26,23.37,21.94,23.23,106729209.0,22.20749999999999,24.099250000000012,0.4440824366332152,2.6216185913403742,29.34248718268076,18.856012817319264,31.964105774021135,16.23439422597889,34.58572436536151,13.612775634638515
20180425,QUAL3,QUALICORP,23.23,24.49,22.99,24.49,154067376.0,22.325499999999987,23.997750000000014,0.6756009021213262,2.5215679772916126,29.04088595458324,18.95461404541679,31.562453931874852,16.433046068125176,34.08402190916647,13.911478090833564
20180426,QUAL3,QUALICORP,24.55,24.65,23.75,24.23,80526849.0,22.412499999999987,23.884750000000015,0.7987152512825604,2.401565715239817,28.68788143047965,19.08161856952038,31.089447145719465,16.680052854280564,33.49101286095928,14.278487139040747
20180427,QUAL3,QUALICORP,24.24,24.35,23.91,24.31,39960155.0,22.51399999999999,23.775000000000013,0.903148877393218,2.272723431232173,28.320446862464358,19.229553137535667,30.59317029369653,16.956829706303495,32.8658937249287,14.68410627507132
20180430,QUAL3,QUALICORP,24.28,24.5,23.99,24.35,31848590.0,22.625499999999988,23.668500000000012,0.9858177209541126,2.136047812294988,27.94059562458999,19.396404375410036,30.07664343688498,17.260356563115046,32.21269124917997,15.12430875082006
20180502,QUAL3,QUALICORP,24.29,24.29,23.5,23.81,62199765.0,22.69549999999999,23.54875000000001,1.0188614646802188,1.9811421045602677,27.511034209120545,19.586465790879473,29.49217631368081,17.605323686319206,31.473318418241078,15.624181581758938
20180503,QUAL3,QUALICORP,23.62,23.72,22.84,23.47,79708846.0,22.768999999999988,23.418500000000012,1.0190702677078318,1.7979326446982775,27.01436528939657,19.822634710603456,28.812297934094843,18.02470206590518,30.61023057879312,16.226769421206903
20180504,QUAL3,QUALICORP,23.13,23.67,22.9,23.67,122457437.0,22.85799999999999,23.29275000000001,1.0159859095582244,1.5820013087938924,26.456752617587792,20.128747382412225,28.038753926381688,18.54674607361833,29.62075523517558,16.964744764824438
20180507,QUAL3,QUALICORP,23.8,23.88,23.35,23.45,43691650.0,22.95099999999999,23.19600000000001,0.9782363292115446,1.4414910371751732,26.078982074350357,20.31301792564966,27.52047311152553,18.871526888474488,28.9619641487007,17.430035851299316
20180508,QUAL3,QUALICORP,23.17,23.32,22.6,22.98,65203569.0,23.029999999999994,23.10025000000001,0.9076400863313586,1.3171151216160604,25.73448024323213,20.46601975676789,27.05159536484819,19.14890463515183,28.368710486464252,17.831789513535767
20180509,QUAL3,QUALICORP,23.0,23.3,22.5,23.3,63477650.0,23.122999999999994,23.016000000000012,0.827940374156077,1.1839715866306353,25.383943173261283,20.648056826738742,26.56791475989192,19.464085240108105,27.751886346522554,18.28011365347747
20180510,QUAL3,QUALICORP,23.43,24.1,23.15,24.01,54524668.0,23.222999999999992,22.94575000000001,0.806950725685295,1.0251951346463313,24.996140269292674,20.895359730707348,26.021335403939005,19.870164596061016,27.046530538585337,18.844969461414685
20180511,QUAL3,QUALICORP,23.8,24.8,23.3,23.89,124563877.0,23.273999999999994,22.89400000000001,0.8156521446379253,0.915518068272428,24.725036136544865,21.062963863455153,25.640554204817292,20.147445795182726,26.556072273089722,19.231927726910296
20180514,QUAL3,QUALICORP,24.21,24.21,22.15,22.38,74857330.0,23.260499999999993,22.83075000000001,0.828654426099657,0.85827312459974,24.54729624919949,21.114203750800527,25.405569373799228,20.25593062620079,26.26384249839897,19.39765750160105
20180515,QUAL3,QUALICORP,22.09,22.09,20.12,21.02,198043497.0,23.188499999999994,22.80625000000001,0.9548230753720662,0.8957640700713071,24.597778140142623,21.014721859857396,25.49354221021393,20.118957789786087,26.389306280285236,19.223193719714782
20180516,QUAL3,QUALICORP,21.15,22.05,20.63,22.04,101085798.0,23.170999999999996,22.787250000000007,0.9732576875193957,0.9039230381920262,24.59509607638406,20.979403923615955,25.499019114576086,20.07548088542393,26.402942152768112,19.171557847231902
20180517,QUAL3,QUALICORP,22.09,22.09,20.84,21.02,89573642.0,23.112499999999994,22.715250000000008,1.0660644544550026,0.9274115826264454,24.5700731652529,20.860426834747116,25.497484747879344,19.933015252120672,26.42489633050579,19.005603669494228
20180518,QUAL3,QUALICORP,20.68,21.0,19.71,20.82,91712880.0,23.037999999999993,22.644000000000013,1.171906229408362,0.9610485726404798,24.56609714528097,20.721902854719055,25.527145717921453,19.760854282078572,26.488194290561932,18.799805709438093
20180521,QUAL3,QUALICORP,21.1,21.2,20.13,20.35,58784409.0,22.945499999999996,22.57900000000001,1.306781804361513,1.0255800110056281,24.630160022011268,20.527839977988755,25.655740033016897,19.502259966983125,26.681320044022524,18.4766799559775
20180522,QUAL3,QUALICORP,20.59,21.46,20.1,21.43,60326293.0,22.912499999999998,22.54525000000001,1.3374952041231534,1.0408945548704343,24.627039109740878,20.463460890259142,25.66793366461131,19.42256633538871,26.708828219481745,18.381671780518275
20180523,QUAL3,QUALICORP,21.0,21.1,19.6,19.72,130187858.0,22.736999999999995,22.47225000000001,1.5124782730061241,1.1324457025529808,24.737141405105973,20.207358594894046,25.86958710765895,19.074912892341068,27.002032810211933,17.942467189788086
20180524,QUAL3,QUALICORP,19.56,19.8,19.02,19.5,82522767.0,22.487499999999994,22.406500000000012,1.6161092817399774,1.2253634730256922,24.857226946051398,19.955773053948626,26.08259041907709,18.730409580922935,27.30795389210278,17.505046107897243
20180525,QUAL3,QUALICORP,19.23,19.43,18.8,19.11,71250445.0,22.231499999999993,22.32200000000001,1.7272560380709088,1.3314098946951882,24.984819789390386,19.659180210609634,26.316229684085574,18.327770315914446,27.647639578780762,16.996360421219258
20180528,QUAL3,QUALICORP,18.77,18.88,17.9,18.18,68036083.0,21.924999999999994,22.21950000000001,1.8764538223383465,1.483823802519363,25.18714760503874,19.251852394961283,26.6709714075581,17.768028592441922,28.154795210077463,16.28420478992256
20180529,QUAL3,QUALICORP,18.7,19.2,18.25,18.62,137822750.0,21.638499999999993,22.132000000000012,1.9235555756544538,1.5892897946195954,25.310579589239204,18.95342041076082,26.8998693838588,17.364130616141225,28.489159178478396,15.77484082152163
20180530,QUAL3,QUALICORP,18.62,19.23,18.3,19.05,626556213.0,21.400499999999994,22.04800000000001,1.935177062482305,1.6613790996700473,25.370758199340102,18.725241800659916,27.032137299010152,17.063862700989866,28.6935163986802,15.402483601319819
20180601,QUAL3,QUALICORP,19.0,19.57,18.67,19.47,99647217.0,21.200499999999995,21.984750000000012,1.9166485964059776,1.7106813569826935,25.4061127139654,18.563387286034626,27.116794070948092,16.852705929051933,28.827475427930786,15.14202457206924
20180604,QUAL3,QUALICORP,19.51,19.82,18.88,19.18,48186243.0,20.975999999999992,21.91700000000001,1.8746688128558786,1.7672580529285955,25.4515161058572,18.38248389414282,27.218774158785795,16.615225841214222,28.98603221171439,14.847967788285626
20180605,QUAL3,QUALICORP,18.97,19.26,18.0,18.1,77048407.0,20.708499999999994,21.82975000000001,1.8847428276333917,1.8671443814085684,25.564038762817148,18.095461237182874,27.431183144225717,16.228316855774306,29.298327525634285,14.361172474365738
20180606,QUAL3,QUALICORP,18.02,18.02,17.45,17.6,66594433.0,20.439499999999995,21.734750000000012,1.9269377806577024,1.9826684783068849,25.70008695661378,17.769413043386244,27.682755434920665,15.786744565079358,29.665423913227553,13.804076086772472
20180607,QUAL3,QUALICORP,16.76,17.53,15.81,17.53,89880366.0,20.150999999999996,21.637000000000008,1.907971918583963,2.0909992703771785,25.818998540754365,17.45500145924565,27.909997811131543,15.364002188868472,30.00099708150872,13.273002918491294
20180608,QUAL3,QUALICORP,17.5,18.1,16.94,17.6,52298059.0,19.830499999999997,21.52675000000001,1.7581104539876748,2.1849771312538966,25.896704262507804,17.156795737492217,28.0816813937617,14.97181860623832,30.266658525015597,12.786841474984424
20180611,QUAL3,QUALICORP,17.7,17.85,17.22,17.33,28634184.0,19.502499999999998,21.38825000000001,1.5618709259965662,2.271518059552188,25.931286119104385,16.845213880895635,28.202804178656574,14.573695821343446,30.474322238208764,12.302177761791258
20180612,QUAL3,QUALICORP,17.28,17.54,16.95,17.48,30282545.0,19.2575,21.25900000000001,1.4682494947886249,2.3438198057980535,25.94663961159612,16.571360388403903,28.29045941739417,14.227540582605851,30.634279223192223,11.883720776807797
20180613,QUAL3,QUALICORP,17.5,18.25,17.4,17.73,60576495.0,19.093,21.14075000000001,1.4444999134647538,2.400311291243646,25.941372582487304,16.34012741751272,28.34168387373095,13.939816126269074,30.741995164974597,11.539504835025427
20180614,QUAL3,QUALICORP,17.66,17.91,17.05,17.55,51477074.0,18.8685,21.01975000000001,1.3045074690632408,2.4570437599809822,25.933837519961973,16.105662480038045,28.390881279942956,13.648618720057062,30.847925039923936,11.19157496007608
20180615,QUAL3,QUALICORP,17.37,17.37,16.66,17.17,45304755.0,18.676000000000002,20.894250000000007,1.2533718732408392,2.5230556235420423,25.94036124708409,15.848138752915922,28.463416870626133,13.32508312937388,30.986472494168176,10.802027505831838
20180618,QUAL3,QUALICORP,17.11,17.23,16.69,16.91,24645109.0,18.480500000000003,20.75925000000001,1.205371639567379,2.588968102030861,25.93718620406173,15.581313795938286,28.526154306092593,12.992345693907426,31.115122408123455,10.403377591876565
20180619,QUAL3,QUALICORP,16.99,17.9,16.51,17.71,63369227.0,18.3485,20.64700000000001,1.132199884714282,2.6220252497366148,25.891050499473238,15.40294950052678,28.513075749209854,12.780924250790164,31.13510099894647,10.15889900105355
20180620,QUAL3,QUALICORP,17.85,18.2,17.47,18.11,52012750.0,18.1825,20.547500000000007,0.869536325320739,2.6413077083627265,25.83011541672546,15.264884583274554,28.471423125088187,12.623576874911826,31.11273083345091,9.9822691665491
20180621,QUAL3,QUALICORP,17.95,18.0,17.12,17.7,61151972.0,18.0815,20.409250000000007,0.7957338552686525,2.6420256287698787,25.693301257539765,15.125198742460249,28.335326886309645,12.483173113690372,30.977352515079524,9.841147484920493
20180622,QUAL3,QUALICORP,17.81,18.03,17.1,17.5,110420070.0,17.9815,20.234500000000008,0.731136642135615,2.5959603232715156,25.42642064654304,15.042579353456976,28.022380969814556,12.446619030185461,30.61834129308607,9.850658706913945
20180625,QUAL3,QUALICORP,17.5,17.69,17.25,17.5,38086159.0,17.901,20.066250000000007,0.6876879647352873,2.5480134921954805,25.162276984390967,14.970223015609047,27.71029047658645,12.422209523413565,30.25830396878193,9.874196031218085
20180626,QUAL3,QUALICORP,17.58,18.22,17.36,18.03,80356879.0,17.893499999999996,19.909250000000007,0.6852988207226588,2.4721706308839364,24.853591261767882,14.964908738232134,27.325761892651816,12.492738107348199,29.797932523535753,10.020567476464262
20180627,QUAL3,QUALICORP,18.15,18.42,17.51,17.97,50619387.0,17.860999999999997,19.74975000000001,0.6641171424884497,2.3825019035696013,24.51475380713921,14.984746192860808,26.897255710708812,12.602244289291205,29.279757614278417,10.219742385721604
20180628,QUAL3,QUALICORP,17.99,18.6,17.8,18.5,37431000.0,17.833499999999994,19.61700000000001,0.6223662401205259,2.296863189835317,24.210726379670646,15.023273620329377,26.50758956950596,12.726410430494061,28.80445275934128,10.429547240658744
20180629,QUAL3,QUALICORP,18.7,18.75,18.01,18.46,88556550.0,17.782999999999994,19.49175000000001,0.514158484679651,2.216564548447857,23.924879096895722,15.058620903104297,26.141443645343582,12.842056354656439,28.358008193791438,10.625491806208583
20180702,QUAL3,QUALICORP,18.25,18.41,17.94,18.13,19121631.0,17.730499999999992,19.35325000000001,0.40629876225528794,2.1197633969323824,23.592776793864775,15.113723206135244,25.712540190797156,12.993959809202863,27.83230358772954,10.87419641227048
20180703,QUAL3,QUALICORP,18.2,18.83,18.2,18.66,38735498.0,17.75849999999999,19.23350000000001,0.4500441498806072,2.01511029156705,23.26372058313411,15.203279416865911,25.27883087470116,13.18816912529886,27.293941166268212,11.17305883373181
20180704,QUAL3,QUALICORP,18.9,19.24,18.88,19.0,31055102.0,17.82849999999999,19.134000000000007,0.5264806189262027,1.9214601819369517,22.976920363873912,15.291079636126105,24.898380545810863,13.369619454189152,26.819840727747813,11.448159272252202
20180705,QUAL3,QUALICORP,19.16,19.23,18.77,18.94,29094147.0,17.89899999999999,19.025000000000013,0.5764400731163584,1.798825827859471,22.622651655718954,15.427348344281071,24.42147748357843,13.628522516421599,26.220303311437895,11.829696688562128
20180706,QUAL3,QUALICORP,19.2,19.92,18.96,19.79,36318254.0,18.00849999999999,18.91950000000001,0.7093382757706947,1.6131271588964036,22.145754317792818,15.693245682207202,23.75888147668922,14.0801185233108,25.372008635585622,12.466991364414396
20180710,QUAL3,QUALICORP,19.97,20.18,19.42,19.9,66250630.0,18.13699999999999,18.81975000000001,0.8061350285220127,1.4082403777545982,21.636230755509207,16.003269244490813,23.044471133263805,14.595028866736214,24.452711511018403,13.186788488981616
20180711,QUAL3,QUALICORP,19.65,20.2,19.5,19.95,71465320.0,18.260499999999986,18.75900000000001,0.8854821761109531,1.2988847287043954,21.356769457408802,16.16123054259122,22.655654186113196,14.862345813886826,23.954538914817594,13.563461085182428
20180712,QUAL3,QUALICORP,19.88,19.92,19.35,19.67,48881477.0,18.357499999999987,18.72525000000001,0.9294756586375268,1.255441463880623,21.236132927761254,16.214367072238765,22.49157439164188,14.95892560835814,23.747015855522502,13.703484144477518
20180713,QUAL3,QUALICORP,19.6,19.78,19.3,19.49,73294881.0,18.45449999999999,18.66150000000001,0.9419156013145051,1.142465956402384,20.94643191280478,16.376568087195242,22.088897869207162,15.23410213079286,23.23136382560955,14.091636174390475
20180716,QUAL3,QUALICORP,19.41,19.55,19.11,19.27,25391328.0,18.559499999999986,18.61775000000001,0.9076138467082295,1.081725799418761,20.781201598837534,16.45429840116249,21.862927398256296,15.372572601743729,22.944653197675056,14.290846802324968
20180717,QUAL3,QUALICORP,19.25,19.6,19.03,19.25,83317815.0,18.676499999999983,18.578500000000012,0.8314114504862619,1.0268611620632064,20.632222324126424,16.5247776758736,21.65908348618963,15.497916513810393,22.68594464825284,14.471055351747186
20180718,QUAL3,QUALICORP,19.25,19.64,19.07,19.12,63995344.0,18.746999999999986,18.54775000000001,0.8044880686692936,0.9902149145125162,20.528179829025042,16.56732017097498,21.51839474353756,15.577105256462463,22.508609658050077,14.586890341949946
20180719,QUAL3,QUALICORP,19.05,19.96,18.73,19.87,84589545.0,18.834999999999987,18.508750000000013,0.827084288964737,0.900436325857098,20.30962265171421,16.707877348285816,21.210058977571308,15.80744102242872,22.110495303428404,14.907004696571622
20180720,QUAL3,QUALICORP,20.17,20.8,20.04,20.17,68919538.0,18.958499999999987,18.52000000000001,0.8330746791568608,0.9185858696931678,20.357171739386345,16.682828260613675,21.275757609079513,15.764242390920508,22.19434347877268,14.845656521227339
20180723,QUAL3,QUALICORP,20.31,20.62,19.47,19.61,35598489.0,19.063999999999986,18.52275000000001,0.769855762293508,0.9217541457070635,20.366258291414137,16.67924170858588,21.2880124371212,15.757487562878818,22.209766582828262,14.835733417171756
20180724,QUAL3,QUALICORP,19.93,19.94,19.39,19.39,33220347.0,19.158499999999986,18.52975000000001,0.6783282468878867,0.9273742571478175,20.384498514295647,16.675001485704374,21.31187277144346,15.747627228556558,22.23924702859128,14.82025297140874
20180725,QUAL3,QUALICORP,19.4,19.79,19.06,19.5,44763407.0,19.23199999999999,18.562750000000012,0.6273385722320967,0.9380339163404923,20.438817832680996,16.686682167319027,21.37685174902149,15.748648250978535,22.31488566536198,14.810614334638043
20180726,QUAL3,QUALICORP,19.52,20.2,19.38,19.96,61956571.0,19.331499999999988,18.596250000000012,0.5720165161396327,0.9637072847961586,20.52366456959233,16.668835430407693,21.48737185438849,15.705128145611535,22.451079139184646,14.741420860815378
20180727,QUAL3,QUALICORP,20.2,20.61,19.81,20.3,72827131.0,19.421499999999988,18.627500000000012,0.5758954126536101,0.9984391665147772,20.624378333029565,16.63062166697046,21.622817499544343,15.63218250045568,22.62125666605912,14.633743333940902
20180730,QUAL3,QUALICORP,20.54,20.54,20.01,20.08,86452181.0,19.50249999999999,18.642750000000014,0.5467307140484196,1.0161389656124062,20.675027931224825,16.610472068775202,21.69116689683723,15.594333103162795,22.707305862449637,14.578194137550389
20180731,QUAL3,QUALICORP,20.05,20.05,19.6,20.05,38697005.0,19.59849999999999,18.66450000000001,0.45370144368261095,1.0370296586021377,20.738559317204285,16.590440682795737,21.775588975806425,15.553411024193597,22.81261863440856,14.51638136559146
20180801,QUAL3,QUALICORP,20.0,20.85,20.0,20.7,62042636.0,19.700499999999987,18.729500000000012,0.46086274929082577,1.0812788013060275,20.892057602612066,16.566942397387958,21.973336403918093,15.48566359608193,23.054615205224124,14.404384794775902
20180802,QUAL3,QUALICORP,20.55,21.05,20.34,20.67,60687262.0,19.78399999999999,18.806250000000013,0.47822478748817565,1.1076833933935966,21.021616786787206,16.59088321321282,22.129300180180802,15.483199819819223,23.2369835735744,14.375516426425627
20180803,QUAL3,QUALICORP,20.7,21.07,20.61,20.85,32855489.0,19.87949999999999,18.88925000000001,0.491340540069188,1.1336810646783377,21.156612129356688,16.621887870643334,22.290293194035023,15.488206805964998,23.42397425871336,14.354525741286661
20180806,QUAL3,QUALICORP,20.91,20.94,20.35,20.42,19310268.0,19.91099999999999,18.95975000000001,0.5052972028000818,1.1391213156616922,21.237992631323394,16.681507368676627,22.377113946985087,15.542386053014933,23.51623526264678,14.403264737353242
20180807,QUAL3,QUALICORP,20.45,20.5,19.47,19.65,42054892.0,19.89849999999999,19.01775000000001,0.5086646605002135,1.1127708255774695,21.243291651154948,16.792208348845072,22.35606247673242,15.679437523267602,23.46883330230989,14.566666697690131
20180808,QUAL3,QUALICORP,19.8,19.97,19.1,19.18,28890743.0,19.859999999999992,19.060250000000007,0.533113989982894,1.0846421777923383,21.229534355584683,16.89096564441533,22.314176533377022,15.806323466622992,23.398818711169362,14.721681288830654
20180809,QUAL3,QUALICORP,19.18,19.35,18.28,18.65,54078803.0,19.80899999999999,19.083250000000007,0.5971855041069575,1.0652925143009284,21.213835028601864,16.95266497139815,22.279127542902792,15.887372457097221,23.34442005720372,14.822079942796293
20180810,QUAL3,QUALICORP,18.39,18.49,17.49,17.74,88996922.0,19.72149999999999,19.088000000000008,0.7540017799781495,1.0586837497814137,21.205367499562836,16.97063250043718,22.26405124934425,15.911948750655768,23.322734999125665,14.853265000874353
20180813,QUAL3,QUALICORP,17.75,18.44,17.63,18.35,33482106.0,19.675499999999992,19.11750000000001,0.8090506132106526,1.0195870204684077,21.156674040936824,17.078325959063196,22.176261061405235,16.058738938594786,23.195848081873642,15.039151918126379
20180814,QUAL3,QUALICORP,18.58,18.95,18.18,18.95,44654086.0,19.660499999999992,19.168500000000012,0.8200608128924319,0.9553320002853374,21.079164000570685,17.25783599942934,22.034496000856024,16.302503999144,22.989828001141362,15.347171998858663
20180815,QUAL3,QUALICORP,18.1,18.3,17.42,17.99,116844174.0,19.603999999999992,19.17550000000001,0.8947825375326541,0.9453447342988799,21.06618946859777,17.28481053140225,22.011534202896648,16.339465797103372,22.95687893719553,15.39412106280449
20180816,QUAL3,QUALICORP,18.13,18.5,17.77,17.86,43561128.0,19.503499999999992,19.169250000000012,0.9728107675562475,0.9533621678443488,21.07597433568871,17.262525664311315,22.02933650353306,16.309163496466965,22.982698671377406,15.355801328622617
20180817,QUAL3,QUALICORP,17.7,17.92,17.5,17.7,56695031.0,19.37999999999999,19.169250000000012,1.038323547586866,0.9533621678443488,21.07597433568871,17.262525664311315,22.02933650353306,16.309163496466965,22.982698671377406,15.355801328622617
20180820,QUAL3,QUALICORP,17.79,17.84,16.97,17.3,76199545.0,19.26449999999999,19.16425000000001,1.135338924587676,0.9628187450903669,21.089887490180743,17.238612509819276,22.05270623527111,16.27579376472891,23.015524980361477,15.312975019638543
20180821,QUAL3,QUALICORP,17.2,17.2,16.44,16.51,82581986.0,19.12049999999999,19.13950000000001,1.2906076700122409,1.0178482834907572,21.175196566981523,17.103803433018495,22.19304485047228,16.085955149527738,23.210893133963037,15.068106866036981
20180822,QUAL3,QUALICORP,16.6,17.04,16.37,17.01,93926950.0,18.995999999999988,19.11400000000001,1.3697460386969562,1.0583291136600492,21.23065822732011,16.997341772679913,22.28898734098016,15.939012659019863,23.347316454640207,14.880683545359815
20180823,QUAL3,QUALICORP,17.1,17.13,15.9,15.95,72244110.0,18.79549999999999,19.063500000000012,1.5077465758017132,1.1578329670065246,21.37916593401306,16.747834065986964,22.536998901019587,15.590001098980437,23.69483186802611,14.432168131973913
20180824,QUAL3,QUALICORP,16.25,16.38,15.75,15.9,39872697.0,18.575499999999987,18.99850000000001,1.5951422144154452,1.2588528559051153,21.51620571181024,16.48079428818978,22.775058567715355,15.221941432284664,24.033911423620474,13.96308857637955
20180827,QUAL3,QUALICORP,15.99,16.35,15.9,16.35,30421543.0,18.38899999999999,18.94575000000001,1.6277006707880584,1.3244929121588103,21.59473582431763,16.29676417568239,22.91922873647644,14.97227126352358,24.24372164863525,13.64777835136477
20180828,QUAL3,QUALICORP,16.35,16.44,15.91,16.23,39518834.0,18.19799999999999,18.89825000000001,1.6465517397211151,1.3870886084501808,21.672427216900374,16.12407278309965,23.05951582535055,14.73698417464947,24.446604433800736,13.349895566199288
20180829,QUAL3,QUALICORP,16.3,16.87,16.3,16.71,45218251.0,17.99849999999999,18.849500000000013,1.5672579977714682,1.429301335510556,21.708102671021123,15.990897328978901,23.137404006531682,14.561595993468345,24.566705342042237,13.13229465795779
20180830,QUAL3,QUALICORP,16.64,16.64,15.8,15.96,41026539.0,17.762999999999987,18.773500000000013,1.4969973455658707,1.5001599060065878,21.773819812013187,15.773180187986837,23.273979718019774,14.27302028198025,24.774139624026365,12.77286037597366
20180831,QUAL3,QUALICORP,15.96,16.25,15.61,15.76,48181412.0,17.508499999999987,18.69400000000001,1.3720145580015195,1.5735747315896331,21.841149463179278,15.546850536820743,23.414724194768908,13.973275805231111,24.988298926358542,12.399701073641477
20180903,QUAL3,QUALICORP,15.7,16.01,15.41,15.68,20834343.0,17.271499999999985,18.59125000000001,1.2462418241297348,1.6332289670999318,21.857707934199873,15.324792065800146,23.490936901299804,13.691563098700215,25.124165868399736,12.058334131600283
20180904,QUAL3,QUALICORP,15.79,15.8,15.25,15.33,27488091.0,17.055499999999988,18.47700000000001,1.185178090104116,1.6978934157602479,21.872786831520507,15.081213168479515,23.570680247280755,13.383319752719267,25.268573663041003,11.685426336959019
20180905,QUAL3,QUALICORP,15.31,15.59,15.06,15.29,29354721.0,16.860999999999986,18.36050000000001,1.1363649339704105,1.75320358786787,21.866907175735747,14.854092824264269,23.62011076360362,13.100889236396398,25.37331435147149,11.347685648528529
20180906,QUAL3,QUALICORP,15.45,15.57,14.9,15.36,33680589.0,16.69649999999999,18.252750000000013,1.1013497699591859,1.8024128948689022,21.85757578973782,14.64792421026221,23.65998868460672,12.845511315393306,25.46240157947562,11.043098420524405
20180910,QUAL3,QUALICORP,15.61,16.05,15.38,15.99,56700646.0,16.608999999999988,18.16525000000001,1.0834540283642056,1.8256154389052432,21.8164808778105,14.514019122189524,23.64209631671574,12.688403683284282,25.467711755620982,10.862788244379038
20180911,QUAL3,QUALICORP,15.75,16.06,15.41,15.98,48134489.0,16.49049999999999,18.083000000000013,1.0101405582235061,1.8485353869815506,21.780070773963114,14.385929226036911,23.628606160944663,12.537393839055362,25.477141547926216,10.68885845207381
20180912,QUAL3,QUALICORP,16.05,16.25,15.74,15.92,48406749.0,16.33899999999999,17.999750000000013,0.8336533420652228,1.8694966928602306,21.738743385720475,14.260756614279552,23.608240078580707,12.391259921419321,25.477736771440934,10.521763228559092
20180913,QUAL3,QUALICORP,15.9,15.94,15.25,15.31,39860113.0,16.20499999999999,17.90450000000001,0.7670346180341735,1.9076269995024513,21.71975399900491,14.089246000995107,23.627380998507363,12.181619001492656,25.535007998009814,10.273992001990205
20180914,QUAL3,QUALICORP,15.42,15.66,15.33,15.47,28779651.0,16.08549999999999,17.79450000000001,0.6764495157571572,1.9182135786541838,21.630927157308378,13.958072842691642,23.54914073596256,12.039859264037458,25.467354314616745,10.121645685383275
20180917,QUAL3,QUALICORP,15.55,16.3,15.5,16.17,42188241.0,16.008999999999993,17.694500000000012,0.5609005916237575,1.8953261677218622,21.485152335443736,13.903847664556288,23.380478503165598,12.008521496834426,25.27580467088746,10.113195329112564
20180918,QUAL3,QUALICORP,16.19,16.4,15.76,16.2,45724666.0,15.95399999999999,17.60925000000001,0.4750002770078823,1.8836127146986235,21.376475429397257,13.842024570602764,23.26008814409588,11.958411855904139,25.143700858794503,10.074799141205517
20180919,QUAL3,QUALICORP,16.19,16.63,15.92,16.15,62049575.0,15.93599999999999,17.52825000000001,0.4593863183349654,1.8747155510732443,21.2776811021465,13.778818897853522,23.152396653219743,11.904103346780278,25.027112204292987,10.029387795707034
20180920,QUAL3,QUALICORP,16.36,16.52,16.07,16.45,26490916.0,15.90799999999999,17.452000000000012,0.4042354707211419,1.854378325574082,21.160756651148176,13.743243348851848,23.01513497672226,11.888865023277766,24.86951330229634,10.034486697703684
20180921,QUAL3,QUALICORP,16.55,16.94,16.5,16.8,33899313.0,15.950499999999991,17.37300000000001,0.45087604785127555,1.811610984448461,20.996221968896933,13.74977803110309,22.807832953345397,11.938167046654629,24.619443937793854,10.126556062206168
20180924,QUAL3,QUALICORP,16.85,16.94,16.31,16.5,27391245.0,15.980499999999992,17.278000000000013,0.46701149540645737,1.7528675407413359,20.783735081482686,13.77226491851734,22.53660262222402,12.019397377776006,24.289470162965358,10.26652983703467
20180925,QUAL3,QUALICORP,16.21,16.75,16.2,16.53,31894761.0,15.989499999999992,17.18925000000001,0.4761520654931097,1.6963193753173036,20.581888750634615,13.796611249365402,22.27820812595192,12.100291874048096,23.974527501269222,10.403972498730795
20180926,QUAL3,QUALICORP,16.53,16.89,16.11,16.3,37990345.0,15.992999999999991,17.09550000000001,0.4782655065301203,1.6367399586701783,20.368979917340365,13.822020082659652,22.005719876010545,12.185280123989473,23.64245983468072,10.548540165319295
20180927,QUAL3,QUALICORP,16.35,16.69,16.25,16.48,36299044.0,15.981499999999993,16.99000000000001,0.46262722289991903,1.531037858146195,20.0520757162924,13.927924283707618,21.583113574438592,12.396886425561425,23.11415143258479,10.86584856741523
20180928,QUAL3,QUALICORP,16.39,16.5,16.11,16.48,22553816.0,16.007499999999997,16.88525000000001,0.47578052215578176,1.4114712954745785,19.708192590949167,14.062307409050852,21.119663886423744,12.650836113576275,22.531135181898325,11.239364818101695
20181001,QUAL3,QUALICORP,13.49,13.68,11.02,11.64,471092164.0,15.801499999999995,16.65500000000001,1.0873931889468913,1.496753752249102,19.648507504498212,13.661492495501804,21.145261256747315,12.164738743252702,22.642015008996417,10.6679849910036
20181002,QUAL3,QUALICORP,12.15,12.91,11.28,12.91,244053975.0,15.662999999999997,16.46725000000001,1.2655021886481874,1.483329566402583,19.433909132805177,13.500590867194845,20.917238699207758,12.017261300792262,22.400568265610342,10.533931734389679
20181003,QUAL3,QUALICORP,13.4,13.66,12.56,12.6,122810059.0,15.526499999999999,16.29100000000001,1.4386919314724322,1.5139823526390717,19.318964705278155,13.263035294721867,20.832947057917224,11.749052942082796,22.3469294105563,10.235070589443724
20181004,QUAL3,QUALICORP,12.54,12.59,12.13,12.4,51534579.0,15.381999999999996,16.12150000000001,1.5998078832027178,1.561047560831976,19.243595121663965,12.99940487833606,20.80464268249594,11.438357317504083,22.365690243327915,9.877309756672108
20181005,QUAL3,QUALICORP,12.6,13.01,12.3,13.0,93885888.0,15.263999999999996,15.980250000000012,1.6862178169843465,1.581870829275512,19.143991658551037,12.816508341448989,20.725862487826546,11.234637512173476,22.30773331710206,9.652766682897965
20181008,QUAL3,QUALICORP,14.02,14.55,13.43,13.75,161741005.0,15.151999999999996,15.880500000000012,1.709686336267772,1.5938148880707177,19.068129776141447,12.692870223858577,20.661944664212164,11.09905533578786,22.255759552282882,9.505240447717142
20181009,QUAL3,QUALICORP,13.94,13.97,13.52,13.55,48373986.0,15.030499999999995,15.760500000000011,1.73392003397221,1.5837831209982483,18.928066241996508,12.592933758003515,20.511849362994756,11.009150637005266,22.095632483993004,9.425367516007018
20181010,QUAL3,QUALICORP,13.62,13.62,13.01,13.25,37545166.0,14.896999999999995,15.61800000000001,1.7643489928074647,1.5454137276935163,18.70882745538704,12.527172544612977,20.25424118308056,10.98175881691946,21.799654910774073,9.436345089225945
20181011,QUAL3,QUALICORP,13.41,13.61,13.23,13.36,49770996.0,14.799499999999995,15.502250000000009,1.793956154483768,1.5365637445370182,18.575377489074047,12.429122510925973,20.111941233611063,10.892558766388955,21.648504978148083,9.355995021851935
20181015,QUAL3,QUALICORP,13.52,13.59,13.17,13.5,40669851.0,14.700999999999993,15.393250000000009,1.8092216994869366,1.5195721184191642,18.432394236838338,12.35410576316168,19.9519663552575,10.834533644742518,21.471538473676667,9.314961526323351
20181016,QUAL3,QUALICORP,13.6,13.99,13.56,13.71,50515190.0,14.577999999999992,15.293500000000009,1.7875876128693304,1.495026884245019,18.283553768490048,12.303446231509971,19.778580652735066,10.808419347264952,21.273607536980084,9.313392463019934
20181017,QUAL3,QUALICORP,13.71,14.21,13.51,14.19,38052262.0,14.477499999999992,15.21575000000001,1.7476536902522457,1.4686377562129962,18.153025512426,12.278474487574018,19.621663268638997,10.809836731361022,21.090301024851996,9.341198975148025
20181018,QUAL3,QUALICORP,14.22,14.6,14.04,14.1,47474492.0,14.374999999999995,15.155500000000012,1.7039690508678407,1.4636062767470355,18.082712553494083,12.228287446505941,19.54631883024112,10.764681169758905,21.009925106988156,9.30107489301187
20181019,QUAL3,QUALICORP,14.36,14.4,13.71,14.13,63619934.0,14.258999999999995,15.083500000000011,1.632756468126887,1.4406970357149818,17.964894071429974,12.202105928570049,19.405591107144957,10.761408892855066,20.84628814285994,9.320711857140084
20181022,QUAL3,QUALICORP,14.19,14.41,14.16,14.21,31950863.0,14.129499999999993,15.040000000000012,1.519388640902953,1.4401317603537098,17.92026352070743,12.159736479292592,19.36039528106114,10.719604718938882,20.800527041414853,9.279472958585172
20181023,QUAL3,QUALICORP,14.1,14.8,14.01,14.8,80642052.0,14.044499999999994,15.012500000000012,1.4243760406798538,1.4337770630982543,17.88005412619652,12.144945873803504,19.313831189294774,10.71116881070525,20.74760825239303,9.277391747606995
20181024,QUAL3,QUALICORP,14.88,15.18,14.5,14.79,72857777.0,13.957499999999992,14.97350000000001,1.3133880454360758,1.417588327641934,17.80867665528388,12.138323344716142,19.226264982925812,10.720735017074208,20.643853310567746,9.303146689432275
20181025,QUAL3,QUALICORP,14.98,15.05,14.52,14.77,23183161.0,13.880999999999991,14.937000000000008,1.2102757406561162,1.4031287383594728,17.743257476718952,12.130742523281063,19.146386215078426,10.72761378492159,20.5495149534379,9.324485046562117
20181026,QUAL3,QUALICORP,14.77,14.85,14.13,14.25,57021891.0,13.76949999999999,14.875500000000008,1.0503957900663596,1.377094581784228,17.629689163568464,12.121310836431551,19.006783745352692,10.744216254647323,20.38387832713692,9.367121672863096
20181029,QUAL3,QUALICORP,14.6,14.77,14.05,14.21,50330637.0,13.655999999999988,14.831750000000008,0.8445765055244369,1.3695346158832769,17.570819231766563,12.092680768233455,18.94035384764984,10.723146152350179,20.309888463533117,9.3536115364669
20181030,QUAL3,QUALICORP,14.41,14.75,14.37,14.65,36130874.0,13.80649999999999,14.804000000000007,0.7263338003103962,1.3614656506679517,17.52693130133591,12.081068698664104,18.888396952003863,10.719603047996152,20.249862602671815,9.3581373973282
20181031,QUAL3,QUALICORP,14.8,14.8,14.1,14.4,36230041.0,13.880999999999986,14.77200000000001,0.7056605714540962,1.3553771355188087,17.482754271037628,12.061245728962392,18.838131406556435,10.705868593443583,20.193508542075243,9.350491457924775
20181101,QUAL3,QUALICORP,14.46,14.66,14.39,14.55,23306351.0,13.978499999999986,14.752500000000007,0.6520274049775541,1.3527517065179298,17.458003413035865,12.046996586964147,18.810755119553797,10.694244880446217,20.163506826071725,9.341493173928288
20181105,QUAL3,QUALICORP,14.69,14.75,14.5,14.6,22895092.0,14.088499999999987,14.735250000000008,0.5491742605227512,1.3501186794937476,17.4354873589875,12.035012641012512,18.78560603848125,10.684893961518764,20.135724717975,9.334775282025017
20181106,QUAL3,QUALICORP,14.55,14.75,14.4,14.59,21541654.0,14.167999999999987,14.716000000000008,0.4957991953451734,1.346466981894961,17.40893396378993,12.023066036210086,18.75540094568489,10.676599054315126,20.101867927579853,9.330132072420163
20181107,QUAL3,QUALICORP,14.6,14.7,14.06,14.2,32032804.0,14.190499999999986,14.67125000000001,0.48594427880665636,1.3327149607724298,17.33667992154487,12.00582007845515,18.6693948823173,10.67310511768272,20.002109843089727,9.34039015691029
20181108,QUAL3,QUALICORP,14.29,14.34,13.73,13.92,22074503.0,14.208999999999985,14.619750000000007,0.4669486616655381,1.3205913351067269,17.26093267021346,11.978567329786554,18.581524005320187,10.657975994679827,19.902115340426914,9.3373846595731
20181109,QUAL3,QUALICORP,13.93,14.32,13.6,13.79,27749879.0,14.235999999999986,14.566500000000008,0.42203018101063433,1.309716254257639,17.185932508515286,11.94706749148473,18.495648762772927,10.63735123722709,19.805365017030564,9.327634982969453
20181112,QUAL3,QUALICORP,13.79,14.32,13.79,14.18,32308946.0,14.276999999999987,14.538250000000009,0.3689401606018536,1.3054479288243515,17.149145857648712,11.927354142351305,18.454593786473062,10.621906213526955,19.760041715297415,9.316458284702602
20181113,QUAL3,QUALICORP,14.3,14.52,13.92,13.92,33984723.0,14.297999999999988,14.499500000000006,0.33254362594636094,1.3000748499161923,17.09964969983239,11.899350300167622,18.399724549748584,10.59927545025143,19.699799399664776,9.299200600335237
20181114,QUAL3,QUALICORP,13.92,13.95,13.43,13.77,36960778.0,14.300999999999988,14.439500000000006,0.327187375898012,1.2761640236993874,16.99182804739878,11.887171952601232,18.267992071098167,10.611007928901843,19.544156094797557,9.334843905202456
20181116,QUAL3,QUALICORP,13.83,14.3,13.82,14.3,43874644.0,14.30649999999999,14.392000000000005,0.32614615709698663,1.2439086453388424,16.87981729067769,11.90418270932232,18.123725936016534,10.660274063983477,19.367634581355375,9.416365418644634
20181119,QUAL3,QUALICORP,14.3,14.3,13.96,14.3,28305335.0,14.316499999999987,14.345750000000004,0.32252743661288663,1.2108206318708394,16.767391263741683,11.924108736258326,17.978211895612525,10.713288104387486,19.189032527483363,9.502467472516646
20181121,QUAL3,QUALICORP,14.1,14.23,13.86,14.03,19840564.0,14.311499999999986,14.285250000000001,0.32632362044880614,1.162477432921293,16.610204865842586,11.960295134157416,17.77268229876388,10.797817701236122,18.935159731685175,9.63534026831483
20181122,QUAL3,QUALICORP,14.01,14.09,13.85,13.9,10723953.0,14.295999999999987,14.212750000000003,0.33853243644586606,1.0897776472807734,16.39230529456155,12.033194705438456,17.48208294184232,10.943417058157683,18.571860589123098,9.853639410876909
20181123,QUAL3,QUALICORP,13.9,14.02,13.41,13.54,18942427.0,14.232999999999986,14.138750000000002,0.3565640121163388,1.029301947923931,16.197353895847865,12.08014610415214,17.226655843771795,11.050844156228209,18.255957791695725,10.021542208304279
20181126,QUAL3,QUALICORP,13.67,13.84,12.9,13.18,32629788.0,14.152499999999986,14.055000000000001,0.4029218939586644,0.963960846103467,15.982921692206936,12.127078307793067,16.9468825383104,11.1631174616896,17.91084338441387,10.199156615586134
20181127,QUAL3,QUALICORP,13.19,13.44,12.92,13.32,35562268.0,14.079999999999988,13.980500000000003,0.4161983332874326,0.8989707790236905,15.778441558047383,12.182558441952622,16.677412337071075,11.28358766292893,17.576383116094764,10.384616883905242
20181128,QUAL3,QUALICORP,13.38,14.04,13.26,13.97,32551926.0,14.065999999999988,13.917750000000003,0.4148861606699448,0.8024465394765862,15.522643078953175,12.312856921046832,16.32508961842976,11.510410381570246,17.12753615790635,10.707963842093658
20181129,QUAL3,QUALICORP,13.93,14.42,13.79,14.2,49689893.0,14.06549999999999,13.860750000000005,0.41470947344867687,0.6886902749943512,15.238130549988707,12.483369450011303,15.926820824983059,11.79467917501695,16.61551109997741,11.1059889000226
20181130,QUAL3,QUALICORP,14.2,14.32,13.86,13.86,185548129.0,14.025999999999991,13.916250000000005,0.39317064729503187,0.5870949230899108,15.090439846179827,12.742060153820184,15.677534769269737,12.154965230730273,16.264629692359648,11.567870307640362
20181203,QUAL3,QUALICORP,14.09,14.22,13.84,14.02,23152312.0,14.00699999999999,13.944000000000006,0.3832011976682671,0.5640958274656018,15.07219165493121,12.815808345068803,15.636287482396812,12.2517125176032,16.200383309862413,11.687616690137599
20181204,QUAL3,QUALICORP,14.0,14.53,13.67,13.83,36719983.0,13.97099999999999,13.974750000000006,0.36278020023682117,0.5208178356668646,15.016385671333735,12.933114328666276,15.5372035070006,12.412296492999412,16.058021342667463,11.891478657332547
20181205,QUAL3,QUALICORP,14.0,14.6,13.91,14.58,47230143.0,13.969999999999988,14.029250000000008,0.36097820316128826,0.4626145734731477,14.954479146946303,13.104020853053713,15.417093720419452,12.641406279580565,15.879708293892598,12.178791706107418
20181206,QUAL3,QUALICORP,14.4,14.83,14.17,14.76,48860400.0,13.978499999999988,14.073250000000007,0.37794840917730765,0.44559604277117587,14.964442085542359,13.182057914457655,15.410038128313534,12.73646187168648,15.855634171084711,12.290865828915303
20181207,QUAL3,QUALICORP,14.77,14.83,14.3,14.3,25706160.0,13.983499999999989,14.087000000000007,0.38167601306215987,0.4438479758217038,14.974695951643415,13.199304048356598,15.418543927465118,12.755456072534896,15.862391903286822,12.311608096713192
20181210,QUAL3,QUALICORP,14.29,14.38,13.93,14.0,15684581.0,13.987499999999988,14.098250000000007,0.38139460156761623,0.4355125921815763,14.969275184363159,13.227224815636855,15.404787776544737,12.791712223455278,15.840300368726313,12.356199631273702
20181211,QUAL3,QUALICORP,14.09,14.29,13.77,14.02,25210544.0,13.998999999999986,14.117500000000007,0.3785832314796211,0.41351991239687097,14.944539824793749,13.290460175206265,15.35805973719062,12.876940262809393,15.77157964958749,12.463420350412523
20181212,QUAL3,QUALICORP,14.02,14.4,13.93,13.94,35198013.0,13.986999999999986,14.132000000000009,0.3763411106677092,0.3960782103549077,14.924156420709824,13.339843579290193,15.320234631064732,12.943765368935285,15.71631284141964,12.547687158580377
20181213,QUAL3,QUALICORP,14.09,14.18,13.74,13.95,19476566.0,13.988499999999984,14.143250000000009,0.37611973177598185,0.38386955249580684,14.910989104991623,13.375510895008395,15.29485865748743,12.991641342512589,15.678728209983236,12.607771790016782
20181214,QUAL3,QUALICORP,13.9,14.12,13.74,14.05,16779579.0,14.002499999999987,14.151750000000007,0.37275468156850367,0.3777455900063273,14.907241180012662,13.396258819987352,15.284986770018989,13.018513229981025,15.662732360025316,12.640767639974698
20181217,QUAL3,QUALICORP,14.12,14.13,13.63,13.64,32801182.0,13.969499999999986,14.138000000000005,0.3742427441896566,0.3862322935946479,14.910464587189301,13.36553541281071,15.29669688078395,12.97930311921606,15.682929174378597,12.593070825621414
20181218,QUAL3,QUALICORP,13.61,13.83,13.56,13.6,19365743.0,13.934499999999986,14.125500000000006,0.37443958124062854,0.3954740744849672,14.916448148969941,13.33455185103007,15.311922223454907,12.939077776545105,15.707396297939875,12.543603702060137
20181219,QUAL3,QUALICORP,13.67,13.77,13.26,13.26,24346327.0,13.895999999999987,14.103750000000005,0.40262820775979874,0.41847517770946985,14.940700355418945,13.266799644581065,15.359175533128415,12.848324466871595,15.777650710837884,12.429849289162126
20181220,QUAL3,QUALICORP,13.37,13.54,13.04,13.15,18344958.0,13.858499999999987,14.077250000000003,0.4357966087639775,0.44433752186072656,14.965925043721455,13.18857495627855,15.410262565582183,12.744237434417823,15.85460008744291,12.299899912557096
20181221,QUAL3,QUALICORP,13.22,13.34,12.86,12.9,26250943.0,13.826499999999985,14.029750000000003,0.48151378621535473,0.4661159066815217,14.961981813363046,13.097518186636961,15.428097720044569,12.631402279955438,15.89421362672609,12.165286373273917
20181226,QUAL3,QUALICORP,12.92,13.01,12.42,12.69,23405348.0,13.801999999999984,13.977250000000007,0.5265038611341141,0.4956217928405294,14.968493585681065,12.986006414318949,15.464115378521594,12.49038462147842,15.959737171362125,11.994762828637889
20181227,QUAL3,QUALICORP,12.77,12.77,12.5,12.6,14122761.0,13.765999999999986,13.923000000000007,0.5828008597324817,0.5245422913213149,14.972084582642637,12.873915417357377,15.496626873963951,12.349373126036063,16.021169165285265,11.824830834714747
20181228,QUAL3,QUALICORP,12.65,13.02,12.58,12.89,33423695.0,13.711999999999984,13.889000000000006,0.6121970786908013,0.5464233354629555,14.981846670925918,12.796153329074095,15.528270006388873,12.24972999361114,16.074693341851827,11.703306658148184
