DATA DO PREGAO,CODIGO DE NEGOCIACAO DO PAPEL,NOME RESUMIDO DA EMPRESA EMISSORA,PRECO DE ABERTURA,PRECO MAXIMO,PRECO MINIMO,PRECO FECHAMENTO,VOLUME TOTAL DE TITULOS NEGOCIADOS NESTE PAPEL,MA_20,MA_40,STD_20,STD_40,BANDA_1_40 SUPERIOR,BANDA_1_40 INFERIOR,BANDA_2_40 SUPERIOR,BANDA_2_40 INFERIOR,BANDA_3_40 SUPERIOR,BANDA_3_40 INFERIOR
20180102,RCSL4,RECRUSUL,0.74,0.74,0.72,0.72,163455.0,0.0,0.0,0.0,0.0,0.0,0.0,0.0,0.0,0.0,0.0
20180103,RCSL4,RECRUSUL,0.73,0.75,0.71,0.71,282700.0,0.0,0.0,0.0,0.0,0.0,0.0,0.0,0.0,0.0,0.0
20180104,RCSL4,RECRUSUL,0.73,0.73,0.7,0.71,139187.0,0.0,0.0,0.0,0.0,0.0,0.0,0.0,0.0,0.0,0.0
20180105,RCSL4,RECRUSUL,0.72,0.72,0.69,0.7,194584.0,0.0,0.0,0.0,0.0,0.0,0.0,0.0,0.0,0.0,0.0
20180108,RCSL4,RECRUSUL,0.71,0.75,0.68,0.72,936321.0,0.0,0.0,0.0,0.0,0.0,0.0,0.0,0.0,0.0,0.0
20180109,RCSL4,RECRUSUL,0.74,0.77,0.71,0.71,666970.0,0.0,0.0,0.0,0.0,0.0,0.0,0.0,0.0,0.0,0.0
20180110,RCSL4,RECRUSUL,0.72,0.73,0.7,0.71,180589.0,0.0,0.0,0.0,0.0,0.0,0.0,0.0,0.0,0.0,0.0
20180111,RCSL4,RECRUSUL,0.72,0.8,0.71,0.75,2349429.0,0.0,0.0,0.0,0.0,0.0,0.0,0.0,0.0,0.0,0.0
20180112,RCSL4,RECRUSUL,0.77,0.78,0.73,0.73,964378.0,0.0,0.0,0.0,0.0,0.0,0.0,0.0,0.0,0.0,0.0
20180115,RCSL4,RECRUSUL,0.74,0.76,0.73,0.74,282708.0,0.0,0.0,0.0,0.0,0.0,0.0,0.0,0.0,0.0,0.0
20180116,RCSL4,RECRUSUL,0.75,0.76,0.73,0.73,329967.0,0.0,0.0,0.0,0.0,0.0,0.0,0.0,0.0,0.0,0.0
20180117,RCSL4,RECRUSUL,0.74,0.74,0.72,0.73,94630.0,0.0,0.0,0.0,0.0,0.0,0.0,0.0,0.0,0.0,0.0
20180118,RCSL4,RECRUSUL,0.73,0.74,0.72,0.72,210913.0,0.0,0.0,0.0,0.0,0.0,0.0,0.0,0.0,0.0,0.0
20180119,RCSL4,RECRUSUL,0.73,0.74,0.72,0.72,104617.0,0.0,0.0,0.0,0.0,0.0,0.0,0.0,0.0,0.0,0.0
20180122,RCSL4,RECRUSUL,0.73,0.76,0.72,0.73,718854.0,0.0,0.0,0.0,0.0,0.0,0.0,0.0,0.0,0.0,0.0
20180123,RCSL4,RECRUSUL,0.74,0.75,0.72,0.72,679573.0,0.0,0.0,0.0,0.0,0.0,0.0,0.0,0.0,0.0,0.0
20180124,RCSL4,RECRUSUL,0.73,0.73,0.71,0.72,202936.0,0.0,0.0,0.0,0.0,0.0,0.0,0.0,0.0,0.0,0.0
20180126,RCSL4,RECRUSUL,1.99,2.04,1.9,1.93,561383.0,0.0,0.0,0.0,0.0,0.0,0.0,0.0,0.0,0.0,0.0
20180129,RCSL4,RECRUSUL,1.98,1.98,1.78,1.85,413649.0,0.0,0.0,0.0,0.0,0.0,0.0,0.0,0.0,0.0,0.0
20180130,RCSL4,RECRUSUL,1.84,1.93,1.84,1.88,189895.0,0.8965000000000002,0.0,0.4271111651179598,0.0,0.0,0.0,0.0,0.0,0.0,0.0
20180131,RCSL4,RECRUSUL,1.91,2.01,1.76,1.87,820371.0,0.9540000000000003,0.0,0.4766373442091345,0.0,0.0,0.0,0.0,0.0,0.0,0.0
20180201,RCSL4,RECRUSUL,1.87,1.93,1.82,1.82,258769.0,1.0095000000000003,0.0,0.5101751505223735,0.0,0.0,0.0,0.0,0.0,0.0,0.0
20180202,RCSL4,RECRUSUL,1.85,1.86,1.8,1.82,74420.0,1.0650000000000002,0.0,0.5356206434447898,0.0,0.0,0.0,0.0,0.0,0.0,0.0
20180205,RCSL4,RECRUSUL,1.84,1.84,1.78,1.81,47323.0,1.1205000000000003,0.0,0.5530344521484697,0.0,0.0,0.0,0.0,0.0,0.0,0.0
20180206,RCSL4,RECRUSUL,1.78,1.8,1.71,1.74,149094.0,1.1715000000000002,0.0,0.5611292655276314,0.0,0.0,0.0,0.0,0.0,0.0,0.0
20180207,RCSL4,RECRUSUL,1.74,1.74,1.62,1.65,150868.0,1.2185000000000001,0.0,0.5598051822779629,0.0,0.0,0.0,0.0,0.0,0.0,0.0
20180208,RCSL4,RECRUSUL,1.68,1.8,1.67,1.7,244389.0,1.268,0.0,0.5562335745652939,0.0,0.0,0.0,0.0,0.0,0.0,0.0
20180209,RCSL4,RECRUSUL,1.74,1.74,1.69,1.7,22335.0,1.3155,0.0,0.5502006810916217,0.0,0.0,0.0,0.0,0.0,0.0,0.0
20180214,RCSL4,RECRUSUL,1.73,1.73,1.69,1.69,15300.0,1.3635,0.0,0.5381769910393891,0.0,0.0,0.0,0.0,0.0,0.0,0.0
20180215,RCSL4,RECRUSUL,1.73,1.75,1.67,1.68,79020.0,1.4105,0.0,0.5216519811844716,0.0,0.0,0.0,0.0,0.0,0.0,0.0
20180216,RCSL4,RECRUSUL,1.72,1.72,1.67,1.69,25607.0,1.4585000000000001,0.0,0.4994341535019513,0.0,0.0,0.0,0.0,0.0,0.0,0.0
20180219,RCSL4,RECRUSUL,1.69,1.7,1.65,1.67,44574.0,1.5055,0.0,0.47067113337177774,0.0,0.0,0.0,0.0,0.0,0.0,0.0
20180220,RCSL4,RECRUSUL,1.67,1.71,1.65,1.67,120533.0,1.5530000000000002,0.0,0.43371224998779295,0.0,0.0,0.0,0.0,0.0,0.0,0.0
20180221,RCSL4,RECRUSUL,1.68,1.8,1.65,1.68,305111.0,1.6010000000000002,0.0,0.38731056490136,0.0,0.0,0.0,0.0,0.0,0.0,0.0
20180222,RCSL4,RECRUSUL,1.72,1.76,1.65,1.65,306283.0,1.6470000000000002,0.0,0.3286031040632454,0.0,0.0,0.0,0.0,0.0,0.0,0.0
20180223,RCSL4,RECRUSUL,1.69,1.72,1.62,1.66,126187.0,1.6940000000000002,0.0,0.24583691641753944,0.0,0.0,0.0,0.0,0.0,0.0,0.0
20180226,RCSL4,RECRUSUL,1.67,1.7,1.58,1.64,123359.0,1.7400000000000002,0.0,0.09182362956978153,0.0,0.0,0.0,0.0,0.0,0.0,0.0
20180227,RCSL4,RECRUSUL,1.65,1.66,1.55,1.6,107690.0,1.7235000000000003,0.0,0.08530286599738873,0.0,0.0,0.0,0.0,0.0,0.0,0.0
20180228,RCSL4,RECRUSUL,1.63,1.67,1.56,1.6,267827.0,1.7110000000000003,0.0,0.08409893922605334,0.0,0.0,0.0,0.0,0.0,0.0,0.0
20180301,RCSL4,RECRUSUL,1.61,1.61,1.56,1.58,14547.0,1.6960000000000002,1.29625,0.07896701509924423,0.5057752997588495,2.307800599517699,0.2846994004823009,2.8135758992765485,-0.22107589927654847,3.319351199035398,-0.7268511990353981
20180302,RCSL4,RECRUSUL,1.6,1.6,1.55,1.58,12680.0,1.6815000000000002,1.3177499999999998,0.0716185068701928,0.49888330427270416,2.315516608545408,0.3199833914545914,2.8143999128181125,-0.1788999128181128,3.3132832170908166,-0.6777832170908169
20180305,RCSL4,RECRUSUL,1.62,1.62,1.52,1.52,20231.0,1.6665000000000003,1.3379999999999999,0.07249500890261038,0.48994086508685053,2.317881730173701,0.3581182698262988,2.807822595260552,-0.13182259526055184,3.2977634603474018,-0.6217634603474023
20180306,RCSL4,RECRUSUL,1.56,1.57,1.42,1.49,26765.0,1.6500000000000004,1.3575,0.07326950970650536,0.47972080555470126,2.3169416111094026,0.3980583888905974,2.7966624166641036,-0.08166241666410379,3.276383222218805,-0.5613832222188051
20180307,RCSL4,RECRUSUL,1.53,1.53,1.34,1.4,308618.0,1.6295000000000002,1.3749999999999998,0.0828743500411133,0.4677386954053378,2.3104773908106755,0.4395226091893242,2.7782160862160135,-0.02821608621601368,3.245954781621351,-0.4959547816213514
20180308,RCSL4,RECRUSUL,1.43,1.43,1.37,1.4,15807.0,1.6125,1.392,0.093238517001461,0.45551999027316215,2.303039980546324,0.4809600194536756,2.758559970819486,0.025440029180513468,3.2140799610926485,-0.4300799610926487
20180309,RCSL4,RECRUSUL,1.43,1.43,1.34,1.4,41714.0,1.6,1.4092499999999997,0.10407487183450477,0.4418921291968822,2.293034258393764,0.5254657416062353,2.7349263875906464,0.08357361240935313,3.1768185167875282,-0.35831851678752913
20180312,RCSL4,RECRUSUL,1.39,1.42,1.35,1.4,135160.0,1.585,1.4264999999999997,0.11033441988122525,0.4271164496228888,2.2807328992457774,0.572267100754222,2.707849348868666,0.14515065113133319,3.134965798491555,-0.28196579849155556
20180313,RCSL4,RECRUSUL,1.4,1.85,1.39,1.5,1789462.0,1.5750000000000002,1.4452499999999997,0.10840955483234672,0.4128822238474683,2.2710144476949363,0.6194855523050631,2.6838966715424046,0.20660332845759477,3.096778895389873,-0.20627889538987354
20180314,RCSL4,RECRUSUL,1.55,1.74,1.5,1.5,708501.0,1.5655,1.4644999999999997,0.10610198668709087,0.39629663844275265,2.257093276885505,0.6719067231144944,2.6533899153282574,0.27561008467174175,3.0496865537710103,-0.1206865537710109
20180315,RCSL4,RECRUSUL,1.53,1.68,1.51,1.55,435793.0,1.559,1.4847499999999996,0.10264399385100162,0.37862766705090434,2.2420053341018082,0.7274946658981909,2.6206330011527124,0.34886699884728656,2.999260668203617,-0.02976066820361778
20180316,RCSL4,RECRUSUL,1.58,1.61,1.53,1.54,72156.0,1.5514999999999999,1.5049999999999997,0.09794063723017578,0.3583437684825238,2.2216875369650473,0.7883124630349521,2.580031305447571,0.42996869455242837,2.9383750739300947,0.07162492606990445
20180319,RCSL4,RECRUSUL,1.58,1.6,1.5,1.51,93186.0,1.5434999999999999,1.5244999999999997,0.09421559821690194,0.33558941641573947,2.1956788328314785,0.8533211671685208,2.5312682492472183,0.5177317507527812,2.8668576656629576,0.18214233433704186
20180320,RCSL4,RECRUSUL,1.52,1.52,1.47,1.48,66856.0,1.5339999999999996,1.5434999999999997,0.09028609498349517,0.3093628688375268,2.1622257376750533,0.9247742623249461,2.4715886065125803,0.6154113934874192,2.780951475350107,0.3060485246498925
20180321,RCSL4,RECRUSUL,1.48,1.49,1.4,1.4,27404.0,1.5199999999999996,1.5604999999999998,0.08813864675970408,0.28026498450299087,2.1210299690059813,0.999970030994018,2.4012949535089723,0.7197050464910272,2.6815599380119632,0.4394400619880363
20180322,RCSL4,RECRUSUL,1.4,1.61,1.39,1.44,339775.0,1.5094999999999996,1.5782499999999997,0.08425993616248231,0.246804059103054,2.0718581182061078,1.0846418817938916,2.318662177309162,0.8378378226908377,2.565466236412216,0.5910337635877837
20180323,RCSL4,RECRUSUL,1.5,1.5,1.4,1.41,49436.0,1.4969999999999997,1.5955,0.07914676573503267,0.20602402150209967,2.007548043004199,1.1834519569958006,2.213572064506299,0.9774279354937009,2.4195960860083985,0.7714039139916012
20180326,RCSL4,RECRUSUL,1.44,1.44,1.38,1.38,6308.0,1.4839999999999995,1.6119999999999997,0.07570023986613153,0.1539597016871296,1.9199194033742588,1.3040805966257405,2.0738791050613887,1.1501208949386108,2.227838806748518,0.9961611932514812
20180327,RCSL4,RECRUSUL,1.41,1.44,1.37,1.4,24247.0,1.4739999999999995,1.59875,0.0727215308738201,0.14860354242249077,1.8959570848449814,1.3015429151550184,2.0445606272674723,1.1529393727325274,2.193164169689963,1.004335830310037
20180328,RCSL4,RECRUSUL,1.43,1.43,1.35,1.4,22020.0,1.4639999999999993,1.5875,0.06808663212176543,0.14610761752022408,1.879715235040448,1.2952847649595518,2.025822852560672,1.1491771474393278,2.171930470080896,1.0030695299191037
20180329,RCSL4,RECRUSUL,1.4,1.43,1.37,1.4,5564.0,1.4549999999999994,1.5754999999999997,0.0637016070193094,0.141093713174741,1.8576874263494818,1.2933125736505175,1.9987811395242228,1.1522188604757766,2.1398748526989637,1.0111251473010356
20180402,RCSL4,RECRUSUL,1.43,1.51,1.4,1.45,71803.0,1.4484999999999992,1.5649999999999997,0.05650104796420209,0.13406848613436032,1.8331369722687203,1.2968630277312791,1.9672054584030807,1.1627945415969188,2.101273944537441,1.0287260554625584
20180403,RCSL4,RECRUSUL,1.5,1.53,1.41,1.52,56833.0,1.4484999999999992,1.5574999999999997,0.05650104796420209,0.1276764741496343,1.8128529482992684,1.302147051700731,1.9405294224489025,1.1744705775510969,2.0682058965985366,1.0467941034014625
20180404,RCSL4,RECRUSUL,1.51,1.56,1.46,1.5,16032.0,1.4489999999999994,1.5494999999999997,0.056930243558054275,0.12063825986638702,1.7907765197327736,1.3082234802672257,1.9114147795991607,1.1875852204008386,2.0320530394655476,1.0669469605344517
20180405,RCSL4,RECRUSUL,1.51,1.54,1.45,1.51,58707.0,1.4544999999999995,1.5419999999999996,0.05725979576043508,0.11311895259370823,1.768237905187416,1.3157620948125832,1.8813568577811242,1.202643142218875,1.9944758103748326,1.0895241896251666
20180406,RCSL4,RECRUSUL,1.53,1.54,1.47,1.47,5305.0,1.4579999999999995,1.5352499999999996,0.055875802125413015,0.10898100281406453,1.7532120056281286,1.3172879943718705,1.8621930084421932,1.208306991557806,1.9711740112562577,1.0993259887437414
20180409,RCSL4,RECRUSUL,1.54,1.54,1.43,1.43,13018.0,1.4594999999999996,1.5297499999999995,0.054625519388116245,0.10859209727113552,1.7469341945422705,1.3125658054577285,1.8555262918134061,1.2039737081865929,1.9641183890845415,1.0953816109154575
20180410,RCSL4,RECRUSUL,1.5,1.5,1.42,1.44,5341.0,1.4614999999999996,1.5232499999999995,0.05304169164564781,0.1058878821666755,1.7350257643333507,1.3114742356666484,1.840913646500026,1.2055863534999731,1.9468015286667015,1.0996984713332976
20180411,RCSL4,RECRUSUL,1.48,1.48,1.4,1.43,22688.0,1.4579999999999997,1.5164999999999993,0.0526757709208482,0.10289526664252374,1.7222905332850469,1.3107094667149517,1.8251857999275705,1.2078142000724281,1.9280810665700943,1.1049189334299043
20180412,RCSL4,RECRUSUL,1.47,1.47,1.43,1.44,8354.0,1.4549999999999996,1.5102499999999994,0.05186013579051781,0.09962718967770337,1.7095043793554061,1.3109956206445927,1.8091315690331096,1.2113684309668893,1.908758758710813,1.1117412412891858
20180413,RCSL4,RECRUSUL,1.44,1.44,1.39,1.39,27928.0,1.4469999999999996,1.5029999999999994,0.048677239899268754,0.09748635670487384,1.697972713409747,1.3080272865902518,1.795459070114621,1.210540929885378,1.8929454268194947,1.1130545731805042
20180416,RCSL4,RECRUSUL,1.44,1.48,1.39,1.42,46160.0,1.4409999999999996,1.4962499999999994,0.04375770608825045,0.0934711665400573,1.683192333080114,1.3093076669198849,1.7766634996201713,1.2158365003798275,1.8701346661602285,1.1223653338397703
20180417,RCSL4,RECRUSUL,1.43,1.55,1.41,1.41,295675.0,1.4359999999999995,1.4897499999999995,0.04109040097920724,0.09005660613021378,1.669863212260427,1.3096367877395718,1.7599198183906408,1.219580181609358,1.8499764245208545,1.1295235754791444
20180418,RCSL4,RECRUSUL,1.45,1.45,1.4,1.4,47065.0,1.4319999999999995,1.4829999999999992,0.04047091223141097,0.0862375966555378,1.6554751933110747,1.3105248066889237,1.7417127899666127,1.2242872100333857,1.8279503866221505,1.138049613377848
20180419,RCSL4,RECRUSUL,1.41,1.42,1.36,1.4,61881.0,1.4319999999999995,1.4759999999999993,0.04047091223141097,0.08104446389609393,1.6380889277921873,1.3139110722078113,1.7191333916882812,1.2328666083117175,1.800177855584375,1.1518221444156236
20180420,RCSL4,RECRUSUL,1.4,1.4,1.35,1.38,20845.0,1.4289999999999994,1.4692499999999993,0.04204008112567223,0.0773399919768195,1.6239299839536383,1.3145700160463603,1.7012699759304577,1.2372300240695409,1.7786099679072773,1.1598900320927212
20180423,RCSL4,RECRUSUL,1.39,1.44,1.38,1.42,3782.0,1.4294999999999993,1.4632499999999995,0.04186129980128546,0.0712304854067568,1.605710970813513,1.3207890291864859,1.6769414562202698,1.2495585437797292,1.7481719416270267,1.1783280583729723
20180424,RCSL4,RECRUSUL,1.43,1.43,1.4,1.42,17422.0,1.4314999999999993,1.4577499999999994,0.040298230338583346,0.06549564479551008,1.5887412895910196,1.3267587104089793,1.6542369343865297,1.2612630656134691,1.7197325791820397,1.1957674208179592
20180425,RCSL4,RECRUSUL,1.42,1.42,1.39,1.42,15443.0,1.4324999999999992,1.4532499999999995,0.03971941060675288,0.06153537652523709,1.5763207530504737,1.3301792469495253,1.6378561295757108,1.2686438704242882,1.699391506100948,1.207108493899051
20180426,RCSL4,RECRUSUL,1.42,1.42,1.38,1.41,21071.0,1.4329999999999994,1.4484999999999995,0.039349981609043266,0.057089673052408536,1.5626793461048165,1.3343206538951824,1.6197690191572252,1.2772309808427738,1.6768586922096336,1.2201413077903653
20180427,RCSL4,RECRUSUL,1.42,1.56,1.42,1.5,363237.0,1.4379999999999993,1.4464999999999995,0.041243819313679056,0.053663242445306264,1.553826484890612,1.3391735151093869,1.6074897273359183,1.2855102726640806,1.6611529697812246,1.2318470302187743
20180430,RCSL4,RECRUSUL,1.5,1.55,1.43,1.43,50806.0,1.4369999999999994,1.4427499999999995,0.041179964469201163,0.049145910438414306,1.5410418208768282,1.344458179123171,1.5901877313152424,1.2953122686847567,1.6393336417536568,1.2461663582463423
20180502,RCSL4,RECRUSUL,1.46,1.47,1.4,1.4,53093.0,1.4309999999999994,1.4397499999999994,0.03697794506260593,0.04795764691304218,1.5356652938260837,1.343834706173915,1.583622940739126,1.2958770592608728,1.631580587652168,1.2479194123478308
20180503,RCSL4,RECRUSUL,1.51,1.74,1.51,1.61,1061117.0,1.4364999999999992,1.4427499999999993,0.052643288171182356,0.05449006025567228,1.5517301205113438,1.3337698794886548,1.6062201807670162,1.2792798192329824,1.6607102410226884,1.2247897589773102
20180504,RCSL4,RECRUSUL,1.61,1.72,1.52,1.52,560288.0,1.4369999999999992,1.4457499999999994,0.05341988590896446,0.0553722831711848,1.556494566342369,1.3350054336576298,1.6118668495135537,1.279633150486445,1.6672391326847387,1.2242608673152602
20180507,RCSL4,RECRUSUL,1.58,1.6,1.44,1.44,108583.0,1.4354999999999993,1.4467499999999993,0.052862781654118354,0.054883910117116484,1.5565178202342322,1.3369821797657664,1.6114017303513488,1.2820982696486498,1.6662856404684652,1.2272143595315335
20180508,RCSL4,RECRUSUL,1.49,1.5,1.4,1.41,51189.0,1.4344999999999994,1.4469999999999994,0.05316063046634619,0.0546879258225192,1.5563758516450379,1.337624148354961,1.611063777467557,1.2829362225324419,1.6657517032900762,1.2282482967099226
20180509,RCSL4,RECRUSUL,1.44,1.48,1.42,1.44,32647.0,1.4344999999999994,1.4479999999999993,0.05316063046634619,0.054169723779608714,1.5563394475592167,1.3396605524407819,1.6105091713388253,1.2854908286611733,1.6646788951184341,1.2313211048815644
20180510,RCSL4,RECRUSUL,1.43,1.5,1.43,1.43,18722.0,1.4344999999999994,1.4462499999999994,0.05316063046634619,0.05357417575373829,1.5533983515074758,1.339101648492523,1.6069725272612143,1.2855274727387844,1.6605467030149526,1.2319532969850462
20180511,RCSL4,RECRUSUL,1.46,1.49,1.43,1.43,25520.0,1.4339999999999993,1.4444999999999992,0.05315320458726083,0.0529126033166364,1.550325206633272,1.3386747933667265,1.6032378099499085,1.28576219005009,1.6561504132665448,1.2328495867334537
20180514,RCSL4,RECRUSUL,1.42,1.47,1.4,1.4,33037.0,1.4344999999999992,1.4407499999999993,0.05276312508202599,0.050504506018822316,1.5417590120376439,1.3397409879623547,1.5922635180564662,1.2892364819435325,1.6427680240752887,1.23873197592471
20180515,RCSL4,RECRUSUL,1.45,1.5,1.4,1.46,79554.0,1.4364999999999992,1.4387499999999993,0.05294237184753409,0.04799505850632722,1.5347401170126538,1.3427598829873448,1.582735175518981,1.2947648244810177,1.6307302340253083,1.2467697659746904
20180516,RCSL4,RECRUSUL,1.46,1.49,1.42,1.43,27679.0,1.4374999999999991,1.4367499999999995,0.05260328186680331,0.046596329777334196,1.529942659554668,1.3435573404453311,1.576538989332002,1.296961010667997,1.6231353191093363,1.2503646808906628
20180517,RCSL4,RECRUSUL,1.46,1.46,1.4,1.43,20481.0,1.4389999999999992,1.4354999999999996,0.05190071493271336,0.04607407636427068,1.5276481527285408,1.3433518472714583,1.5737222290928117,1.2972777709071874,1.6197963054570823,1.2512036945429168
20180518,RCSL4,RECRUSUL,1.45,1.45,1.39,1.4,32753.0,1.4389999999999992,1.4354999999999996,0.05190071493271336,0.04607407636427068,1.5276481527285408,1.3433518472714583,1.5737222290928117,1.2972777709071874,1.6197963054570823,1.2512036945429168
20180521,RCSL4,RECRUSUL,1.45,1.48,1.39,1.39,68824.0,1.4394999999999993,1.4342499999999996,0.05134762844931477,0.04662383565604813,1.5274976713120958,1.3410023286879034,1.574121506968144,1.2943784930318551,1.620745342624192,1.2477546573758072
20180522,RCSL4,RECRUSUL,1.45,1.45,1.43,1.44,2722.0,1.4404999999999994,1.4349999999999996,0.051142216570949785,0.04646476470374613,1.527929529407492,1.3420704705925073,1.5743942941112379,1.2956057058887613,1.620859058814984,1.2491409411850152
20180523,RCSL4,RECRUSUL,1.44,1.46,1.42,1.44,8674.0,1.4414999999999996,1.4364999999999994,0.05091530635332647,0.045604205833932925,1.5277084116678652,1.3452915883321337,1.5733126175017982,1.2996873824982007,1.6189168233357312,1.2540831766642677
20180524,RCSL4,RECRUSUL,1.37,1.44,1.36,1.43,14022.0,1.4419999999999995,1.4372499999999995,0.0507418647874289,0.045233723521172504,1.5277174470423445,1.3467825529576545,1.572951170563517,1.3015488294364819,1.6181848940846895,1.2563151059153095
20180525,RCSL4,RECRUSUL,1.44,1.44,1.39,1.43,4396.0,1.4429999999999994,1.4379999999999995,0.050272939252177046,0.04484731933217616,1.5276946386643517,1.3483053613356473,1.572541957996528,1.303458042003471,1.6173892773287042,1.2586107226712948
20180528,RCSL4,RECRUSUL,1.4,1.4,1.35,1.37,27732.0,1.4364999999999994,1.4372499999999995,0.05091530635332658,0.04574104928555662,1.5287320985711128,1.3457679014288861,1.5744731478566694,1.3000268521433296,1.620214197142226,1.254285802857773
20180529,RCSL4,RECRUSUL,1.4,1.41,1.24,1.32,53995.0,1.4309999999999996,1.4339999999999995,0.05720691897793347,0.049292429334977204,1.532584858669954,1.335415141330045,1.581877288004931,1.286122711995068,1.6311697173399082,1.2368302826600908
20180530,RCSL4,RECRUSUL,1.38,1.38,1.27,1.28,31622.0,1.4249999999999996,1.4279999999999995,0.06621337120488789,0.05302152441492215,1.5340430488298438,1.3219569511701552,1.587064573244766,1.268935426755233,1.640086097659688,1.215913902340311
20180601,RCSL4,RECRUSUL,1.36,1.4,1.26,1.3,7603.0,1.4094999999999998,1.4229999999999994,0.056145956408749004,0.05543302727454682,1.533866054549093,1.3121339454509058,1.5892990818236399,1.2567009181763589,1.6447321090981866,1.2012678909018122
20180604,RCSL4,RECRUSUL,1.36,1.39,1.29,1.39,43066.0,1.4029999999999998,1.4199999999999995,0.04985241376197608,0.0538278357119812,1.527655671423962,1.312344328576037,1.581483507135943,1.258516492864056,1.6353113428479242,1.2046886571520747
20180605,RCSL4,RECRUSUL,1.39,1.41,1.3,1.3,36024.0,1.3959999999999997,1.4157499999999994,0.05403702434443016,0.056427284725907245,1.5286045694518138,1.302895430548185,1.585031854177721,1.2464681458222777,1.6414591389036284,1.1900408610963704
20180606,RCSL4,RECRUSUL,1.35,1.35,1.22,1.26,14927.0,1.3884999999999998,1.4114999999999993,0.06183807377677288,0.06150046904136454,1.5345009380827284,1.2884990619172703,1.5960014071240929,1.2269985928759057,1.6575018761654574,1.1654981238345412
20180607,RCSL4,RECRUSUL,1.2,1.25,1.15,1.18,142831.0,1.3754999999999997,1.4049999999999994,0.07612144037136387,0.07136040703574946,1.5477208140714982,1.2622791859285005,1.6190812211072476,1.190918778892751,1.6904416281429973,1.1195583718570015
20180608,RCSL4,RECRUSUL,1.19,1.2,1.15,1.17,16487.0,1.3624999999999996,1.3984999999999994,0.08765212340179054,0.08030550640506859,1.5591110128101366,1.2378889871898622,1.6394165192152053,1.1575834807847936,1.7197220256202739,1.077277974379725
20180611,RCSL4,RECRUSUL,1.19,1.19,1.19,1.19,119.0,1.3504999999999998,1.3922499999999993,0.09411499125510243,0.08648365786044919,1.5652173157208977,1.219282684279101,1.6517009735813468,1.1327990264186518,1.7381846314417961,1.0463153685582025
20180612,RCSL4,RECRUSUL,1.18,1.18,1.08,1.08,10582.0,1.3344999999999998,1.3844999999999994,0.1109516253053348,0.09958761121591615,1.5836752224318318,1.185324777568167,1.6832628336477478,1.085737166352251,1.782850444863664,0.9861495551363348
20180613,RCSL4,RECRUSUL,1.15,1.15,1.08,1.08,27518.0,1.3154999999999997,1.3759999999999992,0.12045855369335731,0.11040252691273925,1.5968050538254777,1.1551949461745208,1.707207580738217,1.0447924192617815,1.8176101076509563,0.9343898923490422
20180614,RCSL4,RECRUSUL,1.13,1.14,1.05,1.07,33322.0,1.2974999999999999,1.3674999999999993,0.12903997748556237,0.1203573738326722,1.6082147476653437,1.1267852523346549,1.7285721214980159,1.0064278785019827,1.848929495330688,0.8860705046693105
20180615,RCSL4,RECRUSUL,1.08,1.08,1.01,1.05,4044.0,1.2784999999999997,1.3587499999999992,0.13627661497657803,0.1302500061518781,1.6192500123037554,1.098249987696243,1.7495000184556335,0.967999981544365,1.8797500246075116,0.8377499753924869
20180618,RCSL4,RECRUSUL,1.04,1.04,0.99,0.99,23727.0,1.2579999999999998,1.3484999999999994,0.14741991581515787,0.1424789683085072,1.6334579366170137,1.063542063382985,1.775936904925521,0.9210630950744778,1.9184158732340282,0.7785841267659706
20180619,RCSL4,RECRUSUL,1.0,1.0,0.97,0.97,5896.0,1.2369999999999997,1.3382499999999993,0.15721590919898687,0.15440352560077414,1.6470570512015477,1.0294429487984509,1.8014605768023217,0.8750394231976768,1.9558641024030958,0.7206358975969027
20180620,RCSL4,RECRUSUL,0.99,1.08,0.96,1.0,36105.0,1.2149999999999996,1.3277499999999993,0.15809723856572025,0.1627565036709123,1.653263007341824,1.0022369926581747,1.8160195110127362,0.8394804889872625,1.9787760146836484,0.6767239853163501
20180621,RCSL4,RECRUSUL,1.05,1.18,1.05,1.13,61273.0,1.1994999999999996,1.3204999999999993,0.14985870538259838,0.16498562485943014,1.6504712497188596,0.9905287502811391,1.8154568745782897,0.8255431254217089,1.9804424994377199,0.6605575005622788
20180622,RCSL4,RECRUSUL,1.13,1.14,1.08,1.1,9509.0,1.1829999999999996,1.3124999999999993,0.14105243519232594,0.16777197590013687,1.6480439518002732,0.9769560481997256,1.81581592770041,0.8091840722995887,1.9835879036005468,0.6414120963994518
20180625,RCSL4,RECRUSUL,1.11,1.37,1.09,1.35,182456.0,1.1789999999999998,1.3109999999999995,0.13466918531603778,0.16714495474717778,1.645289909494355,0.976710090505644,1.8124348642415329,0.8095651357584661,1.9795798189887106,0.6424201810112884
20180626,RCSL4,RECRUSUL,1.38,1.5,1.22,1.22,379840.0,1.1714999999999995,1.3039999999999994,0.12745587471749245,0.16487446662109315,1.6337489332421857,0.974251066757813,1.7986233998632788,0.80937660013672,1.963497866484372,0.6445021335156268
20180627,RCSL4,RECRUSUL,1.29,1.33,1.21,1.21,18606.0,1.1659999999999997,1.2984999999999993,0.12300620437925326,0.16423169999135823,1.6269633999827158,0.9700366000172829,1.791195099974074,0.8058049000259246,1.9554267999654322,0.6415732000345664
20180628,RCSL4,RECRUSUL,1.29,1.3,1.23,1.25,24966.0,1.1644999999999996,1.2947499999999994,0.12171904664345111,0.16356583399745275,1.6218816679949049,0.967618332005094,1.7854475019923577,0.8040524980076411,1.9490133359898105,0.6404866640101884
20180629,RCSL4,RECRUSUL,1.29,1.41,1.29,1.3,100018.0,1.1644999999999996,1.2869999999999995,0.12171904664345111,0.1553853769973726,1.5977707539947446,0.9762292460052543,1.7531561309921173,0.8208438690078816,1.9085415079894898,0.6654584920105091
20180702,RCSL4,RECRUSUL,1.31,1.36,1.27,1.27,18658.0,1.1584999999999996,1.2807499999999994,0.11263705102300516,0.15073133681300688,1.5822126736260131,0.9792873263739856,1.7329440104390201,0.8285559895609788,1.883675347252027,0.6778246527479719
20180703,RCSL4,RECRUSUL,1.3,1.34,1.25,1.28,21703.0,1.1574999999999995,1.2767499999999994,0.11139663606373831,0.14850343171378047,1.5737568634275603,0.9797431365724385,1.7222602951413408,0.831239704858658,1.8707637268551212,0.6827362731448775
20180704,RCSL4,RECRUSUL,1.32,1.32,1.22,1.25,25959.0,1.1569999999999996,1.2727499999999996,0.110933835187804,0.14696916648547792,1.5666883329709553,0.9788116670290438,1.7136574994564333,0.8318425005435659,1.8606266659419113,0.6848733340580879
20180705,RCSL4,RECRUSUL,1.25,1.28,1.22,1.22,5226.0,1.1589999999999994,1.2672499999999995,0.1117280533023735,0.14464789255468968,1.556545785109379,0.9779542148906202,1.7011936776640686,0.8333063223359305,1.8458415702187583,0.6886584297812408
20180706,RCSL4,RECRUSUL,1.23,1.28,1.23,1.24,4975.0,1.1624999999999992,1.2624999999999997,0.1131777828300102,0.14226645279103514,1.54703290558207,0.9779670944179295,1.689299358373105,0.8357006416268943,1.8315658111641402,0.6934341888358592
20180710,RCSL4,RECRUSUL,1.27,1.28,1.19,1.22,25563.0,1.1639999999999993,1.2572499999999995,0.11375874749477556,0.13977981769875678,1.5368096353975131,0.9776903646024859,1.6765894530962697,0.8379105469037292,1.8163692707950267,0.6981307292049724
20180711,RCSL4,RECRUSUL,1.24,1.24,1.2,1.21,3904.0,1.1704999999999992,1.2524999999999997,0.1124125391020484,0.13802173741842347,1.5285434748368467,0.9764565251631527,1.66656521225527,0.8384347877447293,1.8045869496736935,0.7004130503263059
20180712,RCSL4,RECRUSUL,1.2,1.29,1.2,1.21,34489.0,1.1769999999999992,1.2462499999999996,0.11064880430776451,0.13398598281068,1.5142219656213596,0.9782780343786397,1.6482079484320398,0.8442920515679596,1.7821939312427197,0.7103060687572796
20180713,RCSL4,RECRUSUL,1.25,1.26,1.21,1.25,9842.0,1.1859999999999993,1.2417499999999997,0.10879241459626361,0.1306372448560899,1.5030244897121796,0.9804755102878199,1.6336617345682694,0.84983826543173,1.7642989794243593,0.7192010205756401
20180716,RCSL4,RECRUSUL,1.22,1.22,1.2,1.21,9093.0,1.1939999999999993,1.2362499999999996,0.10404452488187843,0.12709147725061598,1.4904329545012316,0.9820670454987677,1.6175244317518476,0.8549755682481517,1.7446159090024635,0.7278840909975357
20180717,RCSL4,RECRUSUL,1.27,1.31,1.19,1.21,114887.0,1.2049999999999994,1.2314999999999998,0.09230954788958728,0.1243351550014356,1.4801703100028711,0.9828296899971286,1.6045054650043067,0.858494534995693,1.7288406200057422,0.7341593799942574
20180718,RCSL4,RECRUSUL,1.25,1.25,1.22,1.24,1726.0,1.2184999999999993,1.22775,0.07407499755760326,0.12166552510880085,1.4710810502176015,0.9844189497823982,1.5927465753264025,0.8627534246735973,1.7144121004352033,0.7410878995647965
20180719,RCSL4,RECRUSUL,1.24,1.26,1.24,1.25,18322.0,1.2309999999999994,1.2229999999999999,0.05349864730214124,0.11677723698102867,1.4565544739620573,0.9894455260379426,1.5733317109430858,0.8726682890569138,1.6901089479241145,0.7558910520758853
20180720,RCSL4,RECRUSUL,1.25,1.3,1.2,1.2,62530.0,1.2344999999999993,1.217,0.0486096156829398,0.11138291541414284,1.4397658308282857,0.9942341691717144,1.5511487462424287,0.8828512537575716,1.6625316616565715,0.7714683383434287
20180723,RCSL4,RECRUSUL,1.24,1.26,1.21,1.21,11167.0,1.2399999999999993,1.2115,0.037556974262984315,0.10589181707326198,1.423283634146524,0.999716365853476,1.529175451219786,0.8938245487802141,1.635067268293048,0.7879327317069521
20180724,RCSL4,RECRUSUL,1.23,1.64,1.23,1.49,2140517.0,1.2469999999999992,1.213,0.06333702666978767,0.10943210047963473,1.4318642009592695,0.9941357990407307,1.5412963014389043,0.8847036985610959,1.6507284019185389,0.7752715980814612
20180725,RCSL4,RECRUSUL,1.53,1.6,1.38,1.44,626974.0,1.2579999999999993,1.21475,0.07619918496594723,0.11252321697754031,1.4397964339550806,0.9897035660449194,1.552319650932621,0.8771803490673791,1.6648428679101612,0.7646571320898388
20180726,RCSL4,RECRUSUL,1.44,1.46,1.33,1.33,73595.0,1.2639999999999993,1.215,0.07694153624669152,0.11277388313767055,1.4405477662753412,0.989452233724659,1.5533216494130118,0.8766783505869884,1.6660955325506823,0.7639044674493178
20180727,RCSL4,RECRUSUL,1.37,1.44,1.26,1.32,199244.0,1.2674999999999994,1.216,0.07785783265198239,0.1135397818003994,1.4430795636007987,0.9889204363992011,1.5566193454011983,0.8753806545988018,1.6701591272015976,0.7618408727984023
20180730,RCSL4,RECRUSUL,1.35,1.46,1.34,1.34,223976.0,1.2694999999999994,1.217,0.07923814870709216,0.11447091221611715,1.4459418244322344,0.9880581755677658,1.5604127366483516,0.8735872633516486,1.6748836488644687,0.7591163511355314
20180731,RCSL4,RECRUSUL,1.37,1.37,1.28,1.31,87875.0,1.2714999999999992,1.2150000000000003,0.07975455769851113,0.11204394742174345,1.439087894843487,0.9909121051565134,1.5511318422652307,0.8788681577347699,1.663175789686974,0.7668242103130265
20180801,RCSL4,RECRUSUL,1.33,1.33,1.26,1.26,99636.0,1.2704999999999993,1.2140000000000002,0.07976775499437751,0.11144275292493198,1.4368855058498642,0.9911144941501362,1.5483282587747962,0.8796717412252042,1.6597710116997282,0.7682289883002722
20180802,RCSL4,RECRUSUL,1.29,1.41,1.26,1.37,2173071.0,1.2764999999999993,1.2167500000000002,0.0826071871474993,0.11393627323629037,1.444622546472581,0.9888774535274195,1.5585588197088713,0.8749411802911291,1.6724950929451616,0.7610049070548388
20180803,RCSL4,RECRUSUL,1.39,1.44,1.32,1.36,1316434.0,1.2834999999999994,1.2212500000000002,0.08349440573759773,0.11598380744631488,1.45321761489263,0.9892823851073704,1.5692014223389448,0.8732985776610556,1.6851852297852596,0.7573147702147407
20180806,RCSL4,RECRUSUL,1.37,1.37,1.31,1.32,109874.0,1.2874999999999994,1.225,0.0832165848854716,0.116706952751381,1.458413905502762,0.9915860944972381,1.5751208582541432,0.874879141745857,1.691827811005524,0.7581721889944761
20180807,RCSL4,RECRUSUL,1.33,1.45,1.32,1.38,260131.0,1.2954999999999994,1.2297500000000003,0.0840723372741458,0.11908814877848861,1.4679262975569776,0.9915737024430231,1.5870144463354663,0.8724855536645345,1.7061025951139548,0.7533974048860459
20180808,RCSL4,RECRUSUL,1.39,1.49,1.33,1.34,485792.0,1.3019999999999994,1.2362500000000005,0.0821167333418574,0.11779355038719554,1.4718371007743916,1.0006628992256095,1.5896306511615872,0.8828693488384138,1.7074242015487826,0.7650757984512184
20180809,RCSL4,RECRUSUL,1.37,1.44,1.34,1.38,261884.0,1.3104999999999993,1.2437500000000006,0.08088165493648118,0.11713869710294127,1.478027394205883,1.0094726057941181,1.5951660913088244,0.8923339086911768,1.7123047884117657,0.7751952115882355
20180810,RCSL4,RECRUSUL,1.39,1.39,1.31,1.32,76057.0,1.3139999999999994,1.2500000000000004,0.07963072667996816,0.11426465007346112,1.4785293001469226,1.0214706998530783,1.5927939502203838,0.907206049779617,1.7070586002938448,0.792941399706156
20180813,RCSL4,RECRUSUL,1.31,1.35,1.3,1.3,30824.0,1.3184999999999993,1.2562500000000005,0.07589986478041345,0.10979438825508321,1.475838776510167,1.036661223489834,1.5856331647652502,0.9268668352347509,1.6954275530203333,0.8170724469796677
20180814,RCSL4,RECRUSUL,1.35,1.37,1.3,1.31,104640.0,1.3234999999999992,1.2642500000000005,0.07154498033074816,0.10122043727961852,1.4666908745592375,1.0618091254407636,1.5679113118388561,0.960588688161145,1.6691317491184745,0.8593682508815265
20180815,RCSL4,RECRUSUL,1.31,1.33,1.28,1.3,28547.0,1.3264999999999993,1.2725000000000004,0.06907471164959358,0.08937819386439735,1.4512563877287952,1.0937436122712056,1.5406345815931926,1.0043654184068083,1.63001277545759,0.914987224542411
20180816,RCSL4,RECRUSUL,1.31,1.32,1.25,1.25,57654.0,1.3264999999999993,1.2787500000000005,0.06907471164959358,0.07782911919630116,1.434408238392603,1.123091761607398,1.512237357588904,1.045262642411097,1.590066476785205,0.9674335232147959
20180817,RCSL4,RECRUSUL,1.27,1.29,1.25,1.27,44837.0,1.3299999999999994,1.2822500000000006,0.0639078283648928,0.07402312528476038,1.4302962505695214,1.1342037494304797,1.5043193758542817,1.0601806241457195,1.578342501139042,0.986157498860959
20180820,RCSL4,RECRUSUL,1.28,1.29,1.25,1.25,6954.0,1.3319999999999994,1.2860000000000005,0.06048923349176988,0.06811754546370746,1.4222350909274155,1.1497649090725854,1.4903526363911228,1.0816473636088781,1.5584701818548303,1.0135298181451706
20180821,RCSL4,RECRUSUL,1.28,1.29,1.23,1.26,13162.0,1.3204999999999996,1.2837500000000004,0.04978638579498558,0.06743230223428262,1.4186146044685657,1.148885395531435,1.4860469067028483,1.0814530932971524,1.553479208937131,1.0140207910628698
20180822,RCSL4,RECRUSUL,1.25,1.29,1.25,1.27,58975.0,1.3119999999999994,1.2850000000000006,0.04225237458292236,0.06667948594698446,1.4183589718939695,1.1516410281060316,1.485038457840954,1.0849615421590473,1.5517179437879385,1.0182820562120627
20180823,RCSL4,RECRUSUL,1.3,1.3,1.22,1.22,20110.0,1.3064999999999993,1.2852500000000004,0.046710192734177605,0.06640927877708475,1.4180685575541698,1.152431442445831,1.4844778363312547,1.0860221636687462,1.5508871151083394,1.0196128848916615
20180824,RCSL4,RECRUSUL,1.23,1.26,1.23,1.25,27992.0,1.3029999999999995,1.2852500000000004,0.04824280693588943,0.06640927877708475,1.4180685575541698,1.152431442445831,1.4844778363312547,1.0860221636687462,1.5508871151083394,1.0196128848916615
20180827,RCSL4,RECRUSUL,1.26,1.29,1.24,1.26,17537.0,1.2989999999999995,1.2842500000000006,0.048330005935082285,0.06648259845580759,1.4172151969116158,1.1512848030883853,1.4836977953674233,1.0848022046325778,1.550180393823231,1.01831960617677
20180828,RCSL4,RECRUSUL,1.26,1.29,1.24,1.24,24738.0,1.2954999999999994,1.2835000000000005,0.04999736835180577,0.0668158587040474,1.4171317174080953,1.1498682825919058,1.4839475761121428,1.0830524238878583,1.55076343481619,1.016236565183811
20180829,RCSL4,RECRUSUL,1.26,1.27,1.23,1.26,27785.0,1.2954999999999994,1.2830000000000004,0.04999736835180577,0.06691747692455963,1.4168349538491196,1.149165046150881,1.4837524307736794,1.0822475692263214,1.5506699076982389,1.0153300923017619
20180830,RCSL4,RECRUSUL,1.25,1.26,1.25,1.25,14506.0,1.2894999999999994,1.2830000000000004,0.04773556546776431,0.06691747692455963,1.4168349538491196,1.149165046150881,1.4837524307736794,1.0822475692263214,1.5506699076982389,1.0153300923017619
20180831,RCSL4,RECRUSUL,1.26,1.34,1.25,1.3,190618.0,1.2864999999999995,1.2850000000000004,0.044871160589319295,0.06617769397227007,1.4173553879445404,1.1526446120554603,1.4835330819168107,1.08646691808319,1.5497107758890807,1.02028922411092
20180903,RCSL4,RECRUSUL,1.31,1.35,1.29,1.35,95454.0,1.2879999999999996,1.2877500000000004,0.046521076151747484,0.06654427868450659,1.4208385573690137,1.1546614426309871,1.4873828360535202,1.0881171639464806,1.5539271147380267,1.021572885261974
20180904,RCSL4,RECRUSUL,1.35,1.35,1.27,1.27,7230.0,1.2824999999999995,1.2890000000000004,0.04127889737410588,0.0657032957843313,1.420406591568663,1.1575934084313377,1.4861098873529943,1.0918901126470064,1.5518131831373256,1.026186816862675
20180905,RCSL4,RECRUSUL,1.31,1.35,1.28,1.32,90434.0,1.2814999999999996,1.2917500000000004,0.04003616785911235,0.06460481445900376,1.420959628918008,1.1625403710819928,1.4855644433770117,1.0979355566229891,1.5501692578360156,1.0333307421639852
20180906,RCSL4,RECRUSUL,1.33,1.35,1.27,1.27,29443.0,1.2759999999999996,1.2932500000000005,0.03267060484676648,0.06334227332314368,1.4199345466462878,1.166565453353713,1.4832768199694315,1.1032231800305694,1.5466190932925752,1.0398809067074257
20180910,RCSL4,RECRUSUL,1.3,1.34,1.26,1.32,101562.0,1.2759999999999996,1.2950000000000004,0.03267060484676648,0.06308317667561952,1.4211663533512393,1.1688336466487614,1.484249530026859,1.1057504699731417,1.5473327067024785,1.0426672932975223
20180911,RCSL4,RECRUSUL,1.32,1.35,1.31,1.35,88889.0,1.2784999999999997,1.2985000000000004,0.03631369177771987,0.062122707355934004,1.4227454147118683,1.1742545852881325,1.4848681220678024,1.1121318779321985,1.5469908294237364,1.0500091705762644
20180912,RCSL4,RECRUSUL,1.35,1.45,1.35,1.36,334723.0,1.2809999999999997,1.3022500000000004,0.04011824627537258,0.06116340031801522,1.4245768006360309,1.1799231993639698,1.4857402009540461,1.1187597990459546,1.5469036012720612,1.0575963987279395
20180913,RCSL4,RECRUSUL,1.39,1.4,1.33,1.36,34017.0,1.2839999999999996,1.3052500000000005,0.043697524920885855,0.06097445871334046,1.4271989174266815,1.1833010825733195,1.4881733761400218,1.1223266238599792,1.5491478348533623,1.0613521651466387
20180914,RCSL4,RECRUSUL,1.36,1.45,1.33,1.35,213765.0,1.2889999999999997,1.3077500000000004,0.04529435889124964,0.06070050479239466,1.4291510095847897,1.1863489904152111,1.4898515143771844,1.1256484856228164,1.550552019169579,1.0649479808304219
20180917,RCSL4,RECRUSUL,1.38,1.45,1.37,1.39,143090.0,1.2949999999999997,1.3125000000000004,0.050314798492782524,0.05947419177407736,1.431448383548155,1.1935516164518458,1.4909225753222326,1.1340774246777683,1.55039676709631,1.074603232903691
20180918,RCSL4,RECRUSUL,1.43,1.55,1.43,1.5,406416.0,1.3074999999999997,1.3197500000000004,0.06687576856420788,0.0641507639301416,1.4480515278602837,1.1914484721397172,1.5122022917904252,1.1272977082095756,1.576353055720567,1.063146944279434
20180919,RCSL4,RECRUSUL,1.55,1.7,1.54,1.55,380022.0,1.3219999999999996,1.3212500000000003,0.08501393074698677,0.06876893678592763,1.4587878735718556,1.183712126428145,1.5275568103577832,1.1149431896422173,1.5963257471437107,1.0461742528562898
20180920,RCSL4,RECRUSUL,1.58,1.59,1.5,1.54,12858.0,1.3354999999999997,1.3237500000000002,0.09692509316070495,0.07475386963656978,1.4732577392731399,1.1742422607268606,1.5480116089097096,1.0994883910902908,1.6227654785462793,1.0247345214537211
20180921,RCSL4,RECRUSUL,1.57,1.58,1.51,1.55,37820.0,1.3519999999999999,1.3292500000000003,0.10405464151614478,0.0828773421759777,1.4950046843519558,1.1634953156480448,1.5778820265279334,1.0806179734720671,1.660759368703911,0.9977406312960895
20180924,RCSL4,RECRUSUL,1.55,1.68,1.54,1.55,400285.0,1.3669999999999998,1.3350000000000002,0.11002870438878404,0.08990022959954845,1.5148004591990971,1.1551995408009033,1.6047006887986455,1.065299311201355,1.694600918398194,0.9753990816018063
20180925,RCSL4,RECRUSUL,1.52,1.67,1.51,1.61,247819.0,1.3844999999999996,1.34175,0.11953748586245447,0.09986882422098652,1.541487648441973,1.142012351558027,1.6413564726629595,1.0421435273370405,1.7412252968839461,0.9422747031160539
20180926,RCSL4,RECRUSUL,1.62,1.67,1.53,1.53,120333.0,1.3989999999999998,1.34725,0.1186724816237426,0.10404603271185871,1.5553420654237176,1.1391579345762826,1.6593880981355762,1.035111901864424,1.7634341308474348,0.9310658691525653
20180927,RCSL4,RECRUSUL,1.57,1.57,1.52,1.52,35542.0,1.4119999999999997,1.3537500000000002,0.11687149938467338,0.10654690793140756,1.5668438158628153,1.1406561841371852,1.673390723794223,1.0341092762057775,1.7799376317256304,0.92756236827437
20180928,RCSL4,RECRUSUL,1.56,1.56,1.43,1.44,56808.0,1.4214999999999998,1.3555000000000001,0.11056196167046646,0.10739216416050648,1.570284328321013,1.1407156716789872,1.6776764924815195,1.0333235075184808,1.785068656642026,0.9259313433579742
20181001,RCSL4,RECRUSUL,1.52,1.53,1.45,1.53,50985.0,1.4329999999999998,1.3597500000000002,0.10921249205586903,0.11088195386224009,1.5815139077244804,1.13798609227552,1.6923958615867205,1.02710413841328,1.8032778154489606,0.9162221845510399
20181002,RCSL4,RECRUSUL,1.55,1.55,1.5,1.5,13489.0,1.4404999999999997,1.3642500000000002,0.1083597808472487,0.11286223733111472,1.5899744746622297,1.1385255253377706,1.7028367119933443,1.025663288006656,1.815698949324459,0.9128010506755413
20181003,RCSL4,RECRUSUL,1.56,1.59,1.51,1.59,46257.0,1.4564999999999997,1.3695000000000002,0.10544517158470033,0.11836384583140347,1.606227691662807,1.1327723083371932,1.7245915374942107,1.0144084625057896,1.842955383325614,0.8960446166743863
20181004,RCSL4,RECRUSUL,1.57,1.58,1.52,1.58,10009.0,1.4694999999999996,1.3755000000000002,0.1037443720731041,0.12282883650398764,1.6211576730079755,1.1298423269920248,1.743986509511963,1.0070134904880372,1.8668153460159507,0.8841846539840497
20181005,RCSL4,RECRUSUL,1.62,1.62,1.5,1.5,48306.0,1.4809999999999997,1.3785,0.09261692467817445,0.1243970071368907,1.6272940142737815,1.1297059857262186,1.751691021410672,1.005308978589328,1.8760880285475627,0.8809119714524373
20181008,RCSL4,RECRUSUL,1.56,1.61,1.52,1.53,119197.0,1.4914999999999998,1.38375,0.08499380782399134,0.12628188858508427,1.6363137771701686,1.1311862228298315,1.7625956657552528,1.0049043342447472,1.888877554340337,0.878622445659663
20181009,RCSL4,RECRUSUL,1.59,1.89,1.59,1.67,878267.0,1.5074999999999996,1.3930000000000002,0.08704959264090702,0.13334358934914373,1.6596871786982876,1.1263128213017128,1.7930307680474313,0.992969231952569,1.926374357396575,0.8596256426034253
20181010,RCSL4,RECRUSUL,1.69,1.77,1.63,1.64,117125.0,1.5214999999999996,1.40125,0.08455922869737631,0.13819695161579248,1.677643903231585,1.1248560967684151,1.8158408548473775,0.9866591451526227,1.95403780646317,0.8484621935368302
20181011,RCSL4,RECRUSUL,1.7,1.71,1.66,1.7,21685.0,1.5384999999999998,1.4112500000000003,0.08455922869737609,0.1449878421074492,1.7012256842148987,1.121274315785102,1.846213526322348,0.9762864736776528,1.9912013684297971,0.8312986315702036
20181015,RCSL4,RECRUSUL,1.7,1.77,1.69,1.7,148770.0,1.5559999999999998,1.4225000000000003,0.07956460466683571,0.1495420359391324,1.7215840718782651,1.1234159281217355,1.8711261078173975,0.9738738921826031,2.02066814375653,0.8243318562434707
20181016,RCSL4,RECRUSUL,1.74,1.74,1.63,1.68,126715.0,1.5704999999999998,1.4327500000000002,0.0739469938181208,0.1528362203681134,1.738422440736227,1.1270775592637734,1.8912586611043403,0.97424133889566,2.0440948814724536,0.8214051185275466
20181017,RCSL4,RECRUSUL,1.7,1.75,1.63,1.68,53482.0,1.5795,1.4435000000000002,0.07584436973864947,0.15476284586921604,1.7530256917384324,1.133974308261568,1.9077885376076482,0.9792114623923521,2.0625513834768645,0.8244486165231361
20181018,RCSL4,RECRUSUL,1.75,1.75,1.59,1.62,78058.0,1.5829999999999997,1.4525000000000001,0.07602631123499504,0.1542849511580647,1.7610699023161296,1.1439300976838707,1.9153548534741942,0.989645146525806,2.069639804632259,0.8353601953677413
20181019,RCSL4,RECRUSUL,1.66,1.74,1.65,1.67,54974.0,1.5894999999999997,1.4625000000000001,0.07769542423700856,0.15511368866175762,1.7727273773235153,1.152272622676485,1.927841065985273,0.9971589340147273,2.0829547546470306,0.8420452453529697
20181022,RCSL4,RECRUSUL,1.73,1.9,1.73,1.76,172659.0,1.5999999999999994,1.4760000000000002,0.08583950752789699,0.15695499926689832,1.7899099985337967,1.1620900014662037,1.946864997800695,1.0051350021993053,2.1038199970675935,0.8481800029324069
20181023,RCSL4,RECRUSUL,1.85,1.85,1.74,1.76,37268.0,1.6104999999999996,1.48875,0.09202259447949257,0.15882884676312053,1.806407693526241,1.171092306473759,1.9652365402893617,1.0122634597106384,2.1240653870524824,0.8534346129475179
20181024,RCSL4,RECRUSUL,1.77,1.79,1.7,1.77,271407.0,1.6184999999999998,1.5015000000000003,0.09869010508711368,0.16045687974160072,1.8224137594832017,1.1805862405167988,1.9828706392248026,1.020129360775198,2.1433275189664034,0.8596724810335974
20181025,RCSL4,RECRUSUL,1.78,1.9,1.71,1.78,584164.0,1.6309999999999998,1.5150000000000001,0.1026439938510017,0.16060781984346856,1.8362156396869374,1.193784360313063,1.9968234595304057,1.0331765404695945,2.157431279373874,0.8725687206261259
20181026,RCSL4,RECRUSUL,1.81,2.45,1.81,1.93,1969542.0,1.6514999999999997,1.5317500000000002,0.11895487866369744,0.16809471536408746,1.8679394307281751,1.1955605692718252,2.0360341460922626,1.0274658539077377,2.20412886145635,0.8593711385436503
20181029,RCSL4,RECRUSUL,2.11,2.35,1.92,1.94,201961.0,1.6764999999999997,1.5490000000000002,0.1245740109755101,0.1737490084826909,1.896498016965382,1.2015019830346183,2.0702470254480727,1.0277529745519276,2.2439960339307636,0.8540039660692366
20181030,RCSL4,RECRUSUL,2.09,2.09,1.9,1.97,157117.0,1.6984999999999997,1.5657500000000002,0.1356960613010995,0.18126178122630698,1.9282735624526142,1.2032264375473862,2.109535343678921,1.0219646563210794,2.290797124905228,0.8407028750947723
20181031,RCSL4,RECRUSUL,2.02,2.3,1.99,2.04,512642.0,1.7254999999999996,1.5830000000000004,0.14734402993638684,0.192676159822908,1.9683523196458164,1.1976476803541845,2.1610284794687242,1.0049715205312764,2.3537046392916325,0.8122953607083684
20181101,RCSL4,RECRUSUL,2.19,2.2,2.06,2.12,316149.0,1.7519999999999993,1.6042500000000004,0.16791601910980472,0.20382103134984142,2.0118920626996832,1.1966079373003176,2.2157130940495247,0.9927869059504761,2.419534125399366,0.7889658746006347
20181105,RCSL4,RECRUSUL,2.19,2.21,2.06,2.1,268489.0,1.7779999999999994,1.6237500000000005,0.17972493603164538,0.2130328914053251,2.0498157828106507,1.1976842171893503,2.262848674215976,0.9846513257840251,2.475881565621301,0.7716184343787
20181106,RCSL4,RECRUSUL,2.16,2.16,2.04,2.13,152870.0,1.8094999999999994,1.6452500000000003,0.18360354887064348,0.21970828561806896,2.0846665712361383,1.2058334287638623,2.3043748568542073,0.9861251431457935,2.5240831424722763,0.7664168575277245
20181107,RCSL4,RECRUSUL,2.17,2.18,1.95,1.95,346293.0,1.8304999999999996,1.6610000000000007,0.1737049828088751,0.21837159578606835,2.097743191572137,1.224256808427864,2.316114787358206,1.0058852126417956,2.534486383144274,0.7875136168557273
20181108,RCSL4,RECRUSUL,2.05,2.07,1.85,1.97,147123.0,1.8454999999999995,1.6765000000000008,0.17206103568210906,0.2177336646408839,2.1119673292817684,1.241032670718233,2.3297009939226525,1.023299006077349,2.547434658563536,0.8055653414364652
20181109,RCSL4,RECRUSUL,2.03,2.03,1.8,1.93,116674.0,1.8599999999999994,1.6907500000000009,0.1659422854647457,0.21512533615641471,2.1210006723128303,1.2604993276871714,2.336126008469245,1.0453739915307567,2.5512513446256597,0.830248655374342
20181112,RCSL4,RECRUSUL,1.98,1.99,1.9,1.94,68519.0,1.8719999999999992,1.7052500000000008,0.16240300749094905,0.21178106135516014,2.128812122710321,1.2816878772896805,2.3405931840654812,1.0699068159345204,2.5523742454206415,0.8581257545793602
20181113,RCSL4,RECRUSUL,1.95,1.95,1.89,1.9,29315.0,1.881999999999999,1.7190000000000012,0.15733303597949894,0.2058976594180864,2.130795318836174,1.3072046811638285,2.3366929782542605,1.101307021745742,2.5425906376723466,0.8954093623276556
20181114,RCSL4,RECRUSUL,1.9,1.91,1.74,1.82,169494.0,1.888999999999999,1.729750000000001,0.15085371094296335,0.1994027942606986,2.1285555885213983,1.3309444114786038,2.327958382782097,1.1315416172179051,2.5273611770427955,0.9321388229572066
20181116,RCSL4,RECRUSUL,1.9,1.9,1.7,1.82,221809.0,1.895999999999999,1.7377500000000008,0.1437248833892835,0.19634464074356112,2.130439281487123,1.3450607185128787,2.326783922230684,1.1487160777693175,2.5231285629742453,0.9523714370257563
20181119,RCSL4,RECRUSUL,1.85,1.97,1.84,1.9,137087.0,1.909999999999999,1.746500000000001,0.12822677280177439,0.1955603389080881,2.1376206778161775,1.3553793221838248,2.3331810167242653,1.1598189832757368,2.5287413556323535,0.9642586443676486
20181121,RCSL4,RECRUSUL,1.91,1.91,1.79,1.85,106660.0,1.9189999999999992,1.7542500000000008,0.11625290035997048,0.19329647084472537,2.1408429416894514,1.36765705831055,2.334139412534177,1.1743605874658245,2.527435883378902,0.9810641166210993
20181122,RCSL4,RECRUSUL,1.91,1.95,1.85,1.91,131842.0,1.926499999999999,1.7632500000000007,0.11013269508332094,0.19191861923809406,2.147087238476189,1.3794127615238125,2.339005857714283,1.1874941422857184,2.530924476952377,0.9955755230476244
20181123,RCSL4,RECRUSUL,1.68,2.03,1.65,1.78,1134886.0,1.927499999999999,1.7690000000000008,0.10862174833119871,0.18878559267062758,2.146571185341256,1.3914288146587457,2.3353567780118833,1.202643221988118,2.5241423706825112,1.0138576293174903
20181126,RCSL4,RECRUSUL,1.88,2.27,1.86,2.13,3325725.0,1.9454999999999991,1.7820000000000007,0.11095162530533145,0.19534584715319675,2.172691694306394,1.3913083056936073,2.368037541459591,1.1959624585404105,2.5633833886127877,1.0006166113872137
20181127,RCSL4,RECRUSUL,2.25,3.05,2.16,2.58,5734865.0,1.985499999999999,1.8082500000000006,0.1742797207153818,0.22837090276733887,2.2649918055346783,1.3515081944653229,2.4933627083020173,1.1231372916979838,2.721733611069356,0.8947663889306451
20181128,RCSL4,RECRUSUL,2.61,2.64,2.0,2.0,1274011.0,1.988999999999999,1.8202500000000008,0.1738087272958709,0.22542822497501222,2.2711064499500253,1.3693935500499763,2.4965346749250372,1.1439653250749642,2.7219628999000496,0.9185371000999519
20181129,RCSL4,RECRUSUL,2.05,2.3,1.95,2.15,2514171.0,1.999499999999999,1.838000000000001,0.17700654165728896,0.22265530448517215,2.2833106089703454,1.3926893910296567,2.5059659134555172,1.1700340865444845,2.7286212179406895,0.9473787820593124
20181130,RCSL4,RECRUSUL,2.25,2.32,1.91,1.95,712822.0,1.9984999999999993,1.848500000000001,0.17723831711182395,0.2176040865000898,2.2837081730001807,1.4132918269998214,2.5013122595002706,1.1956877404997315,2.71891634600036,0.9780836539996417
20181203,RCSL4,RECRUSUL,2.05,2.05,1.84,1.89,500969.0,1.9909999999999992,1.858250000000001,0.17855855592700323,0.21019999634048178,2.2786499926809647,1.4378500073190374,2.488849989021446,1.2276500109785558,2.699049985361928,1.017450014638074
20181204,RCSL4,RECRUSUL,1.92,1.93,1.74,1.76,350230.0,1.9729999999999994,1.8625000000000012,0.18296102547292736,0.2063200153110425,2.275140030622086,1.4498599693779162,2.4814600459331286,1.2435399540668737,2.687780061244171,1.0372199387558312
20181205,RCSL4,RECRUSUL,1.8,1.97,1.8,1.92,530902.0,1.9639999999999993,1.871000000000001,0.1807993945029449,0.20132637108016374,2.2736527421603285,1.4683472578396737,2.4749791132404924,1.2670208867595099,2.676305484320656,1.065694515679346
20181206,RCSL4,RECRUSUL,1.9,1.94,1.82,1.87,180323.0,1.9509999999999992,1.8802500000000013,0.1775535501134649,0.1921336006866592,2.2645172013733195,1.495982798626683,2.456650802059979,1.3038491979400237,2.648784402746638,1.1117155972533646
20181207,RCSL4,RECRUSUL,1.88,1.88,1.78,1.8,157959.0,1.943499999999999,1.8870000000000011,0.18073752413812388,0.18408749313357825,2.2551749862671575,1.5188250137328447,2.439262479400736,1.3347375205992664,2.623349972534314,1.1506500274656881
20181210,RCSL4,RECRUSUL,1.82,1.83,1.7,1.74,108095.0,1.931999999999999,1.888750000000001,0.18619740514897223,0.1822957233980843,2.2533414467961697,1.5241585532038324,2.435637170194254,1.341862829805748,2.6179328935923385,1.1595671064076638
20181211,RCSL4,RECRUSUL,1.74,1.74,1.59,1.62,387871.0,1.9164999999999988,1.888250000000001,0.19884601288963594,0.18302147134792426,2.25429294269585,1.5222070573041526,2.437314414043774,1.3391855859562283,2.620335885391698,1.1561641146083041
20181212,RCSL4,RECRUSUL,1.68,1.69,1.42,1.45,778802.0,1.891999999999999,1.882000000000001,0.22434935163478273,0.19357897745576766,2.2691579549115364,1.4948420450884656,2.462736932367304,1.3012630676326982,2.6563159098230718,1.1076840901769303
20181213,RCSL4,RECRUSUL,1.46,1.68,1.4,1.5,833142.0,1.8719999999999992,1.8770000000000011,0.24082314978773173,0.20084692474490934,2.27869384948982,1.4753061505101823,2.479540774234729,1.2744592257652732,2.6803876989796382,1.0736123010203638
20181214,RCSL4,RECRUSUL,1.6,1.66,1.5,1.6,577758.0,1.8609999999999993,1.8750000000000007,0.24823376079816392,0.2032429391336693,2.2814858782673393,1.468514121732662,2.4847288174010087,1.2652711825989926,2.6879717565346777,1.0620282434653234
20181217,RCSL4,RECRUSUL,1.66,1.68,1.55,1.55,425197.0,1.847499999999999,1.8717500000000005,0.25774068975987247,0.20743720087701822,2.286624401754037,1.456875598245964,2.494061602631055,1.2494383973689458,2.7014988035080734,1.0420011964919276
20181218,RCSL4,RECRUSUL,1.6,1.62,1.49,1.52,148775.0,1.8284999999999993,1.8692500000000003,0.2674888094068514,0.21111896634058736,2.291487932681175,1.4470120673188256,2.5026068990217625,1.2358931009782381,2.71372586536235,1.0247741346376509
20181219,RCSL4,RECRUSUL,1.54,1.59,1.46,1.48,80866.0,1.8099999999999992,1.8645000000000003,0.27849218074632237,0.21775015087280264,2.3000003017456057,1.4289996982543949,2.517750452618408,1.2112495473815923,2.735500603491211,0.9934993965087897
20181220,RCSL4,RECRUSUL,1.5,1.55,1.4,1.43,165900.0,1.7859999999999991,1.8562500000000004,0.28987111473531635,0.22782908010960728,2.311908160219215,1.4005918397807857,2.5397372403288223,1.1727627596711785,2.7675663204384295,0.9449336795615713
20181221,RCSL4,RECRUSUL,1.5,1.53,1.42,1.45,274417.0,1.7694999999999994,1.8485000000000003,0.2994639948483399,0.23630217508249488,2.32110435016499,1.3758956498350106,2.557406525247485,1.1395934747525156,2.79370870032998,0.9032912996700208
20181226,RCSL4,RECRUSUL,1.47,1.52,1.26,1.26,157067.0,1.725999999999999,1.8357500000000004,0.3074239315411389,0.25376030988276116,2.343270619765523,1.328229380234478,2.597030929648284,1.074469070351717,2.850791239531045,0.8207087604689558
20181227,RCSL4,RECRUSUL,1.34,1.44,1.26,1.26,250103.0,1.659999999999999,1.8227500000000005,0.2509350933062811,0.26951987225149404,2.3617897445029885,1.2837102554970126,2.631309616754483,1.0141903832455184,2.900829489005977,0.7446705109940244
20181228,RCSL4,RECRUSUL,1.36,1.39,1.3,1.33,361150.0,1.626499999999999,1.8077500000000004,0.24785978633939595,0.27989455432084,2.3675391086416804,1.2479608913583204,2.6474336629625204,0.9680663370374805,2.9273282172833603,0.6881717827166405
