DATA DO PREGAO,CODIGO DE NEGOCIACAO DO PAPEL,NOME RESUMIDO DA EMPRESA EMISSORA,PRECO DE ABERTURA,PRECO MAXIMO,PRECO MINIMO,PRECO FECHAMENTO,VOLUME TOTAL DE TITULOS NEGOCIADOS NESTE PAPEL,MA_20,MA_40,STD_20,STD_40,BANDA_1_40 SUPERIOR,BANDA_1_40 INFERIOR,BANDA_2_40 SUPERIOR,BANDA_2_40 INFERIOR,BANDA_3_40 SUPERIOR,BANDA_3_40 INFERIOR
20180102,RSID3,ROSSI RESID,7.2,7.45,7.2,7.28,1113231.0,0.0,0.0,0.0,0.0,0.0,0.0,0.0,0.0,0.0,0.0
20180103,RSID3,ROSSI RESID,7.33,7.33,7.1,7.1,444998.0,0.0,0.0,0.0,0.0,0.0,0.0,0.0,0.0,0.0,0.0
20180104,RSID3,ROSSI RESID,7.18,7.21,7.0,7.21,772389.0,0.0,0.0,0.0,0.0,0.0,0.0,0.0,0.0,0.0,0.0
20180105,RSID3,ROSSI RESID,7.21,7.29,7.13,7.22,443622.0,0.0,0.0,0.0,0.0,0.0,0.0,0.0,0.0,0.0,0.0
20180108,RSID3,ROSSI RESID,7.22,7.22,7.11,7.22,111143.0,0.0,0.0,0.0,0.0,0.0,0.0,0.0,0.0,0.0,0.0
20180109,RSID3,ROSSI RESID,7.16,7.16,7.0,7.02,521500.0,0.0,0.0,0.0,0.0,0.0,0.0,0.0,0.0,0.0,0.0
20180110,RSID3,ROSSI RESID,7.09,7.13,7.01,7.1,238293.0,0.0,0.0,0.0,0.0,0.0,0.0,0.0,0.0,0.0,0.0
20180111,RSID3,ROSSI RESID,7.18,7.18,6.95,6.98,442773.0,0.0,0.0,0.0,0.0,0.0,0.0,0.0,0.0,0.0,0.0
20180112,RSID3,ROSSI RESID,6.98,6.98,6.76,6.76,605941.0,0.0,0.0,0.0,0.0,0.0,0.0,0.0,0.0,0.0,0.0
20180115,RSID3,ROSSI RESID,6.8,6.85,6.66,6.74,307463.0,0.0,0.0,0.0,0.0,0.0,0.0,0.0,0.0,0.0,0.0
20180116,RSID3,ROSSI RESID,6.75,6.98,6.75,6.82,461699.0,0.0,0.0,0.0,0.0,0.0,0.0,0.0,0.0,0.0,0.0
20180117,RSID3,ROSSI RESID,6.9,6.95,6.7,6.73,716738.0,0.0,0.0,0.0,0.0,0.0,0.0,0.0,0.0,0.0,0.0
20180118,RSID3,ROSSI RESID,6.75,6.81,6.66,6.81,404821.0,0.0,0.0,0.0,0.0,0.0,0.0,0.0,0.0,0.0,0.0
20180119,RSID3,ROSSI RESID,6.8,6.8,6.65,6.65,304847.0,0.0,0.0,0.0,0.0,0.0,0.0,0.0,0.0,0.0,0.0
20180122,RSID3,ROSSI RESID,6.7,7.28,6.62,7.25,2558226.0,0.0,0.0,0.0,0.0,0.0,0.0,0.0,0.0,0.0,0.0
20180123,RSID3,ROSSI RESID,7.29,7.29,6.81,6.81,1164278.0,0.0,0.0,0.0,0.0,0.0,0.0,0.0,0.0,0.0,0.0
20180124,RSID3,ROSSI RESID,6.9,7.04,6.9,6.99,580912.0,0.0,0.0,0.0,0.0,0.0,0.0,0.0,0.0,0.0,0.0
20180126,RSID3,ROSSI RESID,6.99,7.32,6.99,7.25,1200534.0,0.0,0.0,0.0,0.0,0.0,0.0,0.0,0.0,0.0,0.0
20180129,RSID3,ROSSI RESID,7.16,7.25,7.0,7.1,401661.0,0.0,0.0,0.0,0.0,0.0,0.0,0.0,0.0,0.0,0.0
20180130,RSID3,ROSSI RESID,7.07,7.14,6.95,7.08,701912.0,7.006,0.0,0.20597393805502354,0.0,0.0,0.0,0.0,0.0,0.0,0.0
20180131,RSID3,ROSSI RESID,7.05,7.27,7.01,7.01,618761.0,6.9925,0.0,0.195660151121382,0.0,0.0,0.0,0.0,0.0,0.0,0.0
20180201,RSID3,ROSSI RESID,7.04,7.14,6.95,7.07,398411.0,6.991,0.0,0.19490618526006692,0.0,0.0,0.0,0.0,0.0,0.0,0.0
20180202,RSID3,ROSSI RESID,7.12,7.12,6.95,7.08,350930.0,6.9845,0.0,0.18930551747735297,0.0,0.0,0.0,0.0,0.0,0.0,0.0
20180205,RSID3,ROSSI RESID,7.14,7.14,6.9,6.9,390685.0,6.968500000000001,0.0,0.1817249222545466,0.0,0.0,0.0,0.0,0.0,0.0,0.0
20180206,RSID3,ROSSI RESID,6.9,7.0,6.72,6.83,757686.0,6.949000000000001,0.0,0.17408104585599135,0.0,0.0,0.0,0.0,0.0,0.0,0.0
20180207,RSID3,ROSSI RESID,6.83,6.93,6.75,6.91,622892.0,6.9435,0.0,0.17345634973432908,0.0,0.0,0.0,0.0,0.0,0.0,0.0
20180208,RSID3,ROSSI RESID,6.91,6.91,6.75,6.9,225972.0,6.9335,0.0,0.16968314123993775,0.0,0.0,0.0,0.0,0.0,0.0,0.0
20180209,RSID3,ROSSI RESID,6.79,6.89,6.71,6.72,460341.0,6.920500000000001,0.0,0.17578320978439702,0.0,0.0,0.0,0.0,0.0,0.0,0.0
20180214,RSID3,ROSSI RESID,6.8,7.03,6.77,7.03,350280.0,6.934000000000002,0.0,0.17315645496121954,0.0,0.0,0.0,0.0,0.0,0.0,0.0
20180215,RSID3,ROSSI RESID,7.04,7.09,6.82,6.92,297918.0,6.9430000000000005,0.0,0.1671148360291588,0.0,0.0,0.0,0.0,0.0,0.0,0.0
20180216,RSID3,ROSSI RESID,6.95,7.1,6.9,7.08,514819.0,6.956000000000001,0.0,0.16715577355143596,0.0,0.0,0.0,0.0,0.0,0.0,0.0
20180219,RSID3,ROSSI RESID,7.1,7.12,6.99,7.12,293809.0,6.975500000000002,0.0,0.1620745442527505,0.0,0.0,0.0,0.0,0.0,0.0,0.0
20180220,RSID3,ROSSI RESID,7.1,7.12,7.04,7.08,68006.0,6.9890000000000025,0.0,0.1587749151604573,0.0,0.0,0.0,0.0,0.0,0.0,0.0
20180221,RSID3,ROSSI RESID,7.03,7.2,6.83,7.0,1547692.0,7.006500000000003,0.0,0.1372770920437923,0.0,0.0,0.0,0.0,0.0,0.0,0.0
20180222,RSID3,ROSSI RESID,7.0,7.0,6.87,6.95,587337.0,6.991500000000002,0.0,0.12512204568256277,0.0,0.0,0.0,0.0,0.0,0.0,0.0
20180223,RSID3,ROSSI RESID,6.94,7.01,6.82,6.97,306422.0,6.999500000000002,0.0,0.1178078274586462,0.0,0.0,0.0,0.0,0.0,0.0,0.0
20180226,RSID3,ROSSI RESID,7.01,7.05,6.91,6.94,230106.0,6.997000000000002,0.0,0.11854823579676822,0.0,0.0,0.0,0.0,0.0,0.0,0.0
20180227,RSID3,ROSSI RESID,6.94,6.98,6.89,6.95,212127.0,6.982000000000001,0.0,0.10278234540190093,0.0,0.0,0.0,0.0,0.0,0.0,0.0
20180228,RSID3,ROSSI RESID,7.0,7.0,6.9,6.99,351432.0,6.9765000000000015,0.0,0.09900956891554473,0.0,0.0,0.0,0.0,0.0,0.0,0.0
20180301,RSID3,ROSSI RESID,6.95,6.95,6.88,6.88,129841.0,6.966500000000001,6.986250000000001,0.0981017194977794,0.16049103337841578,7.307232066756833,6.665267933243169,7.467723100135248,6.504776899864754,7.628214133513664,6.344285866486338
20180302,RSID3,ROSSI RESID,6.9,6.9,6.82,6.87,137073.0,6.959500000000001,6.976000000000002,0.0998143012641078,0.15421929108769009,7.284438582175382,6.667561417824621,7.438657873263072,6.513342126736932,7.592877164350762,6.3591228356492415
20180305,RSID3,ROSSI RESID,6.82,6.9,6.8,6.9,236398.0,6.951000000000002,6.971000000000001,0.09711089699817159,0.15333556297152595,7.277671125943053,6.664328874056949,7.431006688914579,6.510993311085423,7.584342251886104,6.357657748113898
20180306,RSID3,ROSSI RESID,6.89,6.92,6.2,6.26,2577703.0,6.910000000000001,6.947250000000001,0.17864990756696292,0.18555512692514056,7.318360253850282,6.57613974614972,7.503915380775423,6.39058461922458,7.689470507700563,6.205029492299439
20180307,RSID3,ROSSI RESID,6.26,6.68,6.05,6.45,2277725.0,6.8875,6.928,0.2061903821331413,0.19617103997042182,7.320342079940843,6.5356579200591565,7.516513119911266,6.339486880088734,7.712684159881687,6.143315840118313
20180308,RSID3,ROSSI RESID,6.44,6.65,6.3,6.49,974965.0,6.8705,6.90975,0.22439333417250384,0.2021739223337044,7.314097844667408,6.505402155332591,7.516271767001113,6.303228232998887,7.718445689334818,6.101054310665182
20180309,RSID3,ROSSI RESID,6.49,6.65,6.35,6.37,768511.0,6.843500000000001,6.8935,0.25037393087771403,0.21854472053059237,7.330589441061186,6.456410558938815,7.549134161591778,6.237865838408223,7.76767888212237,6.019321117877631
20180312,RSID3,ROSSI RESID,6.43,6.47,6.28,6.35,230737.0,6.816,6.874750000000001,0.2730220735244304,0.2321249387280199,7.3389998774560405,6.410500122543961,7.57112481618406,6.178375183815941,7.8032497549120805,5.946250245087921
20180313,RSID3,ROSSI RESID,6.42,6.42,6.0,6.1,1589354.0,6.784999999999999,6.85275,0.31626937219635154,0.26171022828644547,7.376170456572892,6.329329543427109,7.637880684859336,6.067619315140664,7.899590913145782,5.805909086854219
20180314,RSID3,ROSSI RESID,6.13,6.14,6.05,6.05,350848.0,6.736,6.835000000000001,0.35038925722537256,0.2906403187305483,7.416280637461098,6.253719362538904,7.706920956191646,5.963079043808356,7.9975612749221945,5.672438725077807
20180315,RSID3,ROSSI RESID,6.09,6.09,6.01,6.03,166806.0,6.6915000000000004,6.81725,0.3809720945713824,0.31706981759664377,7.451389635193287,6.183110364806712,7.768459452789931,5.866040547210068,8.085529270386575,5.5489707296134245
20180316,RSID3,ROSSI RESID,6.13,6.16,6.04,6.11,148201.0,6.643000000000001,6.7995,0.3905340473060761,0.33620773492833367,7.471915469856667,6.127084530143333,7.8081232047850015,5.790876795214999,8.144330939713335,5.454669060286665
20180319,RSID3,ROSSI RESID,6.19,6.27,6.06,6.14,458856.0,6.593999999999999,6.78475,0.38901224442913235,0.3519104453386701,7.48857089067734,6.08092910932266,7.84048133601601,5.7290186639839895,8.19239178135468,5.377108218645319
20180320,RSID3,ROSSI RESID,6.23,6.25,6.07,6.24,367559.0,6.552,6.7705,0.37899590332461874,0.362250444603432,7.495000889206864,6.045999110793137,7.8572513338102965,5.683748666189704,8.219501778413727,5.321498221586272
20180321,RSID3,ROSSI RESID,6.18,6.35,6.18,6.27,410106.0,6.5155,6.761,0.3685887024570193,0.3703830311226328,7.501766062245266,6.0202339377547345,7.872149093367899,5.649850906632102,8.24253212449053,5.279467875509469
20180322,RSID3,ROSSI RESID,6.27,6.4,6.2,6.4,578005.0,6.488000000000001,6.739749999999999,0.3547215364494443,0.36596544253276764,7.471680885065535,6.007819114934463,7.837646327598302,5.641853672401696,8.203611770131069,5.2758882298689285
20180323,RSID3,ROSSI RESID,6.45,6.45,6.21,6.35,338789.0,6.457000000000001,6.72825,0.3370319366407156,0.3708955724203579,7.470041144840716,5.9864588551592846,7.840936717261074,5.615563282738926,8.211832289681432,5.244667710318568
20180326,RSID3,ROSSI RESID,6.45,6.55,6.28,6.4,277666.0,6.4300000000000015,6.713499999999999,0.317357510504614,0.3719494727196282,7.457398945439255,5.9696010545607425,7.829348418158883,5.597651581841115,8.20129789087851,5.225702109121486
20180327,RSID3,ROSSI RESID,6.4,6.64,6.33,6.58,1049087.0,6.411500000000002,6.696749999999999,0.29547953887661804,0.36212611133805256,7.421002222676104,5.972497777323894,7.783128334014156,5.610371665985841,8.14525444535221,5.248245554647789
20180328,RSID3,ROSSI RESID,6.59,6.63,6.17,6.17,782723.0,6.370500000000002,6.673499999999999,0.26644788174089995,0.36541195579222147,7.4043239115844415,5.942676088415556,7.769735867376664,5.577264132623334,8.135147823168884,5.211852176831113
20180329,RSID3,ROSSI RESID,6.21,6.54,6.21,6.54,1036853.0,6.353500000000002,6.659999999999999,0.24194986431512494,0.35994301543296164,7.379886030865922,5.940113969134076,7.739829046298884,5.580170953701114,8.099772061731846,5.2202279382681525
20180402,RSID3,ROSSI RESID,6.54,6.54,6.34,6.35,576072.0,6.327500000000002,6.6435,0.20925620156817082,0.35861235409954767,7.360724708199096,5.926275291800905,7.719337062298644,5.567662937701357,8.07794941639819,5.20905058360181
20180403,RSID3,ROSSI RESID,6.42,6.5,6.22,6.49,944457.0,6.307000000000002,6.6290000000000004,0.16578680031262077,0.35260059484802103,7.334201189696042,5.923798810303959,7.6868017845440635,5.571198215455937,8.039402379392085,5.218597620607916
20180404,RSID3,ROSSI RESID,6.51,6.58,6.33,6.53,469103.0,6.320500000000002,6.6152500000000005,0.17261075773025444,0.34520887396859506,7.305667747937191,5.92483225206281,7.650876621905786,5.579623378094215,7.9960854958743806,5.2344145041256205
20180405,RSID3,ROSSI RESID,6.6,6.75,6.42,6.57,717076.0,6.326500000000002,6.607000000000001,0.179304944599687,0.3421590573298026,7.291318114659607,5.9226818853403955,7.633477171989409,5.580522828010594,7.975636229319211,5.238363770680791
20180406,RSID3,ROSSI RESID,6.57,6.67,6.5,6.63,73098.0,6.333500000000003,6.602000000000001,0.18851985795164217,0.34027289199352867,7.282545783987058,5.921454216012944,7.622818675980588,5.581181324019415,7.963091567974116,5.240908432025886
20180409,RSID3,ROSSI RESID,6.65,6.67,6.46,6.57,250927.0,6.343500000000003,6.593500000000001,0.1957246992454936,0.33660865202098295,7.266717304041967,5.920282695958035,7.60332595606295,5.583674043937052,7.939934608083933,5.247065391916069
20180410,RSID3,ROSSI RESID,6.6,6.75,6.4,6.4,615263.0,6.346000000000004,6.581,0.19613099811364523,0.3342101288955928,7.249420257791186,5.912579742208814,7.583630386686779,5.578369613313222,7.9178405155823715,5.244159484417629
20180411,RSID3,ROSSI RESID,6.44,6.64,6.37,6.38,543413.0,6.360000000000004,6.5725,0.1874482384693578,0.3349071819367554,7.24231436387351,5.902685636126489,7.577221545810266,5.5677784541897335,7.912128727747021,5.232871272252979
20180412,RSID3,ROSSI RESID,6.43,6.61,6.31,6.42,1305020.0,6.378500000000003,6.557250000000001,0.17293975221081737,0.3273435230018771,7.211937046003754,5.902562953996247,7.539280569005632,5.57521943099437,7.866624092007509,5.247875907992492
20180413,RSID3,ROSSI RESID,6.49,6.58,6.35,6.36,416309.0,6.395000000000003,6.5432500000000005,0.15247087728826997,0.3233826621107639,7.190015324221529,5.896484675778472,7.513397986332292,5.573102013667709,7.836780648443056,5.249719351556945
20180416,RSID3,ROSSI RESID,6.43,6.45,6.0,6.05,353095.0,6.392000000000004,6.517500000000001,0.15883125769524933,0.320542408890671,7.1585848177813425,5.876415182218659,7.479127226672014,5.555872773327988,7.799669635562685,5.235330364437317
20180417,RSID3,ROSSI RESID,6.16,6.64,6.14,6.64,1169360.0,6.417000000000004,6.5055000000000005,0.1564103913629713,0.3060664415885296,7.11763288317706,5.893367116822941,7.42369932476559,5.587300675234411,7.729765766354118,5.281234233645883
20180418,RSID3,ROSSI RESID,6.64,6.84,6.57,6.84,613478.0,6.4470000000000045,6.4995,0.17687640644782668,0.2967252895118573,7.092950579023714,5.906049420976286,7.389675868535572,5.609324131464429,7.686401158047429,5.312598841952571
20180419,RSID3,ROSSI RESID,6.75,6.88,6.64,6.85,526934.0,6.4760000000000035,6.495750000000001,0.19312935397919967,0.29113295491217667,7.078015909824354,5.913484090175648,7.369148864736531,5.622351135263471,7.6602818196487075,5.331218180351295
20180420,RSID3,ROSSI RESID,6.83,6.83,6.7,6.71,233605.0,6.491500000000004,6.489750000000001,0.199057648354498,0.2839148256169907,7.057579651233982,5.92192034876602,7.341494476850973,5.638005523149029,7.625409302467964,5.354090697532038
20180423,RSID3,ROSSI RESID,6.75,6.97,6.51,6.97,862642.0,6.5225000000000035,6.489750000000001,0.22273125179533657,0.2839148256169907,7.057579651233982,5.92192034876602,7.341494476850973,5.638005523149029,7.625409302467964,5.354090697532038
20180424,RSID3,ROSSI RESID,6.98,7.12,6.74,6.77,512769.0,6.541000000000004,6.4855,0.22733930125417956,0.27821731037962,7.04193462075924,5.92906537924076,7.32015193113886,5.65084806886114,7.59836924151848,5.37263075848152
20180425,RSID3,ROSSI RESID,6.7,6.93,6.66,6.92,776892.0,6.5580000000000025,6.484750000000001,0.2426086300369853,0.2769706778889318,7.038691355777864,5.930808644222138,7.315662033666796,5.653837966333206,7.592632711555728,5.376867288444274
20180426,RSID3,ROSSI RESID,6.99,7.01,6.71,6.9,1291305.0,6.594500000000004,6.4825,0.23598561508345667,0.27309949346956197,7.028698986939124,5.936301013060876,7.301798480408686,5.663201519591314,7.574897973878247,5.3901020261217525
20180427,RSID3,ROSSI RESID,6.98,6.98,6.75,6.75,366976.0,6.605000000000004,6.47925,0.23809551378430485,0.2689903963589245,7.017230792717849,5.941269207282152,7.286221189076774,5.672278810923227,7.555211585435698,5.403288414564303
20180430,RSID3,ROSSI RESID,6.78,6.9,6.72,6.89,636781.0,6.632000000000003,6.47975,0.23827449893370203,0.26975285459861315,7.0192557091972265,5.940244290802774,7.289008563795839,5.670491436204161,7.558761418394453,5.400738581605547
20180502,RSID3,ROSSI RESID,6.8,6.8,6.5,6.5,374157.0,6.632500000000003,6.46975,0.23797113933814798,0.2610480602180136,6.991846120436027,5.9476538795639735,7.252894180654041,5.68660581934596,7.513942240872055,5.425557759127946
20180503,RSID3,ROSSI RESID,6.55,6.65,6.47,6.5,777125.0,6.631000000000003,6.475750000000001,0.23874452322183762,0.2588523735298736,6.993454747059748,5.958045252940253,7.252307120589622,5.699192879410379,7.511159494119495,5.440340505880506
20180504,RSID3,ROSSI RESID,6.6,6.67,6.15,6.15,1179630.0,6.610000000000004,6.46825,0.26175520906695593,0.2639142003155628,6.996078400631125,5.940421599368875,7.259992600946688,5.676507399053312,7.523906801262251,5.412593198737749
20180507,RSID3,ROSSI RESID,6.2,6.35,6.2,6.35,622353.0,6.596000000000004,6.46475,0.2680416307021641,0.26454593416276334,6.993841868325527,5.935658131674474,7.25838780248829,5.671112197511711,7.522933736651054,5.406566263348947
20180508,RSID3,ROSSI RESID,6.42,6.55,6.34,6.54,298046.0,6.594500000000004,6.469000000000001,0.2682786257841523,0.2643501950841412,6.9977003901682835,5.940299609831719,7.262050585252425,5.675949414747578,7.526400780336566,5.411599219663437
20180509,RSID3,ROSSI RESID,6.54,6.69,6.43,6.69,194434.0,6.6090000000000035,6.477500000000001,0.2650302862534404,0.2658874834326576,7.009274966865316,5.945725033134686,7.275162450297974,5.679837549702028,7.541049933730632,5.41395006626937
20180510,RSID3,ROSSI RESID,6.61,6.61,6.36,6.42,346790.0,6.611000000000002,6.4855,0.26335687214360815,0.2589619316642507,7.003423863328502,5.967576136671498,7.262385794992753,5.7086142050072475,7.521347726657003,5.4496522733429975
20180511,RSID3,ROSSI RESID,6.46,6.53,6.25,6.25,654439.0,6.602500000000004,6.4905,0.27243299514212094,0.25217972833797214,6.994859456675944,5.986140543324056,7.247039185013916,5.733960814986084,7.499218913351888,5.481781086648112
20180514,RSID3,ROSSI RESID,6.3,6.32,6.21,6.21,210747.0,6.595000000000003,6.495,0.28137818716191904,0.245262810376633,6.9855256207532666,6.004474379246734,7.230788431129899,5.759211568870101,7.476051241506532,5.513948758493468
20180515,RSID3,ROSSI RESID,6.21,6.26,6.2,6.22,144980.0,6.603500000000002,6.497750000000001,0.2662067854724604,0.24142193620723323,6.980593872414468,6.014906127585534,7.2220158086217,5.7734841913783015,7.4634377448289335,5.532062255171068
20180516,RSID3,ROSSI RESID,6.25,6.39,6.23,6.35,159581.0,6.589000000000003,6.503000000000002,0.2719500728171713,0.23565729136684296,6.974314582733688,6.031685417266316,7.209971874100531,5.796028125899473,7.445629165467373,5.56037083453263
20180517,RSID3,ROSSI RESID,6.37,6.37,6.18,6.32,784091.0,6.563000000000002,6.505000000000001,0.2715472237693542,0.23369934663020087,6.972398693260402,6.0376013067395995,7.206098039890604,5.803901960109398,7.439797386520804,5.570202613479197
20180518,RSID3,ROSSI RESID,6.24,6.39,6.17,6.33,393344.0,6.5370000000000035,6.506500000000001,0.2674853660532352,0.23234092986881555,6.971181859737632,6.04181814026237,7.203522789606447,5.809477210393554,7.435863719475263,5.577136280524739
20180521,RSID3,ROSSI RESID,6.34,6.34,6.22,6.29,439855.0,6.516000000000003,6.503750000000002,0.26966646065093386,0.23427671015932225,6.972303420318647,6.035196579681357,7.206580130477969,5.800919869522035,7.440856840637291,5.566643159362713
20180522,RSID3,ROSSI RESID,6.26,6.57,6.26,6.41,347575.0,6.488000000000002,6.505250000000002,0.24826980230556392,0.2334577049488797,6.9721654098977615,6.0383345901022425,7.205623114846641,5.804876885153363,7.439080819795521,5.571419180204483
20180523,RSID3,ROSSI RESID,6.4,6.49,6.14,6.18,339837.0,6.458500000000003,6.499750000000003,0.2480508224665211,0.23853707447152536,6.976824148943054,6.0226758510569525,7.215361223414579,5.7841387765854275,7.453898297886105,5.545601702113902
20180524,RSID3,ROSSI RESID,6.21,6.29,6.05,6.11,511141.0,6.418000000000004,6.488000000000004,0.23448936683333166,0.24594349986979364,6.979886999739591,5.996113000260417,7.225830499609385,5.750169500390623,7.471773999479178,5.50422600052083
20180525,RSID3,ROSSI RESID,6.14,6.3,6.03,6.1,567142.0,6.378000000000003,6.486250000000004,0.21539681862480325,0.24849998710209553,6.9832499742041945,5.989250025795813,7.23174996130629,5.740750038693717,7.480249948408385,5.492250051591622
20180528,RSID3,ROSSI RESID,6.25,6.25,5.89,5.9,1005449.0,6.335500000000003,6.470250000000003,0.22189317012330662,0.2650059263972015,7.000261852794406,5.9402381472056,7.265267779191607,5.6752322208083985,7.530273705588809,5.4102262944111965
20180529,RSID3,ROSSI RESID,5.97,6.08,5.96,6.07,242894.0,6.294500000000003,6.463250000000002,0.18706809905543223,0.271872778505509,7.00699555701102,5.919504442988984,7.278868335516529,5.647631664483475,7.550741114022038,5.375758885977966
20180530,RSID3,ROSSI RESID,6.18,6.24,5.76,5.99,746778.0,6.269000000000003,6.450750000000002,0.1922690001561748,0.28192004231059564,7.014590084621194,5.88690991537881,7.296510126931789,5.604989873068215,7.5784301692423846,5.323069830757619
20180601,RSID3,ROSSI RESID,6.17,6.17,5.83,5.93,698729.0,6.240500000000003,6.435750000000003,0.19837431391451676,0.2933265223568206,7.022403044713644,5.849096955286362,7.3157295670704645,5.555770432929542,7.609056089427286,5.2624439105727205
20180604,RSID3,ROSSI RESID,6.04,6.04,5.93,6.0,197250.0,6.233000000000002,6.4215000000000035,0.20471032164860742,0.3003975997718949,7.022295199543794,5.820704800456213,7.322692799315688,5.520307200684319,7.623090399087583,5.219909600912424
20180605,RSID3,ROSSI RESID,6.0,6.0,5.84,5.85,273920.0,6.208000000000003,6.402000000000004,0.21965523224506678,0.3116227173180984,7.025245434636201,5.778754565363807,7.336868151954299,5.4671318480457085,7.648490869272397,5.15550913072761
20180606,RSID3,ROSSI RESID,5.89,5.99,5.71,5.99,672195.0,6.180500000000003,6.387500000000005,0.2101246497226236,0.3170517227074982,7.021603445415001,5.7533965545850085,7.338655168122499,5.43634483187751,7.655706890829998,5.119293109170012
20180607,RSID3,ROSSI RESID,5.95,6.15,5.51,5.61,1097562.0,6.126500000000003,6.3677500000000045,0.21106933258504754,0.34002629988779093,7.047802599775586,5.6876974002244225,7.387828899663377,5.3476711003366315,7.727855199551168,5.0076448004488405
20180608,RSID3,ROSSI RESID,5.61,5.85,5.45,5.45,1511208.0,6.078000000000003,6.344500000000005,0.24824860205257007,0.36967033130365096,7.083840662607307,5.6051593373927036,7.4535109939109585,5.235489006089052,7.823181325214609,4.865818674785402
20180611,RSID3,ROSSI RESID,5.41,5.68,5.26,5.27,490447.0,6.029000000000003,6.315750000000005,0.3031570723673101,0.4065293221202953,7.128808644240595,5.502691355759414,7.535337966360891,5.096162033639119,7.941867288481186,4.689632711518824
20180612,RSID3,ROSSI RESID,5.25,5.4,5.03,5.03,1279306.0,5.970000000000003,6.282500000000004,0.37288350092644285,0.45439026488307355,7.191280529766152,5.373719470233857,7.645670794649225,4.919329205350784,8.100061059532297,4.46493894046771
20180613,RSID3,ROSSI RESID,5.07,5.15,4.83,5.0,1033646.0,5.909000000000003,6.256250000000004,0.4258601203508796,0.4965402738849493,7.249330547769903,5.263169452230105,7.745870821654852,4.766629178345156,8.2424110955398,4.270088904460207
20180614,RSID3,ROSSI RESID,5.0,5.17,4.91,5.11,788509.0,5.847000000000003,6.218000000000005,0.4479673390350102,0.5243711740791296,7.266742348158265,5.169257651841746,7.791113522237394,4.644886477762617,8.315484696316524,4.1205153036834865
20180615,RSID3,ROSSI RESID,5.17,5.22,4.87,4.95,385573.0,5.778500000000004,6.170750000000004,0.47571857005454327,0.5513451499369254,7.273440299873855,5.068059700126153,7.824785449810781,4.516714550189228,8.376130599747706,3.965369400252303
20180618,RSID3,ROSSI RESID,4.93,4.93,4.66,4.75,720708.0,5.699500000000004,6.118250000000005,0.5093181716766078,0.584021809831594,7.286293619663193,4.950206380336817,7.870315429494787,4.366184570505223,8.454337239326382,3.782162760673629
20180619,RSID3,ROSSI RESID,4.69,4.77,4.55,4.55,1149253.0,5.612500000000003,6.064250000000005,0.5501184083067,0.6262377999221047,7.316725599844214,4.811774400155795,7.9429633997663185,4.185536600233691,8.569201199688424,3.559298800311586
20180620,RSID3,ROSSI RESID,4.59,4.69,4.49,4.65,516415.0,5.524500000000004,6.006250000000005,0.5565634687408474,0.6472810490121368,7.300812098024279,4.711687901975731,7.948093147036415,4.064406852963595,8.595374196048553,3.417125803951458
20180621,RSID3,ROSSI RESID,4.59,4.59,4.44,4.44,290108.0,5.437500000000004,5.948000000000005,0.5840230258618612,0.6807620164763296,7.309524032952664,4.586475967047345,7.990286049428994,3.905713950571016,8.671048065905323,3.2249519340946864
20180622,RSID3,ROSSI RESID,4.5,4.65,4.33,4.53,519603.0,5.358500000000005,5.888250000000005,0.5950256518132571,0.6979305949624293,7.284111189924863,4.492388810075147,7.982041784887293,3.7944582151127166,8.679972379849723,3.0965276201502876
20180625,RSID3,ROSSI RESID,4.43,4.63,4.38,4.39,481497.0,5.273000000000005,5.825500000000004,0.6056323359231999,0.7172023638898757,7.259904727779755,4.391095272220253,7.977107091669631,3.6738929083303775,8.694309455559507,2.9566905444405016
20180626,RSID3,ROSSI RESID,4.44,4.69,4.32,4.45,903900.0,5.200500000000004,5.768000000000004,0.6133641058260515,0.7332023192991383,7.2344046385982805,4.301595361401728,7.967606957897419,3.5683930421025893,8.700809277196557,2.835190722803451
20180627,RSID3,ROSSI RESID,4.45,4.6,4.39,4.54,349536.0,5.124000000000005,5.709250000000004,0.5943275722679345,0.7351413173058977,7.1795326346118,4.238967365388209,7.914673951917697,3.503826048082311,8.649815269223595,2.7686847307764135
20180628,RSID3,ROSSI RESID,4.56,4.64,4.41,4.55,633671.0,5.052000000000005,5.660500000000004,0.5706469089873741,0.7459358259329353,7.152371651865875,4.168628348134134,7.89830747779881,3.4226925222011984,8.644243303731745,2.676756696268263
20180629,RSID3,ROSSI RESID,4.55,4.6,4.46,4.47,197622.0,4.9790000000000045,5.6097500000000045,0.5452367906650645,0.7563389807792188,7.122427961558442,4.097072038441567,7.878766942337661,3.340733057662348,8.63510592311688,2.5843940768831293
20180702,RSID3,ROSSI RESID,4.43,4.48,4.43,4.44,39712.0,4.901000000000005,5.567000000000005,0.5013025139836406,0.7731593526663038,7.113318705332612,4.020681294667397,7.886478057998916,3.2475219420010935,8.65963741066522,2.4743625893347896
20180703,RSID3,ROSSI RESID,4.44,4.5,4.27,4.5,271786.0,4.833500000000005,5.520750000000005,0.45559995148098525,0.7804186499762563,7.081587299952518,3.959912700047492,7.862005949928774,3.179494050071236,8.64242459990503,2.3990754000949797
20180704,RSID3,ROSSI RESID,4.44,4.83,4.38,4.52,1127247.0,4.760000000000005,5.470250000000005,0.36967980455353416,0.7781255831014143,7.026501166202834,3.9139988337971765,7.804626749304248,3.1358732506957625,8.582752332405663,2.357747667594348
20180705,RSID3,ROSSI RESID,4.58,4.58,4.45,4.45,114627.0,4.702000000000005,5.4142500000000044,0.31647066879969865,0.768638114643064,6.951526229286133,3.8769737707138763,7.720164343929197,3.1083356560708126,8.48880245857226,2.3396975414277486
20180706,RSID3,ROSSI RESID,4.48,4.49,4.35,4.48,157090.0,4.6535000000000055,5.365750000000005,0.2661276899693515,0.7647452651130393,6.895240530226083,3.836259469773926,7.659985795339122,3.071514204660887,8.424731060452162,2.3067689395478475
20180710,RSID3,ROSSI RESID,4.5,4.55,4.4,4.45,110868.0,4.612500000000006,5.320750000000005,0.22634103286390003,0.7643377810822488,6.849425562164503,3.792074437835507,7.613763343246751,3.0277366567532584,8.378101124329,2.2633988756710095
20180711,RSID3,ROSSI RESID,4.49,4.53,4.35,4.35,213895.0,4.578500000000005,5.274250000000004,0.2108697527659699,0.7654289479494267,6.805107895898857,3.7433921041011504,7.570536843848284,2.9779631561517235,8.335965791797712,2.212534208202297
20180712,RSID3,ROSSI RESID,4.37,4.53,4.27,4.4,894236.0,4.548500000000006,5.228750000000004,0.18932775813388344,0.7618539718075676,6.7524579436151395,3.705042056384869,7.514311915422708,2.9431880845773013,8.276165887230274,2.1813341127697337
20180713,RSID3,ROSSI RESID,4.4,4.51,4.36,4.45,1585980.0,4.515500000000006,5.181250000000004,0.1364387273313252,0.7492806379181073,6.679811275836219,3.682688724163789,7.429091913754325,2.933408086245682,8.178372551672433,2.1841274483275748
20180716,RSID3,ROSSI RESID,4.45,4.57,4.39,4.39,321235.0,4.487500000000006,5.1330000000000044,0.0931820515810007,0.7360957295603028,6.60519145912061,3.660808540879399,7.341287188680913,2.924712811319096,8.077382918241216,2.1886170817587933
20180717,RSID3,ROSSI RESID,4.41,4.5,4.41,4.41,198077.0,4.470500000000006,5.0850000000000035,0.07119099588247761,0.7184277705785409,6.521855541157086,3.6481444588429217,7.2402833117356264,2.9297166882643806,7.958711082314167,2.21128891768584
20180718,RSID3,ROSSI RESID,4.44,4.51,4.4,4.45,267216.0,4.465500000000006,5.039000000000003,0.06878456069115926,0.6979082299528271,6.434816459905657,3.6431835400943493,7.132724689858485,2.945275310141522,7.830632919811311,2.247367080188695
20180719,RSID3,ROSSI RESID,4.45,4.51,4.43,4.5,345091.0,4.4580000000000055,4.9912500000000035,0.05425087920705897,0.6663262752797579,6.323902550559519,3.658597449440488,6.990228825839277,2.99227117416073,7.656555101119035,2.325944898880972
20180720,RSID3,ROSSI RESID,4.44,4.75,4.44,4.5,981287.0,4.461000000000006,4.949250000000004,0.05485867009154158,0.641977663562223,6.23320532712445,3.6652946728755578,6.875182990686673,3.0233170093133346,7.517160654248896,2.381339345751112
20180723,RSID3,ROSSI RESID,4.51,4.65,4.47,4.52,443422.0,4.460500000000005,4.909500000000003,0.05423875095598371,0.6170024726709298,6.143504945341863,3.6754950546581435,6.760507418012793,3.0584925819872137,7.377509890683722,2.441490109316284
20180724,RSID3,ROSSI RESID,4.57,4.63,4.55,4.59,348300.0,4.470500000000006,4.871750000000004,0.058801629050132996,0.5877985329894975,6.0473470659789985,3.696152934021009,6.635145598968497,3.1083544010315114,7.222944131957994,2.520555868042014
20180725,RSID3,ROSSI RESID,4.65,4.7,4.51,4.64,621649.0,4.480000000000006,4.840250000000003,0.06966083245949246,0.5645851097521399,5.969420219504283,3.711079780495723,6.534005329256423,3.146494670743583,7.098590439008563,2.581909560991443
20180726,RSID3,ROSSI RESID,4.61,4.61,4.35,4.35,482950.0,4.470500000000005,4.797250000000004,0.07387578479413563,0.5331473433710229,5.863544686742049,3.730955313257958,6.396692030113073,3.197807969886935,6.929839373484095,2.664660626515912
20180727,RSID3,ROSSI RESID,4.39,4.47,4.38,4.39,322309.0,4.462500000000005,4.757250000000003,0.07347573892468433,0.5003792792241826,5.758008558448368,3.7564914415516375,6.258387837672551,3.256112162327455,6.758767116896733,2.7557328831032724
20180730,RSID3,ROSSI RESID,4.4,4.49,4.35,4.38,179636.0,4.458000000000005,4.718500000000002,0.07571414385007214,0.4660722404663493,5.650644480932701,3.7863555190673037,6.11671672139905,3.3202832786009546,6.5827889618654,2.854211038134605
20180731,RSID3,ROSSI RESID,4.39,4.39,4.07,4.08,1942619.0,4.440000000000005,4.670500000000002,0.1135549947915426,0.4280243822434193,5.526548764486841,3.8144512355131637,5.95457314673026,3.3864268532697444,6.38259752897368,2.958402471026325
20180801,RSID3,ROSSI RESID,4.11,4.25,4.05,4.25,1178516.0,4.427500000000005,4.630500000000003,0.12016983595597595,0.38784711500199825,5.406194230004,3.8548057699960068,5.794041345005998,3.4669586549940083,6.181888460007996,3.0791115399920104
20180802,RSID3,ROSSI RESID,4.24,4.24,4.14,4.19,177914.0,4.411000000000005,4.585500000000002,0.1291225448128609,0.32547361939651165,5.236447238793025,3.9345527612069793,5.561920858189537,3.6090791418104673,5.887394477586049,3.2836055224139558
20180803,RSID3,ROSSI RESID,4.19,4.33,4.13,4.33,713563.0,4.405000000000005,4.553500000000002,0.13000000000000725,0.28221241318169255,5.117924826363387,3.9890751736366172,5.40013723954508,3.706862760454925,5.6823496527267725,3.424650347273232
20180806,RSID3,ROSSI RESID,4.21,4.45,4.2,4.2,604667.0,4.3910000000000045,4.522250000000002,0.13641654475983608,0.24746393158576752,5.017177863171537,4.0273221368284675,5.2646417947573045,3.7798582052426997,5.512105726343073,3.5323942736569323
20180807,RSID3,ROSSI RESID,4.26,4.37,4.21,4.3,448387.0,4.383500000000004,4.498000000000003,0.1371236476208386,0.21809431034558432,4.934188620691171,4.061811379308835,5.152282931036756,3.84371706896325,5.37037724138234,3.6256227586176655
20180808,RSID3,ROSSI RESID,4.33,4.33,4.22,4.32,128730.0,4.382000000000005,4.4802500000000025,0.13767237998425141,0.20198359288531212,4.884217185770627,4.076282814229378,5.086200778655939,3.8742992213440663,5.288184371541251,3.672315628458754
20180809,RSID3,ROSSI RESID,4.35,4.37,4.22,4.24,294245.0,4.374000000000004,4.461250000000002,0.1411755159926509,0.18703060904016833,4.835311218080339,4.087188781919666,5.022341827120507,3.9001581728794976,5.209372436160676,3.713127563839329
20180810,RSID3,ROSSI RESID,4.2,4.28,4.11,4.25,464847.0,4.364000000000004,4.439750000000002,0.1425851546122218,0.15766708678858016,4.7550841735771625,4.124415826422841,4.912751260365742,3.9667487396342613,5.070418347154322,3.8090816528456815
20180813,RSID3,ROSSI RESID,4.27,4.31,4.16,4.3,142904.0,4.359500000000004,4.423500000000002,0.14314052719728784,0.1356947932791241,4.694889586558251,4.152110413441754,4.830584379837375,4.01641562016263,4.966279173116499,3.880720826883506
20180814,RSID3,ROSSI RESID,4.24,4.41,4.24,4.36,170852.0,4.357000000000005,4.413750000000003,0.1426478918618613,0.12524207329433726,4.664234146588678,4.163265853411328,4.7894762198830145,4.038023780116991,4.914718293177352,3.912781706822654
20180815,RSID3,ROSSI RESID,4.3,4.37,4.21,4.21,241492.0,4.345000000000004,4.405250000000003,0.1444954925539987,0.1272789687946247,4.659807937589252,4.150692062410754,4.787086906383878,4.023413093616129,4.914365875178502,3.8961341248215042
20180816,RSID3,ROSSI RESID,4.26,4.27,4.17,4.19,196377.0,4.329500000000004,4.3937500000000025,0.14361773090945457,0.12536485214697615,4.644479704293955,4.14302029570605,4.769844556440931,4.017655443559074,4.895209408587907,3.892290591412098
20180817,RSID3,ROSSI RESID,4.17,4.22,4.06,4.19,412765.0,4.314000000000004,4.387500000000003,0.14095165277872432,0.12917390385013694,4.645847807700276,4.129152192299729,4.775021711550414,3.999978288449592,4.904195615400551,3.870804384599455
20180820,RSID3,ROSSI RESID,4.25,4.26,4.11,4.11,276886.0,4.293500000000003,4.377000000000003,0.1392186844689478,0.134263422668475,4.645526845336954,4.108473154663053,4.779790268005428,3.9742097319945784,4.914053690673903,3.8399463093261033
20180821,RSID3,ROSSI RESID,4.19,4.2,4.01,4.06,508774.0,4.267000000000004,4.368750000000004,0.12994330747636001,0.14328002884789462,4.655310057695793,4.082189942304215,4.798590086543688,3.93890991345632,4.941870115391582,3.7956298846084255
20180822,RSID3,ROSSI RESID,4.07,4.29,3.97,4.27,544359.0,4.2485000000000035,4.364250000000004,0.09593171913836973,0.1434892562760483,4.6512285125521,4.0772714874479075,4.794717768828149,3.933782231171859,4.938207025104197,3.7902929748958103
20180823,RSID3,ROSSI RESID,4.17,4.25,4.13,4.17,355390.0,4.239500000000004,4.355000000000004,0.09433841657620791,0.14379472548362057,4.642589450967245,4.067410549032763,4.7863841764508654,3.9236158235491425,4.930178901934486,3.7798210980655216
20180824,RSID3,ROSSI RESID,4.2,4.2,4.08,4.19,202539.0,4.229500000000003,4.346000000000004,0.08792790108648368,0.1425374444730567,4.631074888946117,4.060925111053891,4.773612333419174,3.9183876665808337,4.9161497778922305,3.7758502221077768
20180827,RSID3,ROSSI RESID,4.15,4.21,4.06,4.13,208531.0,4.217000000000004,4.337500000000004,0.08304089037146016,0.14506850724694997,4.627637014493904,4.047362985506104,4.772705521740853,3.902294478259154,4.917774028987804,3.757225971012204
20180828,RSID3,ROSSI RESID,4.17,4.17,3.8,3.8,1206829.0,4.203000000000004,4.321500000000004,0.12187569163096815,0.16709509038495318,4.65569018076991,3.9873098192300978,4.8227852711548636,3.8202147288451442,4.989880361539816,3.653119638460191
20180829,RSID3,ROSSI RESID,3.9,4.05,3.81,4.05,812202.0,4.193000000000003,4.310250000000004,0.1259532076856966,0.1698941978453791,4.650038395690762,3.970461604309246,4.819932593536142,3.800567406463867,4.989826791381521,3.630673208618488
20180830,RSID3,ROSSI RESID,4.08,4.08,3.92,4.0,239334.0,4.183500000000004,4.297250000000004,0.13315108158147315,0.17329369615826007,4.643837392316524,3.9506626076834834,4.817131088474784,3.7773689115252234,4.990424784633044,3.6040752153669633
20180831,RSID3,ROSSI RESID,3.99,4.07,3.84,4.05,558583.0,4.169500000000004,4.287250000000005,0.1316484553250583,0.1757764824851662,4.638802964970337,3.9356970350296723,4.814579447455503,3.7599205525445063,4.9903559299406695,3.58414407005934
20180903,RSID3,ROSSI RESID,3.99,4.05,3.87,3.94,232663.0,4.156500000000003,4.273750000000005,0.14098432163672836,0.18124480540739785,4.636239610814801,3.9112603891852094,4.817484416222198,3.7300155837778117,4.998729221629596,3.5487707783704137
20180904,RSID3,ROSSI RESID,3.94,3.95,3.63,3.64,897477.0,4.1235000000000035,4.253500000000004,0.1780087224356088,0.20477066596808122,4.663041331936166,3.843958668063842,4.867811997904248,3.6391880020957608,5.072582663872329,3.4344173361276793
20180905,RSID3,ROSSI RESID,3.66,3.79,3.62,3.7,570806.0,4.092500000000004,4.237250000000005,0.19514839158148722,0.22198391602623985,4.681217832052485,3.7932821679475253,4.903201748078724,3.5712982519212852,5.125185664104964,3.3493143358950457
20180906,RSID3,ROSSI RESID,3.7,3.75,3.66,3.7,98411.0,4.0655000000000046,4.219750000000004,0.21042500851972273,0.23597574299498847,4.691701485989981,3.747798514010027,4.927677228984969,3.5118227710150385,5.163652971979958,3.27584702802005
20180910,RSID3,ROSSI RESID,3.73,3.76,3.65,3.65,96032.0,4.035500000000004,4.199750000000004,0.22500233916912438,0.24947624623575457,4.698702492471513,3.7007975075284953,4.948178738707268,3.4513212612927404,5.197654984943022,3.201845015056986
20180911,RSID3,ROSSI RESID,3.75,3.75,3.64,3.66,209471.0,4.003500000000004,4.181500000000005,0.23083999927039564,0.26160794702895246,4.70471589405791,3.6582841059421,4.966323841086862,3.396676158913148,5.227931788115815,3.135068211884195
20180912,RSID3,ROSSI RESID,3.7,3.74,3.64,3.64,123678.0,3.9675000000000047,4.162250000000005,0.22844727596260544,0.2724672410325369,4.707184482065078,3.617315517934931,4.979651723097615,3.344848276902394,5.252118964130152,3.0723810358698573
20180913,RSID3,ROSSI RESID,3.67,3.67,3.51,3.66,469043.0,3.940000000000005,4.1425000000000045,0.23081092740709655,0.27961282755502875,4.701725655110062,3.583274344889947,4.981338482665091,3.303661517334918,5.260951310220119,3.0240486897798897
20180914,RSID3,ROSSI RESID,3.63,3.66,3.54,3.66,209119.0,3.913500000000005,4.121500000000005,0.23102232746959983,0.283590079751246,4.688680159502496,3.5543198404975125,4.972270239253742,3.2707297607462666,5.255860319004989,2.9871396809950204
20180917,RSID3,ROSSI RESID,3.65,3.75,3.65,3.7,230540.0,3.889000000000005,4.101500000000004,0.2260856847350188,0.28442068877828275,4.67034137755657,3.5326586224434386,4.954762066334853,3.248237933665156,5.239182755113135,2.963817244886873
20180918,RSID3,ROSSI RESID,3.73,3.8,3.7,3.8,264168.0,3.873500000000005,4.083500000000004,0.2206992476079919,0.28000503658471027,4.643510073169425,3.523489926830584,4.923515109754135,3.2434848902458735,5.203520146338845,2.9634798536611635
20180919,RSID3,ROSSI RESID,3.79,3.84,3.72,3.83,200440.0,3.8620000000000045,4.064500000000004,0.21642064304691191,0.2703743843123678,4.60524876862474,3.5237512313752686,4.8756231529371075,3.253376847062901,5.1459975372494755,2.983002462750533
20180920,RSID3,ROSSI RESID,3.83,3.83,3.75,3.76,234216.0,3.8365000000000054,4.042500000000005,0.1947812538261877,0.2578585380417134,4.558217076083432,3.526782923916578,4.816075614125145,3.2689243858748647,5.073934152166858,3.0110658478331516
20180921,RSID3,ROSSI RESID,3.79,3.87,3.77,3.8,304071.0,3.818000000000005,4.028750000000005,0.17831373888088517,0.25569600841220175,4.540142016824408,3.5173579831756014,4.79583802523661,3.2616619747634,5.051534033648812,3.005965966351198
20180924,RSID3,ROSSI RESID,3.79,3.86,3.71,3.71,179994.0,3.794000000000005,4.0117500000000055,0.15658863304849435,0.25365924548594065,4.519068490971887,3.504431509028124,4.772727736457828,3.2507722635421836,5.026386981943768,2.997113018056243
20180925,RSID3,ROSSI RESID,3.72,3.82,3.67,3.7,299777.0,3.7725000000000053,3.9947500000000056,0.1362225346532805,0.251120437955492,4.496990875910989,3.492509124089022,4.748111313866482,3.2413886861335297,4.9992317518219735,2.9902682481780376
20180926,RSID3,ROSSI RESID,3.73,3.76,3.67,3.74,101053.0,3.769500000000005,3.9862500000000054,0.13624571456320322,0.25389971268701306,4.4940494253740315,3.4784505746259793,4.747949138061045,3.2245508619389662,5.001848850748058,2.970651149251953
20180927,RSID3,ROSSI RESID,3.76,3.82,3.61,3.71,417823.0,3.752500000000005,3.9727500000000058,0.11959911106867224,0.2538724442484877,4.480494888496981,3.4650051115030305,4.734367332745469,3.2111326672545424,4.988239776993956,2.957260223006055
20180928,RSID3,ROSSI RESID,3.72,3.78,3.63,3.78,268390.0,3.7415000000000047,3.9625000000000057,0.10484449637939067,0.2531519256017637,4.468803851203533,3.4561961487964785,4.721955776805297,3.2030442231947145,4.97510770240706,2.949892297592951
20181001,RSID3,ROSSI RESID,3.78,3.78,3.64,3.68,231077.0,3.723000000000005,3.9462500000000054,0.07630272120411635,0.24979671221991842,4.445843424439842,3.4466565755601684,4.695640136659761,3.19685986334025,4.945436848879679,2.947063151120332
20181002,RSID3,ROSSI RESID,3.72,3.8,3.72,3.8,95578.0,3.7160000000000055,3.936250000000006,0.06003507746568602,0.24737273340195046,4.430995466803907,3.441504533196105,4.678368200205857,3.1941317997941545,4.925740933607808,2.9467590663922043
20181003,RSID3,ROSSI RESID,3.81,4.01,3.78,3.78,410796.0,3.723000000000005,3.9232500000000057,0.05885754434489258,0.24135714041799622,4.405964280835998,3.4405357191640134,4.647321421253994,3.199178578746017,4.88867856167199,2.957821438328021
20181004,RSID3,ROSSI RESID,3.79,3.9,3.73,3.86,427877.0,3.731000000000005,3.9117500000000063,0.0660063792769946,0.23277465167307518,4.377299303346157,3.446200696653856,4.610073955019232,3.213426044980781,4.842848606692307,2.9806513933077055
20181005,RSID3,ROSSI RESID,3.75,3.91,3.75,3.91,210058.0,3.7415000000000047,3.903500000000006,0.07665884780874188,0.226608778429966,4.356717556859938,3.450282443140074,4.583326335289904,3.223673664710108,4.80993511371987,2.997064886280142
20181008,RSID3,ROSSI RESID,4.0,4.07,3.92,4.0,194202.0,3.759000000000005,3.897250000000006,0.09290062602472114,0.2201629641179771,4.33757592823596,3.4569240717640515,4.557738892353937,3.2367611076460747,4.777901856471914,3.0165981435280975
20181009,RSID3,ROSSI RESID,4.0,4.37,3.95,4.21,1617097.0,3.7865000000000046,3.895000000000006,0.13425329555886878,0.21636863131093542,4.327737262621877,3.462262737378135,4.544105893932812,3.2458941060671993,4.7604745252437475,3.029525474756264
20181010,RSID3,ROSSI RESID,4.15,4.25,3.95,3.95,534884.0,3.8020000000000045,3.8847500000000053,0.13434441206327744,0.20307870774269843,4.290907415485402,3.478592584514608,4.4939861232281,3.27551387677191,4.697064830970799,3.0724351690292115
20181011,RSID3,ROSSI RESID,4.08,4.14,3.95,4.1,1297204.0,3.8240000000000043,3.882000000000005,0.14543582415403983,0.1992704643159661,4.280540928631937,3.4834590713680726,4.479811392947903,3.2841886070521067,4.67908185726387,3.0849181427361407
20181015,RSID3,ROSSI RESID,4.13,4.23,4.04,4.14,397788.0,3.8480000000000047,3.880750000000005,0.15615781491136266,0.19743726689497376,4.275624533789952,3.4858754662100573,4.473061800684926,3.2884381993150837,4.6704990675799,3.0910009324201098
20181016,RSID3,ROSSI RESID,4.22,4.92,4.21,4.66,3755360.0,3.8960000000000043,3.8925000000000045,0.23560448570476714,0.2279423003912945,4.348384600782594,3.4366153992174153,4.576326901173888,3.2086730988261207,4.804269201565183,2.9807307984348266
20181017,RSID3,ROSSI RESID,4.65,4.91,4.44,4.64,2672067.0,3.9380000000000046,3.905750000000004,0.28688160037126237,0.25473855375504845,4.415227107510101,3.396272892489907,4.669965661265149,3.1415343387348584,4.924704215020197,2.8867957849798103
20181018,RSID3,ROSSI RESID,4.68,4.76,4.52,4.66,1221395.0,3.9795000000000043,3.920750000000004,0.32758245245722956,0.28042447221198025,4.481598944423965,3.3599010555760436,4.7620234166359445,3.0794765833640634,5.042447888847925,2.7990521111520827
20181019,RSID3,ROSSI RESID,4.77,4.77,4.45,4.45,514272.0,4.014000000000005,3.9252500000000032,0.3393709350827589,0.28752692181639944,4.5003038436328024,3.3501961563672045,4.787830765449201,3.062669234550805,5.075357687265601,2.7751423127344053
20181022,RSID3,ROSSI RESID,4.53,5.46,4.53,5.31,4206074.0,4.089500000000005,3.953750000000004,0.44177244678322997,0.35981966637146945,4.673389332742943,3.234110667257065,5.033208999114413,2.8742910008855955,5.393028665485882,2.514471334514126
20181023,RSID3,ROSSI RESID,5.12,5.75,5.07,5.48,4413512.0,4.178000000000005,3.9860000000000033,0.5301896383668581,0.43208973427000325,4.85017946854001,3.121820531459997,5.2822692028100136,2.6897307971899935,5.714358937080016,2.2576410629199906
20181024,RSID3,ROSSI RESID,5.58,6.2,5.58,6.2,4408585.0,4.303000000000005,4.0377500000000035,0.6839675276995033,0.555976791159196,5.149703582318395,2.9257964176816116,5.705680373477591,2.369819626522416,6.261657164636787,1.8138428353632197
20181025,RSID3,ROSSI RESID,6.36,6.64,5.85,5.88,5377545.0,4.4100000000000055,4.089750000000003,0.7549625295686107,0.6260273095542052,5.341804619108413,2.837695380891593,5.967831928662619,2.2116680713373875,6.593859238216824,1.5856407617831825
20181026,RSID3,ROSSI RESID,6.1,6.1,5.64,5.8,1974614.0,4.514500000000005,4.133500000000003,0.7964756248954746,0.6818397059539502,5.497179411907903,2.769820588092103,6.179019117861854,2.0879808821381527,6.8608588238158035,1.4061411761842026
20181029,RSID3,ROSSI RESID,6.15,6.2,5.55,5.79,1650941.0,4.6150000000000055,4.178250000000003,0.825211296705597,0.7298994925541147,5.638048985108233,2.7184510148917735,6.367948477662347,1.9885515223376586,7.097847970216462,1.2586520297835442
20181030,RSID3,ROSSI RESID,5.62,6.06,5.53,5.58,2520697.0,4.710000000000005,4.216500000000003,0.8212634682064788,0.7623733186064832,5.741246637212969,2.6917533627870363,6.5036199558194525,1.929380044180553,7.265993274425935,1.16700672557407
20181031,RSID3,ROSSI RESID,5.79,5.98,5.26,5.46,2565625.0,4.793000000000005,4.254500000000003,0.8082345933543958,0.7857609410057502,5.826021882011503,2.6829781179885024,6.611782823017253,1.8972171769827524,7.397543764023004,1.111456235977002
20181101,RSID3,ROSSI RESID,5.56,5.76,5.42,5.63,1112952.0,4.885500000000005,4.304250000000003,0.7918962917214067,0.808524732824995,5.9212994656499935,2.687200534350013,6.729824198474988,1.8786758015250182,7.538348931299984,1.070151068700023
20181105,RSID3,ROSSI RESID,5.68,5.99,5.57,5.99,998015.0,4.992000000000004,4.361500000000004,0.7899473666677259,0.8448988712053586,6.051297742410721,2.6717022575892866,6.8961966136160795,1.8268033863839284,7.741095484821438,0.9819045151785697
20181106,RSID3,ROSSI RESID,5.85,6.05,5.51,5.51,1201968.0,5.0720000000000045,4.406750000000004,0.7548412171827311,0.8569456419944735,6.1206412839889515,2.692858716011057,6.977586925983425,1.8359130740165837,7.834532567977899,0.97896743202211
20181107,RSID3,ROSSI RESID,5.61,5.8,5.28,5.4,2113470.0,5.142000000000005,4.4505000000000035,0.7140072239056738,0.8619773035265251,6.174454607053054,2.726545392946953,7.036431910579578,1.8645680894204282,7.898409214106104,1.002590785893903
20181108,RSID3,ROSSI RESID,5.53,5.53,5.12,5.12,662152.0,5.187500000000005,4.487000000000004,0.6796583894250136,0.8585503584232584,6.20410071684652,2.769899283153487,7.062651075269779,1.9113489247302282,7.921201433693037,1.0527985663069699
20181109,RSID3,ROSSI RESID,5.19,5.39,4.89,5.35,1560576.0,5.257500000000006,4.529750000000004,0.6144648934342569,0.8578670254376963,6.2454840508753975,2.8140159491246117,7.103351076313094,1.9561489236869152,7.96121810175079,1.098281898249219
20181112,RSID3,ROSSI RESID,5.39,5.57,5.2,5.27,795892.0,5.316000000000005,4.570000000000005,0.5508691696812218,0.853772923632621,6.277545847265246,2.8624541527347627,7.131318770897868,2.008681229102142,7.985091694530489,1.1549083054695206
20181113,RSID3,ROSSI RESID,5.26,5.38,4.95,5.19,1274688.0,5.368500000000005,4.608250000000004,0.47812435070477044,0.8461977931477921,6.300645586295588,2.9158544137044204,7.14684337944338,2.069656620556628,7.993041172591173,1.223458827408836
20181114,RSID3,ROSSI RESID,5.12,5.23,4.83,4.85,735421.0,5.378000000000005,4.637000000000005,0.46501386510173914,0.8339962491460812,6.304992498292167,2.9690075017078428,7.1389887474382485,2.1350112525617613,7.97298499658433,1.3010150034156802
20181116,RSID3,ROSSI RESID,4.91,5.04,4.9,4.95,514970.0,5.393500000000005,4.6657500000000045,0.4438026469881638,0.8241666731482133,6.314083346296432,3.017416653703578,7.138250019444644,2.1932499805553647,7.962416692592858,1.3690833074071511
20181119,RSID3,ROSSI RESID,5.03,5.19,4.98,5.0,1143229.0,5.410500000000005,4.695000000000004,0.4201061895834582,0.8144496332666583,6.323899266533321,3.066100733466687,7.138348899799979,2.251651100200029,7.9527985330666375,1.4372014669333706
20181121,RSID3,ROSSI RESID,5.05,5.6,5.05,5.6,2974403.0,5.468000000000005,4.741000000000004,0.3554478272471984,0.8122453841682041,6.365490768336413,3.1165092316635956,7.177736152504616,2.304263847495392,7.98998153667282,1.4920184633271876
20181122,RSID3,ROSSI RESID,5.58,5.96,5.29,5.31,2383505.0,5.468000000000005,4.778750000000004,0.3554478272471984,0.8024200175814249,6.383590035162854,3.1739099648371543,7.186010052744279,2.3714899472557294,7.988430070325704,1.5690699296743045
20181123,RSID3,ROSSI RESID,5.37,5.52,5.07,5.25,1100971.0,5.456500000000005,4.817250000000003,0.35874452132257656,0.7866155595089183,6.390481119017839,3.244018880982167,7.177096678526758,2.4574033214732482,7.963712238035676,1.67078776196433
20181126,RSID3,ROSSI RESID,5.35,5.57,5.08,5.27,2270350.0,5.410000000000005,4.856500000000004,0.3148934656941277,0.7683967658336285,6.393293531667261,3.319706468332747,7.16169029750089,2.5513097024991187,7.930087063334518,1.7829129366654901
20181127,RSID3,ROSSI RESID,5.22,5.44,5.14,5.14,2253254.0,5.373000000000005,4.891500000000003,0.2998789229356891,0.7478466523189136,6.38719330463783,3.395806695362176,7.135039956956744,2.6479600430432626,7.8828866092756575,1.900113390724349
20181128,RSID3,ROSSI RESID,5.19,5.22,5.05,5.06,494087.0,5.336000000000005,4.925250000000004,0.2899074262406701,0.7232157088576356,6.3716814177152745,3.4788185822847324,7.094897126572911,2.7556028734270965,7.818112835430546,2.032387164569461
20181129,RSID3,ROSSI RESID,5.08,5.13,4.97,5.01,392078.0,5.297000000000005,4.956000000000003,0.27783183099818665,0.6990168920595599,6.354033784119123,3.5579662158808834,7.053050676178683,2.8589493238213235,7.7520675682382425,2.1599324317617636
20181130,RSID3,ROSSI RESID,5.05,5.08,4.95,4.96,271453.0,5.2660000000000045,4.988000000000003,0.2791792482108835,0.6677025285759055,6.323405057151814,3.652594942848192,6.99110758572772,2.9848924142722866,7.658810114303625,2.317189885696381
20181203,RSID3,ROSSI RESID,5.11,5.21,5.03,5.2,425649.0,5.253000000000005,5.023000000000002,0.2757019748702999,0.6399487158939773,6.302897431787957,3.7431025682120476,6.942846147681934,3.1031538523180706,7.582794863575911,2.4632051364240932
20181204,RSID3,ROSSI RESID,5.2,5.41,5.0,5.02,819568.0,5.2225000000000055,5.054000000000003,0.26534733939938154,0.6073979813041029,6.268795962608209,3.839204037391797,6.876193943912312,3.2318060560876942,7.483591925216414,2.624408074783591
20181205,RSID3,ROSSI RESID,5.12,5.18,5.0,5.0,284612.0,5.173000000000005,5.082500000000002,0.1985765131604482,0.5758638995189945,6.234227799037991,3.9307722009620134,6.810091698556986,3.3549083014430185,7.385955598075981,2.779044401924024
20181206,RSID3,ROSSI RESID,5.12,5.32,5.1,5.13,630503.0,5.154000000000005,5.113000000000002,0.18213355423688812,0.5435741168532701,6.2001482337065426,4.025851766293462,6.743722350559812,3.482277649440192,7.287296467413082,2.938703532586922
20181207,RSID3,ROSSI RESID,5.18,5.28,5.06,5.28,367638.0,5.148000000000005,5.145000000000002,0.17545729724895678,0.5132001159142029,6.171400231828408,4.118599768171596,6.684600347742611,3.6053996522573937,7.197800463656813,3.0921995363431907
20181210,RSID3,ROSSI RESID,5.3,5.35,5.1,5.1,291672.0,5.147000000000004,5.167250000000002,0.1756821292173163,0.49041054230103215,6.1480710846020665,4.186428915397937,6.638481626903099,3.6960183730969054,7.12889216920413,3.2056078307958735
20181211,RSID3,ROSSI RESID,5.2,5.28,4.9,4.9,384230.0,5.124500000000005,5.1910000000000025,0.17712543875074913,0.45140123717494346,6.093802474349889,4.288197525650116,6.545203711524833,3.8367962884751723,6.996604948699776,3.385395051300229
20181212,RSID3,ROSSI RESID,5.08,5.08,4.84,4.85,259035.0,5.103500000000005,5.209750000000002,0.18374109359013235,0.4193614651604642,6.048472930320931,4.371027069679074,6.467834395481395,3.9516656045186096,6.887195860641859,3.5323041393581454
20181213,RSID3,ROSSI RESID,4.91,5.12,4.8,5.07,1097061.0,5.0975000000000055,5.233000000000002,0.18272426739420888,0.38271097751133987,5.998421955022682,4.467578044977323,6.3811329325340225,4.084867067465982,6.763843910045361,3.702156089954643
20181214,RSID3,ROSSI RESID,5.15,5.44,4.93,5.38,1327326.0,5.124000000000005,5.251000000000003,0.1833719257626655,0.3718477769608988,5.994695553921801,4.507304446078205,6.366543330882699,4.135456669117307,6.738391107843598,3.763608892156408
20181217,RSID3,ROSSI RESID,5.41,5.54,5.2,5.2,605671.0,5.136500000000005,5.265000000000002,0.1793636412138413,0.35855836702564303,5.982116734051289,4.547883265948716,6.340675101076931,4.189324898923074,6.699233468102575,3.83076653189743
20181218,RSID3,ROSSI RESID,5.3,5.43,5.2,5.41,334000.0,5.157000000000005,5.283750000000003,0.18623980014462233,0.3454813624421224,5.974712724884248,4.592787275115758,6.32019408732637,4.247305912673636,6.665675449768493,3.901824550231513
20181219,RSID3,ROSSI RESID,5.41,5.45,5.21,5.21,352417.0,5.137500000000005,5.302750000000003,0.15525446005971952,0.31828053663394734,5.9393110732678975,4.666188926732109,6.257591609901845,4.347908390098161,6.575872146535793,4.029627853464214
20181220,RSID3,ROSSI RESID,5.22,5.28,5.1,5.13,219642.0,5.128500000000004,5.298250000000003,0.1498516810576491,0.319445733925295,5.937141467850593,4.659358532149413,6.256587201775888,4.339912798224118,6.576032935701183,4.020467064298823
20181221,RSID3,ROSSI RESID,5.13,5.17,4.9,4.9,267996.0,5.111000000000005,5.283750000000003,0.1552553075625098,0.3241136829681413,5.9319773659362856,4.635522634063721,6.256091048904427,4.311408951095579,6.580204731872568,3.987295268127438
20181226,RSID3,ROSSI RESID,4.91,5.38,4.91,5.2,2255292.0,5.107500000000005,5.258750000000004,0.15224201647035904,0.2882056557390801,5.8351613114781635,4.682338688521844,6.123366967217244,4.394133032782763,6.411572622956324,4.105927377043683
20181227,RSID3,ROSSI RESID,5.2,5.34,5.07,5.25,499041.0,5.113000000000005,5.243000000000004,0.15543148769935522,0.2700256398082211,5.783051279616446,4.702948720383562,6.053076919424667,4.432923080575341,6.323102559232888,4.16289744076712
20181228,RSID3,ROSSI RESID,5.32,5.4,5.08,5.3,646459.0,5.125000000000005,5.230500000000004,0.16031219541885722,0.25471905086150853,5.739938101723021,4.721061898276987,5.994657152584529,4.466342847415478,6.249376203446038,4.21162379655397
