DATA DO PREGAO,CODIGO DE NEGOCIACAO DO PAPEL,NOME RESUMIDO DA EMPRESA EMISSORA,PRECO DE ABERTURA,PRECO MAXIMO,PRECO MINIMO,PRECO FECHAMENTO,VOLUME TOTAL DE TITULOS NEGOCIADOS NESTE PAPEL,MA_20,MA_40,STD_20,STD_40,BANDA_1_40 SUPERIOR,BANDA_1_40 INFERIOR,BANDA_2_40 SUPERIOR,BANDA_2_40 INFERIOR,BANDA_3_40 SUPERIOR,BANDA_3_40 INFERIOR
20180102,SAPR4,SANEPAR,11.48,11.6,11.22,11.3,5378830.0,0.0,0.0,0.0,0.0,0.0,0.0,0.0,0.0,0.0,0.0
20180103,SAPR4,SANEPAR,11.3,11.39,11.14,11.26,8226940.0,0.0,0.0,0.0,0.0,0.0,0.0,0.0,0.0,0.0,0.0
20180104,SAPR4,SANEPAR,11.23,11.37,11.07,11.11,5307301.0,0.0,0.0,0.0,0.0,0.0,0.0,0.0,0.0,0.0,0.0
20180105,SAPR4,SANEPAR,11.04,11.31,11.03,11.3,3441551.0,0.0,0.0,0.0,0.0,0.0,0.0,0.0,0.0,0.0,0.0
20180108,SAPR4,SANEPAR,11.3,11.42,11.18,11.3,3960908.0,0.0,0.0,0.0,0.0,0.0,0.0,0.0,0.0,0.0,0.0
20180109,SAPR4,SANEPAR,11.3,11.33,11.0,11.19,4792894.0,0.0,0.0,0.0,0.0,0.0,0.0,0.0,0.0,0.0,0.0
20180110,SAPR4,SANEPAR,11.19,11.2,11.01,11.02,3425140.0,0.0,0.0,0.0,0.0,0.0,0.0,0.0,0.0,0.0,0.0
20180111,SAPR4,SANEPAR,11.11,11.3,11.09,11.3,4780726.0,0.0,0.0,0.0,0.0,0.0,0.0,0.0,0.0,0.0,0.0
20180112,SAPR4,SANEPAR,11.2,11.23,11.04,11.04,5554670.0,0.0,0.0,0.0,0.0,0.0,0.0,0.0,0.0,0.0,0.0
20180115,SAPR4,SANEPAR,11.06,11.18,11.06,11.13,1239303.0,0.0,0.0,0.0,0.0,0.0,0.0,0.0,0.0,0.0,0.0
20180116,SAPR4,SANEPAR,11.13,11.18,10.82,10.86,4722396.0,0.0,0.0,0.0,0.0,0.0,0.0,0.0,0.0,0.0,0.0
20180117,SAPR4,SANEPAR,10.84,10.87,10.61,10.8,4854633.0,0.0,0.0,0.0,0.0,0.0,0.0,0.0,0.0,0.0,0.0
20180118,SAPR4,SANEPAR,10.8,10.84,10.61,10.61,5716747.0,0.0,0.0,0.0,0.0,0.0,0.0,0.0,0.0,0.0,0.0
20180119,SAPR4,SANEPAR,10.67,10.72,10.46,10.46,6641382.0,0.0,0.0,0.0,0.0,0.0,0.0,0.0,0.0,0.0,0.0
20180122,SAPR4,SANEPAR,10.49,10.66,10.45,10.47,4470319.0,0.0,0.0,0.0,0.0,0.0,0.0,0.0,0.0,0.0,0.0
20180123,SAPR4,SANEPAR,10.46,10.58,10.3,10.37,6225287.0,0.0,0.0,0.0,0.0,0.0,0.0,0.0,0.0,0.0,0.0
20180124,SAPR4,SANEPAR,10.45,10.82,10.45,10.75,8376530.0,0.0,0.0,0.0,0.0,0.0,0.0,0.0,0.0,0.0,0.0
20180126,SAPR4,SANEPAR,10.85,11.0,10.85,10.9,8121416.0,0.0,0.0,0.0,0.0,0.0,0.0,0.0,0.0,0.0,0.0
20180129,SAPR4,SANEPAR,10.9,10.91,10.78,10.88,5401251.0,0.0,0.0,0.0,0.0,0.0,0.0,0.0,0.0,0.0,0.0
20180130,SAPR4,SANEPAR,10.88,10.88,10.62,10.66,10911616.0,10.9355,0.0,0.3073738508893137,0.0,0.0,0.0,0.0,0.0,0.0,0.0
20180131,SAPR4,SANEPAR,10.85,10.9,10.61,10.61,9570817.0,10.901,0.0,0.3030007816561041,0.0,0.0,0.0,0.0,0.0,0.0,0.0
20180201,SAPR4,SANEPAR,10.7,10.84,10.68,10.72,5499623.0,10.873999999999999,0.0,0.29322884901512725,0.0,0.0,0.0,0.0,0.0,0.0,0.0
20180202,SAPR4,SANEPAR,10.73,10.75,10.62,10.68,4006794.0,10.852500000000001,0.0,0.29076803921954403,0.0,0.0,0.0,0.0,0.0,0.0,0.0
20180205,SAPR4,SANEPAR,10.68,10.68,10.47,10.52,6450168.0,10.813500000000001,0.0,0.2796854436119626,0.0,0.0,0.0,0.0,0.0,0.0,0.0
20180206,SAPR4,SANEPAR,10.44,10.63,10.37,10.52,4496523.0,10.7745,0.0,0.2621063464361449,0.0,0.0,0.0,0.0,0.0,0.0,0.0
20180207,SAPR4,SANEPAR,10.58,10.65,10.41,10.46,3812474.0,10.738000000000001,0.0,0.2518270082919271,0.0,0.0,0.0,0.0,0.0,0.0,0.0
20180208,SAPR4,SANEPAR,10.46,10.56,10.44,10.52,6388494.0,10.713000000000001,0.0,0.2471330347041942,0.0,0.0,0.0,0.0,0.0,0.0,0.0
20180209,SAPR4,SANEPAR,10.5,10.52,10.21,10.23,4787175.0,10.6595,0.0,0.2284841351166402,0.0,0.0,0.0,0.0,0.0,0.0,0.0
20180214,SAPR4,SANEPAR,10.26,10.35,10.22,10.31,5075816.0,10.623000000000001,0.0,0.22273656850047654,0.0,0.0,0.0,0.0,0.0,0.0,0.0
20180215,SAPR4,SANEPAR,10.3,10.46,10.29,10.4,6199544.0,10.586500000000001,0.0,0.1931259474512585,0.0,0.0,0.0,0.0,0.0,0.0,0.0
20180216,SAPR4,SANEPAR,10.4,10.48,10.25,10.26,3948703.0,10.5565,0.0,0.19499730092598694,0.0,0.0,0.0,0.0,0.0,0.0,0.0
20180219,SAPR4,SANEPAR,10.25,10.44,10.25,10.43,3644659.0,10.538,0.0,0.1881097104295617,0.0,0.0,0.0,0.0,0.0,0.0,0.0
20180220,SAPR4,SANEPAR,10.43,10.43,10.3,10.35,5313659.0,10.525,0.0,0.19181954238842308,0.0,0.0,0.0,0.0,0.0,0.0,0.0
20180221,SAPR4,SANEPAR,10.38,10.42,10.28,10.28,4512185.0,10.516,0.0,0.19911382621373253,0.0,0.0,0.0,0.0,0.0,0.0,0.0
20180222,SAPR4,SANEPAR,10.3,10.36,10.25,10.25,4702299.0,10.504999999999999,0.0,0.2076814362126938,0.0,0.0,0.0,0.0,0.0,0.0,0.0
20180223,SAPR4,SANEPAR,10.25,10.43,10.25,10.4,6672861.0,10.506499999999999,0.0,0.20676136766304654,0.0,0.0,0.0,0.0,0.0,0.0,0.0
20180226,SAPR4,SANEPAR,10.42,10.51,10.29,10.33,3892483.0,10.4855,0.0,0.2020024752323566,0.0,0.0,0.0,0.0,0.0,0.0,0.0
20180227,SAPR4,SANEPAR,10.34,10.4,10.23,10.23,5453561.0,10.452,0.0,0.1844365530616479,0.0,0.0,0.0,0.0,0.0,0.0,0.0
20180228,SAPR4,SANEPAR,10.25,10.5,10.21,10.33,24459791.0,10.4245,0.0,0.15608617727666013,0.0,0.0,0.0,0.0,0.0,0.0,0.0
20180301,SAPR4,SANEPAR,10.35,10.38,10.22,10.23,5228306.0,10.403,10.669249999999998,0.1514873626829329,0.3604369677104539,11.390123935420906,9.94837606457909,11.75056090313136,9.587939096868636,12.110997870841814,9.227502129158182
20180302,SAPR4,SANEPAR,10.23,10.37,10.13,10.37,4241549.0,10.391,10.645999999999997,0.1435233338813586,0.348504497267085,11.343008994534166,9.948991005465828,11.691513491801253,9.600486508198742,12.040017989068337,9.251982010931657
20180305,SAPR4,SANEPAR,10.37,10.38,10.26,10.28,2826934.0,10.369,10.621499999999997,0.1226419692910131,0.33853795757336824,11.298575915146735,9.94442408485326,11.637113872720102,9.605886127279893,11.97565183029347,9.267348169706525
20180306,SAPR4,SANEPAR,10.3,10.34,10.26,10.32,2239937.0,10.350999999999999,10.601749999999997,0.09867010425495179,0.3322949531627508,11.266339906325499,9.937160093674496,11.59863485948825,9.604865140511745,11.930929812651001,9.272570187348993
20180307,SAPR4,SANEPAR,10.28,10.29,10.17,10.19,3169218.0,10.334499999999998,10.573999999999996,0.09648970493215103,0.31855281734101193,11.21110563468202,9.936894365317972,11.529658452023032,9.61834154797696,11.848211269364043,9.29978873063595
20180308,SAPR4,SANEPAR,10.2,10.29,10.17,10.27,2469929.0,10.322,10.548249999999996,0.08691193364852229,0.29941727593477924,11.147084551869554,9.949415448130438,11.446501827804333,9.649998172195659,11.745919103739112,9.35058089626088
20180309,SAPR4,SANEPAR,10.27,10.34,10.2,10.34,9230374.0,10.315999999999999,10.526999999999996,0.08081167190318665,0.2823818109926447,11.091763621985285,9.962236378014707,11.37414543297793,9.679854567022062,11.656527243970574,9.397472756029417
20180312,SAPR4,SANEPAR,10.34,10.45,10.28,10.45,7379984.0,10.312499999999996,10.512749999999995,0.07261107643501398,0.27101885164821365,11.054787703296423,9.970712296703567,11.325806554944636,9.699693445055354,11.596825406592849,9.428674593407141
20180313,SAPR4,SANEPAR,10.45,10.6,10.4,10.54,4882556.0,10.327999999999998,10.493749999999995,0.08593755382772779,0.23918330595205062,10.972116611904097,10.015383388095893,11.211299917856147,9.776200082143843,11.450483223808197,9.537016776191793
20180314,SAPR4,SANEPAR,10.55,10.65,10.5,10.52,5182823.0,10.338499999999998,10.480749999999995,0.09587683985745228,0.22226557803556882,10.925281156071133,10.036218843928857,11.147546734106701,9.81395326589329,11.36981231214227,9.59168768785772
20180315,SAPR4,SANEPAR,10.51,10.56,10.45,10.5,4968009.0,10.343499999999997,10.464999999999995,0.10168449656709815,0.1958282868962403,10.856656573792476,10.073343426207513,11.052484860688715,9.877515139311274,11.248313147584955,9.681686852415034
20180316,SAPR4,SANEPAR,10.5,10.77,10.42,10.77,13006504.0,10.368999999999998,10.462749999999994,0.13733937987029404,0.1916458740115196,10.846041748023033,10.079458251976956,11.037687622034554,9.887812377965435,11.229333496046072,9.696166503953917
20180319,SAPR4,SANEPAR,10.76,10.76,10.51,10.56,3960536.0,10.375499999999999,10.456749999999994,0.1433242551184629,0.18443798902305883,10.825625978046112,10.087874021953876,11.01006396706917,9.903436032930818,11.19450195609223,9.718998043907758
20180320,SAPR4,SANEPAR,10.54,10.64,10.45,10.58,4844219.0,10.386999999999999,10.455999999999992,0.15023140046012226,0.18385892027340076,10.823717840546793,10.088282159453192,11.007576760820195,9.90442323917979,11.191435681093596,9.720564318906389
20180321,SAPR4,SANEPAR,10.58,10.58,10.37,10.39,5703474.0,10.3925,10.454249999999993,0.14810646952712286,0.18415277241937397,10.82255554483874,10.085944455161245,11.006708317258115,9.901791682741871,11.190861089677488,9.717638910322497
20180322,SAPR4,SANEPAR,10.42,10.6,10.41,10.6,3585070.0,10.41,10.457499999999992,0.15103154079790293,0.18557948051910741,10.828658961038208,10.086341038961777,11.014238441557314,9.900761558442671,11.199817922076422,9.715182077923563
20180323,SAPR4,SANEPAR,10.55,10.78,10.55,10.7,3446382.0,10.424999999999999,10.465749999999993,0.16430075119154033,0.18889540587047793,10.843540811740949,10.087959188259036,11.032436217611426,9.89906378238856,11.221331623481905,9.71016837651808
20180326,SAPR4,SANEPAR,10.69,10.85,10.69,10.81,2717698.0,10.448999999999998,10.467249999999993,0.18361573146684515,0.19143168427297502,10.850113368545943,10.084386631454043,11.041545052818918,9.892954947181067,11.232976737091892,9.701523262908093
20180327,SAPR4,SANEPAR,10.8,10.94,10.74,10.75,4277984.0,10.474999999999998,10.463499999999993,0.18774282521857424,0.18406450931600526,10.831629018632004,10.095370981367981,11.015693527948008,9.911306472051978,11.199758037264013,9.727241962735972
20180328,SAPR4,SANEPAR,10.75,10.99,10.62,10.93,5772803.0,10.504999999999999,10.464749999999993,0.20997493584761542,0.18711010744396062,10.838970214887915,10.090529785112071,11.026080322331875,9.903419677668111,11.213190429775835,9.716309570224151
20180329,SAPR4,SANEPAR,11.0,11.05,10.83,10.83,5347039.0,10.535,10.468999999999992,0.21147352702307415,0.19348093393114996,10.855961867862293,10.082038132137692,11.049442801793441,9.888557198206543,11.242923735724592,9.695076264275393
20180402,SAPR4,SANEPAR,10.83,10.97,10.78,10.81,3363405.0,10.556999999999999,10.473999999999993,0.2162381727827469,0.19970234260274441,10.873404685205482,10.074595314794504,11.073107027808227,9.874892972191759,11.27280937041097,9.675190629589016
20180403,SAPR4,SANEPAR,10.9,11.06,10.85,10.9,4356217.0,10.588,10.478499999999991,0.21886309106740512,0.20727227231782153,10.893044544635634,10.063955455364349,11.100316816953455,9.856683183046528,11.307589089271278,9.649410910728704
20180404,SAPR4,SANEPAR,10.86,11.09,10.71,10.99,4527070.0,10.621500000000001,10.486249999999991,0.22681490250863257,0.22038064389852058,10.927011287797033,10.04548871220295,11.147391931695553,9.825108068304429,11.367772575594074,9.604727424405908
20180405,SAPR4,SANEPAR,11.07,11.23,11.07,11.19,3580348.0,10.6715,10.502999999999991,0.23669378396658775,0.246880018611758,10.996760037223508,10.009239962776475,11.243640055835264,9.762359944164718,11.490520074447023,9.51547992555296
20180406,SAPR4,SANEPAR,11.16,11.24,11.01,11.11,5913728.0,10.7135,10.517749999999992,0.2362263633400027,0.2648897932425879,11.047529586485169,9.987970413514816,11.312419379727755,9.72308062027223,11.577309172970343,9.458190827029641
20180409,SAPR4,SANEPAR,11.1,11.18,10.87,10.87,2908021.0,10.74,10.527999999999993,0.2213832114587518,0.27047157298849395,11.06894314597698,9.987056854023006,11.339414718965475,9.716585281034511,11.60988629195397,9.446113708046017
20180410,SAPR4,SANEPAR,10.9,11.01,10.78,10.89,2285938.0,10.762,10.537249999999993,0.21274150363392214,0.2764517623801219,11.090153524760236,9.98434647523975,11.36660528714036,9.707894712859627,11.64305704952048,9.431442950479505
20180411,SAPR4,SANEPAR,10.89,10.99,10.81,10.88,1573574.0,10.779,10.553499999999993,0.20759018331926823,0.2770314246731024,11.107562849346197,9.999437150653788,11.3845942740193,9.722405725980686,11.661625698692403,9.445374301307583
20180412,SAPR4,SANEPAR,10.92,10.99,10.81,10.82,2528932.0,10.794,10.566249999999993,0.19853145051126384,0.27727323837317475,11.120796476746342,10.011703523253644,11.398069715119517,9.73443028488047,11.675342953492692,9.457157046507294
20180413,SAPR4,SANEPAR,10.83,10.88,10.57,10.64,3530148.0,10.800999999999998,10.572249999999993,0.1899002508243711,0.2761780130129725,11.124606026025939,10.019893973974048,11.40078403903891,9.743715960961076,11.676962052051884,9.467537947948102
20180416,SAPR4,SANEPAR,10.65,10.7,10.44,10.5,2481982.0,10.787499999999998,10.578249999999993,0.20146502896219481,0.2717926009822871,11.121835201964569,10.034664798035418,11.393627802946854,9.762872197053133,11.665420403929142,9.491079596070845
20180417,SAPR4,SANEPAR,10.6,10.61,10.45,10.53,3916160.0,10.785999999999998,10.580749999999991,0.20335087643619731,0.27085228730520317,11.122454574610398,10.039045425389585,11.393306861915601,9.768193138084381,11.664159149220804,9.497340850779178
20180418,SAPR4,SANEPAR,10.53,10.58,10.51,10.54,2220766.0,10.783999999999997,10.585499999999993,0.20566707896117511,0.26835634556523347,11.122212691130459,10.048787308869526,11.390569036695693,9.780430963304292,11.658925382260927,9.512074617739058
20180419,SAPR4,SANEPAR,10.47,10.57,10.47,10.55,3044930.0,10.791999999999998,10.592249999999993,0.1922060298084794,0.2638325760878043,11.1199151521756,10.064584847824385,11.383747728263407,9.80075227173658,11.64758030435121,9.536919695648775
20180420,SAPR4,SANEPAR,10.53,10.59,10.49,10.58,4695112.0,10.791,10.600499999999993,0.19330641070863075,0.2579500050944059,11.116400010188805,10.084599989811181,11.37435001528321,9.826649984716775,11.632300020377617,9.56869997962237
20180423,SAPR4,SANEPAR,10.58,10.69,10.49,10.55,3529639.0,10.7835,10.604249999999993,0.1998229479472189,0.2560437412550762,11.116337482510145,10.092162517489841,11.372381223765222,9.836118776234764,11.628424965020297,9.58007503497969
20180424,SAPR4,SANEPAR,10.59,10.69,10.46,10.46,4040647.0,10.766000000000002,10.607499999999993,0.21231555462764187,0.2532835646120038,11.114067129224,10.100932870775985,11.367350693836004,9.847649306163982,11.620634258448009,9.594365741551977
20180425,SAPR4,SANEPAR,10.46,10.52,10.41,10.45,3298032.0,10.751000000000001,10.612999999999992,0.22379266720502242,0.24719140305356252,11.107382806107118,10.118617193892867,11.35457420916068,9.871425790839305,11.601765612214242,9.624234387785743
20180426,SAPR4,SANEPAR,10.47,10.58,10.47,10.51,3224252.0,10.73,10.617499999999993,0.22580848895515745,0.2435185456002913,11.104537091200575,10.13046290879941,11.348055636800867,9.886944363199119,11.591574182401157,9.643425817598828
20180427,SAPR4,SANEPAR,10.48,10.55,10.48,10.53,2190987.0,10.715,10.624999999999991,0.22876096464949885,0.23577477301387176,11.096549546027735,10.153450453972248,11.332324319041607,9.917675680958375,11.568099092055478,9.681900907944504
20180430,SAPR4,SANEPAR,10.52,10.67,10.51,10.67,3853067.0,10.707999999999998,10.632499999999991,0.22784112654955252,0.23219962675823977,11.09689925351647,10.168100746483512,11.32909888027471,9.935901119725273,11.56129850703295,9.703701492967033
20180502,SAPR4,SANEPAR,10.67,10.67,10.49,10.51,4983831.0,10.688499999999998,10.638249999999992,0.2272322021285961,0.22601211108914843,11.090274222178289,10.186225777821695,11.316286333267438,9.960213666732546,11.542298444356586,9.734201555643399
20180503,SAPR4,SANEPAR,10.49,10.54,10.26,10.38,3230145.0,10.657999999999998,10.639749999999992,0.22556595487794784,0.22403625507882155,11.087822510157636,10.191677489842348,11.311858765236456,9.967641234763528,11.535895020315278,9.743604979684706
20180504,SAPR4,SANEPAR,10.35,10.43,10.28,10.3,2516821.0,10.613499999999998,10.642499999999993,0.20160605149647667,0.21899244806086696,11.080484896121726,10.20451510387826,11.299477344182593,9.985522655817393,11.518469792243462,9.766530207756524
20180507,SAPR4,SANEPAR,10.35,10.44,10.24,10.26,1544327.0,10.570999999999998,10.642249999999994,0.1798508153706103,0.21943385779937685,11.081117715598747,10.20338228440124,11.300551573398124,9.983948426601863,11.519985431197501,9.764514568802486
20180508,SAPR4,SANEPAR,10.3,10.39,10.13,10.14,5181250.0,10.534499999999998,10.637249999999993,0.1897775706341212,0.22858525313046138,11.094420506260915,10.18007949373907,11.323005759391377,9.951494240608609,11.551591012521838,9.722908987478148
20180509,SAPR4,SANEPAR,10.31,10.4,10.2,10.29,11897445.0,10.504499999999997,10.633249999999993,0.1776594909844144,0.2332972957518525,11.099844591503699,10.166655408496288,11.33314188725555,9.933358112744436,11.566439183007404,9.700060816992583
20180510,SAPR4,SANEPAR,10.35,10.37,10.27,10.3,4606649.0,10.475499999999997,10.627249999999993,0.15955447840454412,0.2387788108539357,11.104807621707865,10.149692378292121,11.3435864325618,9.910913567438186,11.582365243415737,9.67213475658425
20180511,SAPR4,SANEPAR,10.34,10.34,10.16,10.2,2505134.0,10.444499999999996,10.619249999999994,0.1489780980017167,0.24765968689477824,11.11456937378955,10.123930626210438,11.362229060684328,9.87627093931566,11.609888747579106,9.628611252420882
20180514,SAPR4,SANEPAR,10.2,10.25,9.99,9.99,5365362.0,10.411999999999997,10.606499999999993,0.17304091393290544,0.2663769259276517,11.139253851855297,10.07374614814469,11.405630777782948,9.807369222217039,11.6720077037106,9.540992296289387
20180515,SAPR4,SANEPAR,9.91,10.0,9.69,9.73,4743715.0,10.373499999999996,10.580499999999995,0.22903171465058583,0.2987920123876565,11.178084024775309,9.982915975224682,11.476876037162965,9.684123962837026,11.775668049550621,9.38533195044937
20180516,SAPR4,SANEPAR,9.75,9.98,9.74,9.96,3430502.0,10.344999999999997,10.565499999999995,0.24353752547767069,0.31449552603723097,11.194491052074456,9.936508947925534,11.508986578111688,9.622013421888301,11.823482104148919,9.30751789585107
20180517,SAPR4,SANEPAR,9.9,9.93,9.66,9.71,3892559.0,10.303499999999998,10.543749999999994,0.2769813788154787,0.34232004443285435,11.228390088865703,9.859109911134285,11.570710133298558,9.51678986670143,11.913030177731411,9.174469822268577
20180518,SAPR4,SANEPAR,9.7,9.74,9.52,9.71,4092056.0,10.261499999999998,10.526749999999995,0.30033796752465264,0.36620288267850876,11.259155765357011,9.794344234642978,11.62535864803552,9.428141351964468,11.99156153071403,9.061938469285959
20180521,SAPR4,SANEPAR,9.75,10.0,9.46,9.46,6120400.0,10.205499999999997,10.498249999999993,0.33966663223317717,0.40287993694119556,11.304009873882384,9.692490126117603,11.70688981082358,9.289610189176408,12.109769747764776,8.88673025223521
20180522,SAPR4,SANEPAR,9.48,9.75,9.47,9.59,4729756.0,10.157499999999997,10.470499999999992,0.3558662522264243,0.42618131449010144,11.322862628980195,9.61813737101979,11.749043943470296,9.191956056529689,12.175225257960399,8.765774742039586
20180523,SAPR4,SANEPAR,9.57,9.65,9.51,9.57,2561263.0,10.112999999999996,10.439499999999992,0.37135739630370956,0.44551295701897675,11.330525914037946,9.548474085962038,11.776038871056922,9.102961128943061,12.2215518280759,8.657448171924084
20180524,SAPR4,SANEPAR,9.56,9.56,9.24,9.4,4406369.0,10.060499999999998,10.405749999999992,0.39469475214197847,0.4717500832280144,11.349250166456022,9.462249833543963,11.821000249684035,8.99049975031595,12.29275033291205,8.518749667087935
20180525,SAPR4,SANEPAR,9.4,9.5,9.27,9.3,3870056.0,9.999999999999998,10.364999999999991,0.4144114406061441,0.4951249518542923,11.355249903708575,9.374750096291407,11.850374855562869,8.879625144437114,12.345499807417161,8.384500192582822
20180528,SAPR4,SANEPAR,9.35,9.35,9.04,9.05,2684103.0,9.925999999999998,10.320499999999992,0.4457447936349094,0.5309543898514836,11.38240877970296,9.258591220297024,11.913363169554444,8.72763683044554,12.444317559405926,8.196682440594058
20180529,SAPR4,SANEPAR,9.1,9.17,9.01,9.01,3173971.0,9.843,10.275499999999992,0.4543833299388439,0.5636736189657501,11.402847237931493,9.148152762068491,11.966520856897242,8.584479143102742,12.530194475862992,8.020805524136993
20180530,SAPR4,SANEPAR,9.03,9.16,8.9,8.9,8211089.0,9.7625,10.225499999999993,0.4722607999378006,0.594707210874951,11.414914421749895,9.036085578250091,12.009621632624846,8.44137836737514,12.604328843499797,7.846671156500189
20180601,SAPR4,SANEPAR,8.91,9.25,8.9,9.2,10503113.0,9.7035,10.180749999999993,0.46470449014173665,0.6029941850295771,11.386738370059147,8.974761629940838,11.989732555088723,8.371767444911262,12.592726740118302,7.768773259881684
20180604,SAPR4,SANEPAR,9.25,9.38,9.0,9.1,4127740.0,9.6435,10.128499999999992,0.4610888143696815,0.6038489792519204,11.336197958503833,8.92080204149615,11.940046937755753,8.316953062244231,12.543895917007674,7.71310408299231
20180605,SAPR4,SANEPAR,9.11,9.14,8.8,8.8,4393107.0,9.5705,10.070749999999993,0.47374737882901774,0.6178722276843214,11.306494455368636,8.83500554463135,11.924366683052957,8.217133316947029,12.542238910737279,7.599261089262708
20180606,SAPR4,SANEPAR,8.83,8.84,8.67,8.82,7323700.0,9.504499999999998,10.019499999999992,0.48210585210260126,0.6346691041754494,11.28883820835089,8.750161791649093,11.92350731252634,8.115492687473644,12.558176416701789,7.480823583298195
20180607,SAPR4,SANEPAR,8.82,8.82,8.34,8.62,8973572.0,9.421,9.962749999999993,0.48351672261942286,0.6559666482297244,11.274683296459441,8.650816703540544,11.930649944689165,7.9948500553108195,12.58661659291889,7.338883407081095
20180608,SAPR4,SANEPAR,8.67,8.81,8.5,8.65,2869932.0,9.3385,9.906999999999993,0.46609548377987536,0.6706108963914689,11.24822179278293,8.565778207217056,11.9188326891744,7.895167310825586,12.589443585565869,7.224556414434117
20180611,SAPR4,SANEPAR,8.66,8.82,8.66,8.7,3423838.0,9.263499999999999,9.853999999999992,0.4401348477575049,0.6803083765319093,11.214616753063812,8.493383246936173,11.89492512959572,7.8130748704042645,12.57523350612763,7.132766493872355
20180612,SAPR4,SANEPAR,8.7,8.96,8.7,8.96,4725560.0,9.212,9.811999999999992,0.4098728942900224,0.6823947274873677,11.176789454974728,8.447210545025257,11.859184182462096,7.7648158175378885,12.541578909949463,7.082421090050522
20180613,SAPR4,SANEPAR,8.95,9.16,8.93,9.16,6734323.0,9.183499999999999,9.778499999999992,0.39135762350269826,0.6806427957340105,11.139785591468014,8.41721440853197,11.820428387202025,7.7365716127979605,12.501071182936034,7.0559288170639505
20180614,SAPR4,SANEPAR,9.19,9.2,9.03,9.1,2328735.0,9.1405,9.742749999999994,0.34618940663046444,0.6777072490276387,11.09816449805527,8.387335501944717,11.77587174708291,7.709628252917078,12.453578996110549,7.031921003889439
20180615,SAPR4,SANEPAR,9.07,9.19,8.95,9.06,11043054.0,9.107999999999999,9.705749999999993,0.31938427605232655,0.6734522140548496,11.052654428109692,8.358845571890294,11.726106642164542,7.685393357835444,12.399558856219391,7.011941143780595
20180618,SAPR4,SANEPAR,9.05,9.1,8.96,9.03,2807461.0,9.073999999999998,9.667749999999993,0.28641890558005956,0.6674501325845801,11.002650265169153,8.332849734830832,11.670100397753732,7.665399602246253,12.337550530338312,6.997949469661672
20180619,SAPR4,SANEPAR,8.93,9.27,8.93,9.18,4359842.0,9.059999999999999,9.632749999999993,0.2730914633752139,0.6549769520313684,10.942703904062729,8.322796095937257,11.597680856094097,7.667819143905888,12.252657808125466,7.012842191874519
20180620,SAPR4,SANEPAR,9.2,9.36,9.1,9.1,5571292.0,9.035499999999997,9.596499999999994,0.24340728268306322,0.6429242089558705,10.882348417911734,8.310651582088253,11.525272626867604,7.667727373132382,12.168196835823476,7.024803164176511
20180621,SAPR4,SANEPAR,9.05,9.12,8.95,9.0,3530514.0,9.006999999999998,9.559999999999993,0.20837971413540365,0.6340266111053515,10.828053222210697,8.29194677778929,11.462079833316048,7.6579201666839385,12.0961064444214,7.023893555578587
20180622,SAPR4,SANEPAR,9.08,9.09,8.9,9.0,2077030.0,8.986999999999998,9.523749999999994,0.1867477893901288,0.6231956004419873,10.77014120088397,8.27735879911602,11.393336801325956,7.654163198674032,12.016532401767943,7.030967598232046
20180625,SAPR4,SANEPAR,9.0,9.09,8.82,8.84,4302931.0,8.963999999999997,9.481999999999994,0.1740659282238075,0.6112542800437368,10.704508560087469,8.25949143991252,11.315762840131205,7.648237159868783,11.927017120174941,7.036982879825047
20180626,SAPR4,SANEPAR,8.9,8.9,8.55,8.65,5394343.0,8.943999999999997,9.434999999999993,0.1862200170143822,0.6007943459735934,10.63658869194718,8.233411308052807,11.237383037920774,7.632616962079213,11.838177383894367,7.03182261610562
20180627,SAPR4,SANEPAR,8.7,8.74,8.45,8.54,2982436.0,8.920499999999997,9.381749999999993,0.20605249714318458,0.5826459869885291,10.547041973977052,8.216458026022934,11.12968796096558,7.633812039034406,11.712333947954109,7.051166052045877
20180628,SAPR4,SANEPAR,8.63,8.73,8.58,8.73,3943040.0,8.911999999999995,9.337249999999994,0.2104031218499509,0.5618695327163258,10.460989065432646,8.213510934567342,11.022858598148972,7.651641401851016,11.584728130865297,7.08977186913469
20180629,SAPR4,SANEPAR,8.76,8.98,8.73,8.98,3577426.0,8.900999999999996,9.302249999999995,0.200049993751549,0.538361652823415,10.378973305646825,8.225526694353166,10.91733495847024,7.6871650415297506,11.455696611293655,7.148803388706336
20180702,SAPR4,SANEPAR,8.9,9.07,8.79,8.98,2689507.0,8.894999999999996,9.269249999999996,0.19551551291257813,0.5156096093274046,10.300469218654806,8.238030781345186,10.81607882798221,7.722421172017782,11.331688437309614,7.206811562690378
20180703,SAPR4,SANEPAR,8.72,8.88,8.66,8.88,6650238.0,8.898999999999996,9.234749999999995,0.19428411100619758,0.4933038149519452,10.221357629903885,8.248142370096105,10.71466144485583,7.754838555144159,11.207965259807775,7.261534740192214
20180704,SAPR4,SANEPAR,8.88,9.0,8.8,9.0,1371019.0,8.907999999999996,9.206249999999995,0.19460080597008156,0.47214017638179756,10.15053035276359,8.2619696472364,10.622670529145388,7.7898294708546025,11.094810705527186,7.317689294472805
20180705,SAPR4,SANEPAR,9.04,9.05,8.83,8.9,1524533.0,8.921999999999995,9.171499999999995,0.18248576007889958,0.4404167606675654,10.052333521335125,8.290666478664864,10.49275028200269,7.850249717997299,10.933167042670256,7.4098329573297335
20180706,SAPR4,SANEPAR,8.9,9.1,8.84,9.0,1603132.0,8.939499999999995,9.138999999999994,0.1714788616710373,0.40122760341678626,9.941455206833567,8.336544793166421,10.342682810250352,7.935317189749635,10.74391041366714,7.534089586332849
20180710,SAPR4,SANEPAR,9.01,9.1,8.99,9.02,1482661.0,8.955499999999997,9.109499999999993,0.16265802033389581,0.362752652891023,9.83500530578204,8.383994694217947,10.197757958673062,8.021242041326925,10.560510611564085,7.6584893884359015
20180711,SAPR4,SANEPAR,9.0,9.05,8.85,8.85,1783978.0,8.949999999999996,9.080999999999994,0.16434879468917368,0.3355653476807312,9.752130695361457,8.409869304638532,10.087696043042188,8.0743039569578,10.423261390722919,7.738738609277069
20180712,SAPR4,SANEPAR,8.9,8.9,8.66,8.68,4299785.0,8.925999999999997,9.054749999999995,0.16709278859362783,0.32437701632195803,9.703504032643911,8.405995967356079,10.027881048965869,8.081618951034121,10.352258065287828,7.757241934712162
20180713,SAPR4,SANEPAR,8.73,8.73,8.53,8.58,2802956.0,8.899999999999997,9.020249999999994,0.17864990756694812,0.2979372460168237,9.616124492033642,8.424375507966346,9.914061738050465,8.126438261949522,10.21199898406729,7.828501015932699
20180716,SAPR4,SANEPAR,8.58,8.67,8.5,8.62,1998928.0,8.877999999999997,8.992999999999995,0.1848925719381117,0.28269037152657445,9.558380743053144,8.427619256946846,9.841071114579718,8.144928885420272,10.123761486106293,7.862238513893697
20180717,SAPR4,SANEPAR,8.6,8.88,8.59,8.79,3018579.0,8.865999999999996,8.969999999999995,0.18227798319569444,0.25931863381974724,9.48863726763949,8.4513627323605,9.747955901459237,8.192044098540753,10.007274535278984,7.932725464721006
20180718,SAPR4,SANEPAR,8.79,8.86,8.65,8.69,1958477.0,8.841499999999996,8.950749999999996,0.17039505181843081,0.25043948549983497,9.451628970999666,8.449871029000326,9.7020684564995,8.199431543500491,9.952507941999336,7.9489920580006554
20180719,SAPR4,SANEPAR,8.65,8.7,8.52,8.62,10866074.0,8.817499999999997,8.926499999999997,0.16581140205856437,0.23333205127849926,9.393164102556996,8.459835897442998,9.626496153835495,8.2265038461645,9.859828205113994,7.993171794886
20180720,SAPR4,SANEPAR,8.69,8.86,8.69,8.79,2576865.0,8.806999999999997,8.906999999999998,0.16020053222855143,0.2095563078359419,9.326112615671882,8.487887384328115,9.535668923507824,8.278331076492172,9.745225231343765,8.068774768656231
20180723,SAPR4,SANEPAR,8.84,8.85,8.71,8.75,1154864.0,8.794499999999996,8.890749999999999,0.15398137276271487,0.19504618125074508,9.280842362501488,8.50065763749851,9.475888543752234,8.305611456247764,9.67093472500298,8.110565274997018
20180724,SAPR4,SANEPAR,8.78,8.83,8.64,8.65,2025391.0,8.784999999999997,8.874499999999998,0.1568606488507879,0.1869862191548662,9.24847243830973,8.500527561690266,9.435458657464597,8.313541342535398,9.622444876619463,8.126555123380532
20180725,SAPR4,SANEPAR,8.68,8.72,8.6,8.65,3155224.0,8.784999999999997,8.864499999999996,0.1568606488507879,0.18805277491659503,9.240605549833186,8.488394450166806,9.428658324749781,8.30034167525021,9.616711099666377,8.112288900333615
20180726,SAPR4,SANEPAR,8.65,8.72,8.56,8.62,1167756.0,8.788999999999998,8.854749999999997,0.1512021999282858,0.1904109927336956,9.235571985467388,8.473928014532607,9.425982978201084,8.283517021798911,9.61639397093478,8.093106029065215
20180727,SAPR4,SANEPAR,8.65,8.65,8.56,8.56,803397.0,8.780499999999998,8.846249999999998,0.15925732239629534,0.1958503811455496,9.237950762291097,8.454549237708898,9.433801143436646,8.258698856563349,9.629651524582195,8.0628484754178
20180730,SAPR4,SANEPAR,8.61,8.63,8.48,8.5,1626297.0,8.756499999999999,8.828749999999998,0.16371589640849687,0.19470144798161865,9.218152895963234,8.439347104036761,9.412854343944854,8.244645656055141,9.607555791926472,8.049944208073523
20180731,SAPR4,SANEPAR,8.5,8.51,8.3,8.3,4846514.0,8.7225,8.808749999999998,0.184187404563927,0.20683435091380178,9.222418701827602,8.395081298172395,9.429253052741403,8.188246947258593,9.636087403655205,7.981412596344791
20180801,SAPR4,SANEPAR,8.3,8.45,8.27,8.42,2614285.0,8.699499999999999,8.799249999999997,0.19203823632423334,0.21577989141355697,9.23080978282711,8.367690217172884,9.446589674240668,8.151910325759326,9.662369565654226,7.9361304343457695
20180802,SAPR4,SANEPAR,8.42,8.53,8.41,8.53,615952.0,8.675999999999998,8.791999999999998,0.1818154066773744,0.21989741197853302,9.231794823957063,8.352205176042933,9.451692235935598,8.132307764064398,9.67158964791413,7.912410352085866
20180803,SAPR4,SANEPAR,8.53,8.61,8.45,8.61,2198275.0,8.6615,8.791749999999997,0.17442461801138326,0.22010355954200697,9.231957119084012,8.351542880915982,9.452060678626017,8.131439321373977,9.672164238168024,7.911335761831969
20180806,SAPR4,SANEPAR,8.65,8.68,8.56,8.62,974465.0,8.6425,8.790999999999999,0.15525446005966165,0.22064939122086588,9.232298782441731,8.349701217558266,9.452948173662596,8.1290518263374,9.673597564883462,7.908402435116535
20180807,SAPR4,SANEPAR,8.65,8.69,8.55,8.59,893140.0,8.620999999999999,8.788249999999998,0.1275229597490349,0.2224904204218061,9.23323084084361,8.343269159156385,9.455721261265417,8.120778738734579,9.678211681687223,7.8982883183127734
20180808,SAPR4,SANEPAR,8.82,8.89,8.71,8.71,2240795.0,8.614,8.781999999999998,0.11775979118972976,0.22104878217838908,9.224097564356777,8.33990243564322,9.445146346535166,8.11885365346483,9.666195128713554,7.897804871286442
20180809,SAPR4,SANEPAR,8.72,8.78,8.55,8.56,1985248.0,8.608,8.766999999999998,0.11727610246986585,0.2150158014467298,9.197031602893457,8.336968397106538,9.412047404340187,8.121952595659808,9.627063205786916,7.906936794213078
20180810,SAPR4,SANEPAR,8.55,8.61,8.45,8.47,1696778.0,8.6025,8.751249999999997,0.12117299508074514,0.2130629797344387,9.177375959468874,8.32512404053112,9.390438939203314,8.11206106079668,9.603501918937752,7.898998081062242
20180813,SAPR4,SANEPAR,8.47,8.59,8.4,8.58,737585.0,8.6005,8.739249999999997,0.1211990533226724,0.2087003433953038,9.156650686790604,8.32184931320939,9.365351030185908,8.113148969814086,9.574051373581211,7.904448626418781
20180814,SAPR4,SANEPAR,8.61,8.93,8.61,8.88,2935737.0,8.605,8.735499999999998,0.12995950786382174,0.20465042113755652,9.144800842275112,8.326199157724885,9.349451263412668,8.121548736587329,9.554101684550224,7.916898315449772
20180815,SAPR4,SANEPAR,8.88,9.03,8.77,9.03,3997037.0,8.622,8.731749999999996,0.16034830509663797,0.19754762489725974,9.126845249794515,8.336654750205478,9.324392874691776,8.139107125308216,9.521940499589036,7.941559500410957
20180816,SAPR4,SANEPAR,9.05,9.1,8.89,8.9,1688814.0,8.636,8.726749999999996,0.17196694908889737,0.19038944567812918,9.107528891356253,8.345971108643738,9.297918337034384,8.155581662965607,9.488307782712512,7.965192217287479
20180817,SAPR4,SANEPAR,8.85,8.88,8.75,8.76,1510665.0,8.6345,8.720749999999995,0.17067898461576853,0.1852702461339875,9.091290492267971,8.35020950773202,9.276560738401958,8.164939261598033,9.461830984535945,7.9796690154640455
20180820,SAPR4,SANEPAR,8.78,8.82,8.6,8.65,1933302.0,8.6295,8.711999999999994,0.16856905503616476,0.1799316109397365,9.071863221879468,8.35213677812052,9.251794832819204,8.172205167180785,9.43172644375894,7.992273556241049
20180821,SAPR4,SANEPAR,8.65,8.66,8.5,8.53,1683709.0,8.6235,8.704249999999995,0.16993110058892838,0.18095030483670604,9.066150609673407,8.342349390326582,9.247100914510114,8.161399085489876,9.42805121934682,7.9804487806531705
20180822,SAPR4,SANEPAR,8.48,8.6,8.45,8.55,2830113.0,8.618500000000001,8.701749999999995,0.1705802789860054,0.18240399652612313,9.06655799305224,8.33694200694775,9.248961989578365,8.154538010421625,9.431365986104488,7.972134013895503
20180823,SAPR4,SANEPAR,8.55,8.55,8.39,8.41,2033724.0,8.608,8.698499999999996,0.17683176661507,0.18647265558798487,9.071445311175966,8.325554688824026,9.25791796676395,8.139082033236042,9.444390622351936,7.952609377648056
20180824,SAPR4,SANEPAR,8.41,8.47,8.3,8.36,1794072.0,8.597999999999999,8.689249999999996,0.18514858897651917,0.19389909482600182,9.077048189652,8.301451810347992,9.270947284478002,8.10755271552199,9.464846379304003,7.913653620695989
20180827,SAPR4,SANEPAR,8.37,8.52,8.37,8.5,1401142.0,8.597999999999999,8.677249999999995,0.18514858897651917,0.19026280744648869,9.057775614892973,8.296724385107018,9.248038422339462,8.106461577660529,9.43830122978595,7.916198770214041
20180828,SAPR4,SANEPAR,8.5,8.58,8.41,8.57,6076394.0,8.611499999999998,8.666999999999994,0.17162612364027086,0.18449098372794992,9.035981967455895,8.298018032544094,9.220472951183844,8.113527048816145,9.404963934911795,7.929036065088194
20180829,SAPR4,SANEPAR,8.58,8.74,8.53,8.67,1185670.0,8.623999999999999,8.661749999999994,0.1659549716988768,0.18123348731142508,9.024216974622844,8.299283025377145,9.20545046193427,8.11804953806572,9.386683949245695,7.9368160507542935
20180830,SAPR4,SANEPAR,8.65,8.65,8.45,8.5,2077139.0,8.622499999999999,8.649249999999995,0.1669817197684769,0.1744204689822369,8.998090937964468,8.300409062035522,9.172511406946706,8.125988593053284,9.346931875928943,7.951568124071048
20180831,SAPR4,SANEPAR,8.52,8.58,8.46,8.5,3347616.0,8.616999999999999,8.639249999999995,0.16921179503493072,0.17111081279800416,8.981471625596004,8.297028374403986,9.152582438394008,8.125917561605982,9.323693251192012,7.954806748807979
20180903,SAPR4,SANEPAR,8.48,8.65,8.48,8.53,1701692.0,8.612499999999999,8.627499999999994,0.17032090454877177,0.16157478224151675,8.950649564483028,8.30435043551696,9.112224346724544,8.142775653275445,9.273799128966061,7.981200871033927
20180904,SAPR4,SANEPAR,8.51,8.54,8.34,8.38,2504294.0,8.601999999999999,8.611499999999996,0.17807745210262976,0.1531808048495051,8.917861609699006,8.305138390300986,9.071042414548511,8.15195758545148,9.224223219398016,7.998776780601975
20180905,SAPR4,SANEPAR,8.36,8.48,8.33,8.45,2231731.0,8.588999999999997,8.601499999999994,0.17926457952891897,0.15023997897375543,8.901979957947505,8.301020042052484,9.052219936921261,8.150780063078727,9.202459915895016,8.000540084104973
20180906,SAPR4,SANEPAR,8.49,8.6,8.45,8.6,1446195.0,8.590999999999998,8.599499999999995,0.17914710215496712,0.1496996993984396,8.898899398796875,8.300100601203116,9.048599098195314,8.150400901804677,9.198298797593754,8.000701202406237
20180910,SAPR4,SANEPAR,8.65,8.72,8.58,8.68,1602648.0,8.601499999999998,8.601999999999995,0.17783123282600544,0.15019986684409276,8.902399733688181,8.301600266311809,9.052599600532274,8.151400399467716,9.202799467376366,8.001200532623624
20180911,SAPR4,SANEPAR,8.6,8.63,8.52,8.55,2060786.0,8.599999999999998,8.600249999999996,0.17814837104295694,0.15039243536617058,8.901034870732337,8.299465129267654,9.051427306098507,8.149072693901484,9.201819741464679,7.998680258535313
20180912,SAPR4,SANEPAR,8.57,8.68,8.57,8.68,1399489.0,8.589999999999998,8.597499999999995,0.16685953752529037,0.1478174549908879,8.89313490998177,8.30186509001822,9.040952364972659,8.15404763502733,9.188769819963547,8.006230180036443
20180913,SAPR4,SANEPAR,8.68,8.68,8.57,8.63,2579345.0,8.569999999999997,8.595999999999995,0.1315894732631761,0.14715768622592493,8.890315372451845,8.301684627548145,9.037473058677769,8.15452694132222,9.184630744903695,8.007369255096295
20180914,SAPR4,SANEPAR,8.6,8.66,8.55,8.56,4199347.0,8.552999999999997,8.594499999999995,0.10623211923844249,0.1472125621729396,8.888925124345874,8.300074875654115,9.036137686518813,8.152862313481176,9.183350248691752,8.005649751308237
20180917,SAPR4,SANEPAR,8.57,8.62,8.49,8.51,1812966.0,8.540499999999998,8.587499999999995,0.09467256591451427,0.1443064758572604,8.876112951714516,8.298887048285474,9.020419427571776,8.154580572428214,9.164725903429037,8.010274096570953
20180918,SAPR4,SANEPAR,8.53,8.58,8.5,8.54,1931608.0,8.534999999999997,8.582249999999995,0.09110433579142084,0.14204527086229252,8.866340541724579,8.29815945827541,9.008385812586873,8.156114187413117,9.150431083449165,8.014068916550825
20180919,SAPR4,SANEPAR,8.53,8.6,8.46,8.52,3196036.0,8.534499999999998,8.578999999999995,0.0911606447865015,0.14194256693351487,8.862885133867024,8.295114866132966,9.00482770080054,8.15317229919945,9.146770267734055,8.011229732265935
20180920,SAPR4,SANEPAR,8.55,8.57,8.51,8.52,6379630.0,8.532999999999998,8.575749999999996,0.09113899159783179,0.1417633908113868,8.85927678162277,8.292223218377222,9.001040172434156,8.150459827565836,9.142803563245543,8.008696436754448
20180921,SAPR4,SANEPAR,8.56,8.69,8.41,8.69,7507865.0,8.546999999999997,8.577499999999995,0.09274186019039568,0.1427522508690779,8.863004501738152,8.291995498261839,9.00575675260723,8.14924324739276,9.148509003476306,8.006490996523684
20180924,SAPR4,SANEPAR,8.66,8.66,8.5,8.52,5846382.0,8.554999999999998,8.576499999999994,0.08204620007876277,0.14301784002034704,8.862535680040688,8.2904643199593,9.005553520061035,8.147446479938953,9.148571360081382,8.004428639918606
20180925,SAPR4,SANEPAR,8.48,8.51,8.4,8.5,1497083.0,8.554999999999998,8.576499999999994,0.08204620007876277,0.14301784002034704,8.862535680040688,8.2904643199593,9.005553520061035,8.147446479938953,9.148571360081382,8.004428639918606
20180926,SAPR4,SANEPAR,8.5,8.54,8.38,8.45,3161544.0,8.548999999999998,8.580249999999994,0.08521798673492499,0.1374397303808565,8.855129460761708,8.30537053923828,8.992569191142564,8.167930808857424,9.13000892152342,8.030491078476569
20180927,SAPR4,SANEPAR,8.44,8.49,8.41,8.41,3772362.0,8.535999999999998,8.579999999999995,0.08561849283761895,0.13774744634417732,8.85549489268835,8.30450510731164,8.993242339032527,8.166757660967463,9.130989785376704,8.029010214623286
20180928,SAPR4,SANEPAR,8.38,8.39,8.28,8.32,2210091.0,8.526999999999997,8.574749999999995,0.0981459707728406,0.14358036255979967,8.861910725119595,8.287589274880395,9.005491087679394,8.144008912320595,9.149071450239193,8.000428549760796
20181001,SAPR4,SANEPAR,8.34,8.38,8.21,8.27,1364008.0,8.5155,8.566249999999993,0.11371594342689856,0.15129674526634107,8.868843490532676,8.26365650946731,9.020140235799015,8.11235976420097,9.171436981065357,7.961063018934629
20181002,SAPR4,SANEPAR,8.34,8.45,8.33,8.38,2552259.0,8.508,8.560249999999993,0.11758983128250726,0.15384786858013214,8.867945737160257,8.252554262839729,9.02179360574039,8.098706394259596,9.175641474320521,7.944858525679464
20181003,SAPR4,SANEPAR,8.5,8.68,8.5,8.59,2940899.0,8.5185,8.560249999999993,0.11490384996525603,0.15384786858013214,8.867945737160257,8.252554262839729,9.02179360574039,8.098706394259596,9.175641474320521,7.944858525679464
20181004,SAPR4,SANEPAR,8.57,8.69,8.52,8.61,1049131.0,8.526499999999999,8.557749999999995,0.11545220017960564,0.15215524292215787,8.86206048584431,8.25343951415568,9.01421572876647,8.10128427123352,9.166370971688627,7.949129028311363
20181005,SAPR4,SANEPAR,8.69,8.78,8.65,8.77,2419915.0,8.535,8.562999999999994,0.1268442891272859,0.15581382710764682,8.874627654215287,8.2513723457847,9.030441481322933,8.095558518677054,9.186255308430582,7.939744691569406
20181008,SAPR4,SANEPAR,9.05,9.45,9.01,9.38,3619096.0,8.569999999999999,8.585749999999994,0.22643693208158974,0.2015947636173414,8.988939527234677,8.18256047276531,9.190534290852018,7.98096570914797,9.39212905446936,7.779370945530628
20181009,SAPR4,SANEPAR,9.4,9.6,9.34,9.49,3370717.0,8.616999999999999,8.608499999999994,0.3057363845571893,0.24713278897102775,9.10276557794205,8.114234422057939,9.349898366913077,7.867101633086911,9.597031155884105,7.619968844115883
20181010,SAPR4,SANEPAR,9.45,9.52,9.35,9.43,3597476.0,8.654499999999999,8.622249999999994,0.3557715855048404,0.2762151474707548,9.174680294941503,8.069819705058485,9.450895442412259,7.793604557587729,9.727110589883013,7.517389410116975
20181011,SAPR4,SANEPAR,9.49,9.65,9.3,9.3,3043473.0,8.687999999999999,8.628999999999994,0.3837844789928145,0.28941851516974537,9.207837030339485,8.050162969660503,9.49725554550923,7.760744454490758,9.786674060678976,7.471325939321012
20181015,SAPR4,SANEPAR,9.33,9.51,9.33,9.4,1707808.0,8.73,8.641499999999995,0.41382681350891704,0.31138688937040704,9.26427377874081,8.01872622125918,9.575660668111217,7.707339331888774,9.887047557481623,7.395952442518367
20181016,SAPR4,SANEPAR,9.41,9.46,9.29,9.32,2890563.0,8.7705,8.655499999999995,0.4304645593334045,0.32894508933081074,9.313390178661615,7.997609821338373,9.642335267992427,7.668664732007563,9.971280357323238,7.3397196426767515
20181017,SAPR4,SANEPAR,9.34,9.47,9.33,9.42,1379779.0,8.814499999999999,8.674749999999996,0.45018680333249855,0.3504428517000677,9.375635703400132,7.97386429659986,9.7260785551002,7.623421444899793,10.076521406800268,7.272978593199725
20181018,SAPR4,SANEPAR,9.43,9.52,9.31,9.37,2646126.0,8.857,8.695749999999997,0.4609155648215123,0.3663533918121833,9.428456783624362,7.96304321637563,9.794810175436547,7.596689824563446,10.16116356724873,7.230336432751264
20181019,SAPR4,SANEPAR,9.42,9.55,9.33,9.45,2092106.0,8.903499999999998,8.718249999999996,0.4719084991594707,0.38436686201514303,9.486983724030281,7.94951627596971,9.871350586045425,7.5651494139545665,10.255717448060569,7.180782551939424
20181022,SAPR4,SANEPAR,9.46,9.59,9.46,9.5,1572729.0,8.943999999999999,8.745499999999996,0.48713339791931526,0.4002624139236452,9.546024827847287,7.944975172152706,9.946287241770932,7.5447127582290605,10.346549655694577,7.144450344305415
20181023,SAPR4,SANEPAR,9.46,9.58,9.43,9.58,3144979.0,8.996999999999998,8.775999999999994,0.49615468725409356,0.4162950137360788,9.608590027472152,7.943409972527837,10.02488504120823,7.527114958791758,10.44118005494431,7.110819945055679
20181024,SAPR4,SANEPAR,9.58,9.59,9.41,9.5,2106482.0,9.046999999999999,8.800999999999995,0.49381543537087136,0.4291243319921116,9.659248663984219,7.942751336015772,10.088372995976329,7.51362700402366,10.51749732796844,7.084502672031548
20181025,SAPR4,SANEPAR,9.54,9.62,9.49,9.55,1823698.0,9.102,8.825499999999995,0.4850024416650389,0.4433378638673279,9.71217572773465,7.938824272265339,10.155513591601977,7.495486408398011,10.598851455469307,7.052148544530683
20181026,SAPR4,SANEPAR,9.52,9.92,9.52,9.92,3530707.0,9.177499999999998,8.856749999999995,0.4891224687884222,0.4750189604852596,9.806787920970514,7.906712079029475,10.281806881455774,7.431693118544215,10.756825841941033,6.956674158058956
20181029,SAPR4,SANEPAR,10.08,10.21,9.72,9.76,5822053.0,9.2495,8.888249999999996,0.4614562190557841,0.4922209609097913,9.872691921819579,7.903808078180413,10.364912882729369,7.4115871172706225,10.857133843639161,6.91936615636083
20181030,SAPR4,SANEPAR,9.85,10.02,9.83,10.0,3847663.0,9.335999999999999,8.925749999999995,0.4292024427261591,0.5183300972773758,9.962410194554748,7.889089805445244,10.480740291832124,7.370759708167868,10.999070389109498,6.852429610890493
20181031,SAPR4,SANEPAR,10.08,10.19,10.01,10.08,2053028.0,9.421,8.964499999999996,0.39704036650141233,0.5452261351600112,10.054952270320019,7.874047729679973,10.60017840548003,7.328821594519962,11.14540454064004,6.783595459359951
20181101,SAPR4,SANEPAR,10.13,10.24,10.13,10.17,2881892.0,9.499999999999998,9.009249999999996,0.37980604468457896,0.5689639144070742,10.147177828814144,7.871322171185848,10.716141743221218,7.302358256778774,11.285105657628293,6.7333943423716995
20181105,SAPR4,SANEPAR,10.2,10.4,10.2,10.38,4188574.0,9.5885,9.057499999999996,0.3675276573910671,0.60124123747545,10.259982474950895,7.855017525049096,10.861223712426346,7.253776287573645,11.462464949901795,6.652535050098196
20181106,SAPR4,SANEPAR,10.3,10.38,10.23,10.23,3347808.0,9.661499999999998,9.098249999999997,0.34039102901160023,0.6242365080229632,10.346723016045923,7.8497769839540705,10.970959524068887,7.225540475931107,11.595196032091849,6.601303967908144
20181107,SAPR4,SANEPAR,10.15,10.29,9.91,10.15,5106381.0,9.7,9.134999999999994,0.35027808501546653,0.6420000798785681,10.41900015975713,7.850999840242858,11.0610002396357,7.20899976036429,11.703000319514267,6.566999680485722
20181108,SAPR4,SANEPAR,10.25,10.25,10.02,10.17,2177731.0,9.733999999999998,9.175499999999996,0.3616395413871856,0.6551138088638402,10.485727617727676,7.865272382272316,11.140841426591516,7.210158573408475,11.795955235455356,6.555044764544635
20181109,SAPR4,SANEPAR,10.14,10.24,10.04,10.17,1984325.0,9.770999999999997,9.212749999999996,0.3667194539354763,0.6684424586400884,10.549634917280173,7.8758650827198196,11.218077375920261,7.207422624079731,11.88651983456035,6.538980165439643
20181112,SAPR4,SANEPAR,10.2,10.48,10.17,10.38,2362815.0,9.824999999999996,9.256499999999996,0.37317274114924204,0.6863524922295612,10.629204984459118,7.883795015540873,11.315557476688678,7.197442523311312,12.001909968918241,6.511090031081751
20181113,SAPR4,SANEPAR,10.4,10.58,10.27,10.43,3467784.0,9.876499999999997,9.303249999999995,0.38239239972627326,0.7012201362533497,10.705690272506693,7.900809727493296,11.406910408760044,7.1995895912399455,12.108130545013394,6.498369454986596
20181114,SAPR4,SANEPAR,10.44,10.53,10.28,10.4,2319623.0,9.930499999999997,9.350499999999995,0.37587056842817984,0.7100196819229281,10.77053936384585,7.930460636154139,11.480559045768779,7.2204409542312105,12.190578727691708,6.510421272308283
20181116,SAPR4,SANEPAR,10.45,10.49,10.34,10.47,3531514.0,9.982999999999997,9.398749999999996,0.3741390115986256,0.7190491852225538,10.836848370445104,7.960651629554889,11.555897555667658,7.241602444332335,12.274946740890211,6.522553259109781
20181119,SAPR4,SANEPAR,10.49,10.49,10.25,10.25,2524770.0,10.026999999999997,9.441999999999997,0.3491659234594054,0.7168635388505413,10.875727077701079,8.008272922298914,11.592590616551622,7.291409383448372,12.309454155402161,6.574545844597831
20181121,SAPR4,SANEPAR,10.2,10.38,9.23,10.29,4702238.0,10.068999999999997,9.486249999999997,0.3258494970639636,0.7131105121677083,10.912471024335414,8.06002897566458,11.625581536503121,7.346918463496872,12.33869204867083,6.633807951329164
20181122,SAPR4,SANEPAR,10.29,10.41,10.26,10.26,699028.0,10.106999999999996,9.525499999999997,0.29922883339818346,0.7113654259455953,10.948230851891187,8.102769148108807,11.659596277836783,7.391403722163211,12.370961703782378,6.680038296217616
20181123,SAPR4,SANEPAR,10.27,10.38,10.17,10.3,3864490.0,10.142999999999997,9.569999999999997,0.2748032789201371,0.7024718262440538,10.974943652488104,8.16505634751189,11.677415478732158,7.462584521267836,12.379887304976211,6.760112695023782
20181126,SAPR4,SANEPAR,10.36,10.5,10.09,10.11,2544166.0,10.173499999999995,9.610249999999997,0.22985750734793478,0.6855111792838006,10.981272358567598,8.239227641432397,11.666783537851398,7.5537164621485955,12.3522947171352,6.868205282864794
20181127,SAPR4,SANEPAR,10.13,10.51,10.13,10.44,9118819.0,10.217999999999995,9.659999999999998,0.18446508726869615,0.6712101585368531,11.002420317073705,8.317579682926292,11.673630475610558,7.646369524389439,12.34484063414741,6.975159365852586
20181128,SAPR4,SANEPAR,10.45,10.75,10.38,10.61,6214861.0,10.252499999999996,9.714999999999998,0.1902318529971563,0.656123034115879,11.027246068231756,8.40275393176824,11.683369102347635,7.746630897652361,12.339492136463514,7.090507863536482
20181129,SAPR4,SANEPAR,10.59,10.75,10.54,10.54,3477173.0,10.291499999999996,9.770499999999998,0.1617755104750671,0.6284043692416876,11.027308738483374,8.513691261516623,11.655713107725061,7.8852868922749355,12.284117476966749,7.256882523033248
20181130,SAPR4,SANEPAR,10.56,10.62,10.45,10.45,2594411.0,10.313999999999997,9.825,0.14996139854184595,0.5881784135394964,11.001356827078991,8.648643172921007,11.589535240618488,8.06046475938151,12.177713654157985,7.472286345842013
20181203,SAPR4,SANEPAR,10.59,10.8,10.58,10.65,3287576.0,10.342499999999996,9.881749999999998,0.15714140464125398,0.5536817909603127,10.989113581920623,8.774386418079374,11.542795372880937,8.22070462711906,12.09647716384125,7.667022836158748
20181204,SAPR4,SANEPAR,10.65,10.85,10.52,10.64,3144727.0,10.365999999999996,9.932999999999998,0.16493698956362265,0.5251920283731099,10.983384056746218,8.882615943253779,11.508576085119328,8.357423914880668,12.033768113492437,7.832231886507559
20181205,SAPR4,SANEPAR,10.65,10.76,10.55,10.62,1785328.0,10.377999999999997,9.983249999999998,0.17446459450798854,0.49036557529652613,10.96398115059305,9.002518849406947,11.454346725889577,8.51215327411042,11.944712301186103,8.021787698813894
20181206,SAPR4,SANEPAR,10.55,10.69,10.45,10.6,3144492.0,10.396499999999996,10.029,0.1775350224899895,0.458608821635659,10.946217643271318,9.111782356728682,11.404826464906977,8.653173535093023,11.863435286542636,8.194564713457364
20181207,SAPR4,SANEPAR,10.62,10.81,10.62,10.81,2300567.0,10.429499999999996,10.06475,0.1901931151556921,0.46244050206347104,10.989631004126942,9.139868995873059,11.452071506190414,8.677428493809586,11.914512008253885,8.214987991746115
20181210,SAPR4,SANEPAR,10.83,10.86,10.65,10.82,3022924.0,10.461999999999996,10.097999999999999,0.19885461496965984,0.4678384555728808,11.033676911145761,9.162323088854237,11.50151536671864,8.694484633281357,11.969353822291522,8.226646177708476
20181211,SAPR4,SANEPAR,10.87,10.94,10.79,10.81,2831325.0,10.493999999999996,10.132499999999999,0.2008770244387428,0.46819758047107934,11.068895160942157,9.19610483905784,11.537092741413236,8.727907258586761,12.005290321884315,8.259709678115682
20181212,SAPR4,SANEPAR,10.83,10.92,10.45,10.65,5766224.0,10.507499999999997,10.166249999999998,0.20188258703356093,0.45512290535014616,11.07649581070029,9.256004189299706,11.531618716050437,8.80088128394956,11.986741621400583,8.345758378599413
20181213,SAPR4,SANEPAR,10.65,10.73,10.49,10.55,2069074.0,10.513499999999997,10.194999999999999,0.2012402334995223,0.44159965626147873,11.078199312522957,9.31180068747704,11.519798968784436,8.870201031215561,11.961398625045913,8.428601374954084
20181214,SAPR4,SANEPAR,10.55,10.58,10.46,10.53,3141917.0,10.519999999999998,10.225249999999999,0.1994729898612978,0.4210913019944545,11.067432603988909,9.38306739601109,11.488523905983362,8.961976094016636,11.909615207977817,8.540884792022181
20181217,SAPR4,SANEPAR,10.54,10.71,10.29,10.38,3287097.0,10.515499999999998,10.249249999999998,0.20166347684876337,0.40089251388908265,11.051035027778163,9.447464972221834,11.451927541667246,9.04657245833275,11.852820055556329,8.645679944443668
20181218,SAPR4,SANEPAR,10.5,10.62,10.42,10.42,2770254.0,10.523999999999997,10.275499999999997,0.19329279671822427,0.37541054450172007,11.026321089003437,9.524678910996558,11.401731633505158,9.149268366494837,11.777142178006878,8.773857821993117
20181219,SAPR4,SANEPAR,10.55,10.66,10.3,10.3,3732862.0,10.524499999999998,10.29675,0.1926675620691741,0.35073101315644295,10.998212026312885,9.595287973687114,11.348943039469328,9.244556960530671,11.69967405262577,8.893825947374228
20181220,SAPR4,SANEPAR,10.36,10.57,10.25,10.27,5200422.0,10.524999999999999,10.315999999999999,0.19195668371027744,0.32614925008856765,10.968298500177134,9.663701499822864,11.294447750265702,9.337552249734296,11.62059700035427,9.011402999645728
20181221,SAPR4,SANEPAR,10.3,10.49,10.08,10.08,21984143.0,10.514,10.328499999999998,0.21089783009039462,0.3061887301347658,10.94087746026953,9.716122539730467,11.247066190404295,9.409933809595701,11.553254920539061,9.103745079460936
20181226,SAPR4,SANEPAR,10.08,10.37,10.05,10.37,5433031.0,10.526999999999997,10.350249999999999,0.19183600452358715,0.2751548515067373,10.900559703013474,9.799940296986524,11.17571455452021,9.524785445479788,11.450869406026948,9.24963059397305
20181227,SAPR4,SANEPAR,10.4,10.45,10.25,10.39,5810233.0,10.524499999999998,10.371249999999998,0.19334928851282554,0.24264765528516308,10.856545310570324,9.885954689429672,11.099192965855487,9.64330703414451,11.341840621140651,9.400659378859345
20181228,SAPR4,SANEPAR,10.36,10.75,10.36,10.7,7294048.0,10.528999999999996,10.390749999999997,0.19646614814877353,0.2367232236502951,10.864196447300587,9.917303552699407,11.100919670950882,9.680580329049112,11.337642894601178,9.443857105398816
