DATA DO PREGAO,CODIGO DE NEGOCIACAO DO PAPEL,NOME RESUMIDO DA EMPRESA EMISSORA,PRECO DE ABERTURA,PRECO MAXIMO,PRECO MINIMO,PRECO FECHAMENTO,VOLUME TOTAL DE TITULOS NEGOCIADOS NESTE PAPEL,MA_20,MA_40,STD_20,STD_40,BANDA_1_40 SUPERIOR,BANDA_1_40 INFERIOR,BANDA_2_40 SUPERIOR,BANDA_2_40 INFERIOR,BANDA_3_40 SUPERIOR,BANDA_3_40 INFERIOR
20180102,SNSL3,SENIOR SOL,26.49,26.82,26.07,26.5,249480.0,0.0,0.0,0.0,0.0,0.0,0.0,0.0,0.0,0.0,0.0
20180103,SNSL3,SENIOR SOL,26.5,26.7,26.3,26.7,145707.0,0.0,0.0,0.0,0.0,0.0,0.0,0.0,0.0,0.0,0.0
20180104,SNSL3,SENIOR SOL,26.99,27.0,26.51,26.62,419276.0,0.0,0.0,0.0,0.0,0.0,0.0,0.0,0.0,0.0,0.0
20180105,SNSL3,SENIOR SOL,26.8,26.97,26.7,26.75,123322.0,0.0,0.0,0.0,0.0,0.0,0.0,0.0,0.0,0.0,0.0
20180108,SNSL3,SENIOR SOL,26.59,27.0,25.72,27.0,279612.0,0.0,0.0,0.0,0.0,0.0,0.0,0.0,0.0,0.0,0.0
20180109,SNSL3,SENIOR SOL,27.16,27.92,27.16,27.25,336115.0,0.0,0.0,0.0,0.0,0.0,0.0,0.0,0.0,0.0,0.0
20180110,SNSL3,SENIOR SOL,27.15,27.75,26.74,27.75,159424.0,0.0,0.0,0.0,0.0,0.0,0.0,0.0,0.0,0.0,0.0
20180111,SNSL3,SENIOR SOL,27.75,28.5,27.19,28.5,456601.0,0.0,0.0,0.0,0.0,0.0,0.0,0.0,0.0,0.0,0.0
20180112,SNSL3,SENIOR SOL,28.29,28.29,27.4,27.5,339374.0,0.0,0.0,0.0,0.0,0.0,0.0,0.0,0.0,0.0,0.0
20180115,SNSL3,SENIOR SOL,27.5,28.23,25.94,25.94,1075729.0,0.0,0.0,0.0,0.0,0.0,0.0,0.0,0.0,0.0,0.0
20180116,SNSL3,SENIOR SOL,26.02,26.99,26.02,26.88,543082.0,0.0,0.0,0.0,0.0,0.0,0.0,0.0,0.0,0.0,0.0
20180117,SNSL3,SENIOR SOL,26.35,27.05,26.35,26.55,336856.0,0.0,0.0,0.0,0.0,0.0,0.0,0.0,0.0,0.0,0.0
20180118,SNSL3,SENIOR SOL,26.42,27.04,26.4,26.4,275484.0,0.0,0.0,0.0,0.0,0.0,0.0,0.0,0.0,0.0,0.0
20180119,SNSL3,SENIOR SOL,26.41,26.99,26.41,26.91,230729.0,0.0,0.0,0.0,0.0,0.0,0.0,0.0,0.0,0.0,0.0
20180122,SNSL3,SENIOR SOL,26.96,27.05,26.4,26.42,338871.0,0.0,0.0,0.0,0.0,0.0,0.0,0.0,0.0,0.0,0.0
20180123,SNSL3,SENIOR SOL,26.44,26.45,26.08,26.09,1039190.0,0.0,0.0,0.0,0.0,0.0,0.0,0.0,0.0,0.0,0.0
20180124,SNSL3,SENIOR SOL,26.15,26.5,26.08,26.5,343707.0,0.0,0.0,0.0,0.0,0.0,0.0,0.0,0.0,0.0,0.0
20180126,SNSL3,SENIOR SOL,26.56,27.3,26.56,27.1,326803.0,0.0,0.0,0.0,0.0,0.0,0.0,0.0,0.0,0.0,0.0
20180129,SNSL3,SENIOR SOL,27.0,27.35,26.4,27.0,484820.0,0.0,0.0,0.0,0.0,0.0,0.0,0.0,0.0,0.0,0.0
20180130,SNSL3,SENIOR SOL,27.51,27.51,26.75,26.75,204722.0,26.8555,0.0,0.5826389601586358,0.0,0.0,0.0,0.0,0.0,0.0,0.0
20180131,SNSL3,SENIOR SOL,26.8,27.04,26.5,26.6,735256.0,26.860500000000002,0.0,0.5798500259822176,0.0,0.0,0.0,0.0,0.0,0.0,0.0
20180201,SNSL3,SENIOR SOL,26.5,27.0,26.3,27.0,1172372.0,26.8755,0.0,0.5793596737597004,0.0,0.0,0.0,0.0,0.0,0.0,0.0
20180202,SNSL3,SENIOR SOL,26.89,27.72,26.31,27.72,447054.0,26.930500000000002,0.0,0.605453070892063,0.0,0.0,0.0,0.0,0.0,0.0,0.0
20180205,SNSL3,SENIOR SOL,27.69,27.7,27.0,27.7,433685.0,26.978,0.0,0.6274140746370205,0.0,0.0,0.0,0.0,0.0,0.0,0.0
20180206,SNSL3,SENIOR SOL,27.67,27.67,26.7,26.7,370095.0,26.963000000000005,0.0,0.6304392787656267,0.0,0.0,0.0,0.0,0.0,0.0,0.0
20180207,SNSL3,SENIOR SOL,26.75,26.75,26.08,26.35,710693.0,26.918000000000006,0.0,0.6409088940920646,0.0,0.0,0.0,0.0,0.0,0.0,0.0
20180208,SNSL3,SENIOR SOL,26.39,26.6,26.08,26.11,231380.0,26.836000000000006,0.0,0.6337308078688492,0.0,0.0,0.0,0.0,0.0,0.0,0.0
20180209,SNSL3,SENIOR SOL,26.09,26.46,26.08,26.35,316906.0,26.728500000000007,0.0,0.5061128956644899,0.0,0.0,0.0,0.0,0.0,0.0,0.0
20180214,SNSL3,SENIOR SOL,26.13,26.55,26.13,26.53,100048.0,26.680000000000007,0.0,0.4737309918419724,0.0,0.0,0.0,0.0,0.0,0.0,0.0
20180215,SNSL3,SENIOR SOL,26.53,26.69,26.1,26.5,513813.0,26.708000000000006,0.0,0.4432606456702422,0.0,0.0,0.0,0.0,0.0,0.0,0.0
20180216,SNSL3,SENIOR SOL,26.51,27.1,26.09,27.1,511199.0,26.719000000000005,0.0,0.45042552979903006,0.0,0.0,0.0,0.0,0.0,0.0,0.0
20180219,SNSL3,SENIOR SOL,27.09,27.5,27.09,27.5,193973.0,26.766500000000008,0.0,0.4807370985213616,0.0,0.0,0.0,0.0,0.0,0.0,0.0
20180220,SNSL3,SENIOR SOL,27.49,27.87,27.18,27.6,277672.0,26.82650000000001,0.0,0.5067676203671972,0.0,0.0,0.0,0.0,0.0,0.0,0.0
20180221,SNSL3,SENIOR SOL,27.8,27.94,27.45,27.92,180427.0,26.87700000000001,0.0,0.5627573095693071,0.0,0.0,0.0,0.0,0.0,0.0,0.0
20180222,SNSL3,SENIOR SOL,28.0,28.32,27.7,28.01,379822.0,26.956500000000013,0.0,0.6054861031044673,0.0,0.0,0.0,0.0,0.0,0.0,0.0
20180223,SNSL3,SENIOR SOL,28.01,28.99,28.01,28.66,381403.0,27.085000000000008,0.0,0.6800348288294163,0.0,0.0,0.0,0.0,0.0,0.0,0.0
20180226,SNSL3,SENIOR SOL,28.67,29.72,28.62,29.49,493897.0,27.234500000000008,0.0,0.8516638514046931,0.0,0.0,0.0,0.0,0.0,0.0,0.0
20180227,SNSL3,SENIOR SOL,29.48,30.25,29.32,29.9,497799.0,27.374500000000005,0.0,1.038118110104201,0.0,0.0,0.0,0.0,0.0,0.0,0.0
20180228,SNSL3,SENIOR SOL,29.9,29.99,29.5,29.9,226814.0,27.519500000000004,0.0,1.1763792576778707,0.0,0.0,0.0,0.0,0.0,0.0,0.0
20180301,SNSL3,SENIOR SOL,30.0,30.0,28.83,29.0,781586.0,27.632000000000005,27.243750000000006,1.2061273390047744,1.0142514923546249,29.272252984709255,25.215247015290757,30.28650447706388,24.200995522936132,31.300755969418503,23.186744030581508
20180302,SNSL3,SENIOR SOL,29.52,29.52,27.95,28.39,309451.0,27.721500000000002,27.291000000000007,1.1918463120633251,1.0227033055984733,29.336406611196953,25.245593388803062,30.359109916795425,24.22289008320459,31.3818132223939,23.200186777606113
20180305,SNSL3,SENIOR SOL,28.99,28.99,28.51,28.7,178206.0,27.806500000000007,27.341000000000008,1.1982850684470536,1.0417805271105136,29.424561054221037,25.25743894577898,30.466341581331548,24.21565841866847,31.508122108442063,23.173877891557954
20180306,SNSL3,SENIOR SOL,28.9,28.9,27.63,28.2,266898.0,27.830500000000008,27.380500000000012,1.2012645749156887,1.0436940066356482,29.46788801327131,25.293111986728714,30.511582019906957,24.249417980093067,31.555276026542604,23.20572397345742
20180307,SNSL3,SENIOR SOL,28.2,28.4,27.72,28.01,528767.0,27.846000000000004,27.412000000000013,1.2014920548612624,1.043190864361442,29.498381728722897,25.32561827127713,30.54157259308434,24.282427406915687,31.58476345744578,23.239236542554245
20180308,SNSL3,SENIOR SOL,28.7,29.49,27.69,29.1,307393.0,27.966,27.464500000000008,1.2008610945571743,1.0743034714259938,29.613106942851996,25.31589305714802,30.68741041427799,24.241589585722025,31.761713885703983,23.167286114296033
20180309,SNSL3,SENIOR SOL,29.1,29.1,28.64,28.64,63690.0,28.0805,27.49925000000001,1.1466173362501872,1.0895597499531362,29.67836949990628,25.32013050009374,30.76792924985942,24.2305707501406,31.857488999812556,23.141011000187465
20180312,SNSL3,SENIOR SOL,28.8,28.96,28.19,28.19,137653.0,28.184500000000003,27.510250000000013,1.0486255415141243,1.0943666649875121,29.698983329975036,25.32151667002499,30.79334999496255,24.227150005037476,31.887716659950062,23.132783340049965
20180313,SNSL3,SENIOR SOL,27.99,27.99,26.8,27.27,399631.0,28.2305,27.479500000000012,0.9819769265163655,1.083065331741583,29.64563066348318,25.313369336516846,30.72869599522476,24.230304004775263,31.811761326966344,23.14723867303368
20180314,SNSL3,SENIOR SOL,27.27,28.0,27.27,28.0,224951.0,28.304000000000002,27.49200000000001,0.8995519352491707,1.0861888205308257,29.664377641061662,25.31962235893836,30.750566461592488,24.233433538407535,31.836755282123313,23.14724471787671
20180315,SNSL3,SENIOR SOL,28.55,29.04,27.34,27.5,432328.0,28.354000000000003,27.531000000000013,0.8181069290553792,1.0566390840046311,29.644278168009276,25.41772183199075,30.700917252013905,24.36108274798612,31.75755633601854,23.304443663981488
20180316,SNSL3,SENIOR SOL,28.55,28.55,27.36,27.36,97027.0,28.367,27.543000000000006,0.7989736837771464,1.0517706681884271,29.64654133637686,25.439458663623153,30.698312004565288,24.387687995434725,31.750082672753713,23.3359173272463
20180319,SNSL3,SENIOR SOL,27.5,28.48,27.01,28.48,138839.0,28.416000000000004,27.59125000000001,0.7726196040947846,1.0493152529149627,29.689880505829933,25.492619494170086,30.7391957587449,24.44330424125512,31.78851101165986,23.39398898834016
20180320,SNSL3,SENIOR SOL,28.5,28.5,27.9,27.9,42256.0,28.431,27.628750000000007,0.7587309349031119,1.0323167559501185,29.693383511900244,25.56411648809977,30.725700267850364,24.53179973214965,31.75801702380048,23.499482976199534
20180321,SNSL3,SENIOR SOL,27.2,28.1,27.2,27.9,155881.0,28.43,27.653500000000008,0.7594527115315571,1.0264940331049137,29.706488066209836,25.60051193379018,30.73298209931475,24.574017900685266,31.759476132419664,23.547523867580352
20180322,SNSL3,SENIOR SOL,27.99,28.9,27.54,28.9,200821.0,28.4745,27.71550000000001,0.7596223091981846,1.0249751716817794,29.765450343363568,25.66554965663645,30.79042551504535,24.64057448495467,31.815400686727127,23.61559931327289
20180323,SNSL3,SENIOR SOL,28.89,28.89,27.38,28.51,289117.0,28.467000000000002,27.77600000000001,0.7584339821389605,0.9976248716904437,29.7712497433809,25.780750256619122,30.76887461507134,24.78312538492868,31.766499486761784,23.785500513238237
20180326,SNSL3,SENIOR SOL,28.55,28.55,27.3,27.3,150349.0,28.357499999999998,27.79600000000001,0.7610510391626363,0.9792377988347141,29.754475597669437,25.837524402330583,30.73371339650415,24.85828660349587,31.712951195338867,23.879048804661153
20180327,SNSL3,SENIOR SOL,27.43,27.44,26.78,26.78,225497.0,28.2015,27.78800000000001,0.7478831529900346,0.9863509543403881,29.760701908680787,25.815298091319235,30.747052863021175,24.828947136978847,31.733403817361562,23.84259618263846
20180328,SNSL3,SENIOR SOL,26.78,28.0,26.78,28.0,986339.0,28.1065,27.81300000000001,0.6325576736759384,0.9785080217953952,29.7700160435908,25.85598395640922,30.748524065386196,24.877475934613823,31.72703208718159,23.898967912818428
20180329,SNSL3,SENIOR SOL,28.49,28.49,26.3,27.2,212940.0,28.0165,27.824250000000013,0.6267650865230201,0.9685089981446576,29.76126799628933,25.887232003710697,30.729776994433987,24.91872300556604,31.698285992578644,23.950214007421383
20180402,SNSL3,SENIOR SOL,27.36,27.55,26.5,27.0,266892.0,27.947000000000003,27.834250000000015,0.6593864772011836,0.9575473142223041,29.749344628444625,25.919155371555405,30.70689194266693,24.961608057333102,31.66443925688923,24.0040607431108
20180403,SNSL3,SENIOR SOL,27.02,27.72,27.01,27.72,347333.0,27.898000000000003,27.852250000000016,0.6365002997477259,0.9481844662571048,29.748618932514226,25.955881067485805,30.69680339877133,25.0076966012287,31.644987865028433,24.059512134971598
20180404,SNSL3,SENIOR SOL,27.39,27.53,26.73,27.5,265308.0,27.863,27.846750000000014,0.6382632685655643,0.9496082525617193,29.74596650512345,25.947533494876577,30.695574757685172,24.997925242314857,31.645183010246893,24.048316989753136
20180405,SNSL3,SENIOR SOL,27.89,28.43,27.89,28.3,375642.0,27.877499999999998,27.86175000000001,0.6450367186610778,0.951966621640663,29.765683243281337,25.957816756718685,30.717649864922002,25.00585013507802,31.669616486562663,24.05388351343736
20180406,SNSL3,SENIOR SOL,28.43,28.88,28.31,28.52,313437.0,27.848499999999994,27.907250000000012,0.5985445065454924,0.93841379397254,29.78407758794509,26.030422412054932,30.72249138191763,25.092008618082392,31.66090517589017,24.153594824109852
20180409,SNSL3,SENIOR SOL,28.59,28.95,27.0,27.0,6917466.0,27.766499999999997,27.92350000000001,0.5967391654474707,0.9161193237698914,29.755738647539793,26.09126135246023,30.671857971309684,25.17514202869034,31.587977295079575,24.259022704920447
20180410,SNSL3,SENIOR SOL,27.29,27.87,27.29,27.7,1095528.0,27.741999999999997,27.963250000000016,0.5884377174930387,0.8686812507384988,29.700612501477014,26.22588749852302,30.56929375221551,25.35720624778452,31.437975002954012,24.48852499704602
20180411,SNSL3,SENIOR SOL,27.82,28.16,27.6,27.9,276054.0,27.773499999999995,28.00200000000002,0.5786215470727293,0.8285148900755552,29.65902978015113,26.34497021984891,30.487544670226686,25.516455329773354,31.316059560302243,24.687940439697798
20180412,SNSL3,SENIOR SOL,27.9,28.3,27.61,27.61,197921.0,27.753999999999998,28.029000000000018,0.5771563684862249,0.7962856078259578,29.621571215651933,26.436428784348102,30.41785682347789,25.640143176522145,31.21414243130385,24.843857568696187
20180413,SNSL3,SENIOR SOL,27.59,27.96,27.49,27.5,223620.0,27.753999999999998,28.05400000000002,0.5771563684862249,0.7620108351070201,29.57802167021406,26.52997832978598,30.34003250532108,25.76796749467896,31.1020433404281,25.00595665957194
20180416,SNSL3,SENIOR SOL,27.5,27.51,27.03,27.1,253511.0,27.740999999999996,28.05400000000002,0.5892984231940076,0.7620108351070201,29.57802167021406,26.52997832978598,30.34003250532108,25.76796749467896,31.1020433404281,25.00595665957194
20180417,SNSL3,SENIOR SOL,27.11,27.7,27.11,27.5,362594.0,27.691999999999997,28.05400000000002,0.5648530316537366,0.7620108351070201,29.57802167021406,26.52997832978598,30.34003250532108,25.76796749467896,31.1020433404281,25.00595665957194
20180418,SNSL3,SENIOR SOL,27.3,27.99,27.3,27.48,308573.0,27.671,28.051000000000023,0.5645202900647001,0.7640774561354001,29.579154912270823,26.522845087729223,30.343232368406223,25.758767631593823,31.107309824541623,24.994690175458423
20180419,SNSL3,SENIOR SOL,27.8,27.8,27.3,27.4,637056.0,27.645999999999997,28.03800000000002,0.5649163887831415,0.7707578687938762,29.579515737587773,26.49648426241227,30.35027360638165,25.725726393618395,31.121031475175528,24.954968524824515
20180420,SNSL3,SENIOR SOL,27.55,27.9,27.23,27.81,920892.0,27.591499999999996,28.033000000000023,0.48441255796664284,0.7715924259574206,29.576184851914864,26.48981514808518,30.347777277872286,25.71822272212776,31.119369703829705,24.94663029617034
20180423,SNSL3,SENIOR SOL,27.8,28.05,27.47,27.65,888506.0,27.548499999999997,28.007750000000023,0.43415101665567324,0.7670606150621173,29.541871230124258,26.473628769875788,30.308931845186375,25.70656815481367,31.075992460248493,24.939507539751553
20180424,SNSL3,SENIOR SOL,27.59,28.07,27.59,27.85,202602.0,27.576,27.96675000000002,0.4350003024802299,0.7286706811299939,29.424091362260008,26.50940863774003,30.152762043390002,25.780737956610036,30.881432724519996,25.05206727548004
20180425,SNSL3,SENIOR SOL,28.08,28.08,27.36,27.44,170548.0,27.609,27.905250000000017,0.3945937284427017,0.6620906572830697,29.229431314566156,26.581068685433877,29.891521971849226,25.918978028150807,30.553612629132296,25.256887370867737
20180426,SNSL3,SENIOR SOL,27.6,27.65,27.12,27.2,150800.0,27.569000000000006,27.837750000000018,0.39341821861327075,0.5868712674985678,29.011492534997153,26.664007465002882,29.598363802495722,26.077136197504313,30.185235069994288,25.490264930005747
20180427,SNSL3,SENIOR SOL,27.21,28.5,27.0,28.0,570906.0,27.609,27.812750000000015,0.3945937284427011,0.5566105644998233,28.925971128999663,26.699528871000368,29.482581693499483,26.142918306500547,30.039192257999307,25.586307742000724
20180430,SNSL3,SENIOR SOL,27.89,28.5,27.51,27.93,272651.0,27.6555,27.801250000000017,0.37327110226947635,0.5490793576757669,28.89940871535155,26.703091284648483,29.448488073027317,26.154011926972718,29.997567430703086,25.60493256929695
20180502,SNSL3,SENIOR SOL,27.92,28.0,27.24,27.98,388920.0,27.6685,27.783250000000017,0.3801007484172643,0.5303428378332432,28.843935675666504,26.72256432433353,29.374278513499746,26.192221486500287,29.904621351332988,25.661878648667045
20180503,SNSL3,SENIOR SOL,28.0,28.0,27.12,27.13,263507.0,27.65,27.756500000000017,0.3973464615751751,0.535740800320638,28.827981600641294,26.68501839935874,29.36372240096193,26.149277599038104,29.89946320128257,25.613536798717465
20180504,SNSL3,SENIOR SOL,27.14,27.33,26.5,26.62,666979.0,27.566000000000003,27.721750000000014,0.4290184635948199,0.5632501266117907,28.848250253223597,26.59524974677643,29.41150037983539,26.03199962016464,29.974750506447176,25.468749493552853
20180507,SNSL3,SENIOR SOL,26.88,27.38,26.7,27.3,261771.0,27.505000000000003,27.676750000000016,0.36873182381608305,0.520603138873674,28.717956277747366,26.635543722252667,29.238559416621037,26.114940583378996,29.75916255549471,25.59433744450532
20180508,SNSL3,SENIOR SOL,27.3,27.99,27.01,27.99,246251.0,27.5545,27.660500000000013,0.3637881830203675,0.49948152605655893,28.659463052113132,26.661536947886894,29.158944578169688,26.16205542183034,29.658426104226248,25.66257389577378
20180509,SNSL3,SENIOR SOL,28.0,28.0,27.51,27.76,122333.0,27.557499999999997,27.64975000000001,0.3652954824161961,0.4923699229498439,28.6344898458997,26.665010154100322,29.126859768849542,26.17264023115048,29.619229691799386,25.680270308200637
20180510,SNSL3,SENIOR SOL,27.7,27.85,27.08,27.09,404423.0,27.517000000000003,27.64525000000001,0.37019340606598355,0.49673285138092077,28.638715702761854,26.65178429723817,29.135448554142773,26.15505144585725,29.632181405523696,25.658318594476327
20180511,SNSL3,SENIOR SOL,27.28,27.28,27.02,27.17,162843.0,27.494999999999997,27.624500000000012,0.37738016571314614,0.4988651223090314,28.622230244618073,26.62676975538195,29.121095366927108,26.127904633072916,29.61996048923614,25.629039510763885
20180514,SNSL3,SENIOR SOL,27.18,27.5,26.5,26.55,570022.0,27.447499999999998,27.600750000000012,0.43248212618983684,0.5267772725467471,28.654304545093506,26.547195454906518,29.181081817640255,26.02041818235977,29.707859090187,25.493640909813024
20180515,SNSL3,SENIOR SOL,26.56,26.65,26.1,26.1,268882.0,27.397499999999997,27.56925000000001,0.5230867393101294,0.5768365875340645,28.72292317506814,26.415576824931883,29.299759762602203,25.83874023739782,29.876596350136268,25.261903649863754
20180516,SNSL3,SENIOR SOL,26.05,26.26,26.0,26.05,362892.0,27.324999999999996,27.50850000000001,0.6025777958073116,0.6056975211931145,28.719895042386238,26.29710495761378,29.325592563579352,25.691407436420665,29.931290084772467,25.08570991522755
20180517,SNSL3,SENIOR SOL,26.21,26.43,26.05,26.2,330124.0,27.260999999999996,27.466000000000008,0.6512570840103638,0.6363872389895284,28.738774477979064,26.193225522020953,29.375161716968595,25.55683828303142,30.011548955958123,24.920451044041894
20180518,SNSL3,SENIOR SOL,26.0,26.3,25.5,26.3,254039.0,27.205999999999996,27.426000000000005,0.6845005862901632,0.6583148650444249,28.742629730088854,26.109370269911157,29.400944595133282,25.45105540486673,30.059259460177707,24.792740539822304
20180521,SNSL3,SENIOR SOL,26.3,26.71,25.81,26.5,279761.0,27.140499999999996,27.366000000000003,0.6863363836916606,0.6292559709077672,28.624511941815538,26.10748805818447,29.253767912723305,25.4782320872767,29.883023883631072,24.848976116368934
20180522,SNSL3,SENIOR SOL,26.48,27.0,26.09,26.99,324991.0,27.107499999999998,27.328000000000003,0.6763436918266359,0.6037795488336318,28.535559097667267,26.12044090233274,29.1393386465009,25.516661353499106,29.74311819533453,24.912881804665474
20180523,SNSL3,SENIOR SOL,27.0,27.0,26.11,26.99,499130.0,27.0645,27.320250000000005,0.6536092104614192,0.6061331304217518,28.532516260843508,26.107983739156502,29.13864939126526,25.50185060873475,29.74478252168701,24.895717478313
20180524,SNSL3,SENIOR SOL,26.95,26.95,25.97,26.11,357806.0,26.997999999999998,27.303500000000003,0.6804998163115114,0.630224013896891,28.563948027793785,26.04305197220622,29.194172041690678,25.41282795830933,29.824396055587567,24.78260394441244
20180525,SNSL3,SENIOR SOL,26.13,26.58,25.97,25.99,159903.0,26.937499999999993,27.25325,0.7145324198014882,0.6529867768716553,28.559223553743312,25.94727644625669,29.212210330614965,25.294289669385037,29.865197107486622,24.64130289251338
20180528,SNSL3,SENIOR SOL,25.95,25.95,25.0,25.25,417381.0,26.799999999999994,27.204500000000003,0.7623095102867902,0.725795584699462,28.656091169398927,25.75290883060108,29.38188675409839,25.027113245901617,30.10768233879785,24.301317661202155
20180529,SNSL3,SENIOR SOL,25.27,25.5,24.5,24.6,450020.0,26.633499999999998,27.1445,0.8599221200966864,0.8342352555115766,28.812970511023153,25.47602948897685,29.647205766534732,24.64179423346527,30.481441022046308,23.807558977953693
20180530,SNSL3,SENIOR SOL,24.33,25.75,23.71,25.0,412820.0,26.484499999999997,27.0765,0.8724163359072877,0.894781308333827,28.866062616667655,25.286937383332344,29.76084392500148,24.392156074998518,30.655625233335307,23.49737476666469
20180601,SNSL3,SENIOR SOL,25.35,25.9,25.0,25.2,167618.0,26.387999999999998,27.019,0.9034471994008652,0.9396447773985199,28.89828955479704,25.139710445202958,29.83793433219556,24.200065667804438,30.77757910959408,23.260420890405918
20180604,SNSL3,SENIOR SOL,25.02,26.5,25.02,26.23,280327.0,26.3685,26.96725,0.9023844145257336,0.9241600136173597,28.81557002723472,25.11892997276528,29.73973004085208,24.19476995914792,30.663890054469437,23.270609945530563
20180605,SNSL3,SENIOR SOL,26.24,26.3,25.65,25.65,197988.0,26.286,26.895500000000006,0.8880516817582677,0.9118449879509628,28.71918997590193,25.07181002409808,29.631034963852894,24.159965036147117,30.542879951803858,23.248120048196153
20180606,SNSL3,SENIOR SOL,25.02,26.23,25.02,25.72,291114.0,26.172500000000003,26.863500000000005,0.7994463544755303,0.9303557356580359,28.724211471316078,25.002788528683933,29.654567206974114,24.072432793025897,30.584922942632147,23.142077057367864
20180607,SNSL3,SENIOR SOL,25.96,25.96,23.51,23.86,458831.0,25.977500000000003,26.767500000000002,0.8648144005325231,1.0341545537421637,28.83580910748433,24.699190892515674,29.869963661226492,23.66503633877351,30.904118214968655,22.63088178503135
20180608,SNSL3,SENIOR SOL,23.92,24.75,23.92,24.09,304589.0,25.827500000000004,26.67225,0.9201022540428563,1.1005021872320737,28.873254374464146,24.47124562553585,29.97375656169622,23.370743438303776,31.074258748928294,22.270241251071702
20180611,SNSL3,SENIOR SOL,24.1,24.3,23.7,23.74,194046.0,25.656000000000006,26.575499999999998,0.97474099123819,1.1829709448715435,28.941441889743086,24.20955811025691,30.124412834614628,23.02658716538537,31.307383779486173,21.843616220513823
20180612,SNSL3,SENIOR SOL,23.88,23.88,23.34,23.34,192889.0,25.495500000000007,26.4715,1.0785393387647793,1.278606112039047,29.02871222407809,23.914287775921906,30.30731833611714,22.635681663882856,31.585924448156188,21.35707555184381
20180613,SNSL3,SENIOR SOL,23.47,23.47,22.55,22.55,135264.0,25.318000000000005,26.35775,1.25199041529878,1.4162436547937682,29.190237309587538,23.52526269041246,30.606480964381305,22.109019035618694,32.02272461917507,20.692775380824926
20180614,SNSL3,SENIOR SOL,22.79,22.79,21.61,22.1,256254.0,25.120500000000007,26.222749999999998,1.4294219479437034,1.5551304463382574,29.333010892676512,23.112489107323483,30.88814133901477,21.557358660985226,32.443271785353026,20.00222821464697
20180615,SNSL3,SENIOR SOL,22.1,22.1,20.9,21.2,332111.0,24.870500000000007,26.065749999999998,1.650784422790066,1.7319040766651184,29.529558153330235,22.60194184666976,31.261462229995352,20.870037770004643,32.99336630666047,19.138133693339526
20180618,SNSL3,SENIOR SOL,21.33,21.33,20.79,20.92,199826.0,24.60150000000001,25.903749999999995,1.8337831904218398,1.89891289750418,29.701575795008356,22.105924204991634,31.600488692512535,20.207011307487456,33.49940159001672,18.308098409983273
20180619,SNSL3,SENIOR SOL,20.99,21.1,20.55,20.89,322043.0,24.32100000000001,25.73075,1.9532668990558835,2.0313925847391894,29.79353516947838,21.667964830521623,31.82492775421757,19.636572245782432,33.856320338956756,17.605179661043245
20180620,SNSL3,SENIOR SOL,20.9,21.84,20.9,21.0,246211.0,24.02150000000001,25.564500000000002,1.9815099904126865,2.139533797768782,29.843567595537564,21.28543240446244,31.98310139330635,19.145898606693656,34.12263519107513,17.006364808924875
20180621,SNSL3,SENIOR SOL,21.47,21.5,20.8,20.8,129073.0,23.71200000000001,25.388250000000003,1.9768598171954759,2.234697119958039,29.85764423991608,20.918855760083925,32.09234135987412,18.684158640125887,34.32703847983216,16.449461520167844
20180622,SNSL3,SENIOR SOL,20.52,21.25,20.52,21.0,85887.0,23.45650000000001,25.227250000000005,1.9808352172492203,2.313678376137265,29.854606752274535,20.599893247725475,32.168285128411796,18.28621487158821,34.481963504549064,15.972536495450946
20180625,SNSL3,SENIOR SOL,20.55,21.81,20.55,21.5,151556.0,23.232000000000006,25.084750000000003,1.9324339710923142,2.364044760194944,29.812839520389893,20.356660479610113,32.17688428058484,17.99261571941517,34.54092904077978,15.628570959220227
20180626,SNSL3,SENIOR SOL,21.5,21.89,21.04,21.5,120149.0,23.044500000000006,24.922250000000002,1.9081003918198833,2.3818496233400577,29.685949246680117,20.158550753319886,32.06779887002018,17.776701129979827,34.44964849336023,15.394851506639771
20180627,SNSL3,SENIOR SOL,21.1,21.85,21.1,21.7,174613.0,22.899500000000007,24.766500000000004,1.893808401913438,2.383818903378068,29.534137806756142,19.998862193243866,31.91795671013421,17.6150432898658,34.30177561351228,15.231224386487732
20180628,SNSL3,SENIOR SOL,21.7,21.9,21.3,21.3,108430.0,22.714500000000008,24.599500000000003,1.8582036458563205,2.386906537867135,29.373313075734274,19.82568692426573,31.760219613601407,17.438780386398598,34.14712615146854,15.051873848531462
20180629,SNSL3,SENIOR SOL,21.31,22.33,21.31,22.24,139301.0,22.56650000000001,24.477250000000005,1.7653813513769523,2.379191833806458,29.235633667612923,19.718866332387087,31.61482550141938,17.33967449858063,33.994017335225834,14.960482664774172
20180702,SNSL3,SENIOR SOL,22.44,22.44,21.84,22.3,42040.0,22.370000000000008,24.36925,1.5405467245515014,2.3774802299051405,29.124210459810282,19.61428954018972,31.501690689715424,17.236809310284578,33.87917091962056,14.859329080379439
20180703,SNSL3,SENIOR SOL,22.27,22.99,22.27,22.71,120128.0,22.223000000000006,24.254500000000004,1.338054754603053,2.3429172588999676,28.94033451779994,19.568665482200068,31.283251776699906,17.2257482233001,33.62616903559987,14.882830964400133
20180704,SNSL3,SENIOR SOL,22.7,23.35,22.52,22.55,218629.0,22.06450000000001,24.118500000000004,1.0611040675189756,2.2774969954102295,28.673493990820464,19.563506009179545,30.950990986230693,17.286009013769316,33.228487981640924,15.008512018359086
20180705,SNSL3,SENIOR SOL,22.52,23.49,22.32,22.32,229599.0,21.987500000000008,23.982500000000005,0.9764537070979433,2.2160657562214836,28.414631512442973,19.550368487557037,30.630697268664456,17.334302731335555,32.84676302488594,15.11823697511407
20180706,SNSL3,SENIOR SOL,22.31,22.8,22.31,22.55,31532.0,21.91050000000001,23.869000000000003,0.8551114116393516,2.168581954252076,28.206163908504156,19.53183609149585,30.37474586275623,17.363254137243775,32.543327817008304,15.194672182991699
20180710,SNSL3,SENIOR SOL,22.41,23.69,22.41,23.45,171678.0,21.896000000000008,23.776000000000003,0.8243619542282402,2.1021366419760925,27.980273283952187,19.57172671604782,30.082409925928282,17.469590074071725,32.18454656790438,15.367453432095633
20180711,SNSL3,SENIOR SOL,23.65,24.08,23.07,23.79,270459.0,21.918500000000012,23.707000000000004,0.8706880219567755,2.0534825953075018,27.813965190615008,19.600034809385,29.867447785922508,17.5465522140775,31.92093038123001,15.493069618769997
20180712,SNSL3,SENIOR SOL,23.77,23.8,23.09,23.44,241744.0,21.96300000000001,23.640500000000007,0.9256696011679164,2.016742677101144,27.673985354202294,19.60701464579772,29.690728031303436,17.590271968696577,31.707470708404582,15.573529291595431
20180713,SNSL3,SENIOR SOL,23.45,24.15,23.45,24.15,245550.0,22.065500000000007,23.593000000000007,1.047163964439716,1.9805881022487475,27.5541762044975,19.631823795502513,29.53476430674625,17.651235693253764,31.515352408994996,15.670647591005018
20180716,SNSL3,SENIOR SOL,24.15,24.35,24.15,24.15,72681.0,22.213000000000008,23.541750000000004,1.1237957297059409,1.9374525800648812,27.416655160129768,19.66684483987024,29.35410774019465,17.72939225980536,31.291560320259528,15.79193967974048
20180717,SNSL3,SENIOR SOL,24.16,24.45,24.16,24.4,70438.0,22.387000000000008,23.494250000000005,1.1810125004909258,1.89082519972035,27.275900399440705,19.712599600559304,29.166725599161055,17.821774400838954,31.057550798881405,15.930949201118604
20180718,SNSL3,SENIOR SOL,24.4,24.45,24.14,24.17,94477.0,22.55100000000001,23.436000000000003,1.1898956168283852,1.8307904976140532,27.09758099522811,19.774419004771897,28.928371492842164,17.943628507157843,30.759161990456217,16.11283800954379
20180719,SNSL3,SENIOR SOL,24.23,24.24,23.85,24.0,175513.0,22.701000000000008,23.361250000000005,1.1730567357392343,1.7407899584634694,26.842829916926945,19.879670083073066,28.58361987539041,18.1388801246096,30.324409833853885,16.398090166146126
20180720,SNSL3,SENIOR SOL,24.39,24.99,23.86,24.3,233400.0,22.87600000000001,23.294000000000004,1.1349862044141992,1.6464114823551368,26.58682296471028,20.00117703528973,28.233234447065414,18.354765552934595,29.87964592942055,16.708354070579457
20180723,SNSL3,SENIOR SOL,24.3,25.34,23.3,23.41,399131.0,22.996500000000008,23.2265,1.0500890939644967,1.5820913617497403,26.39068272349948,20.062317276500522,27.97277408524922,18.480225914750783,29.554865446998964,16.89813455300104
20180724,SNSL3,SENIOR SOL,23.5,23.82,23.42,23.43,252321.0,23.09300000000001,23.1625,0.9924244635182522,1.5179114362192543,26.19832287243851,20.126677127561493,27.716234308657764,18.60876569134224,29.23414574487702,17.090854255122984
20180725,SNSL3,SENIOR SOL,23.49,23.76,23.16,23.76,210970.0,23.20600000000001,23.12525,0.928073272969335,1.4832569628856593,26.09176392577132,20.15873607422868,27.57502088865698,18.675479111343023,29.058277851542638,17.192222148457365
20180726,SNSL3,SENIOR SOL,23.76,23.76,23.3,23.3,53782.0,23.28600000000001,23.09275,0.8577166750954848,1.4642351420731996,26.0212202841464,20.1642797158536,27.4854554262196,18.7000445737804,28.949690568292798,17.2358094317072
20180727,SNSL3,SENIOR SOL,23.2,23.64,23.01,23.2,157995.0,23.381000000000007,23.04775,0.7204012040084681,1.431408643654312,25.910567287308623,20.184932712691378,27.34197593096294,18.753524069037063,28.77338457461725,17.32211542538275
20180730,SNSL3,SENIOR SOL,23.0,23.77,22.71,23.77,161633.0,23.457500000000007,23.011999999999997,0.6725041576862324,1.3936360853758096,25.799272170751617,20.224727829248376,27.192908256127424,18.83109174387257,28.586544341503235,17.43745565849676
20180731,SNSL3,SENIOR SOL,23.77,23.77,23.01,23.77,141052.0,23.531000000000006,22.950499999999998,0.6174131091647027,1.299056758397621,25.54861351679524,20.352386483204757,26.84767027519286,19.053329724807135,28.14672703359048,17.754272966409516
20180801,SNSL3,SENIOR SOL,23.79,24.1,23.35,24.1,191040.0,23.600500000000007,22.911749999999998,0.5980624417320728,1.2381580353544914,25.38806607070898,20.435433929291015,26.62622410606347,19.197275893936524,27.864382141417963,17.959117858582033
20180802,SNSL3,SENIOR SOL,24.24,25.1,23.58,25.0,392666.0,23.723000000000006,22.893749999999997,0.6220010153994071,1.2009604863373582,25.295670972674714,20.49182902732528,26.49663145901207,19.290868540987923,27.69759194534943,18.089908054650564
20180803,SNSL3,SENIOR SOL,25.11,25.79,25.01,25.1,480192.0,23.86200000000001,22.924749999999996,0.6022816267285036,1.2418492982190927,25.40844859643818,20.44105140356181,26.650297894657275,19.199202105342717,27.892147192876365,17.957352807123627
20180806,SNSL3,SENIOR SOL,25.16,25.3,24.7,24.91,263843.0,23.98000000000001,22.945249999999994,0.5615111190725419,1.2680693734561646,25.481388746912323,20.409111253087666,26.749458120368487,19.1410418796315,28.01752749382465,17.872972506175337
20180807,SNSL3,SENIOR SOL,25.0,25.22,24.9,25.0,134808.0,24.05750000000001,22.976749999999996,0.5907165586231439,1.3034734415478462,25.583696883095687,20.369803116904304,26.887170324643535,19.066329675356457,28.19064376619138,17.762856233808613
20180808,SNSL3,SENIOR SOL,25.0,25.0,24.7,24.7,129389.0,24.10300000000001,23.010749999999994,0.6039266250307589,1.3306454718650436,25.67204094373008,20.349459056269907,27.002686415595125,19.018813584404864,28.33333188746017,17.68816811253982
20180809,SNSL3,SENIOR SOL,24.98,24.98,23.8,24.3,197674.0,24.146000000000008,23.054499999999997,0.5845412056071161,1.3438119335757461,25.74212386715149,20.366876132848503,27.085935800727235,19.02306419927276,28.429747734302982,17.679252265697013
20180810,SNSL3,SENIOR SOL,24.29,24.29,23.0,23.01,507846.0,24.08900000000001,23.077249999999996,0.6373291308677346,1.3349118620670253,25.747073724134047,20.407426275865944,27.08198558620107,19.07251441379892,28.416897448268095,17.737602551731896
20180813,SNSL3,SENIOR SOL,23.81,23.98,23.18,23.65,269261.0,24.06400000000001,23.138499999999993,0.6445757478658604,1.3023795775819877,25.74325915516397,20.533740844836018,27.045638732745957,19.23136126725403,28.348018310327944,17.928981689672042
20180814,SNSL3,SENIOR SOL,23.49,23.95,23.06,23.25,362918.0,24.00650000000001,23.196749999999994,0.6640250074555241,1.2517319027692508,25.700213805538496,20.693286194461493,26.951945708307747,19.441554291692242,28.203677611076998,18.18982238892299
20180815,SNSL3,SENIOR SOL,23.2,23.45,23.0,23.08,155530.0,23.95200000000001,23.251499999999997,0.6939558608745228,1.1948512406067795,25.641202481213554,20.86179751878644,26.836053721820335,19.66694627817966,28.030904962427115,18.472095037572878
20180816,SNSL3,SENIOR SOL,23.1,24.1,23.05,23.18,424542.0,23.91100000000001,23.305999999999994,0.7148787162500811,1.1378810717001169,25.581762143400226,21.03023785659976,26.719643215100344,19.892356784899643,27.857524286800462,18.754475713199525
20180817,SNSL3,SENIOR SOL,23.21,23.93,23.18,23.69,126531.0,23.88050000000001,23.378249999999998,0.7104074072041497,1.0640365510880512,25.5063231021761,21.250176897823895,26.570359653264152,20.186140346735844,27.634396204352203,19.122103795647792
20180820,SNSL3,SENIOR SOL,23.97,23.97,23.29,23.46,227258.0,23.883000000000006,23.439749999999997,0.7087505685507764,0.9916846259955682,25.42311925199113,21.45638074800886,26.4148038779867,20.464696122013294,27.40648850398227,19.473011496017723
20180821,SNSL3,SENIOR SOL,23.51,23.88,23.0,23.0,241072.0,23.861500000000007,23.477249999999998,0.7294357949452202,0.9436508141121013,25.364551628224202,21.589948371775794,26.308202442336302,20.646297557663694,27.251853256448403,19.702646743551593
20180822,SNSL3,SENIOR SOL,23.01,23.78,22.96,22.96,284329.0,23.821500000000007,23.513749999999998,0.7567191998148447,0.8920350904332044,25.297820180866406,21.72967981913359,26.18985527129961,20.837644728700386,27.081890361732817,19.94560963826718
20180823,SNSL3,SENIOR SOL,22.96,23.41,22.05,22.06,273198.0,23.759500000000006,23.522749999999995,0.8470970552732616,0.8749182745717223,25.27258654914344,21.77291345085655,26.147504823715163,20.897995176284827,27.022423098286886,20.023076901713104
20180824,SNSL3,SENIOR SOL,22.2,22.67,21.5,22.67,324882.0,23.733000000000008,23.556999999999995,0.8734029033492776,0.8100876812309418,25.177175362461877,21.936824637538113,25.98726304369282,21.12673695630717,26.797350724923763,20.316649275076227
20180827,SNSL3,SENIOR SOL,22.35,23.35,22.35,22.69,90810.0,23.67900000000001,23.56825,0.9038508260711364,0.7942998448884501,25.156849689776898,21.9796503102231,25.951149534665348,21.18535046533465,26.7454493795538,20.391050620446197
20180828,SNSL3,SENIOR SOL,22.8,23.5,22.4,23.5,194213.0,23.66550000000001,23.59825,0.9044362885245165,0.7673761070972057,25.133002214194413,22.063497785805588,25.90037832129162,21.29612167870838,26.66775442838882,20.52874557161118
20180829,SNSL3,SENIOR SOL,23.5,23.5,22.7,22.81,126213.0,23.601000000000006,23.600749999999998,0.9177197141198477,0.7645658647484427,25.129881729496883,22.071618270503112,25.894447594245324,21.30705240575467,26.65901345899377,20.542486541006227
20180830,SNSL3,SENIOR SOL,22.79,22.79,22.05,22.11,176370.0,23.45650000000001,23.58975,0.9133586083069624,0.7830135326466362,25.15577706529327,22.023722934706726,25.938790597939906,21.24070940206009,26.721804130586545,20.457695869413453
20180831,SNSL3,SENIOR SOL,22.14,22.8,22.08,22.08,167888.0,23.305500000000006,23.58375,0.8762328157336019,0.7938374421853994,25.171424884370797,21.9960751156292,25.965262326556196,21.2022376734438,26.759099768741596,20.4084002312584
20180903,SNSL3,SENIOR SOL,22.08,23.0,21.82,22.4,188202.0,23.180000000000003,23.58,0.8117038609583895,0.7991822743857502,25.178364548771498,21.9816354512285,25.977546823157248,21.18245317684275,26.776729097542997,20.383270902457
20180904,SNSL3,SENIOR SOL,23.0,23.0,22.0,22.0,325890.0,23.030000000000005,23.543749999999996,0.7308394596554698,0.837210531681875,25.218171063363744,21.869328936636247,26.05538159504562,21.03211840495437,26.892592126727497,20.194907873272495
20180905,SNSL3,SENIOR SOL,22.3,22.3,21.9,21.9,214528.0,22.890000000000004,23.496499999999997,0.6587228472382869,0.8754179953980504,25.2473359907961,21.745664009203896,26.122753986194148,20.870246013805847,26.9981719815922,19.994828018407794
20180906,SNSL3,SENIOR SOL,22.13,22.13,21.51,21.57,307454.0,22.753500000000003,23.449749999999998,0.6335387247749816,0.9269290004066906,25.30360800081338,21.595891999186616,26.23053700122007,20.668962998779925,27.15746600162676,19.742033998373238
20180910,SNSL3,SENIOR SOL,21.7,21.9,21.65,21.69,128241.0,22.687500000000004,23.38825,0.6729422826584105,0.9602854476798639,25.308820895359727,21.467679104640272,26.269106343039592,20.507393656960407,27.229391790719454,19.547108209280545
20180911,SNSL3,SENIOR SOL,21.69,21.69,21.26,21.3,171682.0,22.570000000000004,23.317,0.7006312942813494,1.0069150652949956,25.33083013058999,21.30316986941001,26.337745195884988,20.296254804115012,27.344660261179982,19.28933973882002
20180912,SNSL3,SENIOR SOL,21.41,21.41,21.17,21.17,85125.0,22.466000000000005,23.23625,0.7472081370006934,1.0465711719461772,25.32939234389235,21.143107656107645,26.375963515838528,20.09653648416147,27.422534687784708,19.04996531221529
20180913,SNSL3,SENIOR SOL,21.37,21.37,21.11,21.2,173772.0,22.372000000000007,23.162,0.7832832384131542,1.0833357790899778,25.328671558179956,20.995328441820043,26.412007337269934,19.911992662730064,27.495343116359912,18.828656883640086
20180914,SNSL3,SENIOR SOL,21.06,21.09,20.8,20.89,192914.0,22.257500000000004,23.08425,0.8252073104761085,1.1321522220294558,25.348554444058912,20.81994555594109,26.480706666088366,19.687793333911635,27.612858888117824,18.555641111882178
20180917,SNSL3,SENIOR SOL,20.72,21.95,20.6,21.75,220127.0,22.160500000000006,23.020500000000002,0.7593520437292889,1.133732094252669,25.28796418850534,20.753035811494662,26.42169628275801,19.619303717241994,27.555428377010678,18.485571622989326
20180918,SNSL3,SENIOR SOL,21.88,22.29,21.12,21.69,281316.0,22.072000000000006,22.977500000000003,0.7008160656654485,1.1510658383005927,25.279631676601188,20.675368323398818,26.43069751490178,19.524302485098225,27.581763353202373,18.373236646797633
20180919,SNSL3,SENIOR SOL,21.8,22.19,21.8,22.0,257022.0,22.022000000000006,22.941750000000006,0.6659271336779153,1.1588320546003696,25.259414109200744,20.624085890799268,26.418246163801115,19.465253836198897,27.577078218401486,18.306421781598527
20180920,SNSL3,SENIOR SOL,22.06,22.78,21.74,21.81,159173.0,21.964500000000008,22.893000000000004,0.6293143721125664,1.1645296178154145,25.222059235630834,20.563940764369175,26.38658885344625,19.39941114655376,27.551118471261663,18.234881528738345
20180921,SNSL3,SENIOR SOL,21.51,22.5,21.2,21.7,336864.0,21.946500000000007,22.853000000000005,0.631583432001674,1.1775968575766687,25.208193715153342,20.497806284846668,26.38579057273001,19.32020942727,27.56338743030668,18.14261256969333
20180924,SNSL3,SENIOR SOL,21.71,22.12,21.16,21.16,229752.0,21.871000000000006,22.802000000000003,0.6307964889933864,1.2060152654560008,25.214030530912005,20.389969469088,26.420045796368004,19.183954203632002,27.626061061824007,17.977938938176
20180925,SNSL3,SENIOR SOL,21.48,22.03,21.31,21.48,127362.0,21.810500000000008,22.744750000000003,0.6056355947963096,1.2132177759145146,25.171185551829033,20.318314448170973,26.38440332774355,19.105096672256458,27.597621103658064,17.891878896341943
20180926,SNSL3,SENIOR SOL,21.22,21.89,21.0,21.24,228178.0,21.69750000000001,22.681500000000007,0.4693094030482941,1.2242958206292907,25.130091641258588,20.232908358741426,26.354387461887878,19.008612538112136,27.57868328251717,17.784316717482845
20180927,SNSL3,SENIOR SOL,21.27,21.6,21.27,21.5,130431.0,21.63200000000001,22.616500000000006,0.39070247126516366,1.2160456089625165,25.04859121792504,20.18440878207497,26.264636826887553,18.968363173112458,27.48068243585007,17.75231756414994
20180928,SNSL3,SENIOR SOL,21.34,21.6,21.15,21.45,119468.0,21.599000000000007,22.527750000000005,0.3757924959336937,1.166151873603001,24.860053747206006,20.195446252794003,26.02620562080901,19.029294379191,27.192357494412008,17.863142505588
20181001,SNSL3,SENIOR SOL,21.47,22.0,21.43,21.43,165206.0,21.56650000000001,22.436000000000003,0.35977002888551834,1.1011457902031643,24.63829158040633,20.233708419593675,25.739437370609497,19.13256262939051,26.84058316081266,18.031416839187347
20181002,SNSL3,SENIOR SOL,21.5,21.98,21.2,21.4,366864.0,21.516500000000008,22.348250000000004,0.30281616796172717,1.0369207063619443,24.422091412723894,20.274408587276113,25.459012119085838,19.23748788091417,26.49593282544778,18.200567174552226
20181003,SNSL3,SENIOR SOL,21.42,22.25,21.2,21.32,501042.0,21.48250000000001,22.256250000000005,0.2832123064529405,0.9556839073508225,24.16761781470165,20.34488218529836,25.123301722052474,19.389198277947536,26.078985629403295,18.433514370596715
20181004,SNSL3,SENIOR SOL,21.33,21.51,21.28,21.5,344649.0,21.46250000000001,22.176250000000003,0.2657635474589655,0.8765307123790346,23.929311424758072,20.423188575241934,24.805842137137105,19.5466578628629,25.682372849516142,18.670127150483864
20181005,SNSL3,SENIOR SOL,22.25,22.28,21.7,22.28,580594.0,21.49800000000001,22.125750000000004,0.3222878739330553,0.8064225764417693,23.73859515288354,20.512904847116467,24.545017729325313,19.706482270674694,25.35144030576708,18.900059694232926
20181008,SNSL3,SENIOR SOL,22.5,23.44,22.39,22.5,569478.0,21.53850000000001,22.113000000000007,0.39120966245745675,0.7960485747323733,23.705097149464752,20.52090285053526,24.501145724197126,19.724854275802887,25.2971942989295,18.928805701070512
20181009,SNSL3,SENIOR SOL,22.52,23.5,22.52,22.75,434073.0,21.61100000000001,22.090500000000006,0.4709218283549061,0.7635475569962766,23.617595113992557,20.563404886007454,24.381142670988837,19.799857329011175,25.144690227985112,19.0363097720149
20181010,SNSL3,SENIOR SOL,23.0,23.6,22.61,22.8,813387.0,21.69250000000001,22.079250000000005,0.5281534366371682,0.7492060327355156,23.577662065471035,20.580837934528976,24.326868098206553,19.831631901793457,25.076074130942068,19.082425869057943
20181011,SNSL3,SENIOR SOL,22.82,23.5,22.82,23.0,214390.0,21.78250000000001,22.077250000000003,0.5896017835437448,0.7465681740214014,23.570386348042806,20.5841136519572,24.316954522064208,19.837545477935798,25.06352269608561,19.090977303914396
20181015,SNSL3,SENIOR SOL,23.18,23.73,22.88,22.91,531199.0,21.883500000000012,22.070500000000003,0.6015617831506884,0.7375077574560173,23.545515514912037,20.59548448508797,24.283023272368055,19.85797672763195,25.02053102982407,19.120468970175935
20181016,SNSL3,SENIOR SOL,23.03,24.0,22.91,23.31,473501.0,21.96150000000001,22.061,0.6794368798382052,0.7183092684410501,23.4976185368821,20.6243814631179,24.21592780532315,19.90607219467685,24.9342370737642,19.1877629262358
20181017,SNSL3,SENIOR SOL,24.0,25.0,23.82,24.81,507304.0,22.117500000000014,22.094749999999998,0.92692403027152,0.8114089913737468,23.71756798274749,20.471932017252506,24.52897697412124,19.660523025878756,25.340385965494985,18.84911403450501
20181018,SNSL3,SENIOR SOL,24.96,25.4,24.22,25.4,378878.0,22.287500000000012,22.15475,1.181158552572789,0.9559288341176571,24.066607668235314,20.242892331764686,25.02253650235297,19.28696349764703,25.978465336470627,18.331034663529373
20181019,SNSL3,SENIOR SOL,25.99,26.55,25.5,26.18,451072.0,22.50600000000001,22.235249999999997,1.4595651839900274,1.1427945673116526,24.5208391346233,19.949660865376693,25.663633701934955,18.80686629806504,26.80642826924661,17.664071730753385
20181022,SNSL3,SENIOR SOL,26.42,27.6,26.2,27.6,519199.0,22.801000000000013,22.373749999999998,1.8358273625979125,1.422490930979192,25.218731861958382,19.528768138041613,26.641222792937572,18.106277207062423,28.063713723916766,16.68378627608323
20181023,SNSL3,SENIOR SOL,27.4,27.96,27.05,27.05,632669.0,23.095500000000012,22.483249999999998,2.0217435804926405,1.6030074099673874,25.689264819934774,19.277235180065222,27.29227222990216,17.674227770097836,28.89527963986955,16.071220360130447
20181024,SNSL3,SENIOR SOL,27.0,27.0,25.74,26.5,444841.0,23.346500000000013,22.5785,2.1198591686092922,1.7242189610490648,26.026937922098128,19.13006207790187,27.751156883147193,17.405843116852804,29.475375844196257,15.681624155803739
20181025,SNSL3,SENIOR SOL,26.7,26.9,26.0,26.7,231053.0,23.61950000000001,22.658499999999997,2.184879799174805,1.8385188436514939,26.335537687302985,18.98146231269701,28.174056530954477,17.142943469045516,30.012575374605973,15.30442462539402
20181026,SNSL3,SENIOR SOL,26.7,27.89,26.7,26.95,324636.0,23.89200000000001,22.762,2.24564045488845,1.9597974777630054,26.681594955526013,18.84240504447399,28.641392433289017,16.882607566710984,30.60118991105202,14.92281008894798
20181029,SNSL3,SENIOR SOL,27.5,28.0,26.31,26.31,324748.0,24.135000000000012,22.866999999999997,2.2303823132274685,2.0350369492015283,26.937073898403053,18.79692610159694,28.972110847604583,16.761889152395412,31.00714779680611,14.726852203193884
20181030,SNSL3,SENIOR SOL,26.31,27.0,25.76,27.0,352222.0,24.41350000000001,22.99,2.222580943999924,2.132596827993821,27.25519365598764,18.724806344012357,29.387790483981462,16.592209516018535,31.520387311975284,14.459612688024714
20181031,SNSL3,SENIOR SOL,27.08,27.74,26.82,26.95,401852.0,24.691000000000013,23.103749999999998,2.17243472435398,2.2198795156725586,27.543509031345117,18.66399096865488,29.763388547017673,16.444111452982323,31.983268062690232,14.224231937309764
20181101,SNSL3,SENIOR SOL,26.9,26.91,26.11,26.6,455065.0,24.955000000000016,23.21875,2.0590838535109435,2.2795818189375954,27.77791363787519,18.65958636212481,30.057495456812788,16.380004543187212,32.33707727575038,14.100422724249619
20181105,SNSL3,SENIOR SOL,26.89,27.16,26.5,26.78,351602.0,25.219000000000015,23.34075,1.9270427302502984,2.3370553327221826,28.014860665444367,18.666639334555633,30.351915998166547,16.329584001833453,32.688971330888734,13.99252866911127
20181106,SNSL3,SENIOR SOL,26.77,26.78,26.3,26.3,527927.0,25.420000000000016,23.458999999999996,1.8104840876348351,2.364662712436977,28.188325424873952,18.72967457512604,30.552988137310926,16.365011862689066,32.9176508497479,14.000349150252088
20181107,SNSL3,SENIOR SOL,26.78,26.78,25.4,25.4,312372.0,25.565000000000015,23.551749999999995,1.6754056853569246,2.3662562527854436,28.284262505570883,18.819237494429107,30.650518758356327,16.452981241643663,33.01677501114177,14.08672498885822
20181108,SNSL3,SENIOR SOL,26.0,26.0,24.01,25.85,820968.0,25.720000000000017,23.665499999999998,1.539124836768572,2.3645978136911303,28.39469562738226,18.936304372617737,30.75929344107339,16.571706558926607,33.123891254764516,14.207108745235477
20181109,SNSL3,SENIOR SOL,25.84,26.75,25.09,26.7,316838.0,25.91500000000002,23.80375,1.3894849481202074,2.376583075632885,28.55691615126577,19.05058384873423,30.933499226898654,16.674000773101348,33.31008230253154,14.297417697468461
20181112,SNSL3,SENIOR SOL,26.08,26.8,25.4,25.4,332686.0,26.035000000000018,23.908749999999998,1.2174758184132588,2.3512421021827947,28.611234204365587,19.20626579563441,30.962476306548382,16.855023693451614,33.31371840873118,14.503781591268819
20181113,SNSL3,SENIOR SOL,25.4,25.85,24.7,24.73,384994.0,26.126000000000023,24.004749999999998,1.0242964209127727,2.302719671305091,28.61018934261018,19.399310657389815,30.912909013915268,17.096590986084728,33.21562868522036,14.793871314779635
20181114,SNSL3,SENIOR SOL,25.24,25.24,24.7,24.85,191596.0,26.203000000000024,24.08225,0.8433710552550889,2.276910285610302,28.636070571220603,19.528429428779393,30.912980856830906,17.25151914316909,33.189891142441205,14.97460885755879
20181116,SNSL3,SENIOR SOL,24.8,26.59,24.8,26.1,591853.0,26.26750000000003,24.1925,0.7780263491681855,2.2648413653623614,28.72218273072472,19.662817269275276,30.987024096087083,17.397975903912915,33.25186546144944,15.133134538550554
20181119,SNSL3,SENIOR SOL,26.0,26.71,25.41,25.55,536382.0,26.275000000000027,24.281249999999996,0.7699043002730419,2.2462015658348666,28.77365313166973,19.788846868330264,31.0198546975046,17.542645302495394,33.266056263339465,15.29644373666053
20181121,SNSL3,SENIOR SOL,25.79,25.99,24.72,25.1,1121923.0,26.221000000000032,24.3635,0.8135555491660807,2.2133864876224787,28.790272975244957,19.93672702475504,31.003659462867432,17.723340537132565,33.21704595048991,15.509954049510084
20181122,SNSL3,SENIOR SOL,25.1,26.65,24.84,25.85,376058.0,26.133500000000033,24.46725,0.748980183842972,2.182382827941132,28.832015655882266,20.102484344117734,31.014398483823395,17.920101516176604,33.196781311764525,15.737718688235471
20181123,SNSL3,SENIOR SOL,26.3,26.3,25.57,25.82,284091.0,26.07200000000004,24.583750000000002,0.7196899917398508,2.1249322010300427,28.833614402060086,20.33388559793992,30.95854660309013,18.208953396909873,33.083478804120176,16.08402119587983
20181126,SNSL3,SENIOR SOL,25.82,25.99,25.5,25.54,112915.0,26.024000000000036,24.68525,0.7216530730861738,2.0691085501509368,28.823467100301873,20.547032899698127,30.892575650452812,18.477924349547187,32.96168420060375,16.40881579939625
20181127,SNSL3,SENIOR SOL,25.51,25.84,25.11,25.84,430585.0,25.981000000000034,24.80025,0.7046753638527714,1.9993710389225072,28.798992077845014,20.801507922154983,30.79836311676752,18.80213688323248,32.79773415569003,16.80276584430997
20181128,SNSL3,SENIOR SOL,25.8,25.8,25.21,25.64,1298758.0,25.91550000000003,24.90375,0.6698898181201431,1.9301052017295846,28.76396040345917,21.04353959654083,30.694065605188754,19.113434394811243,32.624170806918336,17.18332919308166
20181129,SNSL3,SENIOR SOL,25.22,26.04,25.22,25.4,173912.0,25.870000000000033,25.002499999999998,0.6725833933815337,1.8481782437072534,28.698856487414503,21.306143512585493,30.54703473112176,19.457965268878237,32.39521297482901,17.609787025170984
20181130,SNSL3,SENIOR SOL,25.45,25.78,25.09,25.48,255761.0,25.794000000000032,25.103749999999998,0.6221643039042195,1.7560878540898957,28.615925708179788,21.59157429182021,30.372013562269686,19.83548643773031,32.128101416359584,18.079398583640415
20181203,SNSL3,SENIOR SOL,25.66,25.95,25.16,25.17,400714.0,25.70500000000003,25.198,0.5735072155742976,1.6501844496748594,28.49836889934972,21.89763110065028,30.148553349024578,20.247446650975423,31.798737798699438,18.597262201300563
20181204,SNSL3,SENIOR SOL,25.2,25.3,24.5,24.56,281661.0,25.603000000000026,25.279,0.5871976265547888,1.5300993766955469,28.339198753391095,22.218801246608905,29.86929813008664,20.68870186991336,31.399397506782186,19.158602493217813
20181205,SNSL3,SENIOR SOL,25.16,25.16,24.75,24.99,141895.0,25.51350000000003,25.366249999999997,0.532197776850121,1.4033397664143905,28.17292953282878,22.559570467171216,29.57626929924317,21.156230700756826,30.97960906565756,19.752890934342435
20181206,SNSL3,SENIOR SOL,24.99,25.0,24.43,25.0,205814.0,25.448500000000028,25.43425,0.510007997873307,1.3129471399518284,28.060144279903657,22.80835572009634,29.373091419855484,21.495408580144513,30.68603855980731,20.182461440192686
20181207,SNSL3,SENIOR SOL,25.0,25.27,24.2,24.42,237948.0,25.399500000000028,25.48225,0.5595813754848146,1.2357505505064181,27.953751101012838,23.010748898987163,29.189501651519254,21.774998348480747,30.425252202025675,20.539247797974326
20181210,SNSL3,SENIOR SOL,25.12,25.14,24.3,24.7,413080.0,25.34200000000003,25.531,0.5698439306188694,1.161428828244294,27.853857656488586,23.208142343511412,29.01528648473288,22.04671351526712,30.176715312977173,20.885284687022825
20181211,SNSL3,SENIOR SOL,24.76,25.09,24.76,24.97,130029.0,25.255500000000033,25.585250000000002,0.47651669214702713,1.0782987253194871,27.741847450638975,23.42865254936103,28.820146175958463,22.35035382404154,29.89844490127795,21.272055098722053
20181212,SNSL3,SENIOR SOL,24.95,25.4,24.95,25.05,237109.0,25.238000000000035,25.6365,0.47735675724160315,0.9980019783136389,27.63250395662728,23.640496043372725,28.630505934940917,22.642494065059086,29.62850791325456,21.644492086745444
20181213,SNSL3,SENIOR SOL,25.0,25.17,24.81,25.0,197592.0,25.251500000000032,25.68875,0.46591477648533147,0.9016571282494604,27.49206425649892,23.885435743501077,28.393721384748382,22.983778615251616,29.29537851299784,22.08212148700216
20181214,SNSL3,SENIOR SOL,25.05,25.1,24.86,24.9,197564.0,25.25400000000003,25.728500000000004,0.4637762618468517,0.8259712231902798,27.380442446380563,24.076557553619445,28.206413669570843,23.250586330429165,29.032384892761122,22.424615107238886
20181217,SNSL3,SENIOR SOL,25.05,25.33,24.9,24.9,110376.0,25.194000000000027,25.730750000000008,0.4245294608833462,0.8235239709742616,27.37779794194853,24.083702058051486,28.201321912922793,23.26017808707722,29.024845883897054,22.43665411610296
20181218,SNSL3,SENIOR SOL,24.85,25.78,24.85,25.78,174030.0,25.205500000000026,25.740250000000003,0.4375948017588021,0.8218006730064362,27.383851346012875,24.09664865398713,28.20565201901931,23.274847980980695,29.027452692025747,22.45304730797426
20181219,SNSL3,SENIOR SOL,25.7,25.96,25.04,25.79,184459.0,25.240000000000027,25.7305,0.4556660827265692,0.8187575014336246,27.36801500286725,24.09298499713275,28.186772504300873,23.274227495699126,29.0055300057345,22.4554699942655
20181220,SNSL3,SENIOR SOL,25.9,25.91,24.63,24.63,181444.0,25.179000000000023,25.656250000000007,0.4513476895278365,0.7785545037982907,27.213359007596587,24.099140992403427,27.99191351139488,23.320586488605134,28.77046801519317,22.542031984806844
20181221,SNSL3,SENIOR SOL,24.66,25.99,24.63,24.9,250814.0,25.133000000000024,25.60250000000001,0.4289043569007362,0.7536841139295246,27.10986822785906,24.09513177214096,27.863552341788584,23.341447658211436,28.617236455718107,22.587763544281913
20181226,SNSL3,SENIOR SOL,25.0,25.44,25.0,25.23,78375.0,25.11750000000002,25.57075000000001,0.41890678525998576,0.74155895213204,27.05386790426409,24.08763209573593,27.79542685639613,23.346073143603892,28.536985808528172,22.60451419147185
20181227,SNSL3,SENIOR SOL,25.24,25.9,24.76,25.18,271879.0,25.084500000000023,25.53275000000001,0.38349466475395994,0.7208648207143836,26.97447964142878,24.091020358571242,27.69534446214316,23.37015553785686,28.416209282857544,22.649290717142478
20181228,SNSL3,SENIOR SOL,25.18,25.77,25.0,25.31,1473989.0,25.068000000000023,25.491750000000007,0.3649888246306714,0.6838799096107612,26.85950981922153,24.123990180778485,27.54338972883229,23.440110271167722,28.22726963844305,22.756230361556963
