DATA DO PREGAO,CODIGO DE NEGOCIACAO DO PAPEL,NOME RESUMIDO DA EMPRESA EMISSORA,PRECO DE ABERTURA,PRECO MAXIMO,PRECO MINIMO,PRECO FECHAMENTO,VOLUME TOTAL DE TITULOS NEGOCIADOS NESTE PAPEL,MA_20,MA_40,STD_20,STD_40,BANDA_1_40 SUPERIOR,BANDA_1_40 INFERIOR,BANDA_2_40 SUPERIOR,BANDA_2_40 INFERIOR,BANDA_3_40 SUPERIOR,BANDA_3_40 INFERIOR
20180102,TGMA3,TEGMA,19.73,20.15,19.7,20.0,6377470.0,0.0,0.0,0.0,0.0,0.0,0.0,0.0,0.0,0.0,0.0
20180103,TGMA3,TEGMA,20.18,20.28,19.95,20.0,4122271.0,0.0,0.0,0.0,0.0,0.0,0.0,0.0,0.0,0.0,0.0
20180104,TGMA3,TEGMA,20.04,21.02,20.04,20.77,18307032.0,0.0,0.0,0.0,0.0,0.0,0.0,0.0,0.0,0.0,0.0
20180105,TGMA3,TEGMA,21.06,21.21,20.82,21.0,5061844.0,0.0,0.0,0.0,0.0,0.0,0.0,0.0,0.0,0.0,0.0
20180108,TGMA3,TEGMA,21.01,21.21,20.85,21.0,2696085.0,0.0,0.0,0.0,0.0,0.0,0.0,0.0,0.0,0.0,0.0
20180109,TGMA3,TEGMA,21.15,21.15,20.32,20.7,4192595.0,0.0,0.0,0.0,0.0,0.0,0.0,0.0,0.0,0.0,0.0
20180110,TGMA3,TEGMA,20.6,20.67,20.17,20.67,4852859.0,0.0,0.0,0.0,0.0,0.0,0.0,0.0,0.0,0.0,0.0
20180111,TGMA3,TEGMA,20.69,20.9,20.39,20.4,5662656.0,0.0,0.0,0.0,0.0,0.0,0.0,0.0,0.0,0.0,0.0
20180112,TGMA3,TEGMA,20.36,20.62,20.07,20.48,4433283.0,0.0,0.0,0.0,0.0,0.0,0.0,0.0,0.0,0.0,0.0
20180115,TGMA3,TEGMA,20.53,21.0,20.36,20.59,1934765.0,0.0,0.0,0.0,0.0,0.0,0.0,0.0,0.0,0.0,0.0
20180116,TGMA3,TEGMA,20.43,20.86,20.41,20.86,2401963.0,0.0,0.0,0.0,0.0,0.0,0.0,0.0,0.0,0.0,0.0
20180117,TGMA3,TEGMA,20.85,20.9,20.66,20.85,2672028.0,0.0,0.0,0.0,0.0,0.0,0.0,0.0,0.0,0.0,0.0
20180118,TGMA3,TEGMA,20.71,20.92,20.23,20.5,4404169.0,0.0,0.0,0.0,0.0,0.0,0.0,0.0,0.0,0.0,0.0
20180119,TGMA3,TEGMA,20.45,20.85,20.29,20.7,3280166.0,0.0,0.0,0.0,0.0,0.0,0.0,0.0,0.0,0.0,0.0
20180122,TGMA3,TEGMA,20.87,20.92,20.14,20.57,3616099.0,0.0,0.0,0.0,0.0,0.0,0.0,0.0,0.0,0.0,0.0
20180123,TGMA3,TEGMA,20.72,20.84,19.71,19.95,8165063.0,0.0,0.0,0.0,0.0,0.0,0.0,0.0,0.0,0.0,0.0
20180124,TGMA3,TEGMA,20.18,20.77,20.14,20.65,3425712.0,0.0,0.0,0.0,0.0,0.0,0.0,0.0,0.0,0.0,0.0
20180126,TGMA3,TEGMA,20.78,21.77,20.56,21.4,24444731.0,0.0,0.0,0.0,0.0,0.0,0.0,0.0,0.0,0.0,0.0
20180129,TGMA3,TEGMA,21.21,21.71,20.93,21.66,4249837.0,0.0,0.0,0.0,0.0,0.0,0.0,0.0,0.0,0.0,0.0
20180130,TGMA3,TEGMA,21.7,21.8,21.06,21.79,4620010.0,20.726999999999997,0.0,0.4905110117332527,0.0,0.0,0.0,0.0,0.0,0.0,0.0
20180131,TGMA3,TEGMA,21.91,22.06,21.66,21.85,9858365.0,20.819499999999998,0.0,0.5197618381730749,0.0,0.0,0.0,0.0,0.0,0.0,0.0
20180201,TGMA3,TEGMA,21.97,22.54,21.64,22.32,6310156.0,20.935499999999998,0.0,0.5823588602444921,0.0,0.0,0.0,0.0,0.0,0.0,0.0
20180202,TGMA3,TEGMA,22.34,22.35,21.32,21.5,9755699.0,20.971999999999998,0.0,0.5941964941702464,0.0,0.0,0.0,0.0,0.0,0.0,0.0
20180205,TGMA3,TEGMA,21.66,21.92,20.96,21.9,4913723.0,21.016999999999996,0.0,0.6294617583802523,0.0,0.0,0.0,0.0,0.0,0.0,0.0
20180206,TGMA3,TEGMA,21.92,22.3,20.72,22.0,14566349.0,21.066999999999997,0.0,0.6666578069586742,0.0,0.0,0.0,0.0,0.0,0.0,0.0
20180207,TGMA3,TEGMA,22.15,22.38,21.29,21.89,4510028.0,21.126499999999997,0.0,0.6850299647691195,0.0,0.0,0.0,0.0,0.0,0.0,0.0
20180208,TGMA3,TEGMA,21.99,22.23,21.61,22.0,6342904.0,21.192999999999994,0.0,0.7027097926111332,0.0,0.0,0.0,0.0,0.0,0.0,0.0
20180209,TGMA3,TEGMA,22.17,22.17,21.02,21.5,7141084.0,21.247999999999998,0.0,0.6800588209853637,0.0,0.0,0.0,0.0,0.0,0.0,0.0
20180214,TGMA3,TEGMA,21.66,22.88,21.66,22.1,3891323.0,21.328999999999997,0.0,0.6802468592163348,0.0,0.0,0.0,0.0,0.0,0.0,0.0
20180215,TGMA3,TEGMA,22.23,22.23,21.5,21.5,4864336.0,21.374499999999998,0.0,0.6582950466326302,0.0,0.0,0.0,0.0,0.0,0.0,0.0
20180216,TGMA3,TEGMA,21.38,22.45,21.33,22.0,11869358.0,21.431499999999996,0.0,0.6607513665676802,0.0,0.0,0.0,0.0,0.0,0.0,0.0
20180219,TGMA3,TEGMA,22.23,22.5,22.07,22.25,6840485.0,21.501499999999997,0.0,0.6699982325192746,0.0,0.0,0.0,0.0,0.0,0.0,0.0
20180220,TGMA3,TEGMA,22.16,22.49,21.93,22.3,7823063.0,21.591499999999996,0.0,0.6489528001650897,0.0,0.0,0.0,0.0,0.0,0.0,0.0
20180221,TGMA3,TEGMA,22.46,23.17,22.12,22.55,9033844.0,21.683999999999997,0.0,0.6470369712043272,0.0,0.0,0.0,0.0,0.0,0.0,0.0
20180222,TGMA3,TEGMA,22.78,23.0,22.41,22.61,2716299.0,21.785999999999998,0.0,0.6225110440787428,0.0,0.0,0.0,0.0,0.0,0.0,0.0
20180223,TGMA3,TEGMA,22.68,22.96,22.23,22.69,2723662.0,21.923,0.0,0.48307240385725564,0.0,0.0,0.0,0.0,0.0,0.0,0.0
20180226,TGMA3,TEGMA,22.98,23.09,22.35,22.7,6875713.0,22.0255,0.0,0.410833235472044,0.0,0.0,0.0,0.0,0.0,0.0,0.0
20180227,TGMA3,TEGMA,22.7,22.76,22.18,22.37,4392092.0,22.074,0.0,0.38982317178839593,0.0,0.0,0.0,0.0,0.0,0.0,0.0
20180228,TGMA3,TEGMA,22.49,22.49,22.18,22.2,3221525.0,22.101,0.0,0.37816593406098614,0.0,0.0,0.0,0.0,0.0,0.0,0.0
20180301,TGMA3,TEGMA,22.22,22.63,21.8,22.1,7003436.0,22.1165,21.42175,0.37103376211820205,0.8242195609274194,23.07018912185484,19.77331087814516,23.894408682782256,18.949091317217743,24.718628243709677,18.12487175629032
20180302,TGMA3,TEGMA,22.15,22.56,21.67,22.19,5628847.0,22.133499999999998,21.4765,0.3659346360960445,0.7997292811176335,23.075958562235268,19.877041437764735,23.875687843352903,19.0773121566471,24.675417124470535,18.27758287552947
20180305,TGMA3,TEGMA,22.26,22.34,21.92,22.34,1786156.0,22.134499999999996,21.535000000000004,0.3664980074621032,0.7741297843882043,23.083259568776413,19.986740431223595,23.857389353164617,19.21261064683539,24.63151913755282,18.438480862447186
20180306,TGMA3,TEGMA,22.4,22.65,22.14,22.37,6831319.0,22.177999999999997,21.575000000000003,0.3377261425599573,0.7749243139221388,23.12484862784428,20.025151372155726,23.899772941766418,19.250227058233587,24.674697255688557,18.47530274431145
20180307,TGMA3,TEGMA,22.42,22.5,21.97,22.5,2988491.0,22.208,21.612500000000004,0.3383800417157999,0.7826409924588213,23.177781984917647,20.04721801508236,23.960422977376467,19.26457702262354,24.74306396983529,18.481936030164718
20180308,TGMA3,TEGMA,22.42,22.6,22.31,22.33,1764842.0,22.2245,21.645750000000003,0.335739168810688,0.7842026409361856,23.214155281872376,20.07734471812763,23.99835792280856,19.293142077191447,24.782560563744745,18.50893943625526
20180309,TGMA3,TEGMA,22.32,23.13,22.32,23.13,19973402.0,22.286499999999997,21.706500000000002,0.3820205974055746,0.8029578332959265,23.312415666591853,20.10058433340815,24.11537349988778,19.297626500112223,24.91833133318371,18.494668666816295
20180312,TGMA3,TEGMA,23.32,23.9,23.23,23.63,7684579.0,22.368,21.780500000000004,0.47919449957304283,0.8405033595625336,23.461506719125072,20.099493280874935,24.302010078687605,19.258989921312402,25.142513438250138,18.41848656174987
20180313,TGMA3,TEGMA,23.68,24.27,23.28,23.28,6986694.0,22.457,21.852500000000003,0.47477529310967187,0.8425655266308231,23.53763105326165,20.167368946738357,24.380196579892473,19.324803420107532,25.222762106523295,18.48223789347671
20180314,TGMA3,TEGMA,23.4,23.69,22.85,22.94,3894399.0,22.499,21.914000000000005,0.4786703073702204,0.8294941306727395,23.572988261345483,20.255011738654527,24.40248239201822,19.42551760798179,25.231976522690964,18.596023477309046
20180315,TGMA3,TEGMA,23.04,23.6,22.88,23.3,5224435.0,22.589,21.98175,0.449267239659855,0.8292532553680291,23.64025651073606,20.323243489263945,24.46950976610409,19.493990233895914,25.29876302147212,18.664736978527884
20180316,TGMA3,TEGMA,23.42,23.79,23.16,23.35,6354429.0,22.6565,22.044000000000004,0.4574560663403489,0.836316097767243,23.71663219553449,20.371367804465518,24.552948293301732,19.535051706698276,25.389264391068977,18.69873560893103
20180319,TGMA3,TEGMA,23.37,23.5,22.85,22.95,2653356.0,22.691499999999998,22.096500000000002,0.4514569980104841,0.8252817700640277,23.747063540128057,20.445936459871948,24.572345310192084,19.62065468980792,25.397627080256115,18.79537291974389
20180320,TGMA3,TEGMA,23.29,23.47,22.93,23.15,8271866.0,22.733999999999998,22.162750000000003,0.4526692762759772,0.7998076291145013,23.762365258229003,20.563134741771,24.562172887343507,19.763327112656498,25.361980516458008,18.963519483541997
20180321,TGMA3,TEGMA,23.28,24.22,23.17,24.2,17596272.0,22.816499999999998,22.25025,0.5559465612335185,0.826678517801745,23.903607035603493,20.59689296439651,24.730285553405235,19.770214446594768,25.55696407120698,18.943535928793022
20180322,TGMA3,TEGMA,24.51,24.75,23.93,24.2,6972256.0,22.895999999999994,22.341,0.6331824381645512,0.8366808661579948,24.01436173231599,20.667638267684012,24.851042598473985,19.830957401526017,25.68772346463198,18.994276535368023
20180323,TGMA3,TEGMA,24.01,24.31,23.8,24.0,4016616.0,22.961499999999994,22.44225,0.6769923812056764,0.783265640828568,24.008781281657136,20.875718718342867,24.792046922485707,20.092453077514296,25.575312563314274,19.30918743668573
20180326,TGMA3,TEGMA,24.12,24.28,23.77,24.04,6320230.0,23.028499999999998,22.527,0.7149919027881624,0.7676143529610557,24.062228705922113,20.99177129407789,24.829843058883167,20.224156941116835,25.597457411844225,19.456542588155777
20180327,TGMA3,TEGMA,24.17,24.27,23.55,23.55,3545019.0,23.0875,22.580750000000002,0.7064281913072903,0.7619286846633662,24.104607369326736,21.056892630673268,24.8665360539901,20.294963946009904,25.628464738653467,19.533035261346537
20180328,TGMA3,TEGMA,23.52,24.4,22.61,24.4,8484155.0,23.197499999999998,22.649250000000002,0.7317885443789175,0.7992797639285439,24.24780952785709,21.050690472142914,25.047089291785635,20.25141070821437,25.846369055714177,19.452130944285827
20180329,TGMA3,TEGMA,24.51,24.51,23.95,24.28,8278351.0,23.306499999999993,22.7115,0.722002150456051,0.8271221346579082,24.36574426931582,21.057255730684183,25.192866403973724,20.230133596026278,26.019988538631633,19.40301146136837
20180402,TGMA3,TEGMA,24.43,24.43,23.35,23.71,6875557.0,23.382499999999993,22.758000000000003,0.6768804216869936,0.8297271717180352,24.417454343436074,21.09854565656393,25.247181515154107,20.268818484845898,26.076908686872144,19.43909131312786
20180403,TGMA3,TEGMA,23.65,24.01,23.41,23.5,7232498.0,23.440499999999993,22.7875,0.6309931603599654,0.8347170563146504,24.456934112629302,21.1180658873707,25.291651168943954,20.28334883105605,26.126368225258602,19.4486317747414
20180404,TGMA3,TEGMA,23.39,23.45,22.94,23.45,5198716.0,23.494499999999995,22.83625,0.5785960776332969,0.8142880719392839,24.464826143878568,21.20767385612143,25.279114215817852,20.393385784182147,26.093402287757137,19.579097712242863
20180405,TGMA3,TEGMA,24.17,24.43,22.88,23.05,9613144.0,23.521999999999995,22.865000000000002,0.540668202563423,0.8005703095374281,24.466140619074856,21.263859380925147,25.266710928612287,20.463289071387717,26.067281238149715,19.66271876185029
20180406,TGMA3,TEGMA,22.57,23.1,22.55,22.8,98653275.0,23.545499999999997,22.884999999999998,0.49436269447058295,0.7883055505485641,24.461611101097127,21.30838889890287,25.24991665164569,20.520083348354305,26.038222202194255,19.73177779780574
20180409,TGMA3,TEGMA,23.26,23.41,22.45,22.57,13493513.0,23.517499999999995,22.902,0.5334483154562981,0.7734909211673007,24.448981842334604,21.3550181576654,25.222472763501905,20.581527236498097,25.995963684669203,19.8080363153308
20180410,TGMA3,TEGMA,22.8,23.41,22.41,23.2,14987547.0,23.495999999999995,22.932000000000002,0.5373267162537186,0.7607762567408028,24.453552513481608,21.410447486518397,25.214328770222412,20.649671229777592,25.975105026963213,19.88889497303679
20180411,TGMA3,TEGMA,23.19,23.4,22.86,23.17,9821918.0,23.490499999999997,22.973750000000003,0.5402092674432596,0.7251655425505272,24.424081085101058,21.523418914898947,25.149246627651586,20.79825337234842,25.874412170202113,20.073087829797892
20180412,TGMA3,TEGMA,23.3,24.02,23.09,23.62,7656019.0,23.524499999999996,23.01175,0.524920796030475,0.7179953842434571,24.447740768486913,21.575759231513086,25.16573615273037,20.857763847269627,25.883731536973826,20.139768463026172
20180413,TGMA3,TEGMA,23.48,23.66,22.98,23.1,6453780.0,23.514499999999998,23.051750000000002,0.5312891471644617,0.6748898770569058,24.401529754113813,21.70197024588619,25.07641963117072,21.027080368829285,25.751309508227624,20.35219049177238
20180416,TGMA3,TEGMA,23.39,23.39,22.43,22.43,4857382.0,23.4685,23.0625,0.5835397880269436,0.6609889637932315,24.384477927586463,21.740522072413537,25.045466891379693,21.079533108620307,25.706455855172926,20.418544144827074
20180417,TGMA3,TEGMA,22.37,22.91,22.37,22.7,3370911.0,23.455999999999996,23.07375,0.5977360797648369,0.6505527728451015,24.374855545690203,21.7726444543098,25.025408318535305,21.122091681464696,25.675961091380408,20.471538908619593
20180418,TGMA3,TEGMA,23.13,23.24,22.73,23.23,2852169.0,23.46,23.097,0.5958452642652892,0.6387014069027308,24.374402813805464,21.81959718619454,25.013104220708193,21.18089577929181,25.651805627610926,20.542194372389076
20180419,TGMA3,TEGMA,23.3,23.52,22.97,23.34,4084793.0,23.416999999999998,23.116750000000003,0.5701070998182373,0.633546742047511,24.383843484095024,21.849656515904982,25.01739022614254,21.216109773857468,25.65093696819005,20.582563031809958
20180420,TGMA3,TEGMA,23.13,23.64,22.76,23.4,4263849.0,23.377,23.136500000000005,0.5395231812979849,0.6296460136966995,24.395792027393405,21.877207972606605,25.025438041090105,21.247561958909905,25.655084054786805,20.617915945213205
20180423,TGMA3,TEGMA,23.07,23.73,22.73,23.13,5566432.0,23.333499999999997,23.1475,0.5214178544577963,0.6254752039603751,24.398450407920752,21.89654959207925,25.023925611881126,21.271074388118876,25.649400815841503,20.6455991841585
20180424,TGMA3,TEGMA,23.26,23.5,22.91,23.05,6069776.0,23.284,23.15625,0.49724927562065524,0.6214898868744543,24.399229773748907,21.913270226251093,25.020719660623364,21.291780339376636,25.642209547497817,20.670290452502183
20180425,TGMA3,TEGMA,23.18,23.34,22.75,23.2,6545775.0,23.266499999999997,23.177,0.49354011195166925,0.6082813114392033,24.393562622878406,21.960437377121593,25.00184393431761,21.35215606568239,25.610125245756812,20.743874754243187
20180426,TGMA3,TEGMA,23.52,23.52,22.94,22.96,6325259.0,23.194499999999998,23.196,0.41886406537582266,0.5885305473195499,24.3730610946391,22.0189389053609,24.961591641958652,21.43040835804135,25.550122189278202,20.8418778107218
20180427,TGMA3,TEGMA,23.14,23.14,22.07,22.68,8314432.0,23.1145,23.2105,0.34731261513452544,0.5676083427586976,24.345716685517395,22.075283314482604,24.91332502827609,21.507674971723908,25.48093337103479,20.94006662896521
20180430,TGMA3,TEGMA,22.68,23.3,22.4,23.01,11365639.0,23.0795,23.230999999999998,0.3181935028613274,0.5441285670096203,24.31925713401924,22.142742865980757,24.86338570102886,21.598614298971135,25.40751426803848,21.054485731961517
20180502,TGMA3,TEGMA,23.24,23.24,22.64,22.98,7890925.0,23.0535,23.246999999999996,0.3029030590104668,0.526377070656451,24.2997541413129,22.194245858687093,24.82613121196935,21.667868788030642,25.3525082826258,21.141491717374194
20180503,TGMA3,TEGMA,22.81,22.91,22.3,22.75,5732087.0,23.0185,23.256499999999996,0.29501605665491165,0.5134126645327426,24.28332532906548,22.22967467093451,24.796737993598224,21.716262006401767,25.310150658130965,21.202849341869026
20180504,TGMA3,TEGMA,22.97,22.97,22.35,22.38,4882709.0,22.985,23.253499999999995,0.32750251103899297,0.5182740093020246,24.290048018604043,22.216951981395948,24.80832202790607,21.698677972093922,25.326596037208095,21.180403962791896
20180507,TGMA3,TEGMA,22.53,22.53,21.52,22.0,6193438.0,22.945,23.245249999999995,0.3934931284092098,0.5356854583208845,24.316620916641764,22.173879083358226,24.852306374962648,21.638193625037342,25.387991833283532,21.102508166716458
20180508,TGMA3,TEGMA,21.94,21.96,20.85,21.0,10233087.0,22.8665,23.191999999999997,0.583142800963703,0.642627618773345,24.477255237546686,21.906744762453307,25.119882856320032,21.26411714367996,25.762510475093375,20.621489524906618
20180509,TGMA3,TEGMA,21.16,21.28,20.48,21.05,6067327.0,22.759,23.127499999999994,0.7040626467341665,0.7221007458655112,24.571701491731016,21.683298508268972,25.293802237596527,20.96119776240346,26.015902983462038,20.23909701653795
20180510,TGMA3,TEGMA,21.3,21.58,20.72,21.2,8859035.0,22.6605,23.075499999999998,0.7775093500876293,0.7831492964389734,24.641798592877944,21.509201407122053,25.42494788931692,20.726052110683078,26.208097185755893,19.942902814244103
20180511,TGMA3,TEGMA,21.54,21.7,21.06,21.5,7407967.0,22.554499999999997,23.039499999999997,0.7842963658424585,0.8216866643429303,24.682873328685858,21.396126671314136,25.50455999302879,20.574440006971205,26.32624665737172,19.752753342628274
20180514,TGMA3,TEGMA,21.65,21.92,20.2,20.58,8955719.0,22.428499999999996,22.9715,0.8876596965290853,0.9076301912687778,24.786760382537555,21.156239617462443,25.69439057380633,20.248609426193667,26.60202076507511,19.340979234924887
20180515,TGMA3,TEGMA,20.2,20.29,19.55,19.94,4852284.0,22.303999999999995,22.886249999999997,1.0476409589870805,1.0238681994004988,24.933986398800993,20.838513601199,25.957854598201493,19.8146454017985,26.981722797601993,18.790777202398
20180516,TGMA3,TEGMA,19.9,20.24,19.54,19.75,6102470.0,22.156499999999998,22.80625,1.1873113146495053,1.1374728793611202,25.081195758722238,20.53130424127776,26.218668638083358,19.39383136191664,27.356141517444478,18.25635848255552
20180517,TGMA3,TEGMA,19.81,19.92,18.33,18.44,11942529.0,21.916999999999994,22.688499999999998,1.419733481289616,1.3286904098126946,25.345880819625386,20.03111918037461,26.67457122943808,18.702428770561916,28.003261639250777,17.37373836074922
20180518,TGMA3,TEGMA,18.54,18.54,17.36,18.4,15666212.0,21.669999999999995,22.543499999999998,1.5798301041234561,1.4686197078052108,25.48073941561042,19.606260584389577,26.949359123415633,18.137640876584364,28.417978831220843,16.669021168779153
20180521,TGMA3,TEGMA,18.4,19.42,18.4,19.23,7315903.0,21.461499999999997,22.419249999999998,1.6142890727891046,1.533678981387151,25.4866079627743,19.351892037225696,27.02028694416145,17.818213055838545,28.553965925548603,16.284534074451393
20180522,TGMA3,TEGMA,19.5,19.57,18.8,19.2,9762716.0,21.264999999999997,22.299249999999997,1.6394944663716153,1.593443919829321,25.48613783965864,19.112362160341355,27.07958175948796,17.518918240512033,28.67302567931728,15.925474320682714
20180523,TGMA3,TEGMA,19.43,19.64,18.52,18.6,6581137.0,21.042499999999997,22.163249999999998,1.6858041186080235,1.6713105367514471,25.50587107350289,18.820628926497104,27.17718161025434,17.149318389745655,28.848492147005786,15.47800785299421
20180524,TGMA3,TEGMA,18.79,19.12,18.52,19.0,4851852.0,20.8325,22.049500000000002,1.6643597631079083,1.7283710279498454,25.506242055899694,18.59275794410031,27.23461308384954,16.864386916150465,28.962984111799383,15.136015888200621
20180525,TGMA3,TEGMA,19.02,19.64,18.42,18.68,4522625.0,20.6185,21.9065,1.6515201131716515,1.7651477021077866,25.436795404215573,18.37620459578443,27.201943106323363,16.61105689367664,28.96709080843115,14.845909191568854
20180528,TGMA3,TEGMA,18.24,18.86,17.11,17.47,13260435.0,20.358,21.736250000000002,1.7187651626125375,1.8564077352476103,25.44906547049522,18.023434529504783,27.30547320574283,16.167026794257172,29.161880940990443,14.31061905900956
20180529,TGMA3,TEGMA,17.25,18.24,17.22,18.22,6485379.0,20.1185,21.599,1.662586048426073,1.9089435929397227,25.416887185879446,17.781112814120554,27.325830778819167,15.872169221180833,29.234774371758892,13.963225628241108
20180530,TGMA3,TEGMA,18.39,19.89,18.07,19.0,10602535.0,19.9195,21.4865,1.5353808887973635,1.9265573786766137,25.339614757353228,17.63338524264677,27.26617213602984,15.706827863970158,29.192729514706453,13.780270485293546
20180601,TGMA3,TEGMA,19.59,19.75,18.66,19.53,2028409.0,19.758499999999998,21.3885,1.384349647801591,1.9238163860356983,25.236132772071397,17.540867227928604,27.159949158107096,15.617050841892905,29.083765544142793,13.693234455857208
20180604,TGMA3,TEGMA,19.98,20.14,19.24,19.7,4584332.0,19.624499999999998,21.304750000000002,1.2393566879635445,1.9225490390864601,25.149848078172923,17.45965192182708,27.07239711725938,15.537102882740623,28.994946156345843,13.61455384365416
20180605,TGMA3,TEGMA,19.75,19.77,18.72,19.1,3893797.0,19.479499999999998,21.212250000000004,1.1096631779152695,1.9377127509329561,25.087675501865917,17.336824498134092,27.025388252798873,15.399111747201136,28.96310100373183,13.46139899626818
20180606,TGMA3,TEGMA,18.93,19.34,17.6,17.77,11883049.0,19.317999999999998,21.09225,1.1117676773593537,1.999128640311267,25.090507280622532,17.093992719377468,27.0896359209338,15.094864079066198,29.088764561245068,13.095735438754932
20180607,TGMA3,TEGMA,17.77,17.77,16.0,16.34,11471989.0,19.082499999999996,20.92075,1.2192313152146126,2.105115122620881,25.130980245241766,16.710519754758238,27.236095367862646,14.605404632137358,29.341210490483526,12.500289509516477
20180608,TGMA3,TEGMA,16.34,17.81,15.65,17.16,8790845.0,18.880499999999998,20.770500000000002,1.1841073697760027,2.154363431473839,25.079226862947678,16.461773137052326,27.233590294421518,14.307409705578486,29.387953725895358,12.153046274104646
20180611,TGMA3,TEGMA,17.18,17.34,16.2,16.55,5591204.0,18.633,20.59375,1.1235381145011434,2.2040367248789923,25.001823449757985,16.185676550242015,27.205860174636975,13.981639825363024,29.40989689951597,11.777603100484031
20180612,TGMA3,TEGMA,16.64,17.34,16.31,16.5,3972842.0,18.429,20.42875,1.121816665760893,2.257987744396784,24.94472548879357,15.912774511206432,27.20271323319035,13.654786766809648,29.460700977587138,11.396799022412864
20180613,TGMA3,TEGMA,16.67,16.98,16.29,16.7,4087466.0,18.267,20.285500000000003,1.1260648761341838,2.3089546419237985,24.9034092838476,15.667590716152406,27.2123639257714,13.358636074228606,29.521318567695197,11.049681432304808
20180614,TGMA3,TEGMA,16.9,16.9,16.06,16.26,2307702.0,18.092499999999998,20.1245,1.1542182362283309,2.3602346145875726,24.844969229175145,15.404030770824857,27.205203843762717,13.043796156237283,29.565438458350293,10.683561541649711
20180615,TGMA3,TEGMA,16.01,16.35,15.45,15.97,7380378.0,17.969,19.943,1.243750271092247,2.394200471438388,24.73140094287678,15.154599057123225,27.125601414315163,12.760398585684838,29.51980188575355,10.36619811424645
20180618,TGMA3,TEGMA,15.99,16.7,15.1,15.4,8369275.0,17.819,19.7445,1.364114904868406,2.4341522506792943,24.61280450135859,14.87619549864141,27.046956752037882,12.442043247962115,29.481109002717176,10.007890997282821
20180619,TGMA3,TEGMA,15.34,16.74,14.84,16.6,9967529.0,17.6875,19.5745,1.3476016708055178,2.4096387110827644,24.393777422165527,14.755222577834472,26.803416133248295,12.345583866751706,29.213054844331058,9.935945155668943
20180620,TGMA3,TEGMA,16.5,16.94,15.95,16.6,7991385.0,17.5575,19.411250000000003,1.3191220166219535,2.38364102819236,24.17853205638472,14.643967943615284,26.562173084577083,12.260326915422922,28.94581411276944,9.876685887230563
20180621,TGMA3,TEGMA,16.67,16.78,15.54,15.99,4468536.0,17.427,19.234750000000002,1.339505407544901,2.368632611596366,23.972015223192734,14.49748477680727,26.3406478347891,12.128852165210905,28.709280446385463,9.760219553614538
20180622,TGMA3,TEGMA,15.95,16.17,15.45,15.6,4866688.0,17.257,19.04475,1.3451045742950243,2.3471237034905177,23.738997406981035,14.350502593018966,26.086121110471552,12.003378889528447,28.43324481396207,9.65625518603793
20180625,TGMA3,TEGMA,15.76,16.39,15.47,16.39,11439217.0,17.142500000000002,18.8805,1.3147218036727597,2.295424601803326,23.471349203606653,14.28965079639335,25.76677380540998,11.994226194590023,28.062198407213305,9.698801592786698
20180626,TGMA3,TEGMA,16.2,16.5,15.58,15.93,3072953.0,17.065500000000004,18.711750000000002,1.3393968595484849,2.256728841509855,23.22520768301971,14.198292316980293,25.481936524529566,11.941563475470437,27.73866536603942,9.684834633960582
20180627,TGMA3,TEGMA,15.93,16.48,15.44,16.1,4314317.0,16.959500000000002,18.539,1.3270524322326744,2.182522417425292,22.904044834850588,14.173955165149417,25.086567252275877,11.991432747724126,27.26908966970117,9.808910330298833
20180628,TGMA3,TEGMA,16.21,16.21,15.48,15.8,2894806.0,16.799500000000002,18.3595,1.2592624198733084,2.1016696049105716,22.562839209821142,14.156160790178857,24.664508814731715,12.054491185268287,26.766178419642287,9.952821580357714
20180629,TGMA3,TEGMA,15.86,15.87,15.17,15.41,6977547.0,16.593500000000006,18.176,1.1181623787550137,2.02762814574954,22.23125629149908,14.120743708500918,24.258884437248618,12.093115562751379,26.286512582998157,10.065487417001838
20180702,TGMA3,TEGMA,15.49,15.5,15.13,15.35,1377117.0,16.37600000000001,18.00025,0.8797511609898949,1.9573457793654678,21.914941558730938,14.085558441269065,23.872287338096406,12.128212661903598,25.829633117461874,10.17086688253813
20180703,TGMA3,TEGMA,15.38,16.12,15.34,15.5,3183190.0,16.196000000000005,17.83775,0.6242671492911641,1.8852592659896417,21.608268531979284,14.067231468020717,23.493527797968923,12.181972202031075,25.378787063958566,10.296712936041434
20180704,TGMA3,TEGMA,15.36,16.04,15.21,15.93,4530322.0,16.104000000000006,17.711,0.50411360457311,1.8370193248846882,21.385038649769374,14.036961350230623,23.222057974654064,12.199942025345933,25.05907729953875,10.362922700461246
20180705,TGMA3,TEGMA,16.0,16.0,15.49,15.83,3285819.0,16.07850000000001,17.5805,0.5044462831972132,1.7782084761397279,21.136916952279456,14.024083047720545,22.915125428419184,12.245874571580817,24.693333904558912,10.46766609544109
20180706,TGMA3,TEGMA,15.68,16.33,15.59,16.17,863983.0,16.029000000000007,17.454749999999997,0.43676923932547695,1.6914202612005633,20.837590522401122,14.07190947759887,22.529010783601688,12.380489216398306,24.22043104480225,10.689068955197744
20180710,TGMA3,TEGMA,16.21,16.86,15.88,16.4,7368045.0,16.021500000000007,17.32725,0.428562775601757,1.5662579731517134,20.459765946303428,14.194734053696573,22.02602391945514,12.628476080544859,23.592281892606852,11.062218107393146
20180711,TGMA3,TEGMA,16.35,16.68,15.64,15.64,8406884.0,15.978500000000006,17.203749999999996,0.42110475006370784,1.4964037016999476,20.19655740339989,14.2109425966001,21.69296110509984,12.714538894900153,23.189364806799787,11.218135193200204
20180712,TGMA3,TEGMA,15.77,16.25,15.61,16.0,2288997.0,15.943500000000006,17.105249999999995,0.38557237016088236,1.4402955314616788,19.985841062923352,14.224658937076637,21.42613659438503,12.784363405614958,22.86643212584671,11.344067874153279
20180713,TGMA3,TEGMA,16.1,16.78,15.95,16.6,3325528.0,15.960500000000007,17.026499999999995,0.40715282272450654,1.37669345600051,19.779886912001015,14.273113087998976,21.156580368001524,12.896419631998466,22.533273824002034,11.519726175997956
20180716,TGMA3,TEGMA,16.99,17.79,16.43,17.5,7831261.0,16.037000000000006,17.002999999999993,0.533243303804684,1.3598665092856277,19.722733018571247,14.283266981428739,21.08259952785688,12.92340047214311,22.442466037142502,11.563533962857482
20180717,TGMA3,TEGMA,17.55,18.08,17.02,17.75,4780631.0,16.154500000000006,16.986749999999994,0.6347438356077282,1.3465633131828634,19.67987662636572,14.293623373634267,21.026439939548585,12.947060060451403,22.373003252731447,11.60049674726854
20180718,TGMA3,TEGMA,18.15,18.6,18.15,18.49,8201153.0,16.249000000000006,16.968249999999994,0.8186182196076452,1.3197705462964189,19.607791092592834,14.328708907407156,20.92756163888925,13.008938361110737,22.24733218518567,11.689167814814319
20180719,TGMA3,TEGMA,18.57,18.57,17.88,18.2,7063909.0,16.329000000000004,16.943249999999995,0.9258788143959644,1.2854359481992201,19.514121896398436,14.372378103601555,20.799557844597658,13.086942155402335,22.084993792796876,11.801506207203115
20180720,TGMA3,TEGMA,18.5,19.1,18.1,18.37,5204239.0,16.448000000000004,16.937499999999993,1.027396300311933,1.278329739572961,19.494159479145914,14.380840520854072,20.772489218718874,13.10251078128111,22.050818958291835,11.82418104170815
20180723,TGMA3,TEGMA,18.58,18.65,17.9,18.1,4755065.0,16.573000000000004,16.914999999999996,1.0699931136029839,1.2486731419328139,19.412346283865624,14.417653716134367,20.661019425798436,13.168980574201555,21.909692567731252,11.92030743226874
20180724,TGMA3,TEGMA,18.47,18.51,18.02,18.28,2693015.0,16.667500000000008,16.904999999999994,1.1344967583632655,1.2357101145411236,19.376420229082242,14.433579770917747,20.612130343623363,13.197869656376623,21.847840458164487,11.9621595418355
20180725,TGMA3,TEGMA,18.2,18.78,18.2,18.65,8859838.0,16.803500000000007,16.934499999999993,1.2024329503136204,1.2633207157206685,19.46114143144133,14.407858568558655,20.724462147161997,13.144537852837988,21.987782862882668,11.881217137117318
20180726,TGMA3,TEGMA,18.65,18.87,18.34,18.69,3029175.0,16.933000000000003,16.946249999999996,1.2607353743789562,1.2776875897193447,19.501625179438683,14.390874820561306,20.77931276915803,13.113187230841962,22.057000358877374,11.835499641122617
20180727,TGMA3,TEGMA,18.79,18.94,18.12,18.52,4615719.0,17.069000000000003,16.934249999999995,1.278662541383287,1.260036400573008,19.454322801146013,14.414177198853979,20.71435920171902,13.15414079828097,21.974395602292027,11.894104397707963
20180730,TGMA3,TEGMA,18.55,18.67,18.14,18.31,2417800.0,17.214000000000002,16.903749999999995,1.244606892070505,1.2093390597918396,19.322428119583673,14.485071880416315,20.531767179375514,13.275732820624476,21.741106239167355,12.066393760832636
20180731,TGMA3,TEGMA,18.3,18.52,17.76,17.79,6832867.0,17.336000000000002,16.85599999999999,1.1696036215653907,1.1312888044058889,19.11857760881177,14.593422391188213,20.249866413217656,13.462133586782326,21.381155217623547,12.330844782376435
20180801,TGMA3,TEGMA,17.79,18.29,17.56,17.97,5537469.0,17.459500000000002,16.82774999999999,1.0934613077648796,1.0870602264351228,19.001870452870236,14.653629547129746,20.08893067930536,13.566569320694622,21.175990905740484,12.4795090942595
20180802,TGMA3,TEGMA,18.05,18.38,18.01,18.29,6006489.0,17.577500000000004,16.840749999999993,1.0460294601868931,1.1016290675921039,19.0440081351842,14.637491864815786,20.145637202776303,13.53586279722368,21.247266270368407,12.434233729631577
20180803,TGMA3,TEGMA,18.4,19.04,18.27,18.5,4608406.0,17.711000000000006,16.89474999999999,0.9795321117220595,1.1290522176835573,19.152854435367107,14.636645564632877,20.28190665305066,13.507593346949319,21.41095887073422,12.378541129265763
20180806,TGMA3,TEGMA,18.6,18.73,18.15,18.72,2400088.0,17.838500000000003,16.933749999999993,0.9332584399775967,1.1648256995173831,19.26340139903476,14.604098600965226,20.428227098552142,13.439272901447843,21.593052798069525,12.27444720193046
20180807,TGMA3,TEGMA,18.73,19.0,18.3,18.7,4818658.0,17.953500000000002,16.987499999999994,0.8872445518214181,1.1958555568379763,19.379211113675947,14.59578888632404,20.575066670513923,13.399933329486064,21.7709222273519,12.204077772648088
20180808,TGMA3,TEGMA,19.05,20.14,19.03,19.75,13741453.0,18.159000000000002,17.068749999999994,0.7943014143522961,1.2699933121163556,19.608736624232705,14.528763375767284,20.87872993634906,13.258770063650928,22.148723248465416,11.988776751534573
20180809,TGMA3,TEGMA,19.7,20.08,18.87,19.3,4472364.0,18.324000000000005,17.133749999999992,0.6522624592826345,1.3163268386512554,19.766403677302502,14.501096322697482,21.08273051595376,13.184769484046225,22.399057354605013,11.868442645394971
20180810,TGMA3,TEGMA,19.41,19.41,18.36,19.06,4836386.0,18.447000000000003,17.203749999999992,0.5306609582695333,1.3428532338614199,19.88945646772283,14.518043532277153,21.232309701584253,13.175190298415732,22.57516293544567,11.832337064554313
20180813,TGMA3,TEGMA,18.77,19.28,18.51,19.01,2670573.0,18.5225,17.27974999999999,0.49505847607813414,1.3571869238073346,19.99412384761466,14.56537615238532,21.351310771421993,13.208189228577986,22.708497695229326,11.85100230477065
20180814,TGMA3,TEGMA,19.14,19.5,18.83,19.3,4028038.0,18.6,17.37724999999999,0.48904848538012635,1.3587701594285992,20.09479031885719,14.659709681142791,21.453560478285787,13.300939521714191,22.812330637714386,11.942169362285593
20180815,TGMA3,TEGMA,19.4,19.4,18.06,18.3,12616651.0,18.590500000000002,17.419749999999986,0.49312617153482685,1.3604212912709674,20.14059258254192,14.698907417458052,21.501013873812887,13.338486126187084,22.861435165083854,11.978064834916117
20180816,TGMA3,TEGMA,18.42,18.67,17.63,17.99,5994564.0,18.580000000000005,17.45449999999999,0.5039945697284379,1.3566927169425311,20.16788543388505,14.741114566114927,21.524578150827583,13.384421849172394,22.881270867770112,12.027729132229865
20180817,TGMA3,TEGMA,18.02,18.08,17.51,17.9,2604431.0,18.556500000000003,17.502249999999986,0.5248285434310556,1.3373001647980949,20.176850329596174,14.827649670403796,21.514150494394272,13.490349505605701,22.851450659192366,12.153049340807605
20180820,TGMA3,TEGMA,17.94,18.14,17.4,17.75,4889536.0,18.539,17.555999999999987,0.5462494128624715,1.301613988231057,20.159227976462102,14.952772023537873,21.46084196469316,13.651158035306816,22.762455952924213,12.34954404707576
20180821,TGMA3,TEGMA,17.56,17.97,17.01,17.3,4957451.0,18.490000000000002,17.578749999999985,0.6108406631761153,1.288599294204923,20.15594858840983,15.001551411590139,21.444547882614753,13.712952117385218,22.733147176819678,12.424352823180293
20180822,TGMA3,TEGMA,17.33,17.99,17.06,17.99,5326796.0,18.457000000000004,17.630249999999986,0.6195082939846343,1.2619043149144817,20.15405862982895,15.106441370171023,21.41596294474343,13.844537055256541,22.677867259657912,12.58263274034206
20180823,TGMA3,TEGMA,17.99,18.29,17.2,17.89,5591751.0,18.417000000000005,17.674999999999986,0.6294199501796652,1.2377543768598385,20.150508753719663,15.19949124628031,21.388263130579503,13.96173686942047,22.62601750743934,12.723982492560634
20180824,TGMA3,TEGMA,18.09,18.09,17.1,17.4,10273165.0,18.361000000000004,17.714999999999986,0.6683908405936119,1.2009120465669145,20.116824093133815,15.313175906866157,21.317736139700727,14.112263860299242,22.518648186267644,12.911351813732328
20180827,TGMA3,TEGMA,17.5,17.97,17.36,17.6,6894760.0,18.325500000000005,17.769749999999988,0.6897556775676462,1.1415879347734483,20.052925869546883,15.486574130453091,21.194513804320334,14.344986195679642,22.33610173909378,13.203398260906194
20180828,TGMA3,TEGMA,17.59,17.72,17.25,17.7,3532427.0,18.321000000000005,17.828499999999988,0.6937153974300553,1.072228807384139,19.972957614768266,15.68404238523171,21.045186422152405,14.61181357784757,22.117415229536544,13.539584770463431
20180829,TGMA3,TEGMA,17.85,18.09,17.6,17.9,5970673.0,18.317500000000003,17.888499999999986,0.6957530944386904,1.0035387386642334,19.89557747732845,15.881422522671519,20.899116215992684,14.877883784007286,21.90265495465692,13.874345045343052
20180830,TGMA3,TEGMA,18.0,18.0,17.35,17.43,4078697.0,18.2745,17.925999999999988,0.7235619131112577,0.955346091134494,19.836692182268976,16.015307817731,20.79203827340347,15.059961726596505,21.747384364537965,14.104615635462011
20180831,TGMA3,TEGMA,17.47,17.9,16.76,17.1,11154314.0,18.204500000000003,17.957749999999987,0.7670138611249823,0.9036038600499893,19.764957720099964,16.15054227990001,20.668561580149955,15.246938419850018,21.572165440199942,14.343334559800029
20180903,TGMA3,TEGMA,17.06,17.34,16.61,17.1,4152912.0,18.1235,17.980999999999987,0.7947477256138449,0.8676753498978284,19.716350699795644,16.24564930020433,20.584026049693474,15.377973950306503,21.4517013995913,14.510298600408674
20180904,TGMA3,TEGMA,17.1,17.3,15.85,15.85,17200317.0,17.981,17.96724999999999,0.9299456690411428,0.8972264599935881,19.761702919987165,16.172797080012813,20.658929379980755,15.275570620019225,21.55615583997434,14.378344160025637
20180905,TGMA3,TEGMA,15.91,16.14,15.52,16.1,7111612.0,17.798500000000004,17.97874999999999,0.9226350992216507,0.8691410068242065,19.717032013648403,16.24046798635158,20.58617302047261,15.371326979527371,21.455314027296815,14.502185972703165
20180906,TGMA3,TEGMA,16.1,16.41,16.04,16.4,8007696.0,17.6535,17.98874999999999,0.9018885156918213,0.8478303758144388,19.684410751628867,16.29308924837111,20.532241127443307,15.445258872556673,21.380071503257746,14.597428496742234
20180910,TGMA3,TEGMA,16.6,16.69,15.65,16.34,6857280.0,17.517500000000002,17.98224999999999,0.8835268738652259,0.8596644768863716,19.70157895377273,16.262921046227248,20.561243430659104,15.403256569340876,21.420907907545477,14.543592092454503
20180911,TGMA3,TEGMA,16.27,16.3,15.85,16.17,4061534.0,17.375500000000002,17.94899999999999,0.8589067408477109,0.9034032520957849,19.75580650419156,16.14219349580842,20.659209756287346,15.238790243712636,21.56261300838313,14.33538699161685
20180912,TGMA3,TEGMA,16.46,16.46,15.52,15.55,5990045.0,17.188000000000002,17.893999999999988,0.8253331065951842,0.979585993136141,19.85317198627227,15.934828013727707,20.83275797940841,14.955242020591564,21.812343972544554,13.975656027455424
20180913,TGMA3,TEGMA,15.66,15.87,14.74,14.84,10989682.0,17.015,17.80274999999999,0.9352821133641441,1.0867806786971974,19.976311357394383,15.629188642605595,21.063092036091582,14.542407963908396,22.149872714788778,13.4556272852112
20180914,TGMA3,TEGMA,15.0,15.12,14.38,15.11,6455509.0,16.871000000000002,17.72549999999999,0.9969421669337092,1.1648372836734286,20.055174567346846,15.395825432653133,21.220011851020274,14.230988148979703,22.384849134693702,13.066150865306275
20180917,TGMA3,TEGMA,15.26,15.56,15.13,15.54,6862157.0,16.753000000000004,17.654749999999986,1.008339437418068,1.2097657910647668,20.07428158212952,15.235218417870453,21.284047373194287,14.025452626805684,22.493813164259052,12.81568683574092
20180918,TGMA3,TEGMA,15.5,15.99,15.34,15.9,4859690.0,16.660500000000003,17.599749999999986,0.9968554506414855,1.2386686142375711,20.07708722847513,15.122412771524843,21.3157558427127,13.883744157287273,22.554424456950272,12.645075543049701
20180919,TGMA3,TEGMA,15.91,16.04,15.33,15.5,6627338.0,16.570500000000003,17.530249999999988,1.0171294747577655,1.2769223567343437,20.084094713468676,14.9764052865313,21.36101707020302,13.699482929796957,22.637939426937365,12.422560573062613
20180920,TGMA3,TEGMA,15.53,15.57,15.01,15.01,8272651.0,16.4215,17.439249999999987,1.0165124847137412,1.323914916121118,20.087079832242225,14.791420167757751,21.41099474836334,13.467505251636634,22.73490966448446,12.143590335515515
20180921,TGMA3,TEGMA,15.01,15.38,14.8,15.26,10102576.0,16.29,17.353499999999986,0.9862048468751091,1.3516173597506302,20.056734719501247,14.650265280498726,21.408352079251877,13.298647920748095,22.759969439002507,11.947030560997465
20180924,TGMA3,TEGMA,15.36,15.53,15.01,15.2,2963726.0,16.18,17.270499999999988,0.9785434933721703,1.3797917903130015,20.03008358062599,14.510916419373984,21.40987537093899,13.131124629060984,22.789667161251995,11.751332838747981
20180925,TGMA3,TEGMA,15.18,15.63,14.84,15.5,6446165.0,16.075,17.20024999999999,0.9295981021812093,1.3969371028183548,19.994124205636698,14.40637579436328,21.391061308455054,13.009438691544926,22.78799841127341,11.61250158872657
20180926,TGMA3,TEGMA,15.5,16.1,15.5,16.0,10594099.0,15.99,17.15549999999999,0.8472680555141306,1.406200463514897,19.967900927029785,14.343099072970196,21.37410139054468,12.936898609455298,22.780301854059577,11.530698145940402
20180927,TGMA3,TEGMA,16.15,16.83,16.14,16.8,6476593.0,15.935000000000002,17.126249999999988,0.7464618296723917,1.4009825993171754,19.92821519863434,14.324284801365637,21.329197797951515,12.923302202048461,22.73018039726869,11.522319602731287
20180928,TGMA3,TEGMA,16.77,17.0,16.45,16.72,4874721.0,15.899500000000003,17.08699999999999,0.6860602628125947,1.3894883766040336,19.865976753208056,14.308023246791922,21.25546512981209,12.918534870187887,22.644953506416122,11.529046493583856
20181001,TGMA3,TEGMA,16.65,16.89,16.1,16.61,13134798.0,15.875000000000004,17.03974999999999,0.648662591718296,1.3722347251929614,19.784219450385912,14.295280549614068,21.156454175578876,12.923045824421106,22.528688900771837,11.550811099228145
20181002,TGMA3,TEGMA,16.64,17.69,16.64,17.69,9270239.0,15.904500000000002,17.01399999999999,0.717110246240505,1.34936984343016,19.71273968686031,14.31526031313967,21.06210953029047,12.965890469709509,22.411479373720628,11.61652062627935
20181003,TGMA3,TEGMA,17.8,18.8,17.54,18.16,18002584.0,16.020000000000003,17.000499999999988,0.8762419757121656,1.3346908794134704,19.66988175882693,14.331118241173048,21.0045726382404,12.996427361759576,22.33926351765387,11.661736482346107
20181004,TGMA3,TEGMA,18.14,18.9,17.7,18.87,11084936.0,16.1585,16.97849999999999,1.0838686801404644,1.2948666895049474,19.568233379009886,14.388766620990095,20.863100068514832,13.093899931485147,22.15796675801978,11.7990332419802
20181005,TGMA3,TEGMA,18.91,18.92,18.47,18.8,7679805.0,16.2785,16.965999999999987,1.2344155872740836,1.274128762160191,19.51425752432037,14.417742475679605,20.78838628648056,13.143613713519414,22.06251504864075,11.869484951359222
20181008,TGMA3,TEGMA,20.0,20.07,19.24,19.9,7917547.0,16.456500000000002,16.986999999999988,1.4766543799734222,1.3157686648825995,19.618537329765186,14.35546267023479,20.934305994647787,13.039694005352189,22.250074659530384,11.72392534046959
20181009,TGMA3,TEGMA,19.64,20.71,19.64,20.64,11279918.0,16.68,17.02774999999999,1.7449204475909512,1.4024163899388054,19.8325827798776,14.22291722012238,21.234999169816405,12.820500830183574,22.637415559755212,11.418084440244769
20181010,TGMA3,TEGMA,20.49,20.49,19.58,19.8,12096895.0,16.892500000000002,17.04024999999999,1.8553560447071955,1.4252314027138935,19.890712805427775,14.189787194572203,21.31594420814167,12.76455579185831,22.741175610855564,11.339324389144416
20181011,TGMA3,TEGMA,20.0,20.21,19.53,19.76,4459796.0,17.1385,17.07674999999999,1.8946469605874083,1.4761078195279496,20.02896563905589,14.124534360944091,21.505073458583837,12.648426541416141,22.981181278111787,11.172318721888193
20181015,TGMA3,TEGMA,19.77,20.17,19.77,19.95,12163451.0,17.3805,17.12574999999999,1.9306733894789274,1.538417247759818,20.202584495519623,14.048915504480354,21.741001743279444,12.510498256720535,23.27941899103926,10.972081008960718
20181016,TGMA3,TEGMA,19.99,20.84,19.99,20.7,11083836.0,17.6385,17.195749999999993,2.014720236553673,1.6352070166126533,20.4661640332253,13.925335966774686,22.10137104983795,12.290128950162034,23.736578066450605,10.65492193354938
20181017,TGMA3,TEGMA,20.41,21.34,20.4,21.0,15547141.0,17.8935,17.276999999999994,2.1038768099817267,1.7407870309659532,20.7585740619319,13.795425938068087,22.499361092897853,12.054638907102134,24.240148123863808,10.31385187613618
20181018,TGMA3,TEGMA,20.86,21.51,20.76,21.4,5453694.0,18.188499999999998,17.379499999999993,2.163401987124601,1.858877452823386,21.097254905646764,13.661745094353222,22.95613235847015,11.802867641529835,24.815009811293535,9.943990188706449
20181019,TGMA3,TEGMA,21.72,21.72,20.6,21.45,13823425.0,18.5105,17.465999999999994,2.1445978030488697,1.9654617778017915,21.39692355560358,13.535076444396411,23.36238533340537,11.56961466659462,25.32784711120716,9.604152888792829
20181022,TGMA3,TEGMA,21.49,22.54,21.44,22.22,11680831.0,18.8585,17.574249999999996,2.154056821319626,2.103785218027146,21.78182043605429,13.366679563945704,23.885605654081434,11.262894345918557,25.98939087210858,9.159109127891412
20181023,TGMA3,TEGMA,22.0,22.64,21.56,21.92,4520389.0,19.194499999999998,17.687249999999995,2.076047547878554,2.2127543892577135,22.11275877851542,13.261741221484568,24.325513167773135,11.048986832226856,26.53826755703085,8.836232442969141
20181024,TGMA3,TEGMA,21.93,22.23,21.6,21.94,3551535.0,19.5165,17.795749999999995,1.9695611987926138,2.3125209770357897,22.420791954071575,13.170708045928414,24.733312931107363,10.858187068892626,27.045833908143152,8.545666091856836
20181025,TGMA3,TEGMA,22.0,22.02,21.61,21.82,16201402.0,19.807499999999997,17.898749999999996,1.848911130482202,2.3983083648314105,22.695366729662815,13.102133270337175,25.093675094494227,10.703824905505765,27.49198345932564,8.305516540674354
20181026,TGMA3,TEGMA,21.82,22.45,21.49,22.04,7098036.0,20.069499999999998,18.002249999999997,1.7698809802386277,2.4860889761703424,22.974427952340683,13.030072047659312,25.460516928511023,10.54398307148897,27.946605904681366,8.057894095318627
20181029,TGMA3,TEGMA,22.88,23.28,22.09,22.12,7617345.0,20.339499999999997,18.119499999999995,1.63907058067094,2.567665756265259,23.254831512530515,12.984168487469477,25.82249726879577,10.416502731204218,28.39016302506103,7.848836974938958
20181030,TGMA3,TEGMA,21.95,23.1,21.93,23.05,5660447.0,20.661499999999997,18.268249999999995,1.4939959663159534,2.6771051026750983,23.62246020535019,12.9140397946498,26.29956530802529,10.2369346919747,28.976670410700386,7.559829589299602
20181031,TGMA3,TEGMA,23.17,23.39,22.68,22.98,11502431.0,20.926,18.415249999999993,1.40590633812458,2.7710971515045713,23.957444303009137,12.87305569699085,26.728541454513707,10.10195854548628,29.49963860601828,7.330861393981708
20181101,TGMA3,TEGMA,22.92,23.94,22.92,23.94,7640126.0,21.214999999999996,18.617499999999996,1.401463520752473,2.872443567989089,24.362387135978175,12.872612864021818,27.234830703967262,10.000169296032729,30.107274271956353,7.1277257280436395
20181105,TGMA3,TEGMA,23.76,24.67,23.62,24.1,7670149.0,21.476499999999998,18.817499999999995,1.4285519904692305,2.969530524925007,24.75656104985001,12.878438950149981,27.726091574775015,9.908908425224976,30.695622099700024,6.939377900299968
20181106,TGMA3,TEGMA,24.06,24.06,23.41,23.5,6343534.0,21.711499999999997,18.994999999999997,1.3494805043344869,3.0328441420131447,25.060688284026288,12.929311715973707,28.09353242603943,9.896467573960564,31.126376568052578,6.863623431947419
20181107,TGMA3,TEGMA,23.78,23.84,22.92,23.5,3157822.0,21.8915,19.173999999999996,1.3351533521225651,3.0830053602421645,25.340010720484326,13.007989279515666,28.42301608072649,9.924983919273503,31.506021440968652,6.841978559031338
20181108,TGMA3,TEGMA,23.75,23.77,22.67,22.8,3046395.0,21.9995,19.339749999999995,1.3158126366381928,3.0955588431302563,25.530867686260507,13.148632313739483,28.626426529390763,10.053073470609226,31.72198537252102,6.95751462747897
20181109,TGMA3,TEGMA,22.83,23.67,22.37,23.1,8888828.0,22.1645,19.528499999999998,1.229563358526712,3.0887268558005387,25.705953711601076,13.35104628839892,28.794680567401613,10.262319432598382,31.88340742320215,7.173592576797843
20181112,TGMA3,TEGMA,23.02,24.66,22.62,24.35,14157116.0,22.394000000000002,19.766249999999996,1.1846847237711604,3.08458922794075,25.935428455881496,13.597071544118496,29.020017683822246,10.512482316177746,32.104606911763,7.427893088236996
20181113,TGMA3,TEGMA,24.59,24.74,24.01,24.4,14574347.0,22.616500000000002,19.998499999999996,1.1174890791883243,3.0747370535897653,26.14797410717953,13.849025892820466,29.222711160769293,10.7742888392307,32.29744821435906,7.699551785640935
20181114,TGMA3,TEGMA,24.17,24.96,24.14,24.43,10861124.0,22.803000000000004,20.220749999999995,1.091763903530674,3.065483930926595,26.351717861853185,14.089782138146806,29.417201792779778,11.02429820722021,32.482685723706375,7.958814276293616
20181116,TGMA3,TEGMA,24.57,25.22,24.44,25.22,4062691.0,23.014000000000003,20.453749999999996,1.1320145061372513,3.0827998325697794,26.619349665139556,14.288150334860436,29.702149497709335,11.205350502290658,32.78494933027911,8.122550669720878
20181119,TGMA3,TEGMA,25.12,25.96,24.8,24.8,15579509.0,23.184000000000005,20.686249999999994,1.1321725737898816,3.0501388682131476,26.78652773642629,14.585972263573698,29.836666604639436,11.535833395360552,32.886805472852586,8.485694527147404
20181121,TGMA3,TEGMA,24.6,25.35,23.76,24.34,9662405.0,23.328500000000005,20.919499999999996,1.0825519314150358,2.9603550982428257,26.840210196485646,14.998789803514345,29.80056529472847,12.038434705271518,32.7609203929713,9.078079607028693
20181122,TGMA3,TEGMA,24.85,25.39,24.08,24.8,7894185.0,23.457500000000003,21.157999999999994,1.0971296281900913,2.875793937199042,26.909587874398078,15.40641212560191,29.78538181159712,12.530618188402867,32.66117574879616,9.654824251203825
20181123,TGMA3,TEGMA,24.86,24.9,23.99,24.2,3804239.0,23.571500000000004,21.382999999999996,1.046237745950951,2.7468790682126194,26.876758136425234,15.889241863574757,29.623637204637852,13.142362795362137,32.37051627285047,10.395483727149518
20181126,TGMA3,TEGMA,24.52,24.78,23.64,24.04,3339848.0,23.676500000000004,21.596499999999995,0.97696778484834,2.6061815569319675,26.80886311386393,16.384136886136062,29.415044670795897,13.777955329204094,32.021226227727865,11.171773772272125
20181127,TGMA3,TEGMA,23.9,24.81,23.84,24.53,5663405.0,23.812000000000005,21.809749999999994,0.8899887639739571,2.4825581176867435,26.77486623537348,16.844633764626508,29.257424353060223,14.362075646939763,31.739982470746966,11.87951752925302
20181128,TGMA3,TEGMA,24.53,25.25,23.9,24.66,9493537.0,23.943000000000005,22.006249999999994,0.8041150742471306,2.3850094742595354,26.776268948519064,17.236231051480924,29.1612784227786,14.851221577221388,31.546287897038134,12.466212102961853
20181129,TGMA3,TEGMA,24.67,25.09,24.4,24.68,8780619.0,24.071000000000005,22.205249999999992,0.6950039757553023,2.2615118468257904,26.728273693651573,17.68222630634841,28.989785540477364,15.420714459522621,31.251297387303154,13.15920261269683
20181130,TGMA3,TEGMA,24.69,24.69,23.86,24.0,4588087.0,24.118500000000004,22.389999999999993,0.6527292902235013,2.08788937716588,26.565778754331753,18.214221245668234,28.653668131497632,16.126331868502355,30.74155750866351,14.038442491336474
20181203,TGMA3,TEGMA,24.38,24.54,23.91,24.3,3798163.0,24.184500000000003,22.55524999999999,0.5958052931690907,1.9642823280024309,26.483814656004853,18.626685343995128,28.448096984007282,16.662403015992698,30.412379312009712,14.698120687990267
20181204,TGMA3,TEGMA,24.37,24.64,23.73,24.0,5047687.0,24.187500000000004,22.70124999999999,0.5946593452069768,1.842477690085183,26.386205380170356,19.016294619829626,28.228683070255542,17.17381692974444,30.071160760340724,15.33133923965926
20181205,TGMA3,TEGMA,23.87,24.9,23.87,24.89,9637817.0,24.227,22.85174999999999,0.6144496896024249,1.7657741637695348,26.38329832753906,19.320201672460918,28.149072491308594,17.554427508691383,29.91484665507813,15.78865334492185
20181206,TGMA3,TEGMA,24.8,25.34,24.25,24.8,5322714.0,24.292,23.00174999999999,0.6021330505180724,1.6647120140563951,26.33117402811278,19.6723259718872,27.995886042169175,18.007613957830806,29.66059805622557,16.34290194377441
20181207,TGMA3,TEGMA,24.8,25.07,23.53,23.89,32837226.0,24.311500000000002,23.10149999999999,0.5810813422539679,1.5920435988103265,26.285587197620643,19.91741280237934,27.87763079643097,18.32536920356901,29.4696743952413,16.733325604758683
20181210,TGMA3,TEGMA,23.87,24.27,23.66,24.05,4596442.0,24.374000000000002,23.18674999999999,0.46572411078695863,1.5475330036661634,26.281816007332317,20.09168399266766,27.829349010998477,18.5441509890015,29.376882014664645,16.996617985335334
20181211,TGMA3,TEGMA,24.02,24.65,23.94,24.65,17891145.0,24.4515,23.30799999999999,0.35938946767200247,1.4630705330282312,26.234141066056452,20.381858933943526,27.69721159908468,18.918788400915297,29.160282132112915,17.455717867887063
20181212,TGMA3,TEGMA,24.38,25.7,24.38,25.7,8394525.0,24.519,23.45649999999999,0.4537202940833017,1.3935171330127727,26.243534266025538,20.669465733974445,27.63705139903831,19.275948600961673,29.03056853205108,17.8824314679489
20181213,TGMA3,TEGMA,25.72,26.35,25.6,25.92,10471187.0,24.595,23.60574999999999,0.5498564405943034,1.3264177465872824,26.258585493174554,20.952914506825426,27.585003239761836,19.626496760238144,28.91142098634912,18.30007901365086
20181214,TGMA3,TEGMA,25.61,26.34,25.16,26.34,5737442.0,24.6905,23.746749999999988,0.6719921287132078,1.3092714503758895,26.36529290075177,21.128207099248208,27.674564351127657,19.81893564887232,28.983835801503545,18.50966419849643
20181217,TGMA3,TEGMA,26.5,26.98,26.15,26.74,16514110.0,24.766499999999997,23.890249999999988,0.8073496275174132,1.3150479907398367,26.52034598147966,21.260154018520314,27.8353939722195,19.945106027780476,29.150441962959334,18.63005803704064
20181218,TGMA3,TEGMA,26.56,27.0,25.96,26.8,4651419.0,24.866499999999995,24.02524999999999,0.9267502644355982,1.3299411737521316,26.68513234750425,21.365367652495728,28.015073521256383,20.035426478743595,29.345014695008516,18.705485304991463
20181219,TGMA3,TEGMA,26.5,27.25,26.0,26.35,4878632.0,24.96699999999999,24.147749999999988,0.9744099429100539,1.3122040325639537,26.772158065127897,21.52334193487208,28.084362097691848,20.211137902308128,29.396566130255803,18.898933869744173
20181220,TGMA3,TEGMA,26.49,26.7,26.01,26.24,9568026.0,25.03899999999999,24.248249999999988,1.013824961535001,1.3147153099260809,26.87768061985215,21.618819380147826,28.19239592977823,20.304104070221747,29.50711123970431,18.989388760295665
20181221,TGMA3,TEGMA,26.24,27.0,26.23,26.74,5148359.0,25.16599999999999,24.368749999999988,1.0611780940861364,1.3167348651601798,27.00221973032035,21.735280269679627,28.318954595480527,20.41854540451945,29.635689460640705,19.10181053935927
20181226,TGMA3,TEGMA,26.75,26.75,25.57,26.3,6160678.0,25.27899999999999,24.477749999999986,1.0552769653906366,1.2907312328230125,27.059212465646013,21.89628753435396,28.349943698469023,20.60555630153095,29.640674931292036,19.314825068707936
20181227,TGMA3,TEGMA,26.23,27.0,26.23,26.9,5852852.0,25.39749999999999,24.604749999999985,1.098907950744913,1.272308597262029,27.149367194524043,22.060132805475927,28.421675791786072,20.787824208213898,29.6939843890481,19.51551561095187
20181228,TGMA3,TEGMA,26.98,27.56,26.59,27.5,11294773.0,25.53949999999999,24.741249999999987,1.179154358004013,1.2829377095817551,27.307125419163498,22.175374580836476,28.590063128745253,20.89243687125472,29.87300083832701,19.609499161672964
