DATA DO PREGAO,CODIGO DE NEGOCIACAO DO PAPEL,NOME RESUMIDO DA EMPRESA EMISSORA,PRECO DE ABERTURA,PRECO MAXIMO,PRECO MINIMO,PRECO FECHAMENTO,VOLUME TOTAL DE TITULOS NEGOCIADOS NESTE PAPEL,MA_20,MA_40,STD_20,STD_40,BANDA_1_40 SUPERIOR,BANDA_1_40 INFERIOR,BANDA_2_40 SUPERIOR,BANDA_2_40 INFERIOR,BANDA_3_40 SUPERIOR,BANDA_3_40 INFERIOR
20180102,TIET4,AES TIETE E,2.58,2.62,2.56,2.57,337615.0,0.0,0.0,0.0,0.0,0.0,0.0,0.0,0.0,0.0,0.0
20180103,TIET4,AES TIETE E,2.59,2.62,2.58,2.61,131421.0,0.0,0.0,0.0,0.0,0.0,0.0,0.0,0.0,0.0,0.0
20180104,TIET4,AES TIETE E,2.62,2.62,2.58,2.6,227177.0,0.0,0.0,0.0,0.0,0.0,0.0,0.0,0.0,0.0,0.0
20180105,TIET4,AES TIETE E,2.59,2.62,2.58,2.59,299169.0,0.0,0.0,0.0,0.0,0.0,0.0,0.0,0.0,0.0,0.0
20180108,TIET4,AES TIETE E,2.6,2.64,2.6,2.63,183603.0,0.0,0.0,0.0,0.0,0.0,0.0,0.0,0.0,0.0,0.0
20180109,TIET4,AES TIETE E,2.62,2.64,2.61,2.62,61690.0,0.0,0.0,0.0,0.0,0.0,0.0,0.0,0.0,0.0,0.0
20180110,TIET4,AES TIETE E,2.62,2.63,2.58,2.6,280064.0,0.0,0.0,0.0,0.0,0.0,0.0,0.0,0.0,0.0,0.0
20180111,TIET4,AES TIETE E,2.6,2.62,2.57,2.61,366402.0,0.0,0.0,0.0,0.0,0.0,0.0,0.0,0.0,0.0,0.0
20180112,TIET4,AES TIETE E,2.6,2.63,2.6,2.6,111846.0,0.0,0.0,0.0,0.0,0.0,0.0,0.0,0.0,0.0,0.0
20180115,TIET4,AES TIETE E,2.6,2.63,2.59,2.62,202710.0,0.0,0.0,0.0,0.0,0.0,0.0,0.0,0.0,0.0,0.0
20180116,TIET4,AES TIETE E,2.62,2.62,2.59,2.6,296138.0,0.0,0.0,0.0,0.0,0.0,0.0,0.0,0.0,0.0,0.0
20180117,TIET4,AES TIETE E,2.6,2.6,2.55,2.58,1473363.0,0.0,0.0,0.0,0.0,0.0,0.0,0.0,0.0,0.0,0.0
20180118,TIET4,AES TIETE E,2.58,2.58,2.52,2.57,1244552.0,0.0,0.0,0.0,0.0,0.0,0.0,0.0,0.0,0.0,0.0
20180119,TIET4,AES TIETE E,2.56,2.56,2.53,2.55,301759.0,0.0,0.0,0.0,0.0,0.0,0.0,0.0,0.0,0.0,0.0
20180122,TIET4,AES TIETE E,2.55,2.56,2.51,2.51,489492.0,0.0,0.0,0.0,0.0,0.0,0.0,0.0,0.0,0.0,0.0
20180123,TIET4,AES TIETE E,2.51,2.52,2.49,2.49,322762.0,0.0,0.0,0.0,0.0,0.0,0.0,0.0,0.0,0.0,0.0
20180124,TIET4,AES TIETE E,2.54,2.54,2.48,2.5,325126.0,0.0,0.0,0.0,0.0,0.0,0.0,0.0,0.0,0.0,0.0
20180126,TIET4,AES TIETE E,2.5,2.51,2.47,2.5,505679.0,0.0,0.0,0.0,0.0,0.0,0.0,0.0,0.0,0.0,0.0
20180129,TIET4,AES TIETE E,2.52,2.54,2.48,2.5,843231.0,0.0,0.0,0.0,0.0,0.0,0.0,0.0,0.0,0.0,0.0
20180130,TIET4,AES TIETE E,2.52,2.53,2.49,2.5,93270.0,2.5675,0.0,0.049083709378120295,0.0,0.0,0.0,0.0,0.0,0.0,0.0
20180131,TIET4,AES TIETE E,2.53,2.53,2.5,2.52,165198.0,2.5650000000000004,0.0,0.050210084958889796,0.0,0.0,0.0,0.0,0.0,0.0,0.0
20180201,TIET4,AES TIETE E,2.51,2.53,2.5,2.52,139493.0,2.5605,0.0,0.04999736835179674,0.0,0.0,0.0,0.0,0.0,0.0,0.0
20180202,TIET4,AES TIETE E,2.53,2.53,2.48,2.5,475510.0,2.5555000000000003,0.0,0.0508325424154747,0.0,0.0,0.0,0.0,0.0,0.0,0.0
20180205,TIET4,AES TIETE E,2.5,2.5,2.45,2.46,1256657.0,2.5490000000000004,0.0,0.054376852660513,0.0,0.0,0.0,0.0,0.0,0.0,0.0
20180206,TIET4,AES TIETE E,2.45,2.46,2.42,2.44,457430.0,2.5395,0.0,0.05605213738353904,0.0,0.0,0.0,0.0,0.0,0.0,0.0
20180207,TIET4,AES TIETE E,2.46,2.46,2.38,2.39,758880.0,2.528,0.0,0.06195074444138728,0.0,0.0,0.0,0.0,0.0,0.0,0.0
20180208,TIET4,AES TIETE E,2.41,2.42,2.37,2.4,369024.0,2.518,0.0,0.06574272022937497,0.0,0.0,0.0,0.0,0.0,0.0,0.0
20180209,TIET4,AES TIETE E,2.42,2.42,2.33,2.36,566895.0,2.5055,0.0,0.07089465869569389,0.0,0.0,0.0,0.0,0.0,0.0,0.0
20180214,TIET4,AES TIETE E,2.39,2.41,2.38,2.41,408468.0,2.4959999999999996,0.0,0.07029262145900458,0.0,0.0,0.0,0.0,0.0,0.0,0.0
20180215,TIET4,AES TIETE E,2.41,2.45,2.37,2.37,471428.0,2.4835,0.0,0.06930292011771254,0.0,0.0,0.0,0.0,0.0,0.0,0.0
20180216,TIET4,AES TIETE E,2.4,2.4,2.35,2.36,323469.0,2.4715,0.0,0.06884574672487175,0.0,0.0,0.0,0.0,0.0,0.0,0.0
20180219,TIET4,AES TIETE E,2.39,2.4,2.36,2.37,283741.0,2.4609999999999994,0.0,0.0674263731003944,0.0,0.0,0.0,0.0,0.0,0.0,0.0
20180220,TIET4,AES TIETE E,2.37,2.45,2.34,2.44,607091.0,2.4544999999999995,0.0,0.062447872999047443,0.0,0.0,0.0,0.0,0.0,0.0,0.0
20180221,TIET4,AES TIETE E,2.44,2.45,2.4,2.4,386445.0,2.4469999999999996,0.0,0.05930296877276081,0.0,0.0,0.0,0.0,0.0,0.0,0.0
20180222,TIET4,AES TIETE E,2.41,2.41,2.38,2.41,112726.0,2.4419999999999997,0.0,0.05791100249975126,0.0,0.0,0.0,0.0,0.0,0.0,0.0
20180223,TIET4,AES TIETE E,2.41,2.44,2.38,2.38,197674.0,2.4364999999999997,0.0,0.05833433583098365,0.0,0.0,0.0,0.0,0.0,0.0,0.0
20180226,TIET4,AES TIETE E,2.38,2.44,2.38,2.41,293405.0,2.432,0.0,0.05662433919679378,0.0,0.0,0.0,0.0,0.0,0.0,0.0
20180227,TIET4,AES TIETE E,2.42,2.42,2.37,2.37,302725.0,2.4255,0.0,0.05586402665118289,0.0,0.0,0.0,0.0,0.0,0.0,0.0
20180228,TIET4,AES TIETE E,2.37,2.39,2.29,2.31,602001.0,2.416,0.0,0.058615607765202464,0.0,0.0,0.0,0.0,0.0,0.0,0.0
20180301,TIET4,AES TIETE E,2.31,2.33,2.25,2.29,814776.0,2.4055,2.4865000000000004,0.0615137981953716,0.09872390924396299,2.683947818487926,2.2890521815120746,2.7826717277318895,2.190328272268111,2.8813956369758524,2.0916043630241483
20180302,TIET4,AES TIETE E,2.3,2.39,2.27,2.39,509412.0,2.399,2.4820000000000007,0.05533629245944958,0.09892239900872303,2.679844798017447,2.2841552019825544,2.77876719702617,2.1852328029738315,2.8776895960348927,2.0863104039651086
20180305,TIET4,AES TIETE E,2.38,2.4,2.35,2.4,135831.0,2.393,2.476750000000001,0.04747298400697123,0.09751758552783935,2.6717851710556797,2.281714828944322,2.769302756583519,2.1841972434164827,2.8668203421113585,2.0866796578886433
20180306,TIET4,AES TIETE E,2.37,2.4,2.33,2.33,254646.0,2.3844999999999996,2.470000000000001,0.04223680111491492,0.0981103512665253,2.6662207025330518,2.2737792974669504,2.764331053799577,2.175668946200425,2.8624414050661025,2.0775585949338997
20180307,TIET4,AES TIETE E,2.33,2.39,2.31,2.39,233800.0,2.3809999999999993,2.4650000000000007,0.03837488213593877,0.09692714684169623,2.658854293683393,2.2711457063166085,2.7557814405250896,2.174218559474912,2.8527085873667857,2.077291412633216
20180308,TIET4,AES TIETE E,2.39,2.39,2.34,2.38,220436.0,2.3779999999999997,2.458750000000001,0.035777087639994154,0.09403184130648047,2.646813682612962,2.27068631738704,2.7408455239194427,2.1766544760805595,2.834877365225923,2.0826226347740793
20180309,TIET4,AES TIETE E,2.39,2.42,2.37,2.42,308178.0,2.3794999999999997,2.4537500000000008,0.036917404253846556,0.09048834745778575,2.6347266949155723,2.272773305084429,2.725215042373358,2.1822849576266434,2.815703389831144,2.0917966101688577
20180312,TIET4,AES TIETE E,2.42,2.55,2.42,2.54,1001920.0,2.3865,2.452250000000001,0.05142956348249346,0.08847678241008179,2.629203564820165,2.2752964351798375,2.7176803472302464,2.186819652769756,2.8061571296403285,2.098342870359674
20180313,TIET4,AES TIETE E,2.5,2.54,2.48,2.53,241135.0,2.395,2.4502500000000014,0.06013143498773363,0.08567941140356573,2.621608822807133,2.27889117719287,2.7072882342106985,2.193211765789304,2.7929676456142642,2.1075323543857385
20180314,TIET4,AES TIETE E,2.53,2.53,2.48,2.5,74894.0,2.3994999999999997,2.4477500000000014,0.06452049857868374,0.08260153037633594,2.612953060752673,2.2825469392473297,2.6955545911290093,2.1999454088709935,2.7781561215053454,2.1173438784946574
20180315,TIET4,AES TIETE E,2.5,2.52,2.48,2.52,271668.0,2.407,2.445250000000001,0.06944138004934608,0.07867451612294424,2.6025990322458896,2.2879009677541124,2.681273548368834,2.209226451631168,2.7599480644917778,2.1305519355082243
20180316,TIET4,AES TIETE E,2.52,2.53,2.5,2.5,182400.0,2.414,2.442750000000001,0.07148058256764805,0.0751404667512098,2.593030933502421,2.2924690664975813,2.6681714002536303,2.217328599746372,2.74331186700484,2.142188132995162
20180319,TIET4,AES TIETE E,2.54,2.55,2.48,2.48,237918.0,2.4195,2.4402500000000016,0.07214568594170981,0.07205722441048858,2.584364448820979,2.2961355511790242,2.6564216732314674,2.224078326768536,2.728478897641956,2.1520211023580473
20180320,TIET4,AES TIETE E,2.5,2.5,2.46,2.5,137947.0,2.4225000000000003,2.4385000000000017,0.07425950231593498,0.06963457732315376,2.577769154646309,2.2992308453536943,2.647403731969463,2.2295962680305403,2.717038309292617,2.1599616907073864
20180321,TIET4,AES TIETE E,2.49,2.5,2.48,2.5,139344.0,2.4275,2.4372500000000015,0.07601073331409976,0.06801159403422952,2.5732731880684607,2.301226811931542,2.64128478210269,2.233215217897313,2.7092963761369195,2.1652036238630834
20180322,TIET4,AES TIETE E,2.51,2.52,2.46,2.5,188848.0,2.432,2.4370000000000016,0.07756830606158022,0.06775521552448308,2.572510431048968,2.3014895689510353,2.6402656465734506,2.2337343534265526,2.708020862097934,2.1659791379020694
20180323,TIET4,AES TIETE E,2.48,2.49,2.46,2.49,71371.0,2.4375,2.4370000000000016,0.07758696309371234,0.06775521552448308,2.572510431048968,2.3014895689510353,2.6402656465734506,2.2337343534265526,2.708020862097934,2.1659791379020694
20180326,TIET4,AES TIETE E,2.46,2.48,2.43,2.48,76352.0,2.441,2.4365000000000014,0.07785952262348972,0.06735097509430556,2.5712019501886125,2.3017980498113904,2.638552925282918,2.234447074717085,2.7059039003772236,2.1670960996227793
20180327,TIET4,AES TIETE E,2.46,2.46,2.41,2.41,559339.0,2.4429999999999996,2.4342500000000014,0.07644055137645629,0.06667515971542057,2.5676003194308423,2.3008996805691604,2.6342754791462633,2.2342245208537395,2.7009506388616837,2.167549361138319
20180328,TIET4,AES TIETE E,2.43,2.44,2.41,2.42,140302.0,2.4484999999999997,2.4322500000000016,0.07005824644348904,0.06584704498558192,2.5639440899711654,2.3005559100288377,2.629791134956747,2.234708865043256,2.6956381799423292,2.168861820057674
20180329,TIET4,AES TIETE E,2.44,2.45,2.4,2.4,143511.0,2.4539999999999997,2.4297500000000016,0.060645648952269454,0.06510297563013039,2.5599559512602625,2.2995440487397407,2.625058926890393,2.2344410731096103,2.690161902520523,2.1693380974794803
20180402,TIET4,AES TIETE E,2.45,2.45,2.38,2.4,191352.0,2.4544999999999995,2.426750000000002,0.0601292467588716,0.06358469014246065,2.553919380284923,2.2995806197150808,2.6175040704273838,2.23599592957262,2.6810887605698444,2.1724112394301596
20180403,TIET4,AES TIETE E,2.4,2.42,2.37,2.37,176705.0,2.4529999999999994,2.4230000000000023,0.061908251299379845,0.06235547392334565,2.5477109478466935,2.298289052153311,2.610066421770039,2.2359335782299654,2.6724218956933847,2.17357810430662
20180404,TIET4,AES TIETE E,2.4,2.42,2.34,2.42,241654.0,2.4574999999999996,2.421000000000002,0.055428949304965384,0.061092615693777615,2.5431852313875574,2.2988147686124467,2.604277847081335,2.237722152918669,2.6653704627751127,2.1766295372248914
20180405,TIET4,AES TIETE E,2.43,2.44,2.39,2.39,175602.0,2.4574999999999996,2.4192500000000026,0.055428949304965384,0.06094922224530515,2.541148444490613,2.297351555509392,2.602097666735918,2.236402333264087,2.6630468889812233,2.175453111018782
20180406,TIET4,AES TIETE E,2.39,2.4,2.35,2.38,94283.0,2.4574999999999996,2.4177500000000025,0.055428949304965384,0.06116340031801245,2.5400768006360273,2.2954231993639778,2.60124020095404,2.234259799045965,2.6624036012720524,2.1730963987279526
20180409,TIET4,AES TIETE E,2.4,2.4,2.36,2.37,127345.0,2.454999999999999,2.4172500000000023,0.058264370262666176,0.06147701258944666,2.5402040251788955,2.294295974821109,2.6016810377683424,2.2328189622316623,2.663158050357789,2.1713419496422155
20180410,TIET4,AES TIETE E,2.37,2.39,2.34,2.39,158113.0,2.4474999999999993,2.4170000000000025,0.05637048499833208,0.06156922308076607,2.5401384461615346,2.2938615538384703,2.601707669242301,2.232292330757704,2.6632768923230667,2.170723107676938
20180411,TIET4,AES TIETE E,2.38,2.39,2.33,2.36,65678.0,2.438999999999999,2.4170000000000025,0.05609202964302076,0.06156922308076607,2.5401384461615346,2.2938615538384703,2.601707669242301,2.232292330757704,2.6632768923230667,2.170723107676938
20180412,TIET4,AES TIETE E,2.37,2.41,2.34,2.41,161067.0,2.434499999999999,2.4170000000000025,0.05452908446536968,0.06156922308076607,2.5401384461615346,2.2938615538384703,2.601707669242301,2.232292330757704,2.6632768923230667,2.170723107676938
20180413,TIET4,AES TIETE E,2.4,2.4,2.36,2.36,50677.0,2.426499999999999,2.416750000000002,0.053041691645642625,0.06178488322293489,2.540319766445872,2.2931802335541325,2.602104649668807,2.2313953503311974,2.6638895328917416,2.1696104671082628
20180416,TIET4,AES TIETE E,2.41,2.41,2.33,2.35,152075.0,2.418999999999999,2.416500000000002,0.052705737228901095,0.062040102828527496,2.540580205657057,2.2924197943429467,2.6026203084855846,2.230379691514419,2.6646604113141117,2.168339588685892
20180417,TIET4,AES TIETE E,2.36,2.38,2.33,2.37,164354.0,2.413499999999999,2.416500000000002,0.051735664172486436,0.062040102828527496,2.540580205657057,2.2924197943429467,2.6026203084855846,2.230379691514419,2.6646604113141117,2.168339588685892
20180418,TIET4,AES TIETE E,2.38,2.38,2.36,2.36,62344.0,2.406499999999999,2.414500000000002,0.0488041197570763,0.0625504924246325,2.539600984849267,2.289399015150737,2.6021514772738996,2.2268485227261046,2.664701969698532,2.164298030301472
20180419,TIET4,AES TIETE E,2.37,2.37,2.34,2.36,29971.0,2.399499999999999,2.4135000000000018,0.04454152409180617,0.06310552822302969,2.539711056446061,2.2872889435539423,2.6028165846690907,2.224183415330913,2.6659221128921207,2.161077887107883
20180420,TIET4,AES TIETE E,2.39,2.39,2.35,2.36,96837.0,2.392499999999999,2.412250000000002,0.038508372295411396,0.06366931797405996,2.539588635948122,2.284911364051882,2.603257953922182,2.221242046077822,2.666927271896242,2.157572728103762
20180423,TIET4,AES TIETE E,2.36,2.36,2.33,2.33,254705.0,2.3844999999999987,2.4110000000000023,0.0334781940027254,0.06479949350862445,2.540598987017251,2.2814010129827533,2.6053984805258756,2.216601519474129,2.6701979740345,2.1518020259655044
20180424,TIET4,AES TIETE E,2.34,2.35,2.3,2.31,488281.0,2.375999999999999,2.4085000000000023,0.0292718654216481,0.06673906325460721,2.5419781265092167,2.275021873490788,2.6087171897638237,2.208282810236181,2.675456253018431,2.1415437469815735
20180425,TIET4,AES TIETE E,2.32,2.33,2.3,2.33,265069.0,2.371999999999999,2.407500000000002,0.029841687549289148,0.06762452900447306,2.542749058008948,2.272250941991056,2.610373587013421,2.204626412986583,2.677998116017894,2.13700188398211
20180426,TIET4,AES TIETE E,2.3,2.33,2.3,2.3,147680.0,2.3659999999999988,2.407250000000002,0.031689280937183144,0.06801159403422934,2.543273188068461,2.2712268119315433,2.61128478210269,2.203215217897314,2.6792963761369193,2.135203623863085
20180427,TIET4,AES TIETE E,2.33,2.33,2.27,2.28,334685.0,2.359999999999999,2.407000000000002,0.035982451863445855,0.06847046902282053,2.543940938045643,2.2700590619543606,2.612411407068463,2.2015885929315404,2.680881876091284,2.13311812390872
20180430,TIET4,AES TIETE E,2.28,2.31,2.26,2.27,239443.0,2.3534999999999995,2.4040000000000017,0.03990449123911452,0.07178314922612694,2.5475662984522556,2.260433701547748,2.6193494476783825,2.188650552321621,2.6911325969045095,2.116867403095494
20180502,TIET4,AES TIETE E,2.28,2.32,2.26,2.31,367625.0,2.3504999999999994,2.4017500000000016,0.04084308870221229,0.0733060846811637,2.548362169362329,2.255137830637674,2.6216682540434926,2.1818317459565106,2.6949743387246565,2.1085256612753467
20180503,TIET4,AES TIETE E,2.32,2.32,2.27,2.28,215579.0,2.3434999999999997,2.400500000000002,0.04029823033857691,0.07496836939840898,2.5504367387968196,2.250563261203184,2.625405108195229,2.1755948918047747,2.700373477593638,2.100626522406366
20180504,TIET4,AES TIETE E,2.29,2.29,2.23,2.23,408126.0,2.3354999999999992,2.396500000000002,0.0460520300712592,0.07966436001381134,2.5558287200276246,2.237171279972379,2.635493080041436,2.1575069199585677,2.7151574400552474,2.0778425599447563
20180507,TIET4,AES TIETE E,2.24,2.26,2.2,2.22,330905.0,2.3274999999999992,2.392500000000002,0.05149092919605973,0.08439072740410969,2.5612814548082214,2.2237185451917822,2.645672182212331,2.139327817787673,2.7300629096164406,2.054937090383563
20180508,TIET4,AES TIETE E,2.2,2.21,2.13,2.14,554243.0,2.3159999999999994,2.3855000000000017,0.06532509794139298,0.09320366450372505,2.571907329007452,2.1990926709925516,2.6651109935111768,2.1058890064888267,2.758314658014902,2.0126853419851014
20180509,TIET4,AES TIETE E,2.19,2.2,2.15,2.15,626715.0,2.3039999999999994,2.375750000000002,0.07264912068870527,0.09695062184907798,2.5696512436981576,2.181848756301846,2.6666018655472357,2.084898134452768,2.7635524873963138,1.9879475126036898
20180510,TIET4,AES TIETE E,2.15,2.17,2.14,2.14,298510.0,2.2929999999999993,2.366000000000002,0.08000657867687451,0.10058291642681128,2.5671658328536244,2.1648341671463793,2.6677487492804355,2.0642512507195683,2.768331665707247,1.9636683342927568
20180511,TIET4,AES TIETE E,2.13,2.13,2.02,2.03,462378.0,2.2739999999999996,2.3542500000000017,0.09455713950611513,0.11139874095868095,2.5770474819173637,2.13145251808264,2.6884462228760446,2.020053777123959,2.7998449638347256,1.9086550361652779
20180514,TIET4,AES TIETE E,2.05,2.09,2.03,2.07,92844.0,2.2594999999999996,2.3430000000000017,0.10257089974102888,0.11682114315131176,2.5766422863026253,2.1093577136973782,2.693463429453937,1.9925365705460665,2.8102845726052488,1.8757154273947547
20180515,TIET4,AES TIETE E,2.07,2.1,2.0,2.07,224598.0,2.2454999999999994,2.3322500000000015,0.10850539642170595,0.12168659829713369,2.575623196594269,2.088876803405734,2.6973097948914027,1.9671902051086003,2.8189963931885362,1.8455036068114667
20180516,TIET4,AES TIETE E,2.07,2.1,2.05,2.1,109239.0,2.2319999999999998,2.3227500000000014,0.10899541274750958,0.12465310840848372,2.5720562168169687,2.073443783183034,2.6967093252254526,1.9487906747745503,2.8213624336339365,1.8241375663660666
20180517,TIET4,AES TIETE E,2.1,2.1,2.03,2.03,122209.0,2.2154999999999996,2.3110000000000013,0.11348429058916605,0.12957128520130412,2.5701425704026093,2.0518574295973933,2.6997138556039135,1.922286144396089,2.8292851408052178,1.7927148591947848
20180518,TIET4,AES TIETE E,2.05,2.05,1.99,2.01,412775.0,2.1979999999999995,2.2987500000000014,0.11696153213770734,0.13432046448507728,2.567390928970156,2.030109071029847,2.7017113934552333,1.8957886065447696,2.8360318579403105,1.7614681420596923
20180521,TIET4,AES TIETE E,2.02,2.12,2.02,2.09,189073.0,2.1845,2.2885000000000018,0.11278647735293518,0.13421280461668564,2.556925609233373,2.0200743907666303,2.6911384138500587,1.8858615861499448,2.825351218466744,1.7516487815332593
20180522,TIET4,AES TIETE E,2.1,2.13,2.05,2.12,94503.0,2.174,2.279250000000002,0.1082103215234594,0.13271112835683102,2.544672256713664,2.01382774328634,2.677383385070495,1.8811166149295089,2.810094513427326,1.748405486572678
20180523,TIET4,AES TIETE E,2.11,2.12,2.05,2.05,207235.0,2.1609999999999996,2.2685000000000017,0.10661786164171816,0.13344642639631976,2.5353928527926413,2.001607147207362,2.668839279188961,1.8681607208110425,2.802285705585281,1.7347142944147227
20180524,TIET4,AES TIETE E,2.05,2.06,2.0,2.04,170765.0,2.1464999999999996,2.259250000000002,0.10204617118065476,0.136182146124507,2.531614292249016,1.986885707750988,2.667796438373523,1.850703561626481,2.80397858449803,1.7145214155019741
20180525,TIET4,AES TIETE E,2.07,2.07,2.0,2.03,118080.0,2.133,2.249500000000002,0.0984671999890528,0.1383223659538708,2.5261447319077437,1.9728552680922604,2.6644670978616145,1.8345329021383896,2.8027894638154853,1.6962105361845188
20180528,TIET4,AES TIETE E,2.01,2.02,1.95,1.97,351657.0,2.1174999999999997,2.238750000000002,0.09850861570655099,0.14295754255847637,2.5246650851169545,1.952834914883049,2.667622627675431,1.8098773723245727,2.8105801702339073,1.6669198297660963
20180529,TIET4,AES TIETE E,1.96,1.98,1.94,1.96,278662.0,2.1019999999999994,2.2277500000000012,0.09763519641475227,0.1470999572940014,2.521949914588004,1.9335500854119985,2.6690498718820055,1.786450128117997,2.8161498291760068,1.6393501708239957
20180530,TIET4,AES TIETE E,1.99,2.0,1.96,2.0,150936.0,2.0864999999999996,2.2185000000000015,0.08689225027523817,0.1495386066264978,2.517577213252997,1.919422786747006,2.667115819879495,1.769884180120508,2.8166544265059925,1.6203455734940104
20180601,TIET4,AES TIETE E,2.0,2.12,2.0,2.11,238992.0,2.0779999999999994,2.2107500000000013,0.07438166157694559,0.14683651296071118,2.5044230259214237,1.917076974078579,2.651259538882135,1.7702404611178677,2.798096051842846,1.6234039481571565
20180604,TIET4,AES TIETE E,2.12,2.18,2.1,2.17,234100.0,2.0749999999999997,2.2052500000000013,0.06893933259719927,0.14404393026487924,2.49333786052976,1.9171621394702427,2.637381790794639,1.7731182092053634,2.7814257210595184,1.6290742789404842
20180605,TIET4,AES TIETE E,2.16,2.18,2.09,2.1,157042.0,2.069,2.198250000000001,0.0603411354846661,0.14212467441272328,2.482499348825448,1.9140006511745546,2.6246240232381712,1.7718759767618313,2.766748697650894,1.6297513023491081
20180606,TIET4,AES TIETE E,2.1,2.1,2.02,2.04,183834.0,2.0639999999999996,2.1900000000000013,0.05825533632660785,0.14147573861049148,2.472951477220984,1.9070485227790184,2.614427215831476,1.7655727841685267,2.755902954441967,1.6240970455580355
20180607,TIET4,AES TIETE E,2.09,2.09,1.98,2.03,319382.0,2.058,2.1810000000000014,0.055021526887687446,0.13986806970526328,2.460736139410528,1.901263860589475,2.600604209115791,1.7613957908842115,2.7404722788210547,1.6215277211789483
20180608,TIET4,AES TIETE E,2.09,2.09,1.97,2.0,349542.0,2.0509999999999997,2.1720000000000015,0.052905078852799485,0.13963689175307858,2.4512737835061587,1.8927262164938443,2.590910675259237,1.7530893247407657,2.730547567012316,1.6134524329876871
20180611,TIET4,AES TIETE E,2.02,2.04,1.99,2.01,71845.0,2.05,2.1620000000000017,0.05350848432479396,0.13644196662467778,2.434883933249357,1.8891160667506461,2.571325899874035,1.7526741001259682,2.707767866498713,1.6162321335012906
20180612,TIET4,AES TIETE E,2.01,2.02,1.97,1.97,118503.0,2.0449999999999995,2.1522500000000013,0.05614829987583992,0.1358635722201123,2.423977144440226,1.8805228555597768,2.559840716660338,1.7446592833396644,2.6957042888804503,1.608795711119552
20180613,TIET4,AES TIETE E,1.98,1.99,1.95,1.97,109372.0,2.0399999999999996,2.1427500000000017,0.058219186564314004,0.13496414528614592,2.4126782905722934,1.87282170942771,2.5476424358584393,1.737857564141564,2.6826065811445856,1.602893418855418
20180614,TIET4,AES TIETE E,1.96,2.01,1.96,1.98,207438.0,2.0339999999999994,2.133000000000002,0.057892822934870726,0.13218479682936268,2.397369593658727,1.8686304063412764,2.52955439048809,1.7364456095119136,2.6617391873174525,1.604260812682551
20180615,TIET4,AES TIETE E,2.0,2.0,1.97,1.99,71953.0,2.031999999999999,2.1237500000000016,0.05872325819155005,0.1287949572989579,2.3813399145979175,1.8661600854020857,2.5101348718968755,1.737365128103128,2.638929829195833,1.60857017080417
20180618,TIET4,AES TIETE E,1.99,2.0,1.96,1.97,82451.0,2.0299999999999994,2.1140000000000017,0.06017518285455242,0.1251624585314637,2.364324917062929,1.8636750829370743,2.489487375594393,1.7385126244056104,2.6146498341258564,1.613350165874147
20180619,TIET4,AES TIETE E,1.97,1.98,1.93,1.94,189871.0,2.0224999999999995,2.1035000000000013,0.0616334666437496,0.12156142269313408,2.3466228453862694,1.860377154613733,2.4681842680794035,1.738815731920599,2.5897456907725376,1.617254309227465
20180620,TIET4,AES TIETE E,1.95,1.96,1.9,1.92,167473.0,2.0124999999999997,2.0932500000000016,0.0612050049553044,0.11923662103091945,2.3317232420618406,1.8547767579381627,2.45095986309276,1.7355401369072432,2.5701964841236795,1.6163035158763237
20180621,TIET4,AES TIETE E,1.94,1.97,1.91,1.91,136553.0,2.0054999999999996,2.0832500000000014,0.06460202049960563,0.11735083275681191,2.3179516655136254,1.8485483344863776,2.435302498270437,1.7311975017295658,2.552653331027249,1.6138466689727538
20180622,TIET4,AES TIETE E,1.95,1.95,1.91,1.93,44575.0,1.9999999999999996,2.0732500000000016,0.06617361534948002,0.11273721429580721,2.298724428591616,1.8477755714083872,2.4114616428874234,1.7350383571125798,2.5241988571832303,1.6223011428167728
20180625,TIET4,AES TIETE E,1.93,1.96,1.93,1.95,206114.0,1.9959999999999998,2.0645000000000016,0.06668070027731841,0.10817720504943247,2.2808544100988666,1.8481455899011365,2.389031615148299,1.739968384851704,2.4972088201977316,1.6317911798022717
20180626,TIET4,AES TIETE E,1.96,1.99,1.9,1.95,162616.0,1.9949999999999999,2.0562500000000017,0.06723877327538655,0.10381659123369383,2.2638831824673895,1.848616817532614,2.367699773701083,1.7448002262989202,2.471516364934777,1.6409836350652265
20180627,TIET4,AES TIETE E,1.97,1.97,1.89,1.9,131562.0,1.9919999999999998,2.047000000000002,0.07015771706061841,0.100720481455435,2.248440962910872,1.845559037089132,2.349161444366307,1.744838555633697,2.449881925821742,1.644118074178262
20180628,TIET4,AES TIETE E,1.95,1.95,1.89,1.94,54178.0,1.9889999999999997,2.0377500000000017,0.07107446058443437,0.09261133286136312,2.222972665722728,1.8525273342772755,2.315583998584091,1.7599160014159123,2.4081953314454543,1.6673046685545492
20180629,TIET4,AES TIETE E,1.93,1.95,1.93,1.95,75604.0,1.9809999999999999,2.029500000000002,0.0655262101034862,0.08485130281700337,2.1992026056340084,1.8597973943659951,2.284053908451012,1.7749460915489919,2.3689052112680153,1.6900947887319884
20180702,TIET4,AES TIETE E,1.95,1.98,1.95,1.97,120264.0,1.9709999999999996,2.023000000000002,0.048111712109476644,0.07884421511061836,2.1806884302212386,1.8653115697787652,2.259532645331857,1.7864673546681469,2.3383768604424753,1.7076231395575285
20180703,TIET4,AES TIETE E,1.97,2.06,1.97,2.02,172671.0,1.9669999999999999,2.0180000000000016,0.03934998160903603,0.07208257373246761,2.1621651474649366,1.8738348525350663,2.2342477211974043,1.8017522788025988,2.306330294929872,1.729669705070131
20180704,TIET4,AES TIETE E,2.03,2.11,2.03,2.1,246052.0,1.97,2.0170000000000017,0.046791812149247054,0.07060907183669969,2.158218143673401,1.8757818563266022,2.2288272155101008,1.8051727844899026,2.2994362873468006,1.734563712653203
20180705,TIET4,AES TIETE E,2.1,2.15,2.06,2.06,124003.0,1.9715,2.0147500000000016,0.04923359999452562,0.06763353363379783,2.1500170672675973,1.8794829327324059,2.217650600901395,1.811849399098608,2.285284134535193,1.7442158654648103
20180706,TIET4,AES TIETE E,2.06,2.08,2.04,2.06,67941.0,1.9745000000000001,2.0127500000000014,0.05276312508202065,0.06496498070459118,2.1426799614091836,1.882820038590819,2.2076449421137747,1.8178550578862278,2.2726099228183663,1.7528900771816367
20180710,TIET4,AES TIETE E,2.06,2.12,1.99,2.0,1128212.0,1.9740000000000002,2.0120000000000013,0.05245549492063081,0.06493389143128142,2.141867782862564,1.8821322171374386,2.2068016742938457,1.817198325706157,2.271735565725127,1.7522644342748757
20180711,TIET4,AES TIETE E,2.0,2.04,2.0,2.02,39007.0,1.9765000000000004,2.0107500000000016,0.053437124883262375,0.06426657224165215,2.139283144483306,1.8822168555166974,2.2035497167249583,1.8179502832750452,2.26781628896661,1.753683711033393
20180712,TIET4,AES TIETE E,2.03,2.04,2.0,2.02,96373.0,1.9790000000000005,2.009500000000002,0.05427997595314122,0.06356704516310646,2.136634090326215,1.8823659096737888,2.2002011354893214,1.8187988645106825,2.263768180652428,1.755231819347576
20180713,TIET4,AES TIETE E,2.02,2.07,2.02,2.07,59186.0,1.9835000000000007,2.008750000000002,0.0579723164422823,0.06264214604830877,2.1340342920966195,1.8834657079033843,2.196676438144928,1.8208235618550754,2.259318584193237,1.7581814158067668
20180716,TIET4,AES TIETE E,2.07,2.08,2.02,2.02,127564.0,1.9850000000000008,2.0085000000000015,0.058534740022260195,0.06257508310534002,2.1336501662106815,1.8833498337893215,2.1962252493160217,1.8207747506839815,2.2588003324213615,1.7581996675786415
20180717,TIET4,AES TIETE E,2.05,2.06,2.01,2.01,274069.0,1.9870000000000008,2.0085000000000015,0.05867842784820285,0.06257508310534002,2.1336501662106815,1.8833498337893215,2.1962252493160217,1.8207747506839815,2.2588003324213615,1.7581996675786415
20180718,TIET4,AES TIETE E,2.01,2.08,2.0,2.01,488080.0,1.9905000000000008,2.0065000000000017,0.057808668080687235,0.061166020397613194,2.128832040795228,1.8841679592047753,2.189998061192841,1.823001938807162,2.2511640815904546,1.761835918409549
20180719,TIET4,AES TIETE E,2.02,2.03,1.98,1.98,297946.0,1.9935000000000005,2.0030000000000014,0.05546691759389852,0.058450066350770144,2.1199001327015417,1.8860998672984612,2.178350199052312,1.827649800947691,2.236800265403082,1.7691997345969208
20180720,TIET4,AES TIETE E,2.03,2.04,1.99,2.0,112024.0,1.9980000000000007,2.0017500000000017,0.05187028355223614,0.05795168190740119,2.117653363814804,1.8858466361851993,2.175605045722205,1.8278949542777982,2.2335567276296064,1.769943272370397
20180723,TIET4,AES TIETE E,2.01,2.03,1.98,1.98,443451.0,2.0005000000000006,2.0002500000000016,0.04957450533235076,0.057712261506583665,2.115674523013169,1.8848254769868342,2.1733867845197525,1.8271132154802507,2.2310990460263365,1.769400953973667
20180724,TIET4,AES TIETE E,2.0,2.03,2.0,2.02,163426.0,2.0040000000000004,2.0000000000000013,0.04827552501826756,0.057601638153336306,2.115203276306674,1.8847967236933287,2.17280491446001,1.8271950855399923,2.2304065526133465,1.7695934473866561
20180725,TIET4,AES TIETE E,2.03,2.05,2.03,2.05,229813.0,2.0090000000000003,2.0020000000000016,0.04756159441353704,0.057921255121681954,2.1178425102433653,1.8861574897566376,2.1757637653650472,1.8282362346349557,2.2336850204867296,1.7703149795132738
20180726,TIET4,AES TIETE E,2.04,2.05,2.01,2.01,176737.0,2.0145000000000004,2.0032500000000018,0.04006245124801906,0.05752981389834894,2.1183096277966995,1.8881903722033038,2.1758394416950484,1.8306605583049549,2.2333692555933977,1.773130744406606
20180727,TIET4,AES TIETE E,2.04,2.04,2.02,2.02,113039.0,2.0185000000000004,2.0037500000000015,0.03602265369107714,0.05758772572211314,2.1189254514442277,1.8885745485557752,2.176513177166341,1.830986822833662,2.234100902888454,1.773399097111549
20180730,TIET4,AES TIETE E,2.03,2.04,2.01,2.01,119405.0,2.0215000000000005,2.0012500000000015,0.03232645975048775,0.05496793937354333,2.1111858787470883,1.8913141212529148,2.1661538181206317,1.8363461818793716,2.221121757494175,1.7813782425058282
20180731,TIET4,AES TIETE E,2.03,2.03,1.98,1.98,248607.0,2.0220000000000002,1.9965000000000017,0.03155613210905473,0.04774666050880164,2.091993321017605,1.9010066789823985,2.1397399815264064,1.8532600184735968,2.1874866420352084,1.805513357964795
20180801,TIET4,AES TIETE E,1.99,2.05,1.99,2.04,235999.0,2.023,1.995000000000002,0.031805328914638276,0.04529108136577461,2.0855821627315514,1.9044178372684528,2.1308732440973257,1.8591267559026783,2.1761643254631005,1.8138356745369038
20180802,TIET4,AES TIETE E,2.05,2.07,2.03,2.05,238021.0,2.0204999999999997,1.9952500000000017,0.027042850986417608,0.045572568222101976,2.0863951364442057,1.9041048635557978,2.1319677046663075,1.8585322953336958,2.1775402728884097,1.8129597271115938
20180803,TIET4,AES TIETE E,2.07,2.07,2.04,2.04,163502.0,2.0195,1.995500000000002,0.025848750351549803,0.045794972291493444,2.087089944582989,1.9039100554170152,2.1328849168744823,1.8581150831255218,2.1786798891659758,1.8123201108340283
20180806,TIET4,AES TIETE E,2.06,2.06,2.03,2.04,58261.0,2.0184999999999995,1.9965000000000022,0.02455391489848432,0.04632936710564286,2.089158734211288,1.9038412657887165,2.135488101316931,1.8575118986830736,2.1818174684225737,1.8111825315774308
20180807,TIET4,AES TIETE E,2.08,2.14,2.05,2.05,398855.0,2.0209999999999995,1.9975000000000018,0.025110283068682755,0.04705425128616682,2.0916085025723357,1.9033914974276682,2.1386627538585024,1.8563372461415013,2.185717005144669,1.8092829948553346
20180808,TIET4,AES TIETE E,2.07,2.1,2.06,2.09,149952.0,2.0244999999999993,2.000500000000002,0.029464519251749886,0.04903949219629997,2.098578984392602,1.902421015607402,2.1476184765889017,1.853381523411102,2.196657968785202,1.804342031214802
20180809,TIET4,AES TIETE E,2.09,2.13,2.05,2.09,211926.0,2.027999999999999,2.003500000000002,0.03286335345030837,0.050765928408516875,2.105031856817036,1.9019681431829683,2.1557977852255528,1.8512022147744513,2.2065637136340697,1.8004362863659344
20180810,TIET4,AES TIETE E,2.08,2.08,1.97,1.98,661642.0,2.023499999999999,2.003500000000002,0.03297127936792551,0.050765928408516875,2.105031856817036,1.9019681431829683,2.1557977852255528,1.8512022147744513,2.2065637136340697,1.8004362863659344
20180813,TIET4,AES TIETE E,2.0,2.03,1.98,2.03,249537.0,2.0239999999999987,2.0045000000000024,0.032991226904003954,0.050887004033312415,2.1062740080666273,1.9027259919333777,2.1571610120999396,1.8518389879000652,2.208048016133252,1.8009519838667527
20180814,TIET4,AES TIETE E,2.03,2.1,1.98,2.1,624671.0,2.028499999999999,2.0077500000000024,0.0368888800817279,0.05274454644308129,2.113239092886165,1.9022609071138399,2.165983639329246,1.8495163606707585,2.2187281857723273,1.7967718142276772
20180815,TIET4,AES TIETE E,2.1,2.12,2.05,2.12,180584.0,2.033999999999999,2.0122500000000025,0.0418518691024464,0.05446652700605896,2.1211830540121204,1.9033169459878847,2.1756495810181793,1.8488504189818258,2.230116108024238,1.7943838919757666
20180816,TIET4,AES TIETE E,2.12,2.15,2.08,2.13,194610.0,2.041499999999999,2.0175000000000023,0.04498830257323488,0.055458462164400264,2.128416924328803,1.9065830756712017,2.1838753864932032,1.8511246135068016,2.2393338486576035,1.7956661513424013
20180817,TIET4,AES TIETE E,2.12,2.12,2.02,2.1,159030.0,2.046499999999999,2.0222500000000023,0.045684847194204084,0.05413598736704007,2.1305219747340827,1.9139780252659222,2.1846579621011224,1.859842037898882,2.2387939494681626,1.805706050531842
20180820,TIET4,AES TIETE E,2.1,2.1,2.03,2.03,194149.0,2.0489999999999995,2.024750000000002,0.04315211771347702,0.05203487489297346,2.128819749785949,1.920680250214055,2.180854624678922,1.8686453753210814,2.2328894995718955,1.816610500428108
20180821,TIET4,AES TIETE E,2.03,2.06,1.99,1.99,416669.0,2.0474999999999994,2.0257500000000017,0.04470664615609403,0.0509342210286372,2.127618442057276,1.9238815579427273,2.178552663085913,1.87294733691409,2.2294868841145505,1.822013115885453
20180822,TIET4,AES TIETE E,2.03,2.03,1.95,1.99,761494.0,2.0444999999999998,2.0267500000000016,0.04650693213749951,0.04978865590081191,2.1263273118016253,1.9271726881983777,2.1761159677024375,1.877384032297566,2.2259046236032494,1.8275953763967538
20180823,TIET4,AES TIETE E,1.99,2.0,1.92,1.96,748019.0,2.042,2.028250000000001,0.04969379925313021,0.0466787987892732,2.1216075975785476,1.9348924024214549,2.168286396367821,1.8882136036321815,2.214965195157094,1.8415348048429083
20180824,TIET4,AES TIETE E,1.97,1.97,1.88,1.91,1298497.0,2.0364999999999993,2.027500000000001,0.057699311315783174,0.04834438423621387,2.124188768472429,1.9308112315275734,2.1725331527086427,1.8824668472913595,2.220877536944857,1.8341224630551456
20180827,TIET4,AES TIETE E,1.95,1.95,1.88,1.89,683693.0,2.0304999999999995,2.026000000000001,0.06621138397904795,0.05162984626783448,2.12925969253567,1.922740307464332,2.1808895388035046,1.8711104611964977,2.232519385071339,1.8194806149286633
20180828,TIET4,AES TIETE E,1.91,1.92,1.89,1.89,151708.0,2.026,2.0240000000000014,0.07257663825951509,0.05527553360559996,2.134551067211201,1.9134489327888013,2.1898266008168012,1.8581733991832015,2.2451021344224014,1.8028978655776016
20180829,TIET4,AES TIETE E,1.91,1.92,1.86,1.9,594890.0,2.0189999999999997,2.0210000000000017,0.07772420878708784,0.05865151319445381,2.1383030263889093,1.903696973611094,2.196954539583363,1.8450454604166402,2.255606052777817,1.7863939472221864
20180830,TIET4,AES TIETE E,1.9,1.92,1.88,1.92,146116.0,2.0125,2.0165000000000015,0.08038558393930488,0.05933607023361429,2.13517214046723,1.8978278595327729,2.1945082107008442,1.8384917892991586,2.2538442809344588,1.7791557190655443
20180831,TIET4,AES TIETE E,1.92,1.95,1.88,1.94,220969.0,2.0075,2.0135000000000014,0.08168456660258717,0.06010887557654106,2.1337177511530836,1.8932822488469192,2.1938266267296247,1.833173373270378,2.253935502306166,1.7730644976938372
20180903,TIET4,AES TIETE E,1.95,1.97,1.91,1.95,182585.0,2.003,2.0107500000000016,0.08227681133958943,0.060442280158581004,2.131634560317164,1.8898654396828396,2.1920768404757447,1.8294231595242585,2.2525191206343256,1.7689808793656776
20180904,TIET4,AES TIETE E,1.95,1.95,1.87,1.88,503262.0,1.9945000000000004,2.0077500000000015,0.08586862670749686,0.06387036149046156,2.135490722980925,1.8800092770190784,2.199361084471386,1.8161389155286167,2.2632314459618477,1.7522685540381553
20180905,TIET4,AES TIETE E,1.9,1.95,1.89,1.93,256007.0,1.9865000000000002,2.005500000000002,0.08393449827097234,0.06500295851254592,2.135505917025094,1.87549408297491,2.2005088755376394,1.810491124462364,2.2655118340501854,1.7454881659498183
20180906,TIET4,AES TIETE E,1.93,1.96,1.92,1.95,97318.0,1.9795000000000003,2.003750000000002,0.08062094543048426,0.06554260700744577,2.1348352140148936,1.8726647859851104,2.200377821022339,1.8071221789776646,2.265920428029785,1.741579571970219
20180910,TIET4,AES TIETE E,1.95,1.98,1.91,1.97,294955.0,1.9790000000000003,2.001250000000002,0.08064868583129949,0.0648543733574605,2.130958746714923,1.871541253285081,2.1958131200723834,1.8066868799276206,2.260667493429844,1.74183250657016
20180911,TIET4,AES TIETE E,1.97,1.98,1.94,1.95,289093.0,1.9750000000000003,1.9995000000000023,0.07996709849747659,0.06527849608623951,2.1300569921724812,1.8689430078275233,2.1953354882587206,1.8036645117412837,2.2606139843449604,1.7383860156550441
20180912,TIET4,AES TIETE E,1.95,1.96,1.92,1.95,102764.0,1.9675000000000005,1.9980000000000022,0.07447182441419575,0.06571890412182398,2.12943780824365,1.8665621917563542,2.195156712365474,1.8008432876345304,2.260875616487298,1.7351243835127064
20180913,TIET4,AES TIETE E,1.96,1.98,1.93,1.94,97233.0,1.9585000000000004,1.996250000000002,0.06539555755071037,0.06632041492554586,2.128890829851094,1.8636091701489104,2.1952112447766394,1.7972887552233645,2.2615316597021855,1.7309683402978187
20180914,TIET4,AES TIETE E,1.94,1.96,1.9,1.95,153852.0,1.9495000000000005,1.995500000000002,0.051450026852837956,0.0666775632120473,2.1288551264240967,1.8621448735759074,2.195532689636144,1.79546731036386,2.2622102528481913,1.7287897471518128
20180917,TIET4,AES TIETE E,1.92,1.96,1.92,1.94,204283.0,1.9415000000000002,1.994000000000002,0.03731445324606111,0.06724619901563514,2.1284923980312724,1.8595076019687318,2.1957385970469074,1.7922614029530965,2.2629847960625424,1.7250152039374615
20180918,TIET4,AES TIETE E,1.95,1.96,1.92,1.95,150204.0,1.9375000000000004,1.993250000000002,0.031098316082349954,0.06757284768003247,2.1283956953600667,1.858104304639937,2.1959685430400993,1.7905314569599047,2.263541390720132,1.722958609279872
20180919,TIET4,AES TIETE E,1.93,1.95,1.91,1.91,329609.0,1.9335,1.990500000000002,0.029068883707494705,0.06868545921584442,2.127870918431691,1.853129081568313,2.196556377647535,1.7844436223524687,2.2652418368633795,1.7157581631366243
20180920,TIET4,AES TIETE E,1.94,1.94,1.9,1.9,225789.0,1.9289999999999998,1.986750000000002,0.026734562687747765,0.06944422222186027,2.1256384444437226,1.8478615555562814,2.195082666665583,1.778417333334421,2.2645268888874432,1.708973111112561
20180921,TIET4,AES TIETE E,1.93,1.94,1.91,1.92,190155.0,1.927,1.984500000000002,0.02577228213247019,0.0701262597583203,2.1247525195166426,1.8442474804833613,2.194878779274963,1.774121220725041,2.265005039033283,1.7039949609667207
20180924,TIET4,AES TIETE E,1.93,1.94,1.91,1.94,139232.0,1.9285,1.9825000000000021,0.025603248149196355,0.0702285645734724,2.122957129146947,1.8420428708530574,2.1931856937204195,1.771814306279585,2.2634142582938916,1.7015857417061127
20180925,TIET4,AES TIETE E,1.91,1.94,1.91,1.93,121424.0,1.9304999999999999,1.9805000000000021,0.023946211655112206,0.07056366465277909,2.1216273293055603,1.839372670694444,2.1921909939583393,1.7688090060416648,2.2627546586111187,1.6982453413888858
20180926,TIET4,AES TIETE E,1.93,1.96,1.91,1.94,598111.0,1.9329999999999998,1.979500000000002,0.02202868942753039,0.07085376779152612,2.1212075355830544,1.8377924644169499,2.1920613033745804,1.7669386966254237,2.2629150711661064,1.6960849288338975
20180927,TIET4,AES TIETE E,1.94,1.94,1.91,1.91,169422.0,1.9334999999999998,1.9762500000000016,0.021343062474474598,0.07098889403929437,2.1182277880785905,1.8342722119214128,2.189216682117885,1.7632833178821186,2.260205576157179,1.6922944238428241
20180928,TIET4,AES TIETE E,1.93,1.93,1.9,1.92,201155.0,1.9334999999999998,1.9730000000000019,0.021343062474474598,0.07050004546279022,2.1140000909255825,1.8319999090744215,2.1845001363883725,1.7614998636116312,2.255000181851163,1.690999818148841
20181001,TIET4,AES TIETE E,1.92,1.94,1.9,1.94,590631.0,1.9334999999999998,1.9705000000000017,0.021343062474474598,0.0698331344468064,2.1101662688936145,1.830833731106389,2.179999403340421,1.7610005966595825,2.2498325377872272,1.6911674622127761
20181002,TIET4,AES TIETE E,1.94,1.94,1.91,1.92,378309.0,1.9319999999999997,1.9675000000000016,0.021175954586073135,0.06934676891516595,2.1061935378303334,1.8288064621696698,2.1755403067454995,1.7594596932545037,2.2448870756606656,1.6901129243393378
20181003,TIET4,AES TIETE E,1.94,1.98,1.93,1.96,413917.0,1.9359999999999995,1.9652500000000015,0.01818038271845029,0.06804928455321328,2.101348569106428,1.829151430893575,2.169397853659641,1.7611021463403618,2.2374471382128545,1.6930528617871483
20181004,TIET4,AES TIETE E,1.96,1.98,1.94,1.97,190060.0,1.9379999999999995,1.9622500000000014,0.01962812160892097,0.0649847122061172,2.0922194244122356,1.832280575587767,2.157204136618353,1.7672958633816498,2.2221888488244703,1.7023111511755324
20181005,TIET4,AES TIETE E,1.98,1.99,1.96,1.97,322570.0,1.9389999999999994,1.9592500000000013,0.020749128072989648,0.06161865768059238,2.082487315361186,1.8360126846388165,2.1441059730417784,1.7743940269582241,2.205724630722371,1.7127753692776317
20181008,TIET4,AES TIETE E,1.98,2.03,1.98,2.02,419897.0,1.9414999999999996,1.960250000000001,0.026808286228816813,0.06228501486651609,2.084820029733033,1.8356799702669688,2.147105044599549,1.7733949554004527,2.2093900594660654,1.7111099405339365
20181009,TIET4,AES TIETE E,2.02,2.06,2.02,2.04,546080.0,1.9459999999999993,1.960500000000001,0.03470173664696974,0.06259147152521151,2.0856829430504242,1.835317056949578,2.1482744145756354,1.7727255854243664,2.210865886100847,1.710134113899155
20181010,TIET4,AES TIETE E,2.06,2.06,2.02,2.05,606525.0,1.9509999999999992,1.9592500000000013,0.04178894338785719,0.060187207943208754,2.0796244158864186,1.8388755841135838,2.1398116238296274,1.7786883761703751,2.1999988317728363,1.7185011682271663
20181011,TIET4,AES TIETE E,2.05,2.05,1.97,2.0,991322.0,1.9539999999999993,1.9562500000000012,0.043091090787574754,0.05471077801282188,2.065671556025645,1.8468284439743574,2.120382334038467,1.7921176659615354,2.1750931120512886,1.7374068879487137
20181015,TIET4,AES TIETE E,2.04,2.04,1.97,2.01,280078.0,1.956999999999999,1.9532500000000013,0.04485062928620145,0.04779161497101243,2.048833229942026,1.8576667700579763,2.0966248449130385,1.809875155086964,2.144416459884051,1.7620835401159516
20181016,TIET4,AES TIETE E,2.01,2.02,1.99,2.0,313951.0,1.959999999999999,1.9507500000000015,0.04565315461515933,0.0422075154323657,2.035165030864733,1.8663349691352702,2.0773725462970987,1.8241274537029044,2.1195800617294642,1.7819199382705389
20181017,TIET4,AES TIETE E,2.01,2.04,2.0,2.03,241801.0,1.963999999999999,1.9507500000000015,0.04816637831516767,0.0422075154323657,2.035165030864733,1.8663349691352702,2.0773725462970987,1.8241274537029044,2.1195800617294642,1.7819199382705389
20181018,TIET4,AES TIETE E,2.03,2.05,2.01,2.02,392152.0,1.9694999999999994,1.9515000000000016,0.047955571543931444,0.04317822338121389,2.0378564467624294,1.8651435532375737,2.081034670143643,1.8219653298563598,2.124212893524857,1.778787106475146
20181019,TIET4,AES TIETE E,2.02,2.1,2.02,2.08,1980268.0,1.9784999999999993,1.9537500000000017,0.05101857246966027,0.04737669555857942,2.0485033911171606,1.858996608882843,2.09588008667574,1.8116199133242634,2.143256782234319,1.764243217765684
20181022,TIET4,AES TIETE E,2.08,2.13,2.07,2.13,272318.0,1.9889999999999994,1.9580000000000015,0.059285216050084,0.05496852246092765,2.067937044921857,1.8480629550781462,2.1229055673827846,1.7930944326172185,2.177874089843712,1.738125910156291
20181023,TIET4,AES TIETE E,2.1,2.11,2.07,2.1,512023.0,1.9969999999999994,1.9627500000000015,0.06300375928633475,0.05879069785132006,2.0803313957026415,1.8451686042973614,2.139122093553962,1.7863779064460414,2.197912791405282,1.7275872085947213
20181024,TIET4,AES TIETE E,2.08,2.11,2.04,2.04,620064.0,2.0024999999999995,1.9665000000000017,0.06163346664374968,0.05881522565824119,2.0841304513164842,1.8488695486835194,2.1429456769747253,1.7900543230252781,2.2017609026329663,1.7312390973670368
20181025,TIET4,AES TIETE E,2.08,2.08,2.04,2.07,765572.0,2.0089999999999995,1.9710000000000014,0.06155015071168772,0.05969151466562053,2.0903830293312424,1.8516169706687604,2.150074543996863,1.79192545600314,2.2097660586624834,1.7322339413375194
20181026,TIET4,AES TIETE E,2.05,2.1,2.05,2.1,714202.0,2.0185,1.9760000000000013,0.060111738060311275,0.06192634168809647,2.099852683376194,1.8521473166238083,2.1617790250642908,1.7902209749357119,2.2237053667523874,1.7282946332476155
20181029,TIET4,AES TIETE E,2.14,2.14,2.04,2.1,1164016.0,2.0275,1.980500000000001,0.05802676333518698,0.0642491145304572,2.1089982290609153,1.8520017709390866,2.1732473435913726,1.7877526564086295,2.23749645812183,1.7235035418781721
20181030,TIET4,AES TIETE E,2.09,2.1,2.05,2.05,1030868.0,2.033,1.983250000000001,0.05439620729812845,0.06482273659362332,2.1128954731872476,1.8536045268127543,2.177718209780871,1.7887817902191312,2.2425409463744943,1.7239590536255078
20181031,TIET4,AES TIETE E,2.06,2.08,2.04,2.05,597264.0,2.0394999999999994,1.9857500000000008,0.0475145407106844,0.0654329760821977,2.116615952164396,1.8548840478356055,2.182048928246594,1.7894510717534078,2.2474819043287915,1.7240180956712101
20181101,TIET4,AES TIETE E,2.07,2.14,2.05,2.11,562103.0,2.0469999999999997,1.991500000000001,0.04612340426564972,0.06600505031181914,2.123510100623639,1.8594898993763627,2.1895151509354585,1.7934848490645434,2.2555202012472773,1.7274797987527244
20181105,TIET4,AES TIETE E,2.13,2.13,2.09,2.12,690792.0,2.0544999999999995,1.996250000000001,0.045128471582454005,0.06826372314366554,2.132777446287332,1.8597225537126698,2.2010411694309977,1.7914588305690042,2.269304892574663,1.7231951074253389
20181106,TIET4,AES TIETE E,2.11,2.17,2.06,2.14,488831.0,2.0629999999999997,2.001000000000001,0.044378752621164114,0.07149681721443273,2.1439936344288664,1.8580063655711354,2.2154904516432987,1.7865095483567026,2.2869872688577315,1.7150127311422698
20181107,TIET4,AES TIETE E,2.15,2.18,2.14,2.15,351390.0,2.0694999999999992,2.005500000000001,0.04718106221333848,0.07507090665257858,2.155641813305158,1.8553581866948439,2.2307127199577366,1.7802872800422653,2.305783626610315,1.7052163733896866
20181108,TIET4,AES TIETE E,2.17,2.2,2.09,2.11,703666.0,2.0729999999999995,2.009500000000001,0.04747298400697276,0.07629060499337752,2.162081209986756,1.856918790013246,2.2383718149801335,1.7806281850198684,2.314662419973511,1.7043375800264908
20181109,TIET4,AES TIETE E,2.08,2.1,2.02,2.05,580951.0,2.0729999999999995,2.012000000000001,0.04747298400697276,0.07592844134530456,2.16385688269061,1.8601431173093919,2.2397853240359145,1.7842146759640873,2.315713765381219,1.7082862346187826
20181112,TIET4,AES TIETE E,2.05,2.06,2.01,2.03,451682.0,2.0744999999999996,2.014250000000001,0.04547700402111842,0.07506877188831364,2.1643875437766282,1.8641124562233737,2.239456315664942,1.7890436843350601,2.3145250875532555,1.7139749124467465
20181113,TIET4,AES TIETE E,2.03,2.06,2.03,2.05,108174.0,2.0764999999999993,2.016750000000001,0.043319498466261167,0.07453746261667679,2.1658249252333546,1.8676750747666473,2.2403623878500314,1.7931376121499705,2.314899850466708,1.7186001495332937
20181114,TIET4,AES TIETE E,2.04,2.05,2.01,2.02,251099.0,2.0774999999999997,2.0187500000000007,0.04165964853175621,0.07349123443282675,2.165732468865654,1.8717675311343471,2.2392237032984807,1.7982762967015204,2.312714937731308,1.7247850622686938
20181116,TIET4,AES TIETE E,2.05,2.07,2.02,2.06,296479.0,2.0789999999999997,2.0215000000000005,0.04037977607403809,0.0729084427596708,2.1673168855193423,1.875683114480659,2.240225328279013,1.802774671720988,2.3131337710386837,1.7298662289613174
20181119,TIET4,AES TIETE E,2.06,2.07,2.03,2.03,188879.0,2.0794999999999995,2.0245000000000006,0.039666371810786596,0.07063630213626952,2.1657726042725396,1.8832273957274617,2.2364089064088093,1.812591093591192,2.3070452085450786,1.7419547914549225
20181121,TIET4,AES TIETE E,2.03,2.05,2.0,2.04,267914.0,2.0774999999999997,2.028000000000001,0.04063638504436226,0.06771736133105162,2.163434722662104,1.8925652773378976,2.231152083993156,1.824847916006846,2.2988694453242076,1.7571305546757945
20181122,TIET4,AES TIETE E,2.03,2.06,2.03,2.04,119494.0,2.0729999999999995,2.031000000000001,0.039483507549621745,0.06542954715588997,2.161859094311781,1.900140905688221,2.227288641467671,1.8347113585323311,2.292718188623561,1.769281811376441
20181123,TIET4,AES TIETE E,2.04,2.05,2.02,2.03,164718.0,2.0694999999999992,2.033250000000001,0.04006245124802007,0.063745789202306,2.160741578404613,1.905758421595389,2.224487367606919,1.8420126323930832,2.288233156809225,1.778266843190777
20181126,TIET4,AES TIETE E,2.04,2.05,1.98,1.98,674312.0,2.066499999999999,2.034500000000001,0.04439950213092109,0.06213921508420625,2.158778430168413,1.9102215698315883,2.22091764525262,1.8480823547473821,2.283056860336826,1.7859431396631757
20181127,TIET4,AES TIETE E,2.0,2.02,1.96,2.02,237521.0,2.063999999999999,2.036500000000001,0.045583930686614614,0.06027926462382351,2.157058529247648,1.915941470752354,2.217337793871472,1.8556622061285306,2.277617058495295,1.7953829415047071
20181128,TIET4,AES TIETE E,2.0,2.03,1.99,2.0,197474.0,2.0589999999999993,2.038750000000001,0.04689293516534267,0.05702844544385537,2.152806890887712,1.9246931091122905,2.2098353363315675,1.867664663668435,2.2668637817754225,1.8106362182245797
20181129,TIET4,AES TIETE E,2.01,2.05,2.01,2.05,191607.0,2.056499999999999,2.0420000000000007,0.04591468060148974,0.053694291345320166,2.149388582690641,1.9346114173093603,2.203082874035961,1.8809171259640403,2.2567771653812816,1.82722283461872
20181130,TIET4,AES TIETE E,2.04,2.07,2.04,2.05,177972.0,2.056499999999999,2.044750000000001,0.04591468060148974,0.051090041179191775,2.1469300823583843,1.9425699176416173,2.1980201235375763,1.8914798764624257,2.249110164716768,1.8403898352832337
20181203,TIET4,AES TIETE E,2.06,2.12,2.06,2.09,506772.0,2.0584999999999996,2.049000000000001,0.0464842927630849,0.047382783847378734,2.1437655676947585,1.9542344323052434,2.191148351542137,1.9068516484578646,2.2385311353895156,1.859468864610486
20181204,TIET4,AES TIETE E,2.1,2.11,2.06,2.06,336909.0,2.0559999999999996,2.051500000000001,0.044885820056062675,0.04515216438574305,2.1418043287714874,1.961195671228515,2.1869564931572305,1.9160435068427721,2.2321086575429736,1.870891342457029
20181205,TIET4,AES TIETE E,2.07,2.09,2.05,2.06,224219.0,2.053,2.0537500000000013,0.04231461113834613,0.04318638793142258,2.1401227758628463,1.967377224137156,2.183309163794269,1.9241908362057336,2.2264955517256917,1.881004448274311
20181206,TIET4,AES TIETE E,2.07,2.08,2.03,2.05,208113.0,2.0484999999999998,2.055750000000001,0.03703128122916691,0.04100578445748332,2.137761568914968,1.9737384310850343,2.178767353372451,1.9327326466275512,2.219773137829934,1.8917268621700678
20181207,TIET4,AES TIETE E,2.05,2.1,2.05,2.1,362454.0,2.046,2.0577500000000013,0.03101782170233522,0.04116804212379937,2.1400860842476,1.9754139157524027,2.1812541263713996,1.9342458736286032,2.2224221684951986,1.8930778315048038
20181210,TIET4,AES TIETE E,2.09,2.12,2.05,2.09,240711.0,2.0449999999999995,2.059000000000001,0.029109593282156898,0.04137384284537879,2.1417476856907585,1.9762523143092434,2.1831215285361374,1.9348784714638647,2.2244953713815163,1.8935046286184858
20181211,TIET4,AES TIETE E,2.1,2.11,2.07,2.08,149768.0,2.0464999999999995,2.059750000000001,0.030135658193190435,0.04147829212911194,2.142706584258225,1.9767934157417772,2.184184876387337,1.9353151236126653,2.2256631685164487,1.8938368314835534
20181212,TIET4,AES TIETE E,2.09,2.1,2.07,2.07,74290.0,2.0484999999999998,2.061500000000001,0.030309803868159232,0.04035420100139233,2.142208402002786,1.9807915979972164,2.182562603004178,1.940437396995824,2.2229168040055702,1.9000831959944318
20181213,TIET4,AES TIETE E,2.09,2.12,2.05,2.12,273915.0,2.0519999999999996,2.064250000000001,0.034274434234648266,0.040502453233698825,2.1452549064673985,1.9832450935326031,2.185757359701097,1.9427426402989043,2.226259812934796,1.9022401870652055
20181214,TIET4,AES TIETE E,2.06,2.08,2.0,2.01,780962.0,2.0514999999999994,2.064500000000001,0.03483419372730687,0.04012480529546833,2.144749610590938,1.9842503894090644,2.184874415886406,1.944125584113596,2.2249992211818745,1.9040007788181277
20181217,TIET4,AES TIETE E,2.06,2.06,1.97,2.0,1106166.0,2.0484999999999993,2.063750000000001,0.03660241579602672,0.04105577819352793,2.145861556387057,1.9816384436129453,2.186917334580585,1.9405826654194174,2.2279731127741127,1.8995268872258895
20181218,TIET4,AES TIETE E,2.0,2.01,1.96,1.99,420527.0,2.046499999999999,2.063000000000001,0.03869924519867705,0.042135313163471966,2.1472706263269448,1.9787293736730571,2.189405939490417,1.9365940605095853,2.231541252653889,1.8944587473461132
20181219,TIET4,AES TIETE E,2.02,2.02,1.97,1.97,278989.0,2.0429999999999993,2.060250000000001,0.04231461113834593,0.044519514591765355,2.1492890291835316,1.97121097081647,2.193808543775297,1.9266914562247046,2.2383280583670624,1.8821719416329394
20181220,TIET4,AES TIETE E,1.97,2.0,1.97,1.98,262345.0,2.039999999999999,2.056500000000001,0.04460351650050115,0.04481014079366337,2.146120281587328,1.9668797184126743,2.1909304223809913,1.9220695776190109,2.2357405631746547,1.8772594368253477
20181221,TIET4,AES TIETE E,1.98,2.0,1.96,1.96,428258.0,2.0364999999999993,2.0530000000000013,0.048043291880727625,0.04675083983887593,2.146501679677753,1.9594983203222494,2.193252519516629,1.9127474804833735,2.240003359355505,1.8659966406444974
20181226,TIET4,AES TIETE E,1.97,2.0,1.94,1.97,331372.0,2.035999999999999,2.051250000000001,0.04870966617569161,0.048526360798095,2.148302721596191,1.9541972784038109,2.1968290823942858,1.9056709176057158,2.245355443192381,1.8571445568076208
20181227,TIET4,AES TIETE E,1.99,2.04,1.97,2.0,347364.0,2.0349999999999993,2.049500000000001,0.049257647015195825,0.0490917508345261,2.147683501669053,1.9513164983309488,2.196775252503579,1.9022247474964227,2.2458670033381054,1.8531329966618966
20181228,TIET4,AES TIETE E,2.01,2.02,1.98,2.02,257653.0,2.035999999999999,2.047500000000001,0.048709666175691606,0.04860885220635951,2.14471770441272,1.9502822955872823,2.1933265566190796,1.9016734433809228,2.241935408825439,1.8530645911745631
