DATA DO PREGAO,CODIGO DE NEGOCIACAO DO PAPEL,NOME RESUMIDO DA EMPRESA EMISSORA,PRECO DE ABERTURA,PRECO MAXIMO,PRECO MINIMO,PRECO FECHAMENTO,VOLUME TOTAL DE TITULOS NEGOCIADOS NESTE PAPEL,MA_20,MA_40,STD_20,STD_40,BANDA_1_40 SUPERIOR,BANDA_1_40 INFERIOR,BANDA_2_40 SUPERIOR,BANDA_2_40 INFERIOR,BANDA_3_40 SUPERIOR,BANDA_3_40 INFERIOR
20180102,TRIS3,TRISUL,4.18,4.24,4.05,4.15,821438.0,0.0,0.0,0.0,0.0,0.0,0.0,0.0,0.0,0.0,0.0
20180103,TRIS3,TRISUL,4.2,4.2,4.09,4.17,1713944.0,0.0,0.0,0.0,0.0,0.0,0.0,0.0,0.0,0.0,0.0
20180104,TRIS3,TRISUL,4.2,4.38,4.2,4.29,272529.0,0.0,0.0,0.0,0.0,0.0,0.0,0.0,0.0,0.0,0.0
20180105,TRIS3,TRISUL,4.36,4.36,4.23,4.3,1856219.0,0.0,0.0,0.0,0.0,0.0,0.0,0.0,0.0,0.0,0.0
20180108,TRIS3,TRISUL,4.36,4.51,4.29,4.35,961713.0,0.0,0.0,0.0,0.0,0.0,0.0,0.0,0.0,0.0,0.0
20180109,TRIS3,TRISUL,4.39,4.39,4.29,4.39,445510.0,0.0,0.0,0.0,0.0,0.0,0.0,0.0,0.0,0.0,0.0
20180110,TRIS3,TRISUL,4.43,4.43,4.32,4.39,527960.0,0.0,0.0,0.0,0.0,0.0,0.0,0.0,0.0,0.0,0.0
20180111,TRIS3,TRISUL,4.4,4.45,4.37,4.39,1716004.0,0.0,0.0,0.0,0.0,0.0,0.0,0.0,0.0,0.0,0.0
20180112,TRIS3,TRISUL,4.35,4.4,4.35,4.4,384531.0,0.0,0.0,0.0,0.0,0.0,0.0,0.0,0.0,0.0,0.0
20180115,TRIS3,TRISUL,4.44,4.6,4.41,4.6,485430.0,0.0,0.0,0.0,0.0,0.0,0.0,0.0,0.0,0.0,0.0
20180116,TRIS3,TRISUL,4.6,4.65,4.53,4.57,542707.0,0.0,0.0,0.0,0.0,0.0,0.0,0.0,0.0,0.0,0.0
20180117,TRIS3,TRISUL,4.64,4.65,4.52,4.63,822549.0,0.0,0.0,0.0,0.0,0.0,0.0,0.0,0.0,0.0,0.0
20180118,TRIS3,TRISUL,4.65,4.7,4.61,4.65,2045028.0,0.0,0.0,0.0,0.0,0.0,0.0,0.0,0.0,0.0,0.0
20180119,TRIS3,TRISUL,4.7,4.85,4.65,4.8,3409138.0,0.0,0.0,0.0,0.0,0.0,0.0,0.0,0.0,0.0,0.0
20180122,TRIS3,TRISUL,4.8,5.05,4.8,4.96,2009154.0,0.0,0.0,0.0,0.0,0.0,0.0,0.0,0.0,0.0,0.0
20180123,TRIS3,TRISUL,4.96,5.04,4.79,4.94,1432221.0,0.0,0.0,0.0,0.0,0.0,0.0,0.0,0.0,0.0,0.0
20180124,TRIS3,TRISUL,4.89,5.29,4.89,5.2,1274652.0,0.0,0.0,0.0,0.0,0.0,0.0,0.0,0.0,0.0,0.0
20180126,TRIS3,TRISUL,5.2,5.35,5.15,5.2,998635.0,0.0,0.0,0.0,0.0,0.0,0.0,0.0,0.0,0.0,0.0
20180129,TRIS3,TRISUL,5.19,5.25,5.07,5.2,507547.0,0.0,0.0,0.0,0.0,0.0,0.0,0.0,0.0,0.0,0.0
20180130,TRIS3,TRISUL,5.26,5.38,5.16,5.34,826725.0,4.646,0.0,0.37578549312354476,0.0,0.0,0.0,0.0,0.0,0.0,0.0
20180131,TRIS3,TRISUL,5.39,5.5,5.31,5.45,908158.0,4.711,0.0,0.39729215022647923,0.0,0.0,0.0,0.0,0.0,0.0,0.0
20180201,TRIS3,TRISUL,5.5,5.5,5.39,5.42,732434.0,4.7735,0.0,0.4059332976059781,0.0,0.0,0.0,0.0,0.0,0.0,0.0
20180202,TRIS3,TRISUL,5.42,5.52,5.24,5.25,1601095.0,4.8214999999999995,0.0,0.4024958319496521,0.0,0.0,0.0,0.0,0.0,0.0,0.0
20180205,TRIS3,TRISUL,5.25,5.35,5.05,5.23,585272.0,4.868,0.0,0.39267771705774784,0.0,0.0,0.0,0.0,0.0,0.0,0.0
20180206,TRIS3,TRISUL,5.25,5.39,4.99,5.39,1509395.0,4.92,0.0,0.38931789202736616,0.0,0.0,0.0,0.0,0.0,0.0,0.0
20180207,TRIS3,TRISUL,5.46,5.46,5.25,5.29,443777.0,4.965000000000001,0.0,0.3766402723247242,0.0,0.0,0.0,0.0,0.0,0.0,0.0
20180208,TRIS3,TRISUL,5.3,5.4,5.2,5.3,904885.0,5.0105,0.0,0.3580278583691796,0.0,0.0,0.0,0.0,0.0,0.0,0.0
20180209,TRIS3,TRISUL,5.35,5.35,5.16,5.28,575209.0,5.055000000000001,0.0,0.3311463343249362,0.0,0.0,0.0,0.0,0.0,0.0,0.0
20180214,TRIS3,TRISUL,5.25,5.45,5.25,5.4,296049.0,5.105,0.0,0.3011818824494425,0.0,0.0,0.0,0.0,0.0,0.0,0.0
20180215,TRIS3,TRISUL,5.31,5.44,5.3,5.36,511454.0,5.143000000000001,0.0,0.28140811345053607,0.0,0.0,0.0,0.0,0.0,0.0,0.0
20180216,TRIS3,TRISUL,5.3,5.44,5.29,5.31,467519.0,5.1800000000000015,0.0,0.2488711355405915,0.0,0.0,0.0,0.0,0.0,0.0,0.0
20180219,TRIS3,TRISUL,5.32,5.41,5.26,5.37,218020.0,5.217000000000001,0.0,0.21558000102538633,0.0,0.0,0.0,0.0,0.0,0.0,0.0
20180220,TRIS3,TRISUL,5.44,5.44,5.33,5.36,362730.0,5.252500000000001,0.0,0.17118395768418668,0.0,0.0,0.0,0.0,0.0,0.0,0.0
20180221,TRIS3,TRISUL,5.38,5.38,5.33,5.38,713583.0,5.281500000000001,0.0,0.13600599831973498,0.0,0.0,0.0,0.0,0.0,0.0,0.0
20180222,TRIS3,TRISUL,5.35,5.44,5.3,5.38,2107535.0,5.302500000000001,0.0,0.11447247428277876,0.0,0.0,0.0,0.0,0.0,0.0,0.0
20180223,TRIS3,TRISUL,5.39,5.5,5.21,5.3,1084322.0,5.320500000000001,0.0,0.07646636687562924,0.0,0.0,0.0,0.0,0.0,0.0,0.0
20180226,TRIS3,TRISUL,5.3,5.45,5.28,5.42,902099.0,5.331500000000001,0.0,0.07400391170315851,0.0,0.0,0.0,0.0,0.0,0.0,0.0
20180227,TRIS3,TRISUL,5.5,5.5,5.3,5.42,512228.0,5.342500000000001,0.0,0.06965138756316468,0.0,0.0,0.0,0.0,0.0,0.0,0.0
20180228,TRIS3,TRISUL,5.45,5.48,5.35,5.38,397694.0,5.351500000000001,0.0,0.061411039638441106,0.0,0.0,0.0,0.0,0.0,0.0,0.0
20180301,TRIS3,TRISUL,5.39,5.78,5.39,5.63,1967568.0,5.3660000000000005,5.006000000000001,0.08732275280758874,0.45324923805216943,5.91249847610434,4.099501523895662,6.365747714156509,3.646252285843493,6.818996952208678,3.1930030477913234
20180302,TRIS3,TRISUL,5.68,5.77,5.52,5.73,1027163.0,5.380000000000001,5.0455000000000005,0.11841052584791383,0.44551871237572443,5.9365374247514495,4.154462575248552,6.382056137127174,3.708943862872827,6.8275748495028985,3.2634251504971026
20180305,TRIS3,TRISUL,5.73,5.89,5.63,5.64,687424.0,5.391,5.08225,0.1317853118562655,0.4318682580460072,5.945986516092015,4.218513483907985,6.377854774138022,3.7866452258619785,6.809723032184029,3.3547769678159716
20180306,TRIS3,TRISUL,5.66,5.71,5.41,5.59,590295.0,5.408,5.114750000000001,0.1345401524883165,0.41945622613215083,5.953662452264302,4.2758375477357,6.3731186783964535,3.856381321603548,6.792574904528604,3.4369250954713975
20180307,TRIS3,TRISUL,5.58,5.59,5.45,5.56,507524.0,5.4245,5.14625,0.13176833738361654,0.4037178978267392,5.953685795653478,4.338814204346522,6.357403693480218,3.9350963065197826,6.761121591306957,3.531378408693043
20180308,TRIS3,TRISUL,5.6,5.72,5.51,5.56,778846.0,5.433000000000001,5.176500000000001,0.13487225925219,0.3875336213702085,5.951567242740418,4.401432757259584,6.339100864110627,4.013899135889375,6.726634485480835,3.6263655145191667
20180309,TRIS3,TRISUL,5.57,5.69,5.56,5.6,831148.0,5.4485,5.206750000000001,0.1353854147473659,0.37145857690861694,5.949667153817235,4.463832846182767,6.321125730725852,4.092374269274151,6.692584307634469,3.7209156923655335
20180312,TRIS3,TRISUL,5.6,5.69,5.53,5.59,526810.0,5.463,5.236750000000002,0.13416800151891445,0.35173844813644767,5.940226896272897,4.533273103727106,6.291965344409345,4.181534655590658,6.643703792545792,3.829796207454211
20180313,TRIS3,TRISUL,5.64,5.65,5.48,5.5,543066.0,5.474,5.264500000000002,0.12721304137051875,0.326071802695083,5.916643605390168,4.612356394609836,6.2427154080852505,4.286284591914753,6.568787210780334,3.9602127892196695
20180314,TRIS3,TRISUL,5.54,5.65,5.45,5.65,424353.0,5.4865,5.295750000000002,0.13176034863981154,0.29994775186047745,5.8956455037209565,4.695854496279047,6.195593255581434,4.3959067444185695,6.495541007441911,4.095958992558092
20180315,TRIS3,TRISUL,5.61,5.75,5.61,5.66,951171.0,5.5015,5.322250000000002,0.13366395412219195,0.28326383008760264,5.888777660175207,4.755722339824797,6.17204149026281,4.472458509737194,6.455305320350413,4.189194679649591
20180316,TRIS3,TRISUL,5.7,5.74,5.69,5.71,612241.0,5.5215,5.350750000000002,0.13342748868521281,0.26220355666582007,5.8751571133316425,4.826342886668362,6.137360669997463,4.564139330002542,6.399564226663283,4.301935773336722
20180319,TRIS3,TRISUL,5.86,6.11,5.85,5.9,4234332.0,5.548,5.382500000000002,0.1529568222528329,0.2492630162740797,5.881026032548162,4.883973967451842,6.130289048822242,4.634710951177762,6.379552065096321,4.3854479349036835
20180320,TRIS3,TRISUL,5.98,6.1,5.9,6.0,701783.0,5.58,5.4162500000000025,0.17666501157781628,0.2387111493427018,5.893672298685406,4.938827701314599,6.132383448028108,4.700116551971897,6.37109459737081,4.461405402629195
20180321,TRIS3,TRISUL,6.04,6.1,6.0,6.1,462515.0,5.616,5.448750000000002,0.20487223232773116,0.2411424464651139,5.93103489293023,4.966465107069775,6.172177339395343,4.725322660604661,6.413319785860458,4.484180214139546
20180322,TRIS3,TRISUL,6.1,6.25,6.05,6.19,946849.0,5.656499999999999,5.479500000000002,0.233785214065796,0.2552319206786921,5.989963841357386,4.969036158642617,6.245195762036078,4.713804237963926,6.50042768271477,4.458572317285233
20180323,TRIS3,TRISUL,6.19,6.27,5.96,6.1,1681564.0,5.6964999999999995,5.5085000000000015,0.23797998589001368,0.25824407059988974,6.024988141199781,4.992011858800222,6.283232211799671,4.733767788200332,6.541476282399561,4.475523717600442
20180326,TRIS3,TRISUL,6.18,6.19,5.96,6.09,1054622.0,5.7299999999999995,5.530750000000002,0.2440879910368833,0.26909523145114345,6.0689404629022885,4.992559537097716,6.338035694353432,4.723464305646572,6.607130925804576,4.454369074195428
20180327,TRIS3,TRISUL,6.1,6.1,5.9,5.9,1144928.0,5.754,5.548250000000002,0.23544806109561575,0.2697946750154043,6.08783935003081,5.008660649969194,6.357634025046215,4.738865974953789,6.627428700061619,4.469071299938385
20180328,TRIS3,TRISUL,5.89,5.89,5.77,5.88,1234107.0,5.779,5.5652500000000025,0.21966242042590953,0.2687100000047729,6.102670000009549,5.027829999990456,6.371380000014321,4.759119999985684,6.640090000019094,4.490409999980911
20180329,TRIS3,TRISUL,5.9,6.05,5.82,5.97,1068551.0,5.796,5.581000000000002,0.22067837992975586,0.2735877490134698,6.128175498026942,5.033824501973062,6.401763247040412,4.760236752959592,6.675350996053881,4.486649003946123
20180402,TRIS3,TRISUL,5.97,6.09,5.84,5.89,482763.0,5.804,5.592000000000002,0.22105964901142236,0.27700967307002106,6.1460193461400445,5.03798065385996,6.423029019210065,4.760970980789939,6.700038692280087,4.483961307719918
20180403,TRIS3,TRISUL,5.97,6.05,5.85,6.0,848012.0,5.822,5.606500000000002,0.22165881795892525,0.2828930213675525,6.172286042735108,5.040713957264897,6.45517906410266,4.757820935897344,6.738072085470212,4.474927914529792
20180404,TRIS3,TRISUL,6.03,6.03,5.85,5.89,710026.0,5.837,5.622500000000002,0.2151890233944898,0.2802997479805319,6.183099495961066,5.061900504038938,6.463399243941598,4.781600756058406,6.74369899192213,4.501301008077874
20180405,TRIS3,TRISUL,6.0,6.0,5.88,5.98,752870.0,5.858,5.641250000000002,0.20707486568871802,0.27844980673686215,6.198149613473726,5.084350386526278,6.476599420210588,4.805900579789416,6.755049226947451,4.5274507730525535
20180406,TRIS3,TRISUL,5.93,5.93,5.81,5.9,592710.0,5.875,5.654000000000003,0.19492238671354778,0.2783265007606032,6.210653001521209,5.0973469984787965,6.488979502281812,4.819020497718193,6.767306003042416,4.5406939969575895
20180409,TRIS3,TRISUL,5.93,5.94,5.83,5.84,277607.0,5.8870000000000005,5.667750000000003,0.18419383383016175,0.2734254457049955,6.214600891409995,5.120899108590012,6.48802633711499,4.847473662885017,6.761451782819986,4.574048217180021
20180410,TRIS3,TRISUL,5.9,6.0,5.85,6.0,389970.0,5.907500000000001,5.685250000000003,0.17179776973002617,0.271680312698019,6.2286106253960405,5.141889374603965,6.50029093809406,4.870209061905945,6.771971250792078,4.598528749207927
20180411,TRIS3,TRISUL,5.99,6.04,5.94,6.04,649300.0,5.934500000000001,5.704250000000003,0.1446765903298603,0.26917621242103557,6.242602424842074,5.165897575157931,6.5117786372631095,4.896721362736896,6.780954849684145,4.627545150315861
20180412,TRIS3,TRISUL,5.97,6.0,5.88,5.88,425053.0,5.946,5.716250000000002,0.1291836717725275,0.26594473592102497,6.248139471842052,5.184360528157953,6.514084207763077,4.918415792236927,6.780028943684102,4.652471056315902
20180413,TRIS3,TRISUL,5.87,5.98,5.85,5.93,675432.0,5.9595,5.730500000000002,0.11047624178980972,0.26160206617234927,6.2537041323447005,5.207295867655303,6.51530619851705,4.945693801482954,6.776908264689399,4.684091735310605
20180416,TRIS3,TRISUL,5.99,5.99,5.87,5.87,255773.0,5.9675,5.744500000000002,0.09634778013448263,0.253376683200615,6.251253366401232,5.237746633598772,6.504630049601847,4.984369950398158,6.758006732802462,4.730993267197542
20180417,TRIS3,TRISUL,5.92,5.94,5.85,5.85,470246.0,5.965,5.756500000000002,0.09880869341681099,0.2464574649940296,6.249414929988061,5.263585070011943,6.49587239498209,5.017127605017913,6.74232985997612,4.770670140023883
20180418,TRIS3,TRISUL,5.86,5.91,5.8,5.87,253549.0,5.9585,5.769250000000001,0.10064397908626374,0.23848224682622263,6.246214493652446,5.2922855063475565,6.484696740478669,5.053803259521334,6.723178987304892,4.815321012695111
20180419,TRIS3,TRISUL,5.87,6.0,5.83,5.95,417562.0,5.9510000000000005,5.783500000000002,0.09497368056467285,0.23155605180648273,6.246612103612967,5.320387896387037,6.47816815541945,5.088831844580554,6.709724207225933,4.857275792774071
20180420,TRIS3,TRISUL,5.87,5.96,5.76,5.76,501087.0,5.929500000000001,5.793000000000001,0.08629661211865963,0.22218264604853735,6.237365292097076,5.348634707902926,6.459547938145613,5.126452061854389,6.681730584194151,4.904269415805851
20180423,TRIS3,TRISUL,5.76,5.85,5.54,5.83,846411.0,5.916000000000001,5.806250000000001,0.07903363707608417,0.20733581703517243,6.220921634070346,5.391578365929656,6.428257451105519,5.184242548894484,6.635593268140691,4.976906731859311
20180424,TRIS3,TRISUL,5.8,5.85,5.67,5.75,409506.0,5.899000000000001,5.814500000000002,0.07615081988016663,0.19792448702498655,6.210348974049975,5.4186510259500285,6.408273461074961,5.220726538925042,6.606197948099948,5.022802051900055
20180425,TRIS3,TRISUL,5.66,5.89,5.66,5.89,419456.0,5.8985,5.826250000000002,0.07617673356637598,0.18758502345774453,6.201420046915491,5.451079953084513,6.389005070373235,5.263494929626768,6.57659009383098,5.075909906169024
20180426,TRIS3,TRISUL,5.84,5.85,5.75,5.79,514352.0,5.894000000000001,5.836500000000002,0.07989466749875969,0.1732280252094051,6.182956050418812,5.4900439495811915,6.356184075628217,5.316815924371786,6.5294121008376225,5.143587899162381
20180427,TRIS3,TRISUL,5.84,5.84,5.56,5.62,784743.0,5.876500000000002,5.8362500000000015,0.09852998474950342,0.1735406181671822,6.183331236334366,5.489168763665637,6.356871854501549,5.315628145498454,6.53041247266873,5.142087527331273
20180430,TRIS3,TRISUL,2.68,2.8,2.63,2.64,896187.0,5.714000000000001,5.759000000000002,0.7302155413589236,0.534467384051998,6.827934768103998,4.690065231896006,7.362402152155996,4.1555978478440085,7.896869536207994,3.62113046379201
20180502,TRIS3,TRISUL,2.64,2.88,2.55,2.6,816087.0,5.544000000000001,5.683000000000002,1.004418658779925,0.7316058908231811,7.146211781646364,4.2197882183536395,7.877817672469545,3.4881823275304584,8.609423563292726,2.7565764367072774
20180503,TRIS3,TRISUL,2.7,2.72,2.5,2.55,603702.0,5.377000000000001,5.607000000000002,1.2020775874775265,0.8836207563347761,7.374241512669554,3.8397584873304496,8.257862269004331,2.956137730995674,9.141483025339106,2.0725169746608976
20180504,TRIS3,TRISUL,2.55,2.56,2.49,2.49,430248.0,5.202500000000001,5.530250000000002,1.3536884310730641,1.0118337947534313,7.553917589506865,3.50658241049314,8.565751384260295,2.4947486157397085,9.577585179013727,1.4829148209862772
20180507,TRIS3,TRISUL,2.49,2.69,2.49,2.62,425299.0,5.038500000000001,5.456750000000002,1.4593050797518232,1.1114910002288565,7.679732000457715,3.233767999542289,8.791223000686571,2.1222769993134327,9.902714000915427,1.0107859990845762
20180508,TRIS3,TRISUL,2.62,2.65,2.57,2.61,181979.0,4.877000000000001,5.382000000000003,1.5423055196002753,1.1987283860782407,7.779456772156484,2.9845432278435218,8.978185158234727,1.7858148417652808,10.176913544312967,0.5870864556870403
20180509,TRIS3,TRISUL,2.6,2.65,2.52,2.52,286936.0,4.703,5.305250000000003,1.6040117469054047,1.280556744905542,7.866363489811087,2.744136510188919,9.146920234716628,1.4635797652833769,10.42747697962217,0.1830230203778349
20180510,TRIS3,TRISUL,2.55,2.55,2.38,2.48,1248805.0,4.525,5.229750000000003,1.6448436175867271,1.3556084592801103,7.940966918560223,2.518533081439782,9.296575377840334,1.1629246221596716,10.652183837120443,-0.19268383712043846
20180511,TRIS3,TRISUL,2.49,2.75,2.45,2.75,908128.0,4.3685,5.157250000000003,1.657986334144684,1.4090513038647943,7.975352607729592,2.3391473922704145,9.384403911594386,0.9300960884056204,10.79345521545918,-0.4789552154591741
20180514,TRIS3,TRISUL,2.84,2.84,2.65,2.77,1911753.0,4.210500000000001,5.085000000000003,1.6519063150445947,1.4559251178264452,7.996850235652893,2.1731497643471123,9.452775353479339,0.7172246465206671,10.908700471305783,-0.7387004713057781
20180515,TRIS3,TRISUL,2.68,2.84,2.67,2.67,424801.0,4.0505,5.009000000000002,1.6376217511989761,1.5011069419871625,8.011213883974328,2.006786116025677,9.51232082596149,0.505679174038514,11.013427767948652,-0.9954277679486481
20180516,TRIS3,TRISUL,2.7,2.78,2.58,2.6,1000976.0,3.8880000000000003,4.9265000000000025,1.6106866793226329,1.541034534297475,8.008569068594952,1.8444309314050527,9.549603602892427,0.30339639710757815,11.090638137189902,-1.2376381371898972
20180517,TRIS3,TRISUL,2.55,2.56,2.45,2.5,1583944.0,3.7195,4.839000000000002,1.568141625585756,1.5774529941389532,7.993905988277909,1.6840940117220957,9.57135898241686,0.1066410175831427,11.148811976555816,-1.4708119765558108
20180518,TRIS3,TRISUL,2.51,2.52,2.45,2.5,1087278.0,3.5469999999999997,4.749000000000002,1.4980552305186254,1.6061002299725717,7.961200459945146,1.5367995400548589,9.567300689917717,-0.06930068991771243,11.17340091989029,-1.6754009198902846
20180521,TRIS3,TRISUL,2.47,2.59,2.46,2.52,338073.0,3.3849999999999993,4.657250000000003,1.4192603707565434,1.6263692259060851,7.909988451812174,1.4045115481878327,9.536357677718257,-0.22185767771825216,11.162726903624343,-1.8482269036243375
20180522,TRIS3,TRISUL,2.5,2.68,2.5,2.6,321665.0,3.223499999999999,4.569750000000003,1.3056205421178089,1.6408448222696836,7.85143964453937,1.2880603554606354,9.492284466809053,-0.35278446680904807,11.133129289078738,-1.993629289078732
20180523,TRIS3,TRISUL,2.58,2.64,2.54,2.55,273682.0,3.063499999999999,4.481250000000003,1.1685946350435776,1.6521736847605895,7.785597369521182,1.176902630478824,9.437771054281772,-0.47527105428176597,11.08994473904236,-2.127444739042355
20180524,TRIS3,TRISUL,2.59,2.6,2.47,2.59,455784.0,2.8984999999999994,4.398500000000003,0.9634711095551176,1.6621542246935648,7.7228084493871325,1.0741915506128734,9.384962674080697,-0.5879626740806918,11.047116898774263,-2.250116898774256
20180525,TRIS3,TRISUL,2.6,2.6,2.45,2.52,601261.0,2.7349999999999994,4.314500000000003,0.6838397780951792,1.6702463352789667,7.654992670557936,0.9740073294420699,9.325239005836902,-0.6962390058368966,10.99548534111587,-2.3664853411158635
20180528,TRIS3,TRISUL,2.49,2.49,2.34,2.39,713269.0,2.5734999999999997,4.225000000000003,0.09155240087110511,1.6751716329976454,7.5753432659952935,0.8746567340047124,9.25051489899294,-0.8005148989929332,10.925686531990586,-2.4756865319905783
20180529,TRIS3,TRISUL,2.5,2.5,2.36,2.48,235847.0,2.5654999999999992,4.139750000000003,0.09242208667447145,1.675034615026943,7.4898192300538895,0.7896807699461168,9.164853845080831,-0.885353845080826,10.839888460107776,-2.5603884601077693
20180530,TRIS3,TRISUL,2.48,2.7,2.44,2.63,483280.0,2.5669999999999993,4.055500000000003,0.09325121700913382,1.6637830695628864,7.383066139125775,0.7279338608742303,9.046849208688663,-0.9358492086886558,10.710632278251548,-2.5996322782515424
20180601,TRIS3,TRISUL,2.63,2.7,2.6,2.65,202690.0,2.5719999999999996,3.9745000000000035,0.09495705400476324,1.6510011725601135,7.27650234512023,0.6724976548797765,8.927503517680343,-0.9785035176803367,10.578504690240457,-2.6295046902404504
20180604,TRIS3,TRISUL,2.7,2.79,2.62,2.65,333331.0,2.579999999999999,3.891250000000004,0.09442345828068677,1.631119149383998,7.153488298768,0.6290117012320078,8.784607448151998,-1.0021074481519898,10.415726597535997,-2.6332265975359883
20180605,TRIS3,TRISUL,2.69,2.69,2.54,2.63,217257.0,2.5805,3.8095000000000034,0.09467256591453772,1.6096646409765776,7.028829281953159,0.5901707180468483,8.638493922929737,-1.0194939229297297,10.248158563906314,-2.629158563906307
20180606,TRIS3,TRISUL,2.63,2.63,2.48,2.5,465499.0,2.5749999999999997,3.7260000000000035,0.09605371304366146,1.5881190293180323,6.902238058636068,0.549761941363939,8.4903570879541,-1.0383570879540933,10.078476117272132,-2.6264761172721256
20180607,TRIS3,TRISUL,2.48,2.51,2.3,2.39,1569337.0,2.5684999999999993,3.635750000000003,0.1040382014859033,1.5578648891417093,6.7514797782834215,0.5200202217165844,8.309344667425131,-1.0378446674251252,9.86720955656684,-2.595709556566834
20180608,TRIS3,TRISUL,2.38,2.47,2.32,2.41,315901.0,2.5649999999999995,3.545000000000003,0.1082638103503627,1.5194752805508636,6.58395056110173,0.5060494388982759,8.103425841652594,-1.0134258416525879,9.622901122203457,-2.532901122203451
20180611,TRIS3,TRISUL,2.59,2.59,2.37,2.47,137023.0,2.5509999999999993,3.459750000000003,0.10093770877443134,1.48026416128321,6.420278322566423,0.49922167743358337,7.900542483849633,-0.9810424838496266,9.380806645132843,-2.4613066451328365
20180612,TRIS3,TRISUL,2.5,2.54,2.47,2.47,109156.0,2.535999999999999,3.373250000000003,0.08816252933615103,1.4325365480637688,6.238323096127541,0.5081769038724655,7.670859644191309,-0.9243596441913029,9.10339619225508,-2.356896192255072
20180613,TRIS3,TRISUL,2.55,2.55,2.42,2.45,215908.0,2.5249999999999995,3.2877500000000026,0.08419901237075669,1.3808256309458196,6.049401261891642,0.5260987381083635,7.430226892837461,-0.8547268928374558,8.811052523783282,-2.2355525237832756
20180614,TRIS3,TRISUL,2.49,2.49,2.41,2.43,163806.0,2.5164999999999993,3.202250000000003,0.0848078323095982,1.3227661139852689,5.847782227970541,0.5567177720294652,7.17054834195581,-0.7660483419558037,8.493314455941078,-2.0888144559410726
20180615,TRIS3,TRISUL,2.42,2.5,2.32,2.4,360280.0,2.511499999999999,3.115500000000003,0.0886907697090246,1.2553923689428723,5.626284737885747,0.6047152621142584,6.88167710682862,-0.6506771068286139,8.137069475771492,-1.9060694757714862
20180618,TRIS3,TRISUL,2.38,2.39,2.31,2.31,220964.0,2.5019999999999993,3.024500000000003,0.09950403324277476,1.173943496652769,5.3723869933055415,0.6766130066944647,6.54633048995831,-0.4973304899583044,7.72027398661108,-1.6712739866110735
20180619,TRIS3,TRISUL,2.31,2.47,2.28,2.4,342611.0,2.495999999999999,2.940500000000003,0.10194941986360972,1.0904291086657756,5.121358217331554,0.7596417826684516,6.21178732599733,-0.3307873259973242,7.302216434663105,-1.4212164346630995
20180620,TRIS3,TRISUL,2.47,2.51,2.42,2.51,123981.0,2.491499999999999,2.857500000000003,0.09906271272598907,0.9862249964332381,4.82994999286648,0.8850500071335268,5.816174989299718,-0.10117498929971136,6.802399985732956,-1.0873999857329495
20180621,TRIS3,TRISUL,2.52,2.57,2.42,2.44,228410.0,2.485999999999999,2.774750000000003,0.09869677113046403,0.869228917061787,4.513207834123577,1.0362921658764292,5.382436751185364,0.1670632488146424,6.251665668247151,-0.7021656682471447
20180622,TRIS3,TRISUL,2.47,2.5,2.4,2.47,114652.0,2.479999999999999,2.689250000000003,0.09564187587585718,0.7082386512888743,4.105727302577751,1.2727726974222544,4.813965953866626,0.5645340461333799,5.5222046051555,-0.1437046051554942
20180625,TRIS3,TRISUL,2.48,2.5,2.44,2.49,129067.0,2.478499999999999,2.6067500000000026,0.09521582133017173,0.49910888540194903,3.6049677708039005,1.6085322291961046,4.10407665620585,1.1094233437941554,4.6031855416077985,0.6103144583922064
20180626,TRIS3,TRISUL,2.49,2.51,2.44,2.49,49440.0,2.483499999999999,2.5285000000000024,0.09292186870812903,0.10181808816177637,2.732136176323555,2.32486382367645,2.8339542644853317,2.223045735514673,2.935772352647108,2.121227647352897
20180627,TRIS3,TRISUL,2.45,2.47,2.41,2.41,156996.0,2.4799999999999995,2.5227500000000025,0.09436770187884716,0.10185428254025967,2.726458565080522,2.319041434919483,2.8283128476207815,2.2171871523792235,2.930167130161041,2.115332869838964
20180628,TRIS3,TRISUL,2.42,2.43,2.38,2.42,123439.0,2.469499999999999,2.5182500000000028,0.08828631651740128,0.10232896925462559,2.722907938509254,2.3135920614907515,2.8252369077638795,2.211263092236126,2.9275658770185053,2.1089341229815
20180629,TRIS3,TRISUL,2.44,2.54,2.35,2.4,409365.0,2.4569999999999994,2.5145000000000026,0.07854599725136063,0.10387245630812497,2.7222449126162527,2.3067550873837526,2.8261173689243777,2.2028826310756275,2.9299898252325027,2.0990101747675025
20180702,TRIS3,TRISUL,2.4,2.4,2.35,2.36,136160.0,2.4424999999999994,2.511250000000003,0.06695442283256807,0.10665514761518385,2.7245602952303707,2.2979397047696355,2.8312154428455547,2.1912845571544515,2.9378705904607383,2.084629409539268
20180703,TRIS3,TRISUL,2.38,2.4,2.35,2.38,229829.0,2.4299999999999993,2.505250000000003,0.051707680382381445,0.10713010302597072,2.7195102060519445,2.2909897939480612,2.826640309077915,2.1838596909220906,2.9337704121038857,2.07672958789612
20180704,TRIS3,TRISUL,2.42,2.42,2.37,2.4,271361.0,2.4249999999999994,2.5000000000000027,0.04936438093669718,0.10701066325968718,2.714021326519377,2.285978673480628,2.821031989779064,2.178968010220941,2.9280426530387516,2.0719573469612538
20180705,TRIS3,TRISUL,2.45,2.45,2.36,2.39,239580.0,2.4249999999999994,2.496750000000003,0.04936438093669718,0.10835335120772599,2.713456702415455,2.2800432975845513,2.821810053623181,2.171689946376825,2.930163404830907,2.0633365951690994
20180706,TRIS3,TRISUL,2.4,2.48,2.38,2.48,281470.0,2.4284999999999988,2.496750000000003,0.05070814322644718,0.10835335120772599,2.713456702415455,2.2800432975845513,2.821810053623181,2.171689946376825,2.930163404830907,2.0633365951690994
20180710,TRIS3,TRISUL,2.5,2.55,2.48,2.51,395725.0,2.430499999999999,2.490750000000003,0.053160630466343645,0.10031712536263046,2.691384250725264,2.290115749274742,2.7917013760878944,2.1897986239121114,2.892018501450525,2.089481498549481
20180711,TRIS3,TRISUL,2.5,2.51,2.46,2.47,192585.0,2.430499999999999,2.483250000000003,0.053160630466343645,0.08953977772402522,2.6623295554480535,2.3041704445519526,2.7518693331720785,2.2146306668279276,2.841409110896104,2.125090889103902
20180712,TRIS3,TRISUL,2.52,2.53,2.47,2.51,292861.0,2.4334999999999987,2.479250000000003,0.055939346852783255,0.0844100947906122,2.6480701895812273,2.310429810418779,2.7324802843718397,2.2260197156281665,2.816890379162452,2.141609620837554
20180713,TRIS3,TRISUL,2.51,2.55,2.49,2.54,352833.0,2.4389999999999987,2.4777500000000034,0.06077568765984081,0.08272560450683737,2.6432012090136783,2.3122987909863286,2.7259268135205157,2.229573186479491,2.808652418027353,2.146847581972654
20180716,TRIS3,TRISUL,2.56,2.64,2.54,2.6,173352.0,2.448999999999999,2.4802500000000034,0.0698042375429142,0.08489775147272302,2.6500455029454493,2.3104544970545575,2.734943254418172,2.2255567455818346,2.8198410058908956,2.140658994109111
20180717,TRIS3,TRISUL,2.58,2.64,2.55,2.64,245920.0,2.4654999999999987,2.4837500000000032,0.07408920654397681,0.08854051658376028,2.660831033167524,2.3066689668324827,2.749371549751284,2.2181284502487224,2.8379120663350443,2.129587933664962
20180718,TRIS3,TRISUL,2.64,2.64,2.56,2.58,336335.0,2.4744999999999986,2.4852500000000033,0.07660390260774662,0.08967140870119972,2.6645928174024025,2.305907182597604,2.7542642261036026,2.216235773896404,2.843935634804802,2.1265643651952044
20180719,TRIS3,TRISUL,2.6,2.64,2.53,2.64,204642.0,2.480999999999999,2.4862500000000036,0.08484661082460133,0.09119400283923397,2.6686380056784715,2.3038619943215357,2.7598320085177055,2.2126679914823018,2.8510260113569394,2.121473988643068
20180720,TRIS3,TRISUL,2.64,2.68,2.59,2.63,904799.0,2.490499999999999,2.4882500000000034,0.0904651721295073,0.09347665278228935,2.6752033055645823,2.3012966944354245,2.7686799583468713,2.2078200416531355,2.8621566111291608,2.114343388870846
20180723,TRIS3,TRISUL,2.6,2.63,2.59,2.63,146779.0,2.498499999999999,2.4892500000000033,0.09549180179746669,0.09479769282054619,2.678845385641096,2.2996546143589107,2.773643078461642,2.2048569215383647,2.868440771282188,2.1100592287178186
20180724,TRIS3,TRISUL,2.64,2.64,2.61,2.63,142876.0,2.505499999999999,2.4920000000000035,0.09986701684055622,0.09727571178130841,2.6865514235626202,2.297448576437387,2.7838271353439286,2.2001728646560785,2.8811028471252373,2.1028971528747697
20180725,TRIS3,TRISUL,2.63,2.63,2.55,2.55,165181.0,2.508499999999999,2.496000000000003,0.10027724724876447,0.09625819978389959,2.6885163995678023,2.303483600432204,2.7847745993517017,2.2072254006483045,2.8810327991356015,2.1109672008644047
20180726,TRIS3,TRISUL,2.6,2.62,2.53,2.56,270638.0,2.515999999999999,2.4980000000000033,0.09810842551939723,0.09674709297956248,2.691494185959128,2.3045058140408785,2.788241278938691,2.2077587210613157,2.8849883719182534,2.1110116280817532
20180727,TRIS3,TRISUL,2.6,2.63,2.58,2.62,135794.0,2.525999999999999,2.4977500000000035,0.09800107410797182,0.09640958298999015,2.690569165979984,2.304930834020023,2.786978748969974,2.208521251030033,2.883388331959964,2.112111668040043
20180730,TRIS3,TRISUL,2.62,2.64,2.61,2.64,86657.0,2.537999999999999,2.497500000000003,0.09644196509600667,0.09601682544859977,2.6895336508972028,2.3054663491028036,2.7855504763458026,2.2094495236542038,2.8815673017944023,2.113432698205604
20180731,TRIS3,TRISUL,2.64,2.64,2.61,2.64,225922.0,2.5519999999999987,2.4972500000000033,0.0893013820839617,0.09562178434343165,2.6884935686868667,2.30600643131314,2.7841153530302982,2.2103846469697084,2.8797371373737297,2.114762862626277
20180801,TRIS3,TRISUL,2.65,2.7,2.62,2.68,225723.0,2.566999999999999,2.4985000000000035,0.0839235240843551,0.0977057329761482,2.6939114659523,2.303088534047707,2.791617198928448,2.205382801071559,2.889322931904596,2.107677068095411
20180802,TRIS3,TRISUL,2.69,2.72,2.64,2.68,204590.0,2.5809999999999986,2.5030000000000037,0.07772420878709199,0.10183445590885506,2.706668911817714,2.2993310881822935,2.8085033677265687,2.1974966322734386,2.910337823635424,2.0956621763645833
20180803,TRIS3,TRISUL,2.7,2.76,2.64,2.69,426737.0,2.5959999999999988,2.5105000000000035,0.06715261487247608,0.10431584190232582,2.719131683804655,2.301868316195352,2.823447525706981,2.197552474293026,2.9277633676093067,2.0932366323907003
20180806,TRIS3,TRISUL,2.74,2.74,2.65,2.68,188345.0,2.605999999999999,2.5172500000000038,0.0637759235217588,0.10636144230994896,2.729972884619902,2.3045271153801057,2.8363343269298507,2.198165673070157,2.9426957692397995,2.091804230760208
20180807,TRIS3,TRISUL,2.69,2.69,2.64,2.68,286480.0,2.6144999999999987,2.522500000000004,0.06159929938084638,0.10911649855272333,2.7407329971054506,2.3042670028945573,2.849849495658174,2.195150504341834,2.9589659942108972,2.0860340057891107
20180808,TRIS3,TRISUL,2.62,2.69,2.62,2.67,226040.0,2.624499999999999,2.5275000000000043,0.05246301955714387,0.11121127963450898,2.7499225592690224,2.305077440730986,2.8611338389035312,2.1938661610964774,2.97234511853804,2.0826548814619685
20180809,TRIS3,TRISUL,2.67,2.67,2.59,2.67,200201.0,2.6324999999999994,2.533000000000004,0.04586880604966404,0.11271020248223317,2.75842040496447,2.307579595035538,2.8711306074467036,2.1948693925533043,2.9838408099289366,2.082159190071071
20180810,TRIS3,TRISUL,2.63,2.67,2.52,2.67,537092.0,2.6389999999999993,2.539000000000004,0.04102630734952269,0.11347201168523326,2.7659440233704706,2.3120559766295377,2.879416035055704,2.198583964944304,2.992888046740937,2.085111953259071
20180813,TRIS3,TRISUL,2.61,2.68,2.6,2.67,60805.0,2.642499999999999,2.545750000000004,0.040506659621411326,0.11302115753821651,2.771792315076437,2.319707684923571,2.8848134726146535,2.2066865273853544,2.99783463015287,2.093665369847138
20180814,TRIS3,TRISUL,2.67,2.7,2.65,2.7,176126.0,2.6454999999999993,2.555500000000004,0.04248529157250394,0.10890951313488828,2.7733190262697804,2.3376809737302273,2.882228539404669,2.228771460595339,2.991138052539557,2.1198619474604508
20180815,TRIS3,TRISUL,2.74,2.79,2.65,2.7,1679952.0,2.6514999999999995,2.5630000000000037,0.04120232492163591,0.10825421173779218,2.7795084234755882,2.346491576524419,2.88776263521338,2.2382373647866274,2.9960168469511723,2.129983153048835
20180816,TRIS3,TRISUL,2.7,2.75,2.6,2.6,912519.0,2.6494999999999997,2.5652500000000034,0.042732337071351864,0.10805951588988065,2.781369031779765,2.349130968220242,2.8894285476696453,2.2410714523303614,2.997488063559526,2.133011936440481
20180817,TRIS3,TRISUL,2.6,2.67,2.53,2.59,647750.0,2.6475,2.5690000000000035,0.0445887642207936,0.10618802868447011,2.7813760573689437,2.3566239426310633,2.887564086053414,2.250435913946593,2.993752114737884,2.144247885262123
20180820,TRIS3,TRISUL,2.71,2.71,2.59,2.6,333751.0,2.646,2.5722500000000035,0.045699245646205776,0.10506377794413194,2.7823775558882673,2.3621224441117397,2.8874413338323994,2.2570586661676075,2.992505111776531,2.151994888223476
20180821,TRIS3,TRISUL,2.68,2.68,2.57,2.6,149277.0,2.6445,2.5750000000000037,0.04673272267289515,0.10429248811357184,2.7835849762271474,2.36641502377286,2.8878774643407192,2.2621225356592882,2.992169952454291,2.1578300475457164
20180822,TRIS3,TRISUL,2.56,2.65,2.54,2.6,506243.0,2.647,2.5777500000000035,0.042562647325666884,0.10344049447596602,2.7846309889519354,2.3708690110480717,2.8880714834279018,2.2674285165721053,2.9915119779038677,2.1639880220961394
20180823,TRIS3,TRISUL,2.6,2.62,2.55,2.55,282541.0,2.6464999999999996,2.5812500000000034,0.04368246667414193,0.09992785859345431,2.781105717186912,2.381394282813095,2.8810335757803665,2.2814664242196403,2.9809614343738207,2.181538565626186
20180824,TRIS3,TRISUL,2.6,2.61,2.47,2.59,418675.0,2.645,2.5855000000000037,0.04513138714092261,0.09644847169501544,2.7783969433900344,2.392603056609973,2.87484541508505,2.2961545849149574,2.9712938867800656,2.199706113219942
20180827,TRIS3,TRISUL,2.6,2.63,2.55,2.62,299578.0,2.6439999999999997,2.5910000000000037,0.04546832327074868,0.09175776359242695,2.7745155271848576,2.40748447281515,2.8662732907772845,2.315726709222723,2.9580310543697115,2.223968945630296
20180828,TRIS3,TRISUL,2.66,2.66,2.57,2.57,120181.0,2.6405,2.5962500000000035,0.04839258316378473,0.08387070329853824,2.76399140659708,2.428508593402927,2.847862109895618,2.344637890104389,2.9317328131941567,2.2607671868058503
20180829,TRIS3,TRISUL,2.66,2.66,2.58,2.59,106871.0,2.6359999999999997,2.6015000000000037,0.04870966617569889,0.0762098990810597,2.7539197981621233,2.449080201837884,2.8301296972431826,2.3728703027568248,2.9063395963242424,2.296660403675765
20180830,TRIS3,TRISUL,2.61,2.61,2.48,2.56,791699.0,2.63,2.6055000000000037,0.05036707362219687,0.06924316128407187,2.7439863225681473,2.46701367743186,2.8132294838522194,2.397770516147788,2.882472645136291,2.3285273548637164
20180831,TRIS3,TRISUL,2.6,2.62,2.55,2.62,199009.0,2.6264999999999996,2.6112500000000036,0.04837082635334956,0.05979398391826014,2.730837967836524,2.4916620321634833,2.790631951754784,2.431868048245223,2.8504259356730444,2.372074064326963
20180903,TRIS3,TRISUL,2.63,2.64,2.56,2.62,128862.0,2.6234999999999995,2.6147500000000035,0.04671019273417512,0.0558839227373086,2.726517845474621,2.502982154525386,2.7824017682119293,2.4470982317880776,2.8382856909492378,2.391214309050769
20180904,TRIS3,TRISUL,2.66,2.66,2.55,2.58,126113.0,2.6184999999999996,2.6165000000000034,0.04568484719421213,0.05356759449036185,2.723635188980727,2.50936481101928,2.777202783471089,2.455797216528918,2.830770377961451,2.402229622038556
20180905,TRIS3,TRISUL,2.6,2.6,2.55,2.58,55834.0,2.6139999999999994,2.6192500000000036,0.044768409914988025,0.04843115653248028,2.716112313064964,2.5223876869350432,2.7645434695974442,2.473956530402563,2.812974626129925,2.4255253738700824
20180906,TRIS3,TRISUL,2.58,2.61,2.54,2.6,244675.0,2.610499999999999,2.6215000000000033,0.042855325776022545,0.04520891675148665,2.7119178335029765,2.53108216649703,2.7571267502544634,2.485873249745543,2.80233566700595,2.4406643329940567
20180910,TRIS3,TRISUL,2.61,2.61,2.52,2.53,328119.0,2.6034999999999995,2.621250000000003,0.044042443643670076,0.04569618174024742,2.712642363480498,2.529857636519508,2.758338545220745,2.4841614547792608,2.8040347269609924,2.4384652730390135
20180911,TRIS3,TRISUL,2.54,2.54,2.45,2.45,252289.0,2.5924999999999994,2.6175000000000033,0.053101194356679274,0.05304811555653258,2.7235962311130684,2.511403768886938,2.776644346669601,2.4583556533304054,2.8296924622261335,2.405307537773873
20180912,TRIS3,TRISUL,2.51,2.58,2.42,2.5,247116.0,2.582499999999999,2.6140000000000034,0.05056262401585743,0.05605857742184285,2.7261171548436893,2.5018828451563175,2.782175732265532,2.445824267734475,2.838234309687375,2.389765690312632
20180913,TRIS3,TRISUL,2.5,2.56,2.46,2.5,172788.0,2.572499999999999,2.612000000000003,0.04563874162203227,0.058668997622661985,2.729337995245327,2.4946620047546793,2.7880069928679894,2.435993007132017,2.846675990490651,2.3773240095093553
20180914,TRIS3,TRISUL,2.52,2.53,2.43,2.53,274667.0,2.568999999999999,2.6092500000000034,0.04610057654623471,0.0598882506348214,2.7290265012696464,2.4894734987303604,2.7889147519044677,2.429585248095539,2.848803002539289,2.369696997460718
20180917,TRIS3,TRISUL,2.52,2.57,2.47,2.57,92702.0,2.567999999999999,2.6077500000000033,0.04583724066280009,0.060106209415109725,2.7279624188302227,2.487537581169784,2.7880686282453326,2.427431371754674,2.848174837660442,2.3673251623395646
20180918,TRIS3,TRISUL,2.56,2.58,2.5,2.54,178406.0,2.564999999999999,2.6055000000000037,0.04559547530645508,0.06093081406448388,2.7273616281289716,2.4836383718710358,2.7882924421934554,2.422707557806552,2.849223256257939,2.3617767437420683
20180919,TRIS3,TRISUL,2.57,2.57,2.45,2.45,178310.0,2.557499999999999,2.6010000000000035,0.05149092919606491,0.06554700798973845,2.7320940159794804,2.4699059840205266,2.797641023969219,2.404358976030788,2.8631880319589573,2.3388119680410497
20180920,TRIS3,TRISUL,2.48,2.5,2.44,2.46,220101.0,2.550499999999999,2.5987500000000034,0.0548178802946673,0.06880621245055885,2.736362424901121,2.4611375750988858,2.80516863735168,2.392331362648327,2.873974849802239,2.323525150197768
20180921,TRIS3,TRISUL,2.46,2.5,2.43,2.48,139478.0,2.5469999999999993,2.5967500000000037,0.057041074766581885,0.07108635052361167,2.738922701047227,2.4545772989527803,2.8100090515708387,2.3834909484291686,2.8810954020944504,2.312404597905557
20180924,TRIS3,TRISUL,2.48,2.5,2.4,2.44,288307.0,2.539499999999999,2.5922500000000035,0.060825462119952024,0.0751575268762243,2.742565053752452,2.441934946247555,2.8177225806286765,2.3667774193713305,2.892880107504901,2.291619892495106
20180925,TRIS3,TRISUL,2.49,2.49,2.41,2.49,276780.0,2.532999999999999,2.5885000000000034,0.058678427848207454,0.0764450531678974,2.741390106335798,2.4356098936642088,2.8178351595036957,2.359164840496311,2.894280212671593,2.2827197873284137
20180926,TRIS3,TRISUL,2.49,2.53,2.42,2.43,194829.0,2.525999999999999,2.5832500000000036,0.062272744735096926,0.07994830060249712,2.7431466012049976,2.4233533987950096,2.823094901807495,2.343405098192512,2.903043202409992,2.263456797590015
20180927,TRIS3,TRISUL,2.41,2.46,2.35,2.4,817975.0,2.5164999999999993,2.5762500000000035,0.06635431211942842,0.08344159634137174,2.743133192682747,2.40936680731726,2.826574789024119,2.325925210975888,2.9100163853654903,2.2424836146345166
20180928,TRIS3,TRISUL,2.42,2.43,2.37,2.39,238712.0,2.507999999999999,2.5690000000000035,0.07120023654603215,0.08672976007142906,2.7424595201428614,2.3955404798571456,2.829189280214291,2.308810719785716,2.91591904028572,2.222080959714287
20181001,TRIS3,TRISUL,2.48,2.48,2.39,2.42,105744.0,2.4979999999999993,2.5622500000000032,0.0686409422092151,0.08757377841947322,2.7373975568389497,2.387102443161057,2.824971335258423,2.2995286647415836,2.912545113677896,2.2119548863221103
20181002,TRIS3,TRISUL,2.47,2.54,2.4,2.5,446215.0,2.4919999999999995,2.557750000000003,0.062374083686975695,0.08597815763169092,2.729706315263385,2.3857936847366212,2.815684472895076,2.29981552710493,2.9016626305267668,2.2138373694732394
20181003,TRIS3,TRISUL,2.52,2.62,2.47,2.53,612406.0,2.4894999999999996,2.554000000000003,0.05960174847311947,0.08375176997744735,2.7215035399548975,2.3864964600451084,2.805255309932345,2.302744690067661,2.8890070799097924,2.2189929200902134
20181004,TRIS3,TRISUL,2.52,2.57,2.5,2.52,221047.0,2.4865,2.550250000000003,0.05622089890498525,0.08175910519353506,2.713768210387073,2.3867317896129325,2.7955273155806077,2.304972684419398,2.877286420774143,2.2232135792258627
20181005,TRIS3,TRISUL,2.56,2.6,2.49,2.53,306280.0,2.4829999999999997,2.546750000000003,0.05068997617094411,0.07946576427810859,2.7056815285562203,2.3878184714437856,2.7851472928343286,2.3083527071656773,2.8646130571124373,2.2288869428875686
20181008,TRIS3,TRISUL,2.69,2.71,2.63,2.69,661116.0,2.4909999999999997,2.5472500000000027,0.06812527160738016,0.08031947428061378,2.70788894856123,2.3866110514387753,2.7882084228418442,2.306291577158161,2.868527897122458,2.2259721028775474
20181009,TRIS3,TRISUL,2.66,2.72,2.66,2.72,476755.0,2.5044999999999993,2.548500000000003,0.08438477038947613,0.08263450573735998,2.7137690114747226,2.383230988525283,2.7964035172120827,2.300596482787923,2.8790380229494428,2.217961977050563
20181010,TRIS3,TRISUL,2.72,2.72,2.66,2.7,299660.0,2.5144999999999995,2.548500000000003,0.09500554000467216,0.08263450573735998,2.7137690114747226,2.383230988525283,2.7964035172120827,2.300596482787923,2.8790380229494428,2.217961977050563
20181011,TRIS3,TRISUL,2.72,2.76,2.64,2.68,350512.0,2.5234999999999994,2.5480000000000027,0.10183965725332211,0.08175008821446715,2.711500176428937,2.3844998235710686,2.793250264643404,2.3027497353566013,2.8750003528578714,2.220999647142134
20181015,TRIS3,TRISUL,2.74,2.74,2.61,2.68,249854.0,2.5309999999999997,2.5500000000000034,0.10769840931240122,0.08400244196692443,2.7180048839338524,2.3819951160661543,2.8020073259007767,2.29799267409923,2.886009767867701,2.2139902321323057
20181016,TRIS3,TRISUL,2.74,2.76,2.63,2.67,1484964.0,2.5359999999999996,2.552000000000003,0.11184575845427039,0.08590991107264098,2.723819822145285,2.3801801778547214,2.8097297332179263,2.29427026678208,2.895639644290567,2.208360355709439
20181017,TRIS3,TRISUL,2.75,2.79,2.66,2.68,495474.0,2.5429999999999997,2.5540000000000034,0.11639768491096407,0.08796269605595415,2.7299253921119115,2.378074607888095,2.817888088167866,2.290111911832141,2.90585078422382,2.2021492157761866
20181018,TRIS3,TRISUL,2.68,2.7,2.64,2.68,305504.0,2.5544999999999995,2.5560000000000036,0.1180755779374536,0.08992304402181978,2.735846088043643,2.376153911956364,2.8257691320654628,2.2862308679345444,2.9156921760872825,2.1963078239127247
20181019,TRIS3,TRISUL,2.69,2.78,2.61,2.67,315604.0,2.5649999999999995,2.557750000000004,0.11856599317191523,0.09146913448862883,2.740688268977262,2.374811731022746,2.8321574034658905,2.2833425965341174,2.923626537954519,2.1918734620454887
20181022,TRIS3,TRISUL,2.68,2.73,2.63,2.7,505253.0,2.5759999999999996,2.561500000000004,0.12045527669725019,0.0941779548486986,2.749855909697401,2.373144090302607,2.8440338645461,2.278966135453908,2.9382118193947986,2.1847881806052096
20181023,TRIS3,TRISUL,2.65,2.72,2.65,2.72,907205.0,2.59,2.564750000000004,0.12008768726051632,0.09737549578555961,2.7595009915711235,2.3699990084288847,2.8568764873566828,2.2726235126433254,2.9542519831422425,2.1752480168577657
20181024,TRIS3,TRISUL,2.74,2.78,2.7,2.74,849667.0,2.6025,2.5677500000000038,0.1221248282873355,0.10090583322823098,2.7695616664564655,2.365938333543542,2.870467499684697,2.2650325003153107,2.9713733329129277,2.16412666708708
20181025,TRIS3,TRISUL,2.79,2.86,2.76,2.85,2224837.0,2.6235,2.574750000000004,0.12691791794202087,0.11033718716639146,2.7954243743327867,2.354075625667221,2.9057615614991783,2.2437384385008294,3.01609874866557,2.133401251334438
20181026,TRIS3,TRISUL,2.84,2.91,2.79,2.84,546482.0,2.6455,2.581000000000004,0.1242440298258598,0.11803519683680865,2.8170703936736214,2.3449296063263865,2.93510559051043,2.226894409489578,3.0531407873472385,2.1088592126527694
20181029,TRIS3,TRISUL,2.9,2.97,2.81,2.81,890170.0,2.6665,2.5872500000000036,0.11384546312297647,0.12339196458065425,2.834033929161312,2.340466070838695,2.9574258937419664,2.217074106258041,3.0808178583226207,2.0936821416773865
20181030,TRIS3,TRISUL,2.93,2.93,2.84,2.88,460587.0,2.6895000000000002,2.5937500000000036,0.10772650555922081,0.13172791499807526,2.857205829996154,2.330294170003853,2.9889337449942293,2.198566255005778,3.1206616599923045,2.0668383400077026
20181031,TRIS3,TRISUL,2.88,2.94,2.85,2.9,269457.0,2.7095000000000002,2.6007500000000037,0.10782417461580598,0.14031809101702908,2.8813861820340616,2.3201138179659457,3.021704273051091,2.1797957269489165,3.16202236406812,2.0394776359318874
20181101,TRIS3,TRISUL,2.92,2.95,2.84,2.88,1243818.0,2.7270000000000003,2.6082500000000035,0.10553622476118338,0.14703719222507117,2.9023243844501456,2.3141756155498614,3.049361576675217,2.16713842332479,3.196398768900288,2.020101231099719
20181105,TRIS3,TRISUL,2.89,2.94,2.85,2.86,626526.0,2.744,2.6152500000000036,0.09751653031261659,0.15223105751387114,2.919712115027746,2.310787884972261,3.071943172541617,2.15855682745839,3.224174230055488,2.006325769944519
20181106,TRIS3,TRISUL,2.86,2.92,2.86,2.91,836359.0,2.7630000000000003,2.6230000000000038,0.09038514083748228,0.15916770707136454,2.941335414142733,2.3046645858572745,3.100503121214097,2.1454968787859103,3.259670828285462,1.9863291717145457
20181107,TRIS3,TRISUL,2.92,2.99,2.87,2.88,1111375.0,2.7725000000000004,2.6317500000000034,0.09227390576003344,0.1634858654597546,2.9587217309195126,2.304778269080494,3.1222075963792673,2.1412924036207395,3.285693461839022,1.9778065381609848
20181108,TRIS3,TRISUL,2.95,2.96,2.78,2.85,888240.0,2.779000000000001,2.641750000000003,0.09295726239288661,0.1643150117211447,2.9703800234422926,2.3131199765577137,3.1346950351634373,2.148804964836569,3.299010046884582,1.9844899531154243
20181109,TRIS3,TRISUL,2.89,2.95,2.88,2.94,794317.0,2.7910000000000004,2.6527500000000033,0.09759745466914484,0.16923640724873137,2.991222814497466,2.3142771855025406,3.1604592217461973,2.1450407782538092,3.3296956289949287,1.9758043710050779
20181112,TRIS3,TRISUL,2.96,2.99,2.92,2.95,439513.0,2.8045000000000004,2.6640000000000033,0.10007760146901282,0.17371949095728587,3.011438981914575,2.3165610180854315,3.1851584728718607,2.142841527128146,3.358877963829147,1.9691220361708597
20181113,TRIS3,TRISUL,2.98,3.03,2.88,2.97,740137.0,2.8190000000000004,2.6750000000000034,0.10207840124140423,0.1788711038565728,3.0327422077131487,2.317257792286858,3.211613311569722,2.138386688430285,3.3904844154262945,1.9595155845737122
20181114,TRIS3,TRISUL,3.15,3.15,2.96,3.01,16645547.0,2.8360000000000003,2.6860000000000035,0.1042466710310395,0.185649241920451,3.0572984838409054,2.3147015161591016,3.242947725761357,2.12905227423865,3.4285969676818073,1.9434030323181994
20181116,TRIS3,TRISUL,3.06,3.27,3.01,3.13,3981421.0,2.8585000000000003,2.7007500000000033,0.11663144831838151,0.1968519878695725,3.0944539757391483,2.3070460242608584,3.2913059636087207,2.110194036391286,3.488157951478293,1.9133420485217134
20181119,TRIS3,TRISUL,3.15,3.2,3.09,3.14,1284545.0,2.8815000000000004,2.718000000000003,0.124658480827044,0.2044028199915797,3.1268056399831625,2.3091943600168436,3.331208459974742,2.104791540025264,3.535611279966322,1.9003887200336842
20181121,TRIS3,TRISUL,3.12,3.2,3.12,3.17,1316352.0,2.9065000000000003,2.7357500000000035,0.13003137273265297,0.212106498407437,3.1599629968148775,2.3115370031851294,3.3720694952223145,2.0994305047776924,3.5841759936297515,1.8873240063702554
20181122,TRIS3,TRISUL,3.17,3.28,3.17,3.2,2974032.0,2.9315000000000007,2.7537500000000033,0.13616070226796934,0.22024098107206858,3.1942319621441406,2.313268037855866,3.414472943216209,2.0930270567837974,3.6347139242882776,1.872786075711729
20181123,TRIS3,TRISUL,3.19,3.23,3.13,3.23,1388573.0,2.9570000000000003,2.7735000000000034,0.1420933718221609,0.22671059152075348,3.2269211830415103,2.3200788169584965,3.453631774562264,2.093368225437743,3.6803423660830172,1.8666576339169896
20181126,TRIS3,TRISUL,3.23,3.38,3.17,3.25,2622898.0,2.9825000000000004,2.7925000000000035,0.14678573715310492,0.23406935198453319,3.26063870396907,2.324361296030937,3.4947080559536032,2.090291944046404,3.728777407938136,1.856222592061871
20181127,TRIS3,TRISUL,3.28,3.29,3.21,3.25,1424556.0,3.0025000000000004,2.8130000000000033,0.15481313013811002,0.23739181071568088,3.287783621431365,2.3382163785686414,3.525175432147046,2.1008245678529605,3.762567242862727,1.8634327571372797
20181128,TRIS3,TRISUL,3.26,3.39,3.23,3.38,1089277.0,3.0295,2.837500000000003,0.17120240406576154,0.24414949182616036,3.325798983652324,2.349201016347682,3.5699484754784843,2.1050515245215218,3.8140979673046447,1.8609020326953616
20181129,TRIS3,TRISUL,3.37,3.45,3.36,3.37,1154010.0,3.0575,2.862000000000003,0.17902881273547916,0.2472432623333321,3.3564865246666673,2.367513475333339,3.603729787,2.1202702130000066,3.850973049333332,1.8730269506666748
20181130,TRIS3,TRISUL,3.35,3.4,3.32,3.36,564792.0,3.0815,2.885500000000003,0.1860185333154837,0.2488223545073117,3.3831447090146263,2.38785529098538,3.6319670635219383,2.139032936478068,3.88078941802925,1.8902105819707562
20181203,TRIS3,TRISUL,3.4,3.44,3.32,3.33,1585067.0,3.1030000000000006,2.906250000000003,0.18876607634569573,0.2504527950814302,3.4071555901628634,2.405344409837143,3.657608385244294,2.1548916147557122,3.908061180325724,1.9044388196742823
20181204,TRIS3,TRISUL,3.35,3.38,3.22,3.35,1071778.0,3.1265000000000005,2.926750000000003,0.18879883474217124,0.2524179226843967,3.4315858453687964,2.4219141546312093,3.684003768053193,2.1694962319468125,3.93642169073759,1.917078309262416
20181205,TRIS3,TRISUL,3.35,3.38,3.33,3.38,824400.0,3.1525000000000007,2.948250000000003,0.1859506159681895,0.2535075733456265,3.455265146691256,2.44123485330875,3.7087727200368823,2.1877272799631236,3.962280293382509,1.9342197066174969
20181206,TRIS3,TRISUL,3.38,3.55,3.34,3.47,2877339.0,3.1805000000000008,2.971750000000003,0.1896388534473985,0.2572825195612664,3.4863150391225357,2.45718496087747,3.7435975586838017,2.199902441316204,4.000880078245069,1.9426199217549371
20181207,TRIS3,TRISUL,3.49,3.62,3.49,3.6,2808869.0,3.216500000000001,2.994500000000003,0.19775782638049677,0.2715666797279449,3.537633359455893,2.451366640544113,3.8092000391838376,2.1797999608161684,4.080766718911782,1.9082332810882234
20181210,TRIS3,TRISUL,3.63,3.8,3.56,3.63,2424433.0,3.2555000000000005,3.017250000000003,0.19858645207407866,0.28572882517950526,3.588707650359013,2.4457923496409926,3.8744364755385186,2.160063524461487,4.160165300718024,1.8743346992819818
20181211,TRIS3,TRISUL,3.65,3.75,3.65,3.74,1181979.0,3.2955000000000005,3.0432500000000027,0.2118210515853862,0.30292071823904754,3.6490914364780975,2.437408563521908,3.952012154717145,2.13448784528286,4.254932872956193,1.8315671270438125
20181212,TRIS3,TRISUL,3.75,3.95,3.75,3.9,4745532.0,3.343000000000001,3.0737500000000026,0.2354637082327953,0.3259517622011735,3.7256535244023494,2.421846475597656,4.0516052866035235,2.0958947133964823,4.377557048804697,1.7699429511953086
20181213,TRIS3,TRISUL,3.93,4.1,3.93,4.07,4244336.0,3.3980000000000006,3.108500000000002,0.26972890874084776,0.355639907195105,3.819779814390212,2.397220185609792,4.1754197215853175,2.041580278414687,4.531059628780422,1.685940371219582
20181214,TRIS3,TRISUL,4.05,4.16,3.89,4.06,2344491.0,3.4505000000000003,3.1432500000000023,0.2915381170348275,0.3788470193924766,3.9009440387849557,2.385555961215049,4.279791058177432,2.0067089418225725,4.6586380775699086,1.6278619224300959
20181217,TRIS3,TRISUL,4.1,4.1,3.9,3.9,1797831.0,3.4890000000000008,3.173750000000002,0.29776182640352045,0.38955390331729856,3.952857806634599,2.3946421933654047,4.3424117099518975,2.005088290048106,4.731965613269196,1.6155343867308076
20181218,TRIS3,TRISUL,3.94,4.11,3.92,4.08,1754645.0,3.5360000000000005,3.208750000000002,0.3135434159477965,0.4065753628062398,4.021900725612482,2.3955992743875223,4.428476088418721,1.9890239115812827,4.835051451224961,1.5824485487750428
20181219,TRIS3,TRISUL,4.09,4.2,3.99,3.99,2394750.0,3.5770000000000004,3.2417500000000024,0.31676157395878146,0.4152039196247971,4.072157839249597,2.411342160750408,4.4873617588743935,1.9961382411256112,4.90256567849919,1.580934321500814
20181220,TRIS3,TRISUL,4.08,4.08,3.96,4.03,756490.0,3.6185,3.275000000000003,0.3191316342827871,0.42387104957364924,4.122742099147302,2.4272579008527044,4.546613148720951,2.003386851279055,4.9704841982946,1.579515801705406
20181221,TRIS3,TRISUL,4.03,4.15,4.03,4.13,1198683.0,3.6635,3.3102500000000026,0.3248687994284893,0.4350153990790418,4.180280798158086,2.440219201841919,4.615296197237128,2.0052038027628774,5.0503115963161695,1.5701884036838354
20181226,TRIS3,TRISUL,4.13,4.14,4.04,4.07,548453.0,3.7045000000000003,3.3435000000000024,0.3216646668422562,0.4410974076968985,4.225694815393799,2.4613051846062053,4.666792223090698,2.0202077769093068,5.1078896307875965,1.5791103692124084
20181227,TRIS3,TRISUL,4.1,4.1,4.03,4.05,730205.0,3.7445,3.3735000000000026,0.311760282403345,0.44743456762714845,4.268369135254299,2.4786308647457056,4.715803702881448,2.0311962971185573,5.163238270508597,1.5837617294914088
20181228,TRIS3,TRISUL,4.0,4.1,4.0,4.1,1314043.0,3.7805,3.4050000000000025,0.30901328535569267,0.45322774034185703,4.311455480683716,2.4985445193162885,4.764683221025574,2.0453167789744313,5.217910961367431,1.5920890386325743
