DATA DO PREGAO,CODIGO DE NEGOCIACAO DO PAPEL,NOME RESUMIDO DA EMPRESA EMISSORA,PRECO DE ABERTURA,PRECO MAXIMO,PRECO MINIMO,PRECO FECHAMENTO,VOLUME TOTAL DE TITULOS NEGOCIADOS NESTE PAPEL,MA_20,MA_40,STD_20,STD_40,BANDA_1_40 SUPERIOR,BANDA_1_40 INFERIOR,BANDA_2_40 SUPERIOR,BANDA_2_40 INFERIOR,BANDA_3_40 SUPERIOR,BANDA_3_40 INFERIOR
20180102,UNIP3,UNIPAR,16.75,16.9,16.3,16.89,110713.0,0.0,0.0,0.0,0.0,0.0,0.0,0.0,0.0,0.0,0.0
20180103,UNIP3,UNIPAR,17.0,17.5,16.9,17.0,185239.0,0.0,0.0,0.0,0.0,0.0,0.0,0.0,0.0,0.0,0.0
20180104,UNIP3,UNIPAR,18.0,18.29,17.8,17.93,209314.0,0.0,0.0,0.0,0.0,0.0,0.0,0.0,0.0,0.0,0.0
20180105,UNIP3,UNIPAR,18.7,18.7,18.0,18.05,99820.0,0.0,0.0,0.0,0.0,0.0,0.0,0.0,0.0,0.0,0.0
20180108,UNIP3,UNIPAR,18.1,19.0,18.1,18.71,37381.0,0.0,0.0,0.0,0.0,0.0,0.0,0.0,0.0,0.0,0.0
20180109,UNIP3,UNIPAR,18.75,19.25,18.75,19.2,111109.0,0.0,0.0,0.0,0.0,0.0,0.0,0.0,0.0,0.0,0.0
20180110,UNIP3,UNIPAR,19.49,19.5,19.0,19.13,126594.0,0.0,0.0,0.0,0.0,0.0,0.0,0.0,0.0,0.0,0.0
20180111,UNIP3,UNIPAR,19.13,21.0,19.13,20.5,193043.0,0.0,0.0,0.0,0.0,0.0,0.0,0.0,0.0,0.0,0.0
20180112,UNIP3,UNIPAR,20.18,22.02,20.18,20.74,789792.0,0.0,0.0,0.0,0.0,0.0,0.0,0.0,0.0,0.0,0.0
20180115,UNIP3,UNIPAR,20.74,21.73,20.74,21.73,168510.0,0.0,0.0,0.0,0.0,0.0,0.0,0.0,0.0,0.0,0.0
20180116,UNIP3,UNIPAR,21.77,23.99,21.77,23.4,448324.0,0.0,0.0,0.0,0.0,0.0,0.0,0.0,0.0,0.0,0.0
20180117,UNIP3,UNIPAR,23.6,23.6,21.7,21.7,627174.0,0.0,0.0,0.0,0.0,0.0,0.0,0.0,0.0,0.0,0.0
20180118,UNIP3,UNIPAR,21.7,22.44,20.8,21.14,165241.0,0.0,0.0,0.0,0.0,0.0,0.0,0.0,0.0,0.0,0.0
20180119,UNIP3,UNIPAR,22.0,22.09,21.0,21.7,138568.0,0.0,0.0,0.0,0.0,0.0,0.0,0.0,0.0,0.0,0.0
20180122,UNIP3,UNIPAR,21.26,21.5,21.22,21.32,91586.0,0.0,0.0,0.0,0.0,0.0,0.0,0.0,0.0,0.0,0.0
20180123,UNIP3,UNIPAR,21.22,21.22,20.01,20.54,147276.0,0.0,0.0,0.0,0.0,0.0,0.0,0.0,0.0,0.0,0.0
20180124,UNIP3,UNIPAR,21.14,21.65,21.14,21.3,135636.0,0.0,0.0,0.0,0.0,0.0,0.0,0.0,0.0,0.0,0.0
20180126,UNIP3,UNIPAR,22.01,22.49,21.8,21.8,110002.0,0.0,0.0,0.0,0.0,0.0,0.0,0.0,0.0,0.0,0.0
20180129,UNIP3,UNIPAR,21.8,22.4,21.6,22.4,180320.0,0.0,0.0,0.0,0.0,0.0,0.0,0.0,0.0,0.0,0.0
20180130,UNIP3,UNIPAR,22.35,23.0,22.35,22.88,109280.0,20.403,0.0,1.9197151652756894,0.0,0.0,0.0,0.0,0.0,0.0,0.0
20180131,UNIP3,UNIPAR,22.88,22.88,22.25,22.25,323242.0,20.671,0.0,1.7719240211820884,0.0,0.0,0.0,0.0,0.0,0.0,0.0
20180201,UNIP3,UNIPAR,22.25,22.79,22.03,22.03,95300.0,20.922500000000003,0.0,1.5687771805152129,0.0,0.0,0.0,0.0,0.0,0.0,0.0
20180202,UNIP3,UNIPAR,22.04,22.2,21.76,22.0,79204.0,21.126,0.0,1.4167769203742913,0.0,0.0,0.0,0.0,0.0,0.0,0.0
20180205,UNIP3,UNIPAR,22.2,22.91,22.2,22.5,94638.0,21.3485,0.0,1.2476051796183454,0.0,0.0,0.0,0.0,0.0,0.0,0.0
20180206,UNIP3,UNIPAR,22.3,22.67,22.0,22.57,173660.0,21.541500000000003,0.0,1.1087986623748285,0.0,0.0,0.0,0.0,0.0,0.0,0.0
20180207,UNIP3,UNIPAR,22.5,22.51,22.2,22.5,242955.0,21.706500000000002,0.0,0.9800874021175218,0.0,0.0,0.0,0.0,0.0,0.0,0.0
20180208,UNIP3,UNIPAR,22.85,22.85,22.5,22.5,29381.0,21.875000000000004,0.0,0.7838602184734612,0.0,0.0,0.0,0.0,0.0,0.0,0.0
20180209,UNIP3,UNIPAR,22.5,22.8,22.32,22.8,15792.0,21.990000000000002,0.0,0.7389466186830801,0.0,0.0,0.0,0.0,0.0,0.0,0.0
20180214,UNIP3,UNIPAR,23.68,25.0,23.68,24.5,138343.0,22.178000000000004,0.0,0.8707383436818978,0.0,0.0,0.0,0.0,0.0,0.0,0.0
20180215,UNIP3,UNIPAR,24.99,26.0,23.71,23.71,1196533.0,22.277,0.0,0.9278106658036153,0.0,0.0,0.0,0.0,0.0,0.0,0.0
20180216,UNIP3,UNIPAR,24.0,24.7,23.9,24.66,68101.0,22.340000000000003,0.0,1.043627277689139,0.0,0.0,0.0,0.0,0.0,0.0,0.0
20180219,UNIP3,UNIPAR,25.0,27.86,25.0,27.86,377887.0,22.648000000000003,0.0,1.6035736406703103,0.0,0.0,0.0,0.0,0.0,0.0,0.0
20180220,UNIP3,UNIPAR,27.86,30.0,27.86,29.5,314311.0,23.066000000000006,0.0,2.1768988081793417,0.0,0.0,0.0,0.0,0.0,0.0,0.0
20180221,UNIP3,UNIPAR,29.5,31.0,29.46,29.49,236618.0,23.455500000000008,0.0,2.5793358488286553,0.0,0.0,0.0,0.0,0.0,0.0,0.0
20180222,UNIP3,UNIPAR,29.01,30.0,28.0,29.19,101544.0,23.849000000000007,0.0,2.8250177456359293,0.0,0.0,0.0,0.0,0.0,0.0,0.0
20180223,UNIP3,UNIPAR,29.0,29.05,28.73,28.73,81207.0,24.258500000000005,0.0,2.912357111922994,0.0,0.0,0.0,0.0,0.0,0.0,0.0
20180226,UNIP3,UNIPAR,28.8,30.1,28.75,28.75,168676.0,24.631000000000004,0.0,2.989458496996267,0.0,0.0,0.0,0.0,0.0,0.0,0.0
20180227,UNIP3,UNIPAR,28.5,29.2,28.5,29.2,8622.0,25.001,0.0,3.0772816096781237,0.0,0.0,0.0,0.0,0.0,0.0,0.0
20180228,UNIP3,UNIPAR,29.19,29.19,29.19,29.19,2919.0,25.340500000000002,0.0,3.148942136487649,0.0,0.0,0.0,0.0,0.0,0.0,0.0
20180301,UNIP3,UNIPAR,29.98,30.97,29.0,29.0,164005.0,25.646500000000003,23.024750000000004,3.1942881177106432,3.7170080244527517,30.45876604890551,15.590733951094501,34.175774073358255,11.87372592664175,37.89278209781101,8.156717902188998
20180302,UNIP3,UNIPAR,29.15,29.15,27.05,28.11,179485.0,25.939500000000002,23.305250000000008,3.1345418115605175,3.66517637837736,30.63560275675473,15.974897243245287,34.30077913513209,12.309720864867929,37.96595551350945,8.644544486490569
20180305,UNIP3,UNIPAR,28.11,28.5,26.65,26.98,138714.0,26.187000000000005,23.554750000000006,3.00223618412396,3.5632195089877308,30.681189017975466,16.428310982024545,34.2444085269632,12.865091473036813,37.80762803595093,9.301871964049083
20180306,UNIP3,UNIPAR,26.0,27.0,25.0,26.44,466570.0,26.40900000000001,23.76750000000001,2.8358826714650642,3.471647617412685,30.71079523482538,16.82420476517464,34.18244285223806,13.352557147761955,37.65409046965075,9.88090953034927
20180307,UNIP3,UNIPAR,26.44,26.44,25.5,25.99,211671.0,26.583500000000008,23.96600000000001,2.6861110119317657,3.361603555081779,30.68920711016357,17.242792889836455,34.05081066524535,13.881189334754675,37.41241422032713,10.519585779672896
20180308,UNIP3,UNIPAR,25.85,26.45,25.0,25.48,166299.0,26.729000000000006,24.13525000000001,2.5316395769083058,3.2590528650089534,30.653355730017918,17.617144269982102,33.91240859502687,14.35809140497315,37.17146146003582,11.099038539964196
20180309,UNIP3,UNIPAR,25.51,26.62,25.51,26.38,269240.0,26.92300000000001,24.31475000000001,2.331245657537944,3.1769562820329633,30.668662564065936,17.960837435934085,33.8456188460989,14.78388115390112,37.02257512813186,11.606924871868157
20180312,UNIP3,UNIPAR,27.21,27.23,27.15,27.15,62570.0,27.155500000000007,24.51525000000001,2.08587852247593,3.0933261390555136,30.701902278111035,18.328597721888983,33.79522841716655,15.235271582833468,36.88855455622206,12.141945443777955
20180313,UNIP3,UNIPAR,27.49,27.5,27.29,27.39,104307.0,27.38500000000001,24.687500000000007,1.816562688155864,3.055609175908696,30.7987183518174,18.576281648182615,33.8543275277261,15.520672472273919,36.90993670363479,12.465063296365223
20180314,UNIP3,UNIPAR,27.47,28.32,27.39,28.02,147776.0,27.561000000000007,24.86950000000001,1.688328042457221,3.0311671188774936,30.931834237754998,18.80716576224502,33.96300135663249,15.77599864336753,36.99416847550998,12.744831524490035
20180315,UNIP3,UNIPAR,28.5,29.4,28.5,28.78,98120.0,27.814500000000002,25.045750000000005,1.4423864545296436,3.0488500459294623,31.14345009185893,18.94804990814108,34.19230013778839,15.899199862211619,37.241150183717856,12.850349816282156
20180316,UNIP3,UNIPAR,28.73,28.78,27.58,27.58,104668.0,27.960500000000007,25.150250000000007,1.239840715576027,3.062599438469354,31.275448876938714,19.0250511230613,34.33804831540807,15.962451684591946,37.40064775387742,12.899852246122592
20180319,UNIP3,UNIPAR,27.58,27.58,27.2,27.4,148284.0,27.937500000000007,25.292750000000005,1.2460542988929286,3.030384580400346,31.353519160800698,19.231980839199313,34.383903741201046,16.201596258798965,37.41428832160139,13.17121167839862
20180320,UNIP3,UNIPAR,27.39,27.9,27.3,27.3,74379.0,27.827500000000004,25.446750000000005,1.1970000879391727,2.9698531324301385,31.386456264860282,19.507043735139728,34.35630939729042,16.53719060270959,37.32616252972056,13.567337470279451
20180321,UNIP3,UNIPAR,27.99,27.99,27.99,27.99,5598.0,27.752500000000005,25.604000000000003,1.1326116768453283,2.9326716619701996,31.4693433239404,19.738656676059605,34.4020149859106,16.805985014089405,37.3346866478808,13.873313352119204
20180322,UNIP3,UNIPAR,28.15,28.8,27.82,28.8,634214.0,27.732999999999997,25.791000000000004,1.1096851141795356,2.89067891945553,31.572357838911064,20.009642161088944,34.46303675836659,17.118963241633416,37.35371567782212,14.228284322177885
20180323,UNIP3,UNIPAR,28.8,29.5,28.8,29.5,318275.0,27.771499999999996,26.015000000000004,1.1583848783180226,2.8196271803019286,31.65425436060386,20.375745639396147,34.47388154090579,17.55611845909422,37.293508721207715,14.73649127879229
20180326,UNIP3,UNIPAR,29.11,30.59,29.11,29.99,233740.0,27.833499999999997,26.232250000000004,1.243565650183319,2.7815467819182844,31.795343563836575,20.669156436163433,34.57689034575486,17.88760965424515,37.35843712767314,15.106062872326866
20180327,UNIP3,UNIPAR,30.0,30.0,29.02,29.45,264493.0,27.845999999999997,26.423500000000008,1.259182692317382,2.731530565593069,31.886561131186145,20.96043886881387,34.61809169677922,18.2289083032208,37.349622262372286,15.497377737627732
20180328,UNIP3,UNIPAR,29.46,29.46,28.02,29.19,358560.0,27.845999999999997,26.593250000000005,1.259182692317382,2.6856765250930454,31.964603050186096,21.221896949813914,34.65027957527914,18.536220424720867,37.33595610037219,15.850543899627823
20180329,UNIP3,UNIPAR,29.0,29.1,28.8,29.09,78168.0,27.8505,26.7485,1.2636766533455455,2.6446991491932583,32.037898298386516,21.459101701613484,34.682597447579774,18.814402552420226,37.32729659677303,16.16970340322697
20180402,UNIP3,UNIPAR,28.78,28.78,27.75,28.0,600120.0,27.845,26.89225,1.2627267904691388,2.548433895652931,31.989117791305862,21.79538220869414,34.53755168695879,19.24694831304121,37.08598558261173,16.698514417388274
20180403,UNIP3,UNIPAR,28.01,28.15,27.5,27.85,400468.0,27.8885,27.03775,1.246237600899126,2.42695914780784,31.89166829561568,22.183831704384318,34.318627443423516,19.75687255657648,36.74558659123136,17.32991340876864
20180404,UNIP3,UNIPAR,27.8,27.8,27.78,27.79,25005.0,27.955999999999996,27.182499999999997,1.1993305150001816,2.2874459500409894,31.757391900081977,22.607608099918018,34.04483785012297,20.320162149877028,36.33228380016396,18.032716199836038
20180405,UNIP3,UNIPAR,28.5,28.5,28.0,28.5,88250.0,28.081499999999995,27.3325,1.110837877223207,2.166019331305631,31.66453866261126,23.00046133738874,33.83055799391689,20.83444200608311,35.996577325222525,18.668422674777474
20180406,UNIP3,UNIPAR,29.0,29.5,28.32,28.32,177218.0,28.223499999999994,27.47625,0.9271079821285095,2.0282690453962875,31.532788090792575,23.419711909207425,33.561057136188865,21.391442863811136,35.58932618158515,19.36317381841485
20180409,UNIP3,UNIPAR,28.32,28.32,28.0,28.0,160530.0,28.304499999999997,27.61375,0.8224256485351752,1.8618720762192749,31.33749415243855,23.89000584756145,33.19936622865782,22.028133771342176,35.0612383048771,20.1662616951229
20180410,UNIP3,UNIPAR,28.1,28.69,28.0,28.0,633174.0,28.346999999999998,27.75125,0.7805200695353404,1.6674765019679674,31.086203003935935,24.416296996064062,32.753679505903904,22.748820494096098,34.42115600787187,21.08134399212813
20180411,UNIP3,UNIPAR,28.0,28.1,27.81,27.91,621547.0,28.372999999999998,27.879,0.7552141557549861,1.4614372974434848,30.80187459488697,24.95612540511303,32.26331189233046,23.494688107669546,33.72474918977394,22.03325081022606
20180412,UNIP3,UNIPAR,28.34,28.34,27.82,28.1,151365.0,28.377,27.969,0.7534558974975039,1.3549847193763966,30.678969438752794,25.259030561247208,32.03395415812919,23.90404584187081,33.38893887750559,22.549061122494415
20180413,UNIP3,UNIPAR,27.85,28.3,27.7,28.3,387576.0,28.352999999999998,28.08375,0.7475651705440874,1.1662688424289038,30.416287684857807,25.75121231514219,31.58255652728671,24.584943472713288,32.74882536971561,23.418674630284382
20180416,UNIP3,UNIPAR,28.3,28.3,27.88,28.2,64701.0,28.383999999999997,28.17225,0.7263781819121358,1.0256367315614956,30.22352346312299,26.120976536877006,31.249160194684485,25.09533980531551,32.27479692624598,24.069703073754017
20180417,UNIP3,UNIPAR,28.2,28.3,28.04,28.29,78874.0,28.428499999999996,28.183,0.6892350832626601,1.024532914213904,30.232065828427807,26.133934171572193,31.25659874264171,25.10940125735829,32.281131656855614,24.084868343144386
20180418,UNIP3,UNIPAR,28.4,29.49,28.23,29.49,349764.0,28.538,28.18275,0.674315247218739,1.0242044755283242,30.231158951056646,26.13434104894335,31.25536342658497,25.110136573415026,32.27956790211329,24.0859320978867
20180419,UNIP3,UNIPAR,28.79,28.8,28.35,28.35,257420.0,28.556,28.154249999999998,0.6636375040955687,1.0025272871789597,30.15930457435792,26.149195425642077,31.161831861536875,25.14666813846312,32.16435914871584,24.14414085128416
20180420,UNIP3,UNIPAR,28.59,28.6,28.01,28.59,76932.0,28.545500000000004,28.139249999999993,0.6612307105932612,0.9910558666236599,30.121361733247312,26.157138266752675,31.112417599870973,25.166082400129014,32.103473466494634,24.175026533505353
20180423,UNIP3,UNIPAR,28.6,28.6,28.01,28.1,42394.0,28.475500000000004,28.12349999999999,0.6281424159670561,0.9864220504116907,30.09634410082337,26.15065589917661,31.082766151235063,25.164233848764916,32.06918820164675,24.177811798353225
20180424,UNIP3,UNIPAR,28.49,28.5,27.6,28.35,183369.0,28.393500000000007,28.113499999999988,0.5172933098553842,0.9819252412923919,30.077350482584773,26.149649517415202,31.059275723877164,25.16772427612281,32.04120096516956,24.18579903483042
20180425,UNIP3,UNIPAR,27.6,28.39,27.6,28.37,78907.0,28.339500000000005,28.092749999999985,0.4536573596890985,0.9670334958269153,30.026816991653817,26.158683008346152,30.99385048748073,25.191649512519238,31.960883983307646,24.224616016692323
20180426,UNIP3,UNIPAR,28.0,28.5,28.0,28.31,184053.0,28.295499999999997,28.070749999999983,0.40711404066348,0.9513132286341347,29.97337645726825,26.168123542731713,30.924689685902386,25.21681031409758,31.87600291453652,24.265497085463444
20180427,UNIP3,UNIPAR,28.74,28.98,28.71,28.98,72100.0,28.29,28.07024999999998,0.3964181736766555,0.950817428348484,29.97188485669695,26.16861514330301,30.922702285045432,25.21779771495453,31.873519713393918,24.266980286606042
20180430,UNIP3,UNIPAR,28.95,29.0,28.31,28.95,80800.0,28.3375,28.091249999999985,0.41625997696287864,0.9609402113261429,30.01313042265227,26.169369577347698,30.974070633978414,25.208429366021555,31.935010845304557,24.247489154695412
20180502,UNIP3,UNIPAR,28.89,29.35,28.31,29.35,310535.0,28.4125,28.150499999999983,0.4569449465861425,0.9637266076844182,30.07795321536882,26.223046784631148,31.041679823053236,25.25932017694673,32.00540643073766,24.29559356926231
20180503,UNIP3,UNIPAR,29.4,29.95,29.3,29.3,168978.0,28.488,28.22199999999998,0.4731373451425177,0.9393538422903176,30.100707684580616,26.343292315419344,31.040061526870932,25.403938473129028,31.979415369161252,24.464584630838708
20180504,UNIP3,UNIPAR,29.3,29.81,29.0,29.44,165737.0,28.535000000000004,28.30824999999998,0.518870230201699,0.8860337653460362,30.080317530692053,26.536182469307906,30.966351296038088,25.65014870396187,31.852385061384126,24.764114938615833
20180507,UNIP3,UNIPAR,29.89,30.89,29.89,30.49,291351.0,28.6435,28.43349999999998,0.6749524349713671,0.8282002421066917,30.089900484213363,26.7770995157866,30.918100726320056,25.948899273679906,31.74630096842675,25.120699031573213
20180508,UNIP3,UNIPAR,30.6,31.99,30.6,31.41,207346.0,28.814,28.55924999999998,0.8977656475355003,0.8881106061284758,30.335471212256934,26.783028787743028,31.22358181838541,25.894918181614553,32.11169242451388,25.00680757548608
20180509,UNIP3,UNIPAR,32.0,32.0,31.0,31.2,182217.0,28.974,28.660499999999978,1.0216622162978473,0.9518994506262218,30.56429890125242,26.756701098747534,31.516198351878643,25.804801648121312,32.468097802504865,24.85290219749509
20180510,UNIP3,UNIPAR,31.2,32.59,31.2,32.59,57531.0,29.208000000000006,28.790499999999973,1.2707295873672888,1.1150392657222896,31.020578531444553,26.560421468555393,32.135617797166844,25.445382202833105,33.25065706288913,24.330342937110814
20180511,UNIP3,UNIPAR,32.6,33.85,32.59,32.68,205321.0,29.437,28.906999999999975,1.4592467415182733,1.265730153118254,31.438460306236482,26.375539693763468,32.704190459354734,25.109809540645212,33.96992061247299,23.84407938752696
20180514,UNIP3,UNIPAR,33.5,36.0,33.5,34.0,280120.0,29.722,29.037499999999977,1.752626900578588,1.4997619469221894,32.037023893844356,26.037976106155597,33.53678584076654,24.53821415923341,35.03654778768873,23.03845221231122
20180515,UNIP3,UNIPAR,36.06,36.79,34.2,35.9,1180776.0,30.107,29.245499999999982,2.1914789526710354,1.8324789850825494,32.91045797016508,25.580542029834884,34.74293695524763,23.748063044752335,36.57541594033018,21.915584059669783
20180516,UNIP3,UNIPAR,36.05,38.32,36.05,37.4,1332513.0,30.5625,29.495499999999982,2.685102908936471,2.216205986445961,33.927911972891906,25.06308802710806,36.14411795933786,22.8468820406621,38.360323945783826,20.63067605421614
20180517,UNIP3,UNIPAR,39.49,39.49,37.0,37.0,853488.0,30.938,29.737999999999982,3.0301721333770626,2.4842903335838997,34.706580667167785,24.769419332832182,37.190871000751685,22.285128999248283,39.675161334335584,19.800838665664383
20180518,UNIP3,UNIPAR,37.06,39.99,36.5,39.0,2166871.0,31.470499999999998,30.01324999999998,3.457135222603911,2.866226311586493,35.74570262317297,24.280797376826996,38.61192893475946,21.4145710652405,41.478155246345956,18.548344753654007
20180521,UNIP3,UNIPAR,39.9,42.0,39.85,40.8,1217695.0,32.080999999999996,30.313249999999982,3.9628005780070255,3.32695624927881,36.9671624985576,23.659337501442362,40.294118747836414,20.33238125216355,43.62107499711522,17.005425002884742
20180522,UNIP3,UNIPAR,41.2,44.42,41.2,43.4,2143291.0,32.84599999999999,30.660749999999986,4.582224695264838,3.9139732501083913,38.48869650021677,22.832803499783203,42.40266975032516,18.918830249674812,46.31664300043355,15.004856999566421
20180523,UNIP3,UNIPAR,43.5,46.99,43.5,46.5,3683205.0,33.75349999999999,31.073499999999985,5.373842372279399,4.643897870958984,40.36129574191796,21.785704258082017,45.00519361287694,17.141806387123033,49.64909148383592,12.497908516164049
20180524,UNIP3,UNIPAR,47.0,48.49,41.25,41.5,4289675.0,34.40999999999999,31.374749999999985,5.48246871016105,4.918598397135878,41.21194679427174,21.53755320572823,46.13054519140762,16.61895480859235,51.0491435885435,11.700356411456472
20180525,UNIP3,UNIPAR,42.01,42.8,37.11,38.0,2671867.0,34.894499999999994,31.59499999999998,5.341373246450296,5.014574144047906,41.624148288095796,21.56585171190417,46.638722432143695,16.551277567856264,51.65329657619161,11.536703423808358
20180528,UNIP3,UNIPAR,38.0,40.39,34.0,36.52,2983444.0,35.27149999999999,31.780749999999983,5.165133385957916,5.05683765958376,41.8944253191675,21.667074680832464,46.95126297875126,16.610237021248704,52.00810063833502,11.553399361664944
20180529,UNIP3,UNIPAR,39.89,39.95,37.29,39.1,699303.0,35.77899999999999,32.05824999999998,5.007564698586187,5.147789611533802,42.353829223067585,21.762670776932374,47.50161883460139,16.614881165398575,52.64940844613518,11.467091553864773
20180530,UNIP3,UNIPAR,39.94,41.94,39.39,41.94,1131609.0,36.40849999999999,32.410499999999985,4.947827035014595,5.33124844665862,43.072996893317224,21.748003106682745,48.404245339975844,16.416754660024125,53.735493786634464,11.085506213365505
20180601,UNIP3,UNIPAR,42.19,43.89,40.21,41.51,993859.0,37.01899999999999,32.75349999999999,4.77481980922072,5.466007097483824,43.68551419496764,21.82148580503234,49.15152129245146,16.355478707548517,54.61752838993529,10.889471610064692
20180604,UNIP3,UNIPAR,42.95,42.95,40.3,40.4,300889.0,37.566999999999986,33.05099999999999,4.478974389181931,5.551734679243768,44.154469358487525,21.94753064151245,49.70620403773129,16.395795962268686,55.25793871697506,10.844061283024917
20180605,UNIP3,UNIPAR,40.37,40.5,39.42,39.6,553205.0,38.02249999999999,33.332999999999984,4.174247962523534,5.591602311525414,44.51620462305081,22.149795376949157,50.10780693457623,16.55819306542374,55.69940924610164,10.966590753898327
20180606,UNIP3,UNIPAR,39.57,39.63,37.8,39.37,413830.0,38.42049999999999,33.617249999999984,3.87967100477134,5.60253421939457,44.822318438789125,22.412181561210843,50.424852658183696,16.809647341816273,56.027386877578266,11.207113122421703
20180607,UNIP3,UNIPAR,37.53,38.0,33.9,36.32,1725450.0,38.67649999999999,33.82524999999998,3.5314441283388933,5.542766127679734,44.91078225535945,22.739717744640515,50.453548383039184,17.19695161696078,55.99631451071892,11.654185489281048
20180608,UNIP3,UNIPAR,36.33,39.69,35.38,39.0,622904.0,38.996999999999986,34.10249999999998,3.22780371802648,5.516597683355199,45.13569536671038,23.06930463328958,50.65229305006557,17.552706949934382,56.168890733420774,12.036109266579182
20180611,UNIP3,UNIPAR,39.35,40.0,36.0,37.5,255299.0,39.237999999999985,34.337499999999984,2.8940094205645033,5.454203624681346,45.24590724936267,23.42909275063729,50.70011087404402,17.974889125955947,56.15431449872537,12.520685501274599
20180612,UNIP3,UNIPAR,38.0,38.3,37.21,37.39,263559.0,39.407499999999985,34.56474999999999,2.660969105222319,5.385130995002191,45.335011990004375,23.794488009995607,50.72014298500656,18.409357014993418,56.105273980008754,13.024226019991225
20180613,UNIP3,UNIPAR,37.99,37.99,36.6,37.43,434192.0,39.48399999999999,34.79549999999999,2.5754435489221095,5.302528642072569,45.40055728414513,24.19044271585485,50.703085926217696,18.887914073782284,56.00561456829027,13.585385431709714
20180614,UNIP3,UNIPAR,37.0,38.2,37.0,38.2,234900.0,39.52399999999999,35.043249999999986,2.547432970039134,5.221674447766874,45.48659889553373,24.599901104466237,50.70827334330061,19.37822665669936,55.929947791067484,14.156552208932489
20180615,UNIP3,UNIPAR,38.3,39.0,37.12,37.5,49032.0,39.54899999999999,35.24349999999999,2.523702167764502,5.156431159987716,45.55636231997542,24.93063768002456,50.71279347996314,19.77420652003684,55.86922463995086,14.617775360049126
20180618,UNIP3,UNIPAR,36.07,37.28,35.0,36.0,269330.0,39.39899999999999,35.434749999999994,2.6443224184338563,5.034627268305886,45.50400453661177,25.36549546338822,50.53863180491766,20.330868195082335,55.57325907322354,15.296240926776449
20180619,UNIP3,UNIPAR,34.81,36.36,34.8,35.5,143053.0,39.13399999999999,35.607499999999995,2.7595888328365312,4.910771389611372,45.42904277922274,25.78595722077725,50.33981416883411,20.87518583116588,55.25058555844548,15.964414441554506
20180620,UNIP3,UNIPAR,37.09,37.09,34.89,34.99,131111.0,38.713499999999996,35.77974999999999,2.7157324784921553,4.759183558240384,45.29811711648076,26.261382883519225,50.05730067472115,21.50219932527884,54.81648423296153,16.743015767038457
20180621,UNIP3,UNIPAR,34.99,36.99,34.8,35.7,155723.0,38.1735,35.963499999999996,2.0869072432922278,4.604339953810577,45.17217990762115,26.754820092378843,49.77651986143172,22.150480138568266,54.3808598152423,17.54614018475769
20180622,UNIP3,UNIPAR,35.76,38.0,35.76,36.7,178755.0,37.933499999999995,36.17175,1.956124726945785,4.4374408699563475,45.0466317399127,27.296868260087308,49.484072609869045,22.85942739013096,53.92151347982539,18.421986520174613
20180625,UNIP3,UNIPAR,36.74,36.75,35.0,36.4,220264.0,37.8535,36.37400000000001,1.9857552586783507,4.250348884624134,44.87469776924828,27.87330223075174,49.12504665387241,23.62295334612761,53.37539553849655,19.372604461503474
20180626,UNIP3,UNIPAR,36.15,36.35,36.01,36.01,50577.0,37.827999999999996,36.54975,2.006942162122657,4.078646386505433,44.70704277301087,28.392457226989137,48.7856891595163,24.313810840483704,52.864335546021735,20.23516445397827
20180627,UNIP3,UNIPAR,35.08,36.0,35.08,35.51,85197.0,37.6485,36.713750000000005,2.0473250198350064,3.89288614012791,44.499522280255825,28.927977719744185,48.39240842038373,25.035091579616275,52.285294560511645,21.142205439488365
20180628,UNIP3,UNIPAR,35.51,35.57,35.13,35.5,53065.0,37.326499999999996,36.86750000000001,1.8319482726552407,3.7118339858433216,44.29116797168665,29.443832028313363,48.003001957529975,25.731998042470043,51.714835943373295,22.02016405662672
20180629,UNIP3,UNIPAR,35.51,36.99,35.5,36.17,254048.0,37.0595,37.03925000000001,1.5589249838473531,3.505930058760879,44.051110117521766,30.027389882478253,47.55704017628265,26.52145982371737,51.06297023504352,23.015529764956494
20180702,UNIP3,UNIPAR,36.15,36.5,35.99,36.5,61493.0,36.8645,37.21575000000001,1.3488454127025578,3.2842529396797153,43.784255879359435,30.647244120640575,47.06850881903915,27.36299118096086,50.35276175871887,24.078738241281144
20180703,UNIP3,UNIPAR,36.5,37.49,36.39,36.9,51344.0,36.729499999999994,37.37600000000001,1.1859283505473213,3.0988135032952706,43.573627006590556,31.17837299340947,46.672440509885824,28.0795594901142,49.77125401318109,24.98074598681893
20180704,UNIP3,UNIPAR,37.0,37.97,36.69,37.69,321029.0,36.6455,37.53300000000001,1.0395164614783752,2.9440188823251727,43.42103776465035,31.644962235349663,46.365056646975525,28.700943353024492,49.3090755293007,25.756924470699317
20180705,UNIP3,UNIPAR,37.98,38.91,37.25,38.14,717913.0,36.73649999999999,37.70650000000001,1.0880512516954806,2.7599707820824295,43.22644156416487,32.18655843583515,45.9864123462473,29.426587653752726,48.74638312832973,26.666616871670293
20180706,UNIP3,UNIPAR,38.99,39.58,38.7,38.7,579878.0,36.7215,37.85925000000002,1.0568238164177044,2.635824580268706,43.13089916053743,32.5876008394626,45.766723740806135,29.9517762591939,48.40254832107484,27.315951678925195
20180710,UNIP3,UNIPAR,39.0,39.7,37.4,39.24,539021.0,36.808499999999995,38.02325000000001,1.1877899645982508,2.506203981609614,43.035657963219236,33.01084203678079,45.54186194482885,30.50463805517117,48.04806592643847,27.998434073561555
20180711,UNIP3,UNIPAR,38.99,39.0,38.4,38.4,127964.0,36.858999999999995,38.13325000000002,1.2343713507608884,2.4201752294050176,42.973600458810054,33.29289954118998,45.39377568821507,30.872724311784964,47.81395091762009,28.452549082379946
20180712,UNIP3,UNIPAR,38.99,39.09,38.23,38.3,182071.0,36.902499999999996,38.19325000000001,1.2703579064683417,2.3929869624726523,42.979223924945316,33.40727607505471,45.37221088741797,31.014289112582055,47.765197849890626,28.621302150109404
20180713,UNIP3,UNIPAR,38.35,38.4,38.0,38.2,171903.0,36.902499999999996,38.21325000000001,1.2703579064683417,2.3895277802989656,42.99230556059794,33.43419443940208,45.381833340896904,31.044666659103115,47.77136112119587,28.655138878804145
20180716,UNIP3,UNIPAR,38.3,39.3,38.3,38.5,198231.0,36.9525,38.25075000000001,1.3140410752212937,2.3817569333883717,43.01426386677675,33.48723613322327,45.396020800165125,31.105479199834896,47.7777777335535,28.723722266446522
20180717,UNIP3,UNIPAR,38.6,38.99,38.4,38.4,115984.0,37.0725,38.23575000000001,1.3319430800230785,2.3788047930819656,42.99335958616394,33.47814041383608,45.37216437924591,31.09933562075411,47.75096917232787,28.72053082767215
20180718,UNIP3,UNIPAR,38.45,38.45,37.52,38.0,587814.0,37.1975,38.16575000000002,1.2933509109857546,2.3423305154460445,42.850411030892104,33.48108896910793,45.19274154633815,31.138758453661882,47.53507206178419,28.79642793821584
20180719,UNIP3,UNIPAR,36.8,37.5,36.5,36.8,199307.0,37.288,38.00075000000001,1.189947367257233,2.191784646332168,42.384319292664344,33.61718070733568,44.57610393899651,31.425396061003507,46.767888585328684,29.233611414671337
20180720,UNIP3,UNIPAR,37.2,38.23,36.6,37.26,179806.0,37.36599999999999,37.76975000000001,1.1299948765604853,1.706172034942696,41.1820940698854,34.357405930114616,42.8882661048281,32.65123389517192,44.594438139770794,30.945061860229224
20180723,UNIP3,UNIPAR,37.45,37.89,37.2,37.2,224216.0,37.39099999999999,37.662250000000014,1.1199713342197644,1.59709269114305,40.856435382286115,34.468064617713914,42.45352807342916,32.87097192657087,44.050620764572216,31.273879235427813
20180724,UNIP3,UNIPAR,37.61,38.95,37.2,38.51,330257.0,37.49649999999999,37.67500000000001,1.121086291810102,1.601886708116717,40.87877341623344,34.47122658376658,42.480660124350166,32.86933987564986,44.08254683246688,31.267453167533144
20180725,UNIP3,UNIPAR,39.0,39.0,38.8,38.88,268911.0,37.63999999999999,37.734000000000016,1.1043550153824242,1.6017167072414518,40.93743341448292,34.530566585517114,42.53915012172437,32.92884987827566,44.14086682896583,31.32713317103421
20180726,UNIP3,UNIPAR,38.8,38.8,38.0,38.0,253954.0,37.76449999999999,37.70650000000002,0.985556081343928,1.5870381217853549,40.88057624357073,34.53242375642931,42.467614365356084,32.945385634643955,44.05465248714144,31.3583475128586
20180727,UNIP3,UNIPAR,37.5,39.16,37.5,38.49,258742.0,37.913999999999994,37.62025000000001,0.8400025062621128,1.437792980176958,40.49583596035393,34.744664039646096,41.93362894053089,33.30687105946914,43.371421920707846,31.86907807929218
20180730,UNIP3,UNIPAR,38.7,39.0,38.7,38.8,58348.0,38.04549999999999,37.552500000000016,0.7540799552750914,1.3077750727956334,40.16805014559128,34.93694985440875,41.475825218386916,33.629174781613116,42.78360029118255,32.32139970881748
20180731,UNIP3,UNIPAR,38.94,39.05,38.61,38.65,439694.0,38.15299999999999,37.50875000000001,0.6708133319457088,1.2374543503623685,39.98365870072475,35.033841299275274,41.221113051087116,33.79638694891291,42.458567401449486,32.55893259855054
20180801,UNIP3,UNIPAR,39.0,41.26,39.0,41.2,1180491.0,38.367999999999995,37.54875000000002,0.8985227642608995,1.329241517866673,40.20723303573337,34.89026696426667,41.53647455360004,33.5610254464,42.865716071466714,32.231783928533325
20180802,UNIP3,UNIPAR,41.5,45.0,41.5,42.28,668132.0,38.59749999999999,37.62150000000002,1.2382112522762283,1.50012401196769,40.621748023935396,34.62125197606464,42.12187203590309,33.12112796409695,43.62199604787078,31.621003952129257
20180803,UNIP3,UNIPAR,44.94,44.94,42.0,43.3,124703.0,38.85549999999999,37.79600000000002,1.6173906047771363,1.7327757485813873,41.2615514971628,34.33044850283724,42.99432724574418,32.59767275425586,44.72710299432557,30.86489700567447
20180806,UNIP3,UNIPAR,43.3,44.0,43.0,43.5,73744.0,39.09549999999999,37.90850000000002,1.920776912441607,1.9459208485233783,41.800341697046775,34.01665830295326,43.746262545570154,32.07073745442988,45.69218339409353,30.124816605906503
20180807,UNIP3,UNIPAR,43.0,43.74,42.21,42.99,351937.0,39.28299999999999,38.04575000000002,2.109395273781782,2.1035926381263765,42.25293527625277,33.83856472374727,44.35652791437915,31.73497208562089,46.46012055250553,29.631379447494513
20180808,UNIP3,UNIPAR,42.8,43.19,42.5,43.19,133323.0,39.52249999999999,38.19075000000002,2.2696994352372,2.251901062976769,42.694552125953564,33.68694787404648,44.94645318893033,31.435046811069718,47.1983542519071,29.183145748092947
20180809,UNIP3,UNIPAR,43.1,43.75,42.0,42.0,301806.0,39.70749999999999,38.30500000000002,2.3151466362562636,2.3269921159497544,42.95898423189953,33.651015768100514,45.285976347849285,31.324023652150757,47.612968463799035,28.997031536201003
20180810,UNIP3,UNIPAR,42.5,42.5,39.4,39.65,224857.0,39.77999999999999,38.34125000000002,2.2879984357742758,2.3365887775525724,43.01442755510516,33.668072444894875,45.351016332657736,31.331483667342297,47.687605110210306,28.994894889789727
20180813,UNIP3,UNIPAR,40.49,42.6,40.49,42.41,431256.0,39.97549999999998,38.46400000000002,2.3393419565069884,2.4187863029807306,43.30157260596148,33.62642739403856,45.72035890894221,31.20764109105783,48.139145211922944,28.788854788077096
20180814,UNIP3,UNIPAR,43.5,44.0,42.27,44.0,344377.0,40.255499999999984,38.66400000000002,2.4722065043196233,2.537647608438847,43.739295216877714,33.58870478312233,46.27694282531657,31.051057174683482,48.81459043375541,28.513409566244633
20180815,UNIP3,UNIPAR,42.51,42.59,41.6,42.1,888575.0,40.46049999999998,38.82900000000002,2.4451745713160795,2.5412129145199733,43.91142582903997,33.74657417096007,46.452638743559945,31.205361256440103,48.99385165807992,28.66414834192013
20180816,UNIP3,UNIPAR,42.1,42.84,42.1,42.77,85014.0,40.758999999999986,39.02350000000002,2.3367901961992366,2.537579656448353,44.09865931289673,33.94834068710331,46.63623896934508,31.41076103065496,49.17381862579343,28.87318137420661
20180817,UNIP3,UNIPAR,42.33,42.33,41.8,41.85,176561.0,40.98849999999999,39.177250000000015,2.196229484222595,2.5172787377622248,44.211807475524466,34.142692524475564,46.72908621328669,31.62541378671334,49.24636495104892,29.108135048951116
20180820,UNIP3,UNIPAR,41.85,41.85,41.0,41.4,319365.0,41.19849999999998,39.294750000000015,2.0076125517377497,2.508358322560597,44.31146664512121,34.27803335487882,46.819824967681804,31.769675032318222,49.32818329024241,29.261316709757626
20180821,UNIP3,UNIPAR,41.35,41.35,40.5,41.15,135467.0,41.33049999999999,39.41350000000001,1.905746089565699,2.480079144725548,44.37365828945111,34.45334171054892,46.85373743417666,31.97326256582337,49.3338165789022,29.49318342109782
20180822,UNIP3,UNIPAR,40.5,41.0,40.0,40.36,314196.0,41.404499999999985,39.522250000000014,1.832928272636928,2.4216962560177318,44.36564251203548,34.67885748796455,46.78733876805321,32.25716123194682,49.20903502407094,29.835464975929085
20180823,UNIP3,UNIPAR,40.27,41.3,40.11,41.3,132791.0,41.569499999999984,39.667000000000016,1.6497000524816938,2.347634051769076,44.36226810353817,34.97173189646186,46.70990215530725,32.624097844692784,49.05753620707632,30.276463792923714
20180824,UNIP3,UNIPAR,41.3,41.3,40.03,40.92,153971.0,41.69099999999998,39.802500000000016,1.4930008636794472,2.2555671866147957,44.313634373229604,35.29136562677043,46.5692015598444,33.03579844015563,48.8247687464592,30.780231253540833
20180827,UNIP3,UNIPAR,41.75,41.75,41.0,41.0,20581.0,41.80099999999998,39.92325000000001,1.3422208618947429,2.184276430683873,44.291802861367756,35.554697138632264,46.47607929205163,33.37042070794839,48.6603557227355,31.186144277264518
20180828,UNIP3,UNIPAR,41.0,41.0,40.12,40.7,146106.0,41.90349999999999,40.028250000000014,1.1540057237841224,2.115360049973928,44.258970099947874,35.797529900052155,46.374330149921796,33.68216985007823,48.489690199895726,31.566809800104302
20180829,UNIP3,UNIPAR,41.7,42.1,41.6,41.64,335367.0,41.925499999999985,40.14675000000001,1.1440393579907027,2.06785704448115,44.282464088962314,36.01103591103771,46.35032113344346,33.943178866556565,48.41817817792461,31.875321822075414
20180830,UNIP3,UNIPAR,41.6,41.88,40.7,40.71,238797.0,41.84699999999999,40.22225000000002,1.1719578760169225,2.030655429746523,44.283560859493065,36.16093914050697,46.31421628923959,34.130283710760445,48.34487171898611,32.09962828101392
20180831,UNIP3,UNIPAR,41.5,42.4,40.6,40.6,2611620.0,41.71199999999999,40.28375000000001,1.1510983313432688,2.003039597263417,44.289829194526845,36.27767080547318,46.29286879179026,34.27463120820976,48.29590838905368,32.271591610946345
20180903,UNIP3,UNIPAR,42.01,42.01,40.7,41.4,774346.0,41.606999999999985,40.35125000000001,1.0725135258625427,1.9937725965281832,44.33879519305637,36.363704806943645,46.33256778958456,34.369932210415456,48.32634038611274,32.376159613887275
20180904,UNIP3,UNIPAR,40.81,41.0,40.5,41.0,199068.0,41.507499999999986,40.39525000000001,1.0288771344990366,1.9880321251854303,44.37131425037087,36.41918574962915,46.3593463755563,34.43115362444372,48.34737850074173,32.44312149925829
20180905,UNIP3,UNIPAR,40.33,40.92,40.33,40.9,101808.0,41.39299999999999,40.45775000000001,0.9566724127220209,1.9628347991407782,44.38341959828157,36.53208040171845,46.34625439742234,34.56924560257768,48.30908919656312,32.6064108034369
20180906,UNIP3,UNIPAR,41.0,41.3,41.0,41.15,115427.0,41.35049999999998,40.52900000000001,0.9471201502172705,1.9340164133687077,44.39703282673742,36.6609671732626,46.33104924010613,34.72695075989389,48.26506565347484,32.79293434652518
20180910,UNIP3,UNIPAR,40.7,40.7,40.52,40.52,85350.0,41.393999999999984,40.58700000000001,0.8826956321108558,1.8968100076518681,44.38062001530375,36.79337998469627,46.27743002295561,34.89656997704441,48.174240030607486,32.999759969392535
20180911,UNIP3,UNIPAR,40.0,40.49,40.0,40.15,100354.0,41.280999999999985,40.628250000000016,0.8904103134600407,1.8679824403446552,44.364214880689325,36.892285119310706,46.23219732103398,35.02430267896605,48.100179761378634,33.1563202386214
20180912,UNIP3,UNIPAR,41.41,41.41,40.95,40.95,20521.0,41.12849999999999,40.692000000000014,0.6204944971978837,1.8331760305476497,44.35835206109532,37.02564793890471,46.191528091642965,35.192471908357064,48.02470412219061,33.359295877809416
20180913,UNIP3,UNIPAR,40.5,40.5,37.8,37.8,246431.0,40.913499999999985,40.68700000000001,0.9326209530701614,1.8409629587215202,44.36892591744305,37.00507408255697,46.20988887616457,35.164111123835454,48.05085183488609,33.323148165113935
20180914,UNIP3,UNIPAR,37.8,38.74,36.1,37.2,473926.0,40.634999999999984,40.69700000000002,1.1543533163410602,1.820277803537515,44.337555607075046,37.05644439292499,46.15783341061256,35.23616658938747,47.978111214150076,33.41588878584996
20180917,UNIP3,UNIPAR,37.19,38.25,37.19,38.24,1576810.0,40.45449999999998,40.72150000000001,1.233870568150326,1.7789575599210001,44.279415119842014,37.16358488015801,46.05837267976301,35.384627320237016,47.837330239684015,33.60566976031601
20180918,UNIP3,UNIPAR,38.5,38.5,37.75,37.94,227783.0,40.28149999999999,40.740000000000016,1.3329124225979867,1.7449193648256844,44.229838729651384,37.25016127034865,45.97475809447707,35.505241905522965,47.71967745930275,33.76032254069728
20180919,UNIP3,UNIPAR,37.94,39.0,36.55,38.99,300297.0,40.17349999999999,40.75200000000002,1.346278593988564,1.730783430141207,44.213566860282434,37.2904331397176,45.944350290423635,35.5596497095764,47.675133720564844,33.82886627943519
20180920,UNIP3,UNIPAR,38.2,38.2,37.85,37.85,133478.0,40.04799999999999,40.72625000000001,1.4415948770281937,1.7666391204916079,44.25952824098322,37.19297175901679,46.02616736147483,35.42633263852518,47.79280648196644,33.65969351803358
20180921,UNIP3,UNIPAR,38.25,38.25,36.8,36.8,398363.0,39.82299999999999,40.696250000000006,1.5803933554324345,1.8233987531038272,44.34304750620766,37.04945249379235,46.166446259311485,35.22605374068853,47.989845012415316,33.4026549875847
20180924,UNIP3,UNIPAR,36.85,37.0,35.52,35.52,352014.0,39.55299999999999,40.62200000000001,1.8254000282563128,1.9701102403100272,44.56222048062006,36.68177951937995,46.53233072093009,34.71166927906992,48.50244096124012,32.741559038759895
20180925,UNIP3,UNIPAR,35.49,36.5,34.12,36.1,2648436.0,39.30799999999999,40.554500000000004,1.9458257616593257,2.0774651097073455,44.7094302194147,36.39956978058531,46.78689532912204,34.32210467087797,48.86436043882939,32.24463956117062
20180926,UNIP3,UNIPAR,36.12,36.12,34.5,35.1,1371544.0,39.02799999999999,40.46575,2.129246469133164,2.231062627699638,44.92787525539928,36.00362474460072,47.158937883098915,33.772562116901085,49.39000051079855,31.54149948920145
20180927,UNIP3,UNIPAR,35.25,35.51,34.77,34.87,221544.0,38.689499999999995,40.3075,2.227990539052068,2.396041339911347,45.09958267982269,35.515417320177306,47.49562401973404,33.11937598026596,49.89166535964539,30.723334640354608
20180928,UNIP3,UNIPAR,34.8,34.9,33.95,34.0,5037225.0,38.35399999999999,40.1005,2.405833699463442,2.572434694294552,45.2453693885891,34.955630611410896,47.817804082883654,32.38319591711634,50.390238777178205,29.81076122282179
20181001,UNIP3,UNIPAR,34.08,34.25,33.1,34.0,438914.0,38.02399999999999,39.868,2.5309399127805325,2.693279575498041,45.25455915099609,34.48144084900392,47.947838726494126,31.788161273505878,50.641118301992165,29.09488169800784
20181002,UNIP3,UNIPAR,34.01,36.8,34.0,34.94,653938.0,37.70099999999999,39.654,2.489288420835467,2.737012970374826,45.12802594074965,34.179974059250355,47.86503891112448,31.442961088875528,50.60205188149931,28.7059481185007
20181003,UNIP3,UNIPAR,35.01,36.01,33.53,33.53,662228.0,37.32749999999999,39.417500000000004,2.5283484832261247,2.8478311585647633,45.11316231712953,33.72183768287048,47.960993475694295,30.874006524305713,50.808824634259054,28.02617536574095
20181004,UNIP3,UNIPAR,34.0,35.98,34.0,34.85,628082.0,37.02499999999999,39.208999999999996,2.4387604703166756,2.869767077120211,44.94853415424042,33.46946584575957,47.81830123136063,30.599698768639364,50.68806830848084,27.729931691519152
20181005,UNIP3,UNIPAR,35.9,37.0,34.87,37.0,217526.0,36.817499999999995,39.083999999999996,2.237566523562749,2.853930982221197,44.79186196444239,33.3761380355576,47.64579294666359,30.522207053336405,50.499723928884784,27.66827607111521
20181008,UNIP3,UNIPAR,38.4,38.4,36.6,37.12,334418.0,36.647499999999994,39.02074999999999,2.0638795226976763,2.8690607660848126,44.75887153216962,33.282628467830364,47.62793229825443,30.413567701745556,50.49699306433924,27.544506935660742
20181009,UNIP3,UNIPAR,37.13,39.7,37.13,39.0,205896.0,36.589999999999996,38.93549999999999,1.975281458958577,2.8159417516557292,44.56738350331145,33.303616496688534,47.383325254967176,30.487674745032802,50.199267006622904,27.671732993377073
20181010,UNIP3,UNIPAR,39.0,39.0,38.12,38.6,96616.0,36.4725,38.800499999999985,1.760492978206971,2.6937058164619625,44.187911632923914,33.41308836707606,46.88161744938587,30.7193825506141,49.575323265847835,28.025676734152135
20181011,UNIP3,UNIPAR,39.0,39.0,37.7,38.22,130476.0,36.4935,38.70349999999999,1.7795631486407728,2.641191990031225,43.98588398006244,33.42111601993754,46.627075970093664,30.779924029906315,49.26826796012489,28.13873203987509
20181015,UNIP3,UNIPAR,38.59,38.59,36.49,36.5,632598.0,36.4585,38.54674999999999,1.7718033483610474,2.5789884595241874,43.70472691904836,33.388773080951616,46.28371537857255,30.809784621427426,48.862703838096735,28.23079616190324
20181016,UNIP3,UNIPAR,37.5,40.0,37.5,39.84,408403.0,36.5385,38.49649999999999,1.8887374646907855,2.5321325257981844,43.56076505159636,33.43223494840362,46.092897577394545,30.900102422605435,48.62503010319273,28.367969896807253
20181017,UNIP3,UNIPAR,40.98,42.0,40.4,40.61,1007788.0,36.672000000000004,38.47674999999999,2.07790025595178,2.5119053831396827,43.50056076627936,33.45293923372062,46.01246614941904,30.94103385058094,48.52437153255872,28.42912846744126
20181018,UNIP3,UNIPAR,40.75,42.0,40.5,40.5,671502.0,36.7475,38.46049999999998,2.1909163547895822,2.4962217090059893,43.45294341801196,33.468056581988,45.94916512701795,30.971834872982015,48.44538683602394,28.475613163976025
20181019,UNIP3,UNIPAR,39.68,39.68,37.49,37.9,433849.0,36.75,38.39899999999999,2.1922687119200095,2.4784639577253387,43.355927915450664,33.44207208454931,45.834391873176,30.96360812682397,48.31285583090134,28.485144169098632
20181022,UNIP3,UNIPAR,37.9,37.95,37.0,37.55,630090.0,36.7875,38.30524999999999,2.199571429548145,2.4364854759179106,43.17822095183581,33.43227904816416,45.61470642775372,30.995793572246257,48.05119190367163,28.559308096328344
20181023,UNIP3,UNIPAR,37.49,37.49,36.68,36.75,169399.0,36.849000000000004,38.200999999999986,2.1793695370330455,2.4108151616392512,43.02263032327849,33.37936967672148,45.43344548491774,30.968554515082232,47.84426064655699,28.557739353442983
20181024,UNIP3,UNIPAR,38.87,38.87,37.0,37.03,126933.0,36.8955,38.10174999999999,2.172457921583959,2.374069196818406,42.8498883936368,33.353611606363174,45.22395759045521,30.97954240954477,47.59802678727361,28.605473212726366
20181025,UNIP3,UNIPAR,37.03,38.47,37.03,37.2,221713.0,37.0005,38.01424999999999,2.131472125328618,2.3401072597595656,42.69446451951912,33.33403548048086,45.034571779278686,30.993928220721294,47.374679039038256,28.653820960961728
20181026,UNIP3,UNIPAR,38.0,38.49,37.31,37.45,248964.0,37.1295,37.90949999999999,2.0730157919525065,2.266259710828176,42.44201942165634,33.376980578343634,44.70827913248451,31.11072086751546,46.97453884331269,28.84446115668728
20181029,UNIP3,UNIPAR,37.52,38.8,37.52,37.89,277476.0,37.324,37.838999999999984,1.942305737763145,2.2203035135556624,42.27960702711131,33.39839297288866,44.499910540666974,31.178089459333,46.72021405422264,28.957785945777335
20181030,UNIP3,UNIPAR,38.15,38.7,38.07,38.7,281879.0,37.559000000000005,37.79149999999999,1.797928340004058,2.1796736405909725,42.15084728118194,33.432152718818045,44.33052092177291,31.252479078227076,46.51019456236388,29.072805437636102
20181031,UNIP3,UNIPAR,39.0,39.0,37.8,37.8,227340.0,37.702,37.70149999999999,1.689103156614328,2.099712495581832,41.90092499116365,33.50207500883633,44.00063748674548,31.402362513254495,46.100349982327316,29.30265001767266
20181101,UNIP3,UNIPAR,38.51,39.4,38.5,39.01,234377.0,37.976,37.651749999999986,1.3957092141727074,2.0423464226855166,41.736442845371016,33.567057154628955,43.778789268056535,31.524710731943436,45.821135690742054,29.482364309257918
20181105,UNIP3,UNIPAR,39.04,40.0,37.81,39.4,368269.0,38.2035,37.614249999999984,1.2189912784111254,1.9943829937203486,41.603015987440685,33.62548401255928,43.59739898116103,31.63110101883894,45.59178197488138,29.63671802511859
20181106,UNIP3,UNIPAR,39.95,40.2,39.02,40.18,119967.0,38.3625,37.58999999999999,1.260437998224708,1.9558131629082163,41.501626325816424,33.678373674183554,43.45743948872464,31.72256051127534,45.41325265163285,29.766747348367126
20181107,UNIP3,UNIPAR,40.25,40.7,39.9,40.67,737590.0,38.53999999999999,37.593749999999986,1.3245853372998533,1.961709991243227,41.517169982486436,33.670330017513535,43.47887997372967,31.708620026270303,45.440589964972894,29.746910035027078
20181108,UNIP3,UNIPAR,40.99,41.09,40.51,40.8,282271.0,38.62999999999999,37.609999999999985,1.415515528182792,1.985970020689345,41.58194004137867,33.6380599586213,43.56791006206802,31.65208993793195,45.55388008275737,29.666119917242604
20181109,UNIP3,UNIPAR,41.49,41.49,39.41,40.0,388900.0,38.69999999999999,37.586249999999986,1.4481930665125524,1.9503644465481023,41.48697889309619,33.68552110690378,43.43734333964429,31.735156660355678,45.387707786192394,29.784792213807577
20181112,UNIP3,UNIPAR,41.0,41.0,39.29,40.48,2493557.0,38.81299999999999,37.653249999999986,1.4961462776783623,2.0032120200906878,41.65967404018136,33.646825959818614,43.66288606027205,31.64361393972792,45.66609808036274,29.640401919637235
20181113,UNIP3,UNIPAR,41.0,41.0,38.45,39.22,1143586.0,38.94899999999999,37.703749999999985,1.3950359361529683,2.016907619637986,41.73756523927596,33.66993476072401,43.75447285891394,31.653027141086028,45.77138047855193,29.63611952144804
20181114,UNIP3,UNIPAR,41.0,41.0,39.22,40.2,968176.0,38.96699999999999,37.752749999999985,1.409386204588545,2.0537420349580837,41.86023406991615,33.645265930083816,43.91397610487424,31.591523895125732,45.96771813983232,29.537781860167648
20181116,UNIP3,UNIPAR,40.0,40.59,39.9,40.59,569230.0,38.965999999999994,37.81899999999998,1.4081656601110837,2.10210980708087,42.02321961416172,33.614780385838245,44.12532942124259,31.512670578757373,46.22743922832346,29.4105607716765
20181119,UNIP3,UNIPAR,40.6,40.6,39.6,39.76,978419.0,38.92899999999999,37.83824999999998,1.3750709072627108,2.116583952553043,42.07141790510607,33.605082094893895,44.18800185765911,31.488498142340852,46.30458581021215,29.37191418978781
20181121,UNIP3,UNIPAR,39.6,39.67,38.7,39.49,569534.0,39.00849999999999,37.879249999999985,1.3583088362876596,2.132640577625135,42.144531155250256,33.613968844749714,44.27717173287539,31.48132826712458,46.40981231050053,29.348687689499442
20181122,UNIP3,UNIPAR,39.5,39.54,38.4,39.08,630572.0,39.084999999999994,37.93624999999999,1.3142117909907978,2.1335244555814317,42.20329891116285,33.66920108883713,44.336823366744284,31.53567663325569,46.470347822325714,29.40215217767426
20181123,UNIP3,UNIPAR,39.69,39.9,37.66,37.74,601003.0,39.134499999999996,37.99174999999998,1.2380735247277808,2.097631005046712,42.187012010093405,33.79648798990656,44.28464301514012,31.698856984859844,46.38227402018683,29.601225979813133
20181126,UNIP3,UNIPAR,38.74,38.74,36.99,36.99,2281170.0,39.1325,38.01399999999999,1.2416791474706537,2.081710095829117,42.17742019165822,33.850579808341756,44.25913028748734,31.76886971251264,46.340840383316454,29.687159616683523
20181127,UNIP3,UNIPAR,37.29,37.83,36.2,37.54,938119.0,39.149499999999996,38.07499999999999,1.2158881311077565,2.0292198829435133,42.13343976588702,34.01656023411296,44.16265964883053,31.98734035116945,46.19187953177404,29.958120468225935
20181128,UNIP3,UNIPAR,37.54,39.42,37.54,39.42,154837.0,39.24799999999999,38.18874999999999,1.148915277899012,1.9716649056064175,42.132079811212826,34.24542018878716,44.10374471681924,32.27375528318074,46.07540962242566,30.302090377574324
20181129,UNIP3,UNIPAR,38.06,39.26,38.06,39.0,305187.0,39.30349999999999,38.31374999999999,1.1058660573696952,1.8542987996710536,42.0223475993421,34.605152400657886,43.876646399013154,32.75085360098683,45.7309451986842,30.896554801315776
20181130,UNIP3,UNIPAR,39.0,39.5,38.85,39.24,187897.0,39.33049999999999,38.44474999999999,1.0969118133724687,1.7221155556987078,41.888981111397406,35.00051888860258,43.61109666709611,33.27840333290387,45.33321222279482,31.55628777720516
20181203,UNIP3,UNIPAR,39.8,39.8,38.8,39.34,1035839.0,39.40749999999999,38.55474999999999,1.0361917877752729,1.6306031407317023,41.81595628146339,35.29354371853659,43.4465594221951,33.66294057780488,45.0771625629268,32.03233743707318
20181204,UNIP3,UNIPAR,39.34,39.45,38.0,39.0,512633.0,39.407,38.69149999999999,1.0363960836019923,1.4132877653515254,41.518075530703044,35.86492446929694,42.93136329605457,34.45163670394541,44.34465106140609,33.03834893859389
20181205,UNIP3,UNIPAR,39.95,40.1,39.25,39.9,1157996.0,39.431999999999995,38.81775,1.0422324218008745,1.2806618631365259,41.37907372627305,36.256426273726944,42.65973558940957,34.97576441059042,43.9403974525461,33.69510254745389
20181206,UNIP3,UNIPAR,40.9,40.9,39.1,39.1,599094.0,39.378,38.87024999999999,1.0293360149043815,1.2468308286951482,41.36391165739029,36.37658834260969,42.610742486085435,35.12975751391455,43.85757331478058,33.8829266852194
20181207,UNIP3,UNIPAR,39.99,39.99,39.0,39.9,443651.0,39.3395,38.93975,0.992198383177091,1.2240401524753237,41.38783030495065,36.491669695049346,42.611870457425965,35.26762954257403,43.83591060990129,34.0435893900987
20181210,UNIP3,UNIPAR,39.98,39.98,39.01,39.79,177326.0,39.289,38.9595,0.9381835753480867,1.2313885220789222,41.422277044157845,36.49672295584215,42.65366556623677,35.26533443376323,43.885054088315684,34.03394591168431
20181211,UNIP3,UNIPAR,39.77,39.92,39.61,39.85,175182.0,39.2815,38.99075,0.9327845974625898,1.237875325108649,41.4665006502173,36.5149993497827,42.704375975325945,35.27712402467405,43.94225130043459,34.039248699565405
20181212,UNIP3,UNIPAR,40.0,41.0,40.0,41.0,573377.0,39.3075,39.060249999999996,0.9742736835851638,1.27108773830195,41.6024254766039,36.518074523396095,42.87351321490585,35.246986785094144,44.1446009532078,33.97589904679219
20181213,UNIP3,UNIPAR,40.89,41.05,40.3,40.49,146855.0,39.370999999999995,39.16,1.0090375821075994,1.2205736356320482,41.6011472712641,36.7188527287359,42.82172090689614,35.498279093103854,44.04229454252819,34.277705457471804
20181214,UNIP3,UNIPAR,40.5,41.5,40.5,41.46,139997.0,39.434,39.2005,1.098857780175814,1.2696071469916774,41.739714293983354,36.66128570601664,43.00932144097503,35.39167855902497,44.27892858796671,34.122071412033286
20181217,UNIP3,UNIPAR,40.99,41.0,39.9,40.01,258582.0,39.404999999999994,39.185500000000005,1.0741189780222928,1.2559988363542043,41.697497672708415,36.673502327291594,42.95349650906262,35.41750349093739,44.20949534541682,34.16150465458319
20181218,UNIP3,UNIPAR,40.19,40.5,39.8,39.95,80316.0,39.4145,39.17175,1.078256267752548,1.244194492793419,41.66013898558684,36.683361014413165,42.90433347838026,35.43916652161975,44.14852797117368,34.19497202882633
20181219,UNIP3,UNIPAR,40.5,40.5,39.59,39.79,143276.0,39.4295,39.219,1.081443844808398,1.2304716627458567,41.67994332549171,36.75805667450829,42.91041498823757,35.52758501176243,44.140886650983425,34.29711334901658
20181220,UNIP3,UNIPAR,40.98,40.99,38.7,40.31,317378.0,39.49099999999999,39.288,1.0954061971900608,1.2117230791368412,41.71144615827368,36.86455384172631,42.92316923741052,35.652830762589474,44.134892316547365,34.44110768345263
20181221,UNIP3,UNIPAR,37.0,37.8,36.1,36.79,198787.0,39.443499999999986,39.289,1.1916961596155256,1.2095894620352452,41.708178924070495,36.86982107592951,42.917768386105735,35.66023161389427,44.12735784814098,34.45064215185902
20181226,UNIP3,UNIPAR,36.89,38.0,36.89,37.56,172546.0,39.471999999999994,39.30225,1.135418309189345,1.1868996188087066,41.67604923761741,36.92845076238259,42.86294885642612,35.74155114357388,44.049848475234825,34.55465152476518
20181227,UNIP3,UNIPAR,38.0,38.9,36.0,37.0,587378.0,39.44499999999999,39.29725,1.1889380489372914,1.1963662664877306,41.689982532975456,36.90451746702454,42.88634879946319,35.708151200536804,44.08271506595092,34.511784934049075
20181228,UNIP3,UNIPAR,37.03,37.7,37.0,37.5,96915.0,39.349,39.2985,1.266075161982796,1.1944112378608356,41.68732247572167,36.90967752427832,42.881733713582506,35.71526628641749,44.07614495144334,34.520855048556655
