DATA DO PREGAO,CODIGO DE NEGOGIACAO DO PAPEL,NOME RESUMIDO DA EMPRESA EMISSORA,PRECO DE ABERTURA,PRECO MAXIMO,PRECO MINIMO,PRECO FECHAMENTO,VOLUME TOTAL DE TITULOS NEGOCIADOS NESTE PAPEL,MA_20,MA_40,STD_20,STD_40,BANDA_1_40 SUPERIOR,BANDA_1_40 INFERIOR,BANDA_2_40 SUPERIOR,BANDA_2_40 SUPEROR
20180102,VALE3,VALE,40.44,41.74,40.44,41.72,584490551.0,,,,,,,,
20180103,VALE3,VALE,41.83,41.88,41.3,41.47,530011942.0,,,,,,,,
20180104,VALE3,VALE,41.81,42.37,41.52,41.64,774747912.0,,,,,,,,
20180105,VALE3,VALE,41.57,42.29,41.31,42.29,638897201.0,,,,,,,,
20180108,VALE3,VALE,42.4,43.23,42.4,43.23,624702239.0,,,,,,,,
20180109,VALE3,VALE,43.58,43.75,42.93,43.07,692635956.0,,,,,,,,
20180110,VALE3,VALE,42.74,42.95,42.42,42.47,517775599.0,,,,,,,,
20180111,VALE3,VALE,42.6,43.3,42.6,43.3,439432600.0,,,,,,,,
20180112,VALE3,VALE,42.95,43.66,42.75,43.55,652035283.0,,,,,,,,
20180115,VALE3,VALE,43.5,43.72,43.27,43.47,315487028.0,,,,,,,,
20180116,VALE3,VALE,42.98,43.14,42.3,42.3,858879617.0,,,,,,,,
20180117,VALE3,VALE,42.4,43.22,42.36,43.15,707945960.0,,,,,,,,
20180118,VALE3,VALE,43.5,43.61,42.68,42.86,463740293.0,,,,,,,,
20180119,VALE3,VALE,43.2,43.4,42.6,42.88,480193446.0,,,,,,,,
20180122,VALE3,VALE,43.1,43.16,42.22,42.65,493060038.0,,,,,,,,
20180123,VALE3,VALE,41.99,42.11,40.8,40.87,1005678548.0,,,,,,,,
20180124,VALE3,VALE,41.21,42.13,41.14,41.78,921090140.0,,,,,,,,
20180126,VALE3,VALE,41.85,41.88,40.71,41.43,793958021.0,,,,,,,,
20180129,VALE3,VALE,41.1,42.24,41.04,41.89,697169334.0,,,,,,,,
20180130,VALE3,VALE,41.7,41.96,41.23,41.47,547302650.0,42.3745,,0.8010616311134275,,,,,
20180131,VALE3,VALE,41.75,42.68,41.45,41.45,960097834.0,42.361,,0.8148290101545679,,,,,
20180201,VALE3,VALE,41.6,42.47,41.57,41.79,920862393.0,42.376999999999995,,0.7994083338385496,,,,,
20180202,VALE3,VALE,41.65,41.65,40.75,40.8,735811060.0,42.334999999999994,,0.8599418584997477,,,,,
20180205,VALE3,VALE,40.6,42.04,40.33,40.35,923610479.0,42.23799999999999,,0.9679201793971486,,,,,
20180206,VALE3,VALE,40.01,42.47,39.93,42.47,1078958144.0,42.199999999999996,,0.9414825934047897,,,,,
20180207,VALE3,VALE,42.43,42.72,41.7,41.71,868494891.0,42.13199999999999,,0.9242954642662459,,,,,
20180208,VALE3,VALE,41.69,42.13,41.07,41.59,787830337.0,42.087999999999994,,0.9282955518470098,,,,,
20180209,VALE3,VALE,41.4,42.4,41.03,42.0,950851013.0,42.022999999999996,,0.8833911930735995,,,,,
20180214,VALE3,VALE,43.4,44.55,43.26,44.51,1139832997.0,42.071,,0.9903369974009097,,,,,
20180215,VALE3,VALE,45.01,45.96,44.95,45.95,1414199108.0,42.195,,1.285884909313426,,,,,
20180216,VALE3,VALE,45.82,46.19,45.47,46.03,968157606.0,42.3815,,1.5460825708187351,,,,,
20180219,VALE3,VALE,46.1,46.8,45.96,46.45,593221468.0,42.5465,,1.7893641181627662,,,,,
20180220,VALE3,VALE,46.05,46.45,45.24,45.51,845977795.0,42.679,,1.9079829525885212,,,,,
20180221,VALE3,VALE,45.51,45.96,44.71,44.8,1099598850.0,42.775,,1.9660473303720705,,,,,
20180222,VALE3,VALE,45.23,45.68,45.12,45.67,640345727.0,42.926,,2.06920884957461,,,,,
20180223,VALE3,VALE,46.0,46.41,45.65,46.08,804862678.0,43.1865,,2.123976595668452,,,,,
20180226,VALE3,VALE,46.74,47.4,46.69,47.4,959852224.0,43.4675,,2.2931290389931522,,,,,
20180227,VALE3,VALE,47.47,47.6,46.71,47.33,709735772.0,43.7625,,2.3944824185262976,,,,,
20180228,VALE3,VALE,46.99,47.09,44.65,45.05,1814392209.0,43.920500000000004,,2.3685382456385615,,,,,
20180301,VALE3,VALE,45.21,45.63,43.97,44.45,1153189602.0,44.069500000000005,43.221999999999994,2.298980265934846,1.9037307501930938,47.029461500386184,39.414538499613805,48.933192250579275,37.510807749420714
20180302,VALE3,VALE,43.8,43.88,42.74,43.75,1092848534.0,44.1845,43.272749999999995,2.2171187442975957,1.889669605499519,47.052089210999036,39.493410789000954,48.94175881649855,37.60374118350144
20180305,VALE3,VALE,43.48,43.94,42.88,43.7,700589321.0,44.28000000000001,43.3285,2.148627468874015,1.867890006644681,47.06428001328936,39.592719986710634,48.93217001993404,37.724829980065955
20180306,VALE3,VALE,44.5,44.92,43.42,43.49,989744833.0,44.41450000000001,43.37474999999999,1.9982531186803487,1.847805333708624,47.07036066741724,39.67913933258274,48.91816600112586,37.83133399887412
20180307,VALE3,VALE,42.51,43.02,42.2,42.85,822752989.0,44.53950000000001,43.388749999999995,1.798863603266751,1.841486561561133,47.07172312312226,39.70577687687773,48.913209684683395,37.864290315316595
20180308,VALE3,VALE,42.68,42.79,41.25,41.46,833431667.0,44.48900000000001,43.3445,1.8726814436720494,1.8664953447021668,47.07749068940433,39.611509310595665,48.943986034106494,37.7450139658935
20180309,VALE3,VALE,40.97,42.27,40.51,42.1,878310594.0,44.50850000000001,43.320249999999994,1.8440324092368157,1.876427986142681,47.073105972285354,39.567394027714634,48.949533958428034,37.690966041571954
20180312,VALE3,VALE,42.29,42.63,41.94,42.46,501437606.0,44.55200000000001,43.31999999999999,1.7807378719005775,1.8765448336825055,47.073089667365004,39.56691033263498,48.94963450104751,37.690365498952474
20180313,VALE3,VALE,42.74,42.8,42.05,42.13,585838406.0,44.55850000000001,43.290749999999996,1.7711437725825192,1.8859594409266875,47.06266888185337,39.51883111814662,48.94862832278006,37.63287167721993
20180314,VALE3,VALE,42.85,43.34,42.57,42.6,769953477.0,44.46300000000001,43.266999999999996,1.8245838746929184,1.8885908462701433,47.044181692540285,39.48981830745971,48.932772538810426,37.601227461189566
20180315,VALE3,VALE,42.7,42.82,42.13,42.4,679867937.0,44.285500000000006,43.240249999999996,1.8448747639709309,1.8932139103271988,47.02667782065439,39.4538221793456,48.91989173098159,37.5606082690184
20180316,VALE3,VALE,42.4,42.6,42.05,42.3,1134269107.0,44.099000000000004,43.240249999999996,1.8477722005872697,1.8932139103271988,47.02667782065439,39.4538221793456,48.91989173098159,37.5606082690184
20180319,VALE3,VALE,41.52,41.52,40.67,41.1,897720575.0,43.831500000000005,43.18899999999999,1.8765401393886614,1.923228855536757,47.035457711073505,39.34254228892648,48.95868656661026,37.419313433389725
20180320,VALE3,VALE,41.1,41.92,40.93,41.6,386478030.0,43.63600000000001,43.15749999999999,1.896041305346202,1.9390094616343898,47.03551892326877,39.279481076731216,48.97452838490316,37.340471615096824
20180321,VALE3,VALE,41.75,42.69,41.43,42.5,837737485.0,43.52100000000001,43.14799999999999,1.8914708840643426,1.9413334037757088,47.030666807551405,39.26533319244857,48.972000211327114,37.323999788672864
20180322,VALE3,VALE,41.94,42.25,41.62,41.93,639094288.0,43.33400000000001,43.12999999999999,1.8522998506834951,1.9493904372708593,47.02878087454171,39.23121912545827,48.97817131181257,37.28182868818741
20180323,VALE3,VALE,41.24,42.2,41.01,41.6,625766259.0,43.11000000000001,43.14824999999999,1.7718857038106104,1.9310205718008142,47.01029114360162,39.28620885639836,48.941311715402435,37.355188284597546
20180326,VALE3,VALE,42.0,42.38,41.61,42.0,413552169.0,42.84000000000001,43.15374999999999,1.4693715090401605,1.9273333344419892,47.00841666888397,39.29908333111601,48.93575000332596,37.37174999667402
20180327,VALE3,VALE,42.39,42.39,40.72,40.86,482448721.0,42.51650000000001,43.139499999999984,1.0927814583847493,1.9424527846289636,47.02440556925791,39.25459443074206,48.96685835388688,37.31214164611309
20180328,VALE3,VALE,40.61,41.7,40.06,41.54,776718668.0,42.34100000000001,43.130749999999985,0.9349410338850983,1.9490028844487988,47.02875576889758,39.23274423110239,48.977758653346385,37.283741346653585
20180329,VALE3,VALE,41.87,42.75,41.74,42.21,863080847.0,42.229000000000006,43.14924999999998,0.7922845049867752,1.9363054795812575,47.021860959162495,39.276639040837466,48.95816643874375,37.34033356125621
20180402,VALE3,VALE,42.32,43.47,42.32,43.0,814485403.0,42.191500000000005,43.18799999999998,0.7319568221375625,1.916839278737999,47.02167855747598,39.35432144252398,48.938517836213975,37.43748216378599
20180403,VALE3,VALE,43.4,43.55,42.44,42.87,587557318.0,42.150000000000006,43.21499999999998,0.6621257632170984,1.9042072177694105,47.023414435538804,39.40658556446116,48.927621653308215,37.50237834669175
20180404,VALE3,VALE,41.8,42.6,41.59,42.55,523747259.0,42.103,43.25874999999998,0.5916088679453809,1.8670395975914245,46.99282919518283,39.52467080481713,48.85986879277425,37.657631207225705
20180405,VALE3,VALE,43.31,43.69,43.03,43.25,636997098.0,42.123000000000005,43.33124999999998,0.6240622438591856,1.8065169596881765,46.94428391937634,39.71821608062363,48.75080087906451,37.91169912093545
20180406,VALE3,VALE,42.91,43.1,42.25,42.74,481300369.0,42.187,43.33799999999998,0.6180963985453805,1.803718665879192,46.94543733175836,39.730562668241596,48.74915599763756,37.9268440023624
20180409,VALE3,VALE,43.07,43.23,42.21,42.95,510109910.0,42.2295,43.368999999999986,0.6406121661102392,1.7855858767017925,46.94017175340357,39.7978282465964,48.72575763010536,38.01224236989461
20180410,VALE3,VALE,43.8,44.84,43.67,44.84,996943545.0,42.3485,43.45024999999998,0.8668046280205945,1.7764795025771918,47.00320900515437,39.8972909948456,48.77968850773156,38.12081149226841
20180411,VALE3,VALE,44.56,45.06,44.22,44.64,790325396.0,42.474000000000004,43.516249999999985,1.0043033720733576,1.7702479726341638,47.05674594526831,39.97575405473166,48.82699391790248,38.20550608209749
20180412,VALE3,VALE,44.42,44.86,44.32,44.81,438401965.0,42.5845,43.523749999999986,1.1323170236754734,1.7751947347133015,47.07413946942659,39.97336053057338,48.84933420413989,38.19816579586008
20180413,VALE3,VALE,44.85,45.17,44.6,44.98,695768916.0,42.713499999999996,43.49949999999998,1.2509418556894654,1.747612217151861,46.994724434303706,40.00427556569626,48.74233665145557,38.2566633485444
20180416,VALE3,VALE,44.61,44.85,44.31,44.54,509086602.0,42.8255,43.46224999999998,1.3108152344809616,1.707716255029591,46.87768251005917,40.0468174899408,48.585398765088755,38.33910123491121
20180417,VALE3,VALE,44.6,46.0,44.56,45.93,608329673.0,43.06699999999999,43.449249999999985,1.4168278133321555,1.6862329241118967,46.821715848223775,40.076784151776195,48.50794877233567,38.3905512276643
20180418,VALE3,VALE,47.0,48.08,46.85,47.48,1314779859.0,43.361,43.498499999999986,1.681703084125696,1.7744273904847574,47.0473547809695,39.94964521903047,48.82178217145426,38.17521782854571
20180419,VALE3,VALE,47.78,48.17,47.4,47.83,769909692.0,43.6275,43.574249999999985,1.9404906460399114,1.8921807897306273,47.35861157946124,39.78988842053873,49.25079236919187,37.8977076308081
20180420,VALE3,VALE,47.76,47.9,47.33,47.63,484911445.0,43.9125,43.623249999999985,2.0908141828886615,1.9715572232667666,47.56636444653352,39.68013555346645,49.537921669800284,37.708578330199686
20180423,VALE3,VALE,47.22,47.98,47.06,47.5,559598090.0,44.207499999999996,43.65874999999998,2.162364385768978,2.0288789218401275,47.71650784368024,39.60099215631973,49.745386765520365,37.5721132344796
20180424,VALE3,VALE,47.7,48.59,47.7,48.31,729069687.0,44.523,43.681499999999986,2.280434169187948,2.0764498178751696,47.83439963575032,39.52860036424965,49.910849453625495,37.452150546374476
20180425,VALE3,VALE,47.75,48.49,47.44,47.95,744660025.0,44.877500000000005,43.69699999999999,2.2315981410544787,2.106479868381707,47.909959736763405,39.48404026323657,50.01643960514511,37.37756039485487
20180426,VALE3,VALE,47.7,49.0,47.62,48.7,642413154.0,45.23550000000001,43.78824999999999,2.242295522567489,2.2413330368446496,48.27091607368929,39.30558392631069,50.51224911053394,37.06425088946604
20180427,VALE3,VALE,48.9,49.15,47.86,48.35,707278340.0,45.542500000000004,43.88574999999999,2.226531111274568,2.352907516680428,48.591565033360844,39.17993496663913,50.94447255004127,36.827027449958706
20180430,VALE3,VALE,48.26,48.83,48.15,48.67,411200143.0,45.82600000000001,44.008749999999985,2.2466452182848027,2.471251305072085,48.95125261014415,39.06624738985582,51.42250391521624,36.59499608478373
20180502,VALE3,VALE,48.5,49.32,48.42,48.71,808649926.0,46.11800000000001,44.133999999999986,2.22160586774045,2.5797791596996205,49.293558319399224,38.97444168060075,51.87333747909885,36.39466252090112
20180503,VALE3,VALE,48.81,49.33,48.58,49.09,687272416.0,46.44500000000001,44.27399999999999,2.1489128218216083,2.693383916762868,49.660767833525725,38.88723216647425,52.354151750288594,36.19384824971138
20180504,VALE3,VALE,48.92,49.9,48.92,49.7,735919038.0,46.76750000000001,44.44524999999999,2.1280776474753056,2.815520161897486,50.07629032379496,38.81420967620502,52.891810485692446,35.99868951430753
20180507,VALE3,VALE,49.72,50.04,49.11,49.24,763120433.0,47.092500000000015,44.639749999999985,1.9711815185180637,2.872163918881204,50.38407783776239,38.89542216223758,53.2562417566436,36.02325824335637
20180508,VALE3,VALE,49.25,49.68,48.91,49.19,1105091891.0,47.404500000000006,44.81699999999999,1.763935417722126,2.9296076572880847,50.67621531457616,38.957784685423825,53.60582297186425,36.02817702813574
20180509,VALE3,VALE,49.42,50.42,49.33,50.25,837211350.0,47.675000000000004,45.01174999999999,1.7647826763476084,3.0262373078775058,51.064224615755,38.95927538424498,54.09046192363251,35.933038076367474
20180510,VALE3,VALE,50.41,51.4,50.38,51.4,730150330.0,48.013000000000005,45.24349999999999,1.799915495092327,3.152220666166167,51.54794133233232,38.93905866766766,54.70016199849849,35.78683800150149
20180511,VALE3,VALE,51.77,53.58,51.75,52.63,1128746163.0,48.40400000000001,45.494249999999994,1.9133063143760682,3.3304368601562047,52.1551237203124,38.833376279687585,55.48556058046861,35.50293941953138
20180514,VALE3,VALE,53.08,54.4,53.0,54.27,853976090.0,48.868500000000004,45.79099999999999,2.1511937322528505,3.568011584435595,52.92702316887118,38.6549768311288,56.495034753306776,35.086965246693204
20180515,VALE3,VALE,53.81,54.65,53.18,54.65,861967139.0,49.37400000000001,46.09974999999999,2.2653485847714556,3.785868790647654,53.6714875812953,38.528012418704684,57.45735637194295,34.742143628057036
20180516,VALE3,VALE,55.33,56.0,55.14,55.9,1166371189.0,49.87250000000002,46.46975,2.5470496347941403,4.001764666833603,54.47327933366721,38.46622066633279,58.47504400050081,34.46445599949919
20180517,VALE3,VALE,55.3,55.8,54.75,55.38,1119792152.0,50.26750000000002,46.81425,2.760146592216799,4.1617352689374485,55.1377205378749,38.490779462125104,59.29945580681235,34.329044193187656
20180518,VALE3,VALE,54.7,55.5,53.45,54.77,1218234675.0,50.614500000000014,47.121,2.871572968912535,4.285930949346245,55.69286189869249,38.54913810130751,59.97879284803874,34.26320715196127
20180521,VALE3,VALE,55.01,55.1,53.0,53.0,1214405305.0,50.883000000000024,47.39775,2.8285594250523176,4.299527396509205,55.99680479301841,38.79869520698159,60.29633218952762,34.499167810472386
20180522,VALE3,VALE,52.87,53.06,51.87,52.34,1073668131.0,51.12500000000002,47.666250000000005,2.729190163284353,4.263379355117359,56.19300871023472,39.13949128976529,60.45638806535209,34.87611193464792
20180523,VALE3,VALE,51.8,52.24,51.25,51.94,812282943.0,51.30650000000003,47.914750000000005,2.651734834326123,4.214043059848379,56.34283611969676,39.48666388030325,60.55687917954514,35.27262082045487
20180524,VALE3,VALE,51.32,53.0,51.26,52.46,759303397.0,51.532000000000025,48.204750000000004,2.5407180916135244,4.114059687873339,56.432869375746684,39.976630624253325,60.54692906362002,35.86257093637999
20180525,VALE3,VALE,52.58,52.79,51.05,51.48,677238430.0,51.67100000000003,48.45325000000001,2.4521288280743567,3.999782934815448,56.45281586963091,40.45368413036911,60.45259880444635,36.45390119555367
20180528,VALE3,VALE,50.9,52.46,50.71,51.07,712076875.0,51.80700000000003,48.67475,2.330665366935203,3.888968611209687,56.45268722241938,40.89681277758063,60.34165583362906,37.007844166370944
20180529,VALE3,VALE,51.97,52.06,49.99,50.16,949149179.0,51.88150000000003,48.853750000000005,2.2474412936538912,3.7844504309215625,56.42265086184313,41.28484913815688,60.20710129276469,37.50039870723532
20180530,VALE3,VALE,50.21,51.35,49.7,50.63,1308263384.0,51.977500000000035,49.047750000000015,2.1434401149356628,3.6669168824881684,56.381583764976355,41.713916235023675,60.04850064746452,38.04699935253551
20180601,VALE3,VALE,50.9,53.08,50.65,52.76,1057721434.0,52.16100000000004,49.30300000000001,2.0377177636292365,3.5567157135012186,56.41643142700245,42.18956857299757,59.97314714050367,38.63285285949635
20180604,VALE3,VALE,53.18,53.45,51.76,52.52,731255250.0,52.302000000000035,49.53475000000002,1.9543247588764512,3.4526867928822322,56.44012358576448,42.62937641423555,59.892810378646715,39.17668962135332
20180605,VALE3,VALE,52.5,54.0,52.5,53.73,910379447.0,52.526500000000034,49.809500000000014,1.8385299476540071,3.3333312435890576,56.47616248717813,43.1428375128219,59.80949373076719,39.80950626923284
20180606,VALE3,VALE,54.5,56.23,54.49,56.07,1488610257.0,52.87050000000003,50.13750000000002,1.8249887526689017,3.286220453924943,56.709940907849905,43.56505909215013,59.996161361774845,40.27883863822519
20180607,VALE3,VALE,56.46,56.75,53.07,54.37,1765464144.0,53.076500000000024,50.375750000000025,1.744372229108161,3.2374039041277065,56.85055780825544,43.90094219174461,60.08796171238315,40.6635382876169
20180608,VALE3,VALE,53.99,53.99,50.66,50.89,1569106399.0,53.05100000000002,50.532000000000025,1.7736518972535573,3.1014456513382433,56.73489130267651,44.32910869732354,59.836336954014754,41.227663045985295
20180611,VALE3,VALE,51.37,52.0,50.59,50.85,735021139.0,52.96200000000001,50.68300000000003,1.8393322586999623,2.9595020371157164,56.60200407423146,44.7639959257686,59.56150611134718,41.80449388865288
20180612,VALE3,VALE,50.5,52.36,50.16,51.7,951252478.0,52.833500000000015,50.85100000000002,1.8329047266133824,2.8146528683357257,56.48030573667147,45.22169426332857,59.294958605007196,42.407041394992845
20180613,VALE3,VALE,51.98,52.24,50.73,51.55,801464247.0,52.67850000000001,51.026250000000026,1.8020230590263655,2.62336609711396,56.27298219422794,45.77951780577211,58.89634829134191,43.15615170865814
20180614,VALE3,VALE,51.87,51.89,50.75,51.71,967193446.0,52.46900000000001,51.17075000000003,1.6444576773608897,2.4913207160572792,56.15339143211459,46.188108567885465,58.64471214817186,43.69678785182819
20180615,VALE3,VALE,51.4,51.44,48.7,49.13,1812084563.0,52.15650000000001,51.212000000000025,1.6559693456353062,2.441812273596584,56.0956245471932,46.32837545280685,58.53743682078978,43.88656317921027
20180618,VALE3,VALE,48.62,49.29,47.86,49.21,999738290.0,51.87850000000001,51.246500000000026,1.660821847919261,2.4022313879027934,56.050962775805615,46.442037224194436,58.4531941637084,44.03980583629165
20180619,VALE3,VALE,47.7,48.75,47.03,48.3,1282584425.0,51.6435,51.26325000000003,1.8187858153463008,2.378587587257646,56.02042517451532,46.50607482548474,58.399012761772966,44.12748723822709
20180620,VALE3,VALE,49.05,49.08,48.07,48.81,702334717.0,51.467000000000006,51.29600000000003,1.9163042830570545,2.334045459096276,55.96409091819258,46.62790908180747,58.298136377288856,44.2938636227112
20180621,VALE3,VALE,48.51,49.2,47.04,47.21,665696911.0,51.230500000000006,51.26850000000003,2.1343296124864386,2.376227941669101,56.02095588333823,46.51604411666183,58.39718382500733,44.13981617499273
20180622,VALE3,VALE,48.15,48.47,47.48,48.01,462038264.0,51.008,51.27000000000004,2.2292519396707946,2.374097399336894,56.018194798673825,46.52180520132625,58.39229219801072,44.147707801989355
20180625,VALE3,VALE,47.7,47.8,46.26,47.16,647096058.0,50.79200000000001,51.23150000000004,2.3849629810653936,2.428701826923657,56.08890365384735,46.374096346152726,58.51760548077101,43.94539451922907
20180626,VALE3,VALE,47.5,48.34,46.63,48.34,736189190.0,50.6555,51.231250000000045,2.4455684410786183,2.4290065369220395,56.08926307384412,46.37323692615597,58.51826961076616,43.94423038923393
20180627,VALE3,VALE,48.48,49.28,47.9,48.15,701821566.0,50.555,51.21825000000005,2.507518169110796,2.4444084675867908,56.10706693517363,46.32943306482647,58.55147540276042,43.88502459723968
20180628,VALE3,VALE,47.85,49.44,47.5,49.07,792685313.0,50.477000000000004,51.22725000000005,2.529231420599365,2.43558342139288,56.09841684278581,46.356083157214286,58.53400026417869,43.92049973582141
20180629,VALE3,VALE,49.7,50.1,49.05,49.59,606754490.0,50.31850000000001,51.23975000000005,2.4774292172160055,2.4255958691654644,56.09094173833098,46.38855826166912,58.516537607496446,43.962962392503655
20180702,VALE3,VALE,48.89,49.19,48.52,48.76,401184228.0,50.130500000000005,51.21625000000006,2.4440141161621245,2.4453689224054544,56.106987844810966,46.32551215518915,58.55235676721642,43.880143232783695
20180703,VALE3,VALE,49.3,49.49,47.96,47.96,558650313.0,49.842000000000006,51.18425000000006,2.334872023992065,2.4800226296526997,56.144295259305466,46.22420474069466,58.62431788895816,43.744182111041965
20180704,VALE3,VALE,48.17,48.37,47.6,48.03,294908066.0,49.440000000000005,51.15525000000006,1.847390763097706,2.510534714215639,56.176319428431334,46.134180571568784,58.68685414264698,43.62364585735314
20180705,VALE3,VALE,48.55,49.77,48.31,49.7,599649693.0,49.2065,51.14150000000005,1.4421558241231844,2.517117347997406,56.17573469599486,46.10726530400524,58.69285204399227,43.59014795600783
20180706,VALE3,VALE,49.79,50.44,49.39,50.34,430473635.0,49.179,51.11500000000005,1.4133197202256602,2.51990435308916,56.15480870617837,46.07519129382173,58.67471305926753,43.55528694073257
20180710,VALE3,VALE,50.7,51.1,49.35,49.53,545295840.0,49.11300000000001,51.03750000000006,1.361033276208618,2.5197860613297207,56.0770721226595,45.997927877340615,58.59685818398922,43.4781418160109
20180711,VALE3,VALE,48.5,49.1,48.45,48.86,629522394.0,48.971000000000004,50.90225000000006,1.2175034853510311,2.4868077441591687,55.8758654883184,45.92863451168172,58.36267323247756,43.44182676752256
20180712,VALE3,VALE,49.35,50.67,48.96,50.45,1038879636.0,48.91600000000001,50.797250000000055,1.1154343029557297,2.4120541171587186,55.62135823431749,45.97314176568262,58.03341235147621,43.5610876485239
20180713,VALE3,VALE,50.6,50.89,49.93,50.31,785317140.0,48.846000000000004,50.65750000000005,0.9645964522997611,2.266366967366274,55.190233934732596,46.1247660652675,57.45660090209887,43.85839909790123
20180716,VALE3,VALE,50.31,50.6,49.6,50.0,627971125.0,48.889500000000005,50.523000000000046,0.9971457951783752,2.13473735849246,54.79247471698497,46.25352528301512,56.92721207547743,44.118787924522664
20180717,VALE3,VALE,50.13,51.02,49.7,50.7,585327580.0,48.964,50.42125000000004,1.0749756423188166,2.0210890533418464,54.463428106683736,46.37907189331635,56.48451716002558,44.357982839974504
20180718,VALE3,VALE,51.15,51.67,50.82,51.45,500961160.0,49.121500000000005,50.382500000000036,1.1964652985047715,1.9849145818991,54.35232916379824,46.41267083620183,56.337243745697336,44.427756254302736
20180719,VALE3,VALE,50.71,50.75,49.06,49.43,1041892404.0,49.15250000000001,50.30975000000004,1.196001562223854,1.9645531722675391,54.238856344535115,46.38064365546496,56.20340951680265,44.41609048319742
20180720,VALE3,VALE,49.59,49.86,48.63,48.72,823910310.0,49.22800000000001,50.229250000000036,1.1116067081859484,1.9620088965792684,54.15326779315857,46.3052322068415,56.11527668973784,44.34322331026223
20180723,VALE3,VALE,49.08,50.13,48.53,49.6,422852493.0,49.307500000000005,50.157750000000036,1.0762061776638765,1.9304901563047492,54.018730312609534,46.29676968739054,55.949220468914284,44.36627953108579
20180724,VALE3,VALE,51.92,52.39,51.31,51.31,1082631439.0,49.515,50.15350000000003,1.0398203286093455,1.92768966275623,54.00887932551249,46.29812067448757,55.93656898826872,44.37043101173134
20180725,VALE3,VALE,51.46,51.75,50.74,51.75,783387857.0,49.685500000000005,50.17050000000003,1.1139426187620707,1.9389449285364522,54.048389857072934,46.29261014292713,55.98733478560939,44.353665214390674
20180726,VALE3,VALE,52.47,53.18,52.4,52.78,2873852821.0,49.917000000000016,50.23600000000003,1.2507433579148732,1.982348775232667,54.200697550465364,46.2713024495347,56.18304632569803,44.288953674302036
20180727,VALE3,VALE,53.48,53.67,53.25,53.45,1151652445.0,50.13600000000001,50.30650000000003,1.4605024369787245,2.0458482661734503,54.39819653234693,46.21480346765313,56.44404479852038,44.168955201479676
20180730,VALE3,VALE,53.7,54.35,53.56,54.33,838660298.0,50.373000000000005,50.345750000000024,1.7274322288480333,2.1082352414598127,54.56222048291965,46.1292795170804,56.670455724379465,44.02104427562058
20180731,VALE3,VALE,54.2,54.98,54.05,54.84,870319254.0,50.67700000000001,50.403750000000024,1.94936453883384,2.1995217283157515,54.80279345663153,46.00470654336852,57.00231518494728,43.80518481505277
20180801,VALE3,VALE,53.4,53.77,53.02,53.06,1966466362.0,50.932,50.38700000000002,1.9083820648032872,2.175966864378126,54.73893372875627,46.03506627124377,56.9149005931344,43.859099406865646
20180802,VALE3,VALE,52.09,53.09,51.5,52.84,1035431916.0,51.1725,50.30625000000003,1.8246639921394332,2.013533298992999,54.33331659798603,46.27918340201403,56.34684989697902,44.26565010302103
20180803,VALE3,VALE,52.31,52.94,51.33,52.55,819571657.0,51.315,50.26075000000003,1.8148756663226842,1.9385156725753598,54.13778134515075,46.38371865484931,56.07629701772611,44.44520298227395
20180806,VALE3,VALE,52.1,52.91,52.0,52.4,626207635.0,51.418000000000006,50.29850000000003,1.8150847450129215,1.9655971233398355,54.229694246679706,46.36730575332036,56.19529137001954,44.401708629980526
20180807,VALE3,VALE,53.39,53.65,52.63,52.75,1014452529.0,51.57900000000001,50.34600000000004,1.7812972800741784,2.00188859548121,54.349777190962456,46.34222280903762,56.35166578644367,44.34033421355641
20180808,VALE3,VALE,53.3,53.33,52.26,52.4,690154259.0,51.756000000000014,50.36350000000004,1.6692557433903765,2.01703075755499,54.39756151511002,46.329438484890055,56.414592272665004,44.31240772733507
20180809,VALE3,VALE,52.5,53.04,51.73,51.84,666009827.0,51.82550000000001,50.37075000000004,1.6407106130543323,2.021920117496792,54.41459023499362,46.326909765006455,56.436510352490416,44.30498964750966
20180810,VALE3,VALE,51.41,51.91,50.72,51.71,750607445.0,51.89550000000001,50.37075000000003,1.602059447612309,2.021920117496792,54.41459023499361,46.32690976500645,56.4365103524904,44.30498964750966
20180813,VALE3,VALE,52.07,52.69,51.74,52.28,768898185.0,52.00950000000002,50.449500000000036,1.5399982057404646,2.0336653154795137,54.51683063095906,46.38216936904101,56.55049594643857,44.3485040535615
20180814,VALE3,VALE,52.1,52.91,51.77,52.76,915746006.0,52.11250000000001,50.53825000000004,1.5165156566424691,2.0555302360417422,54.64931047208353,46.42718952791655,56.70484070812527,44.37165929187481
20180815,VALE3,VALE,51.6,51.98,50.35,50.41,1356781798.0,52.06050000000001,50.59100000000004,1.557698960849373,2.023441850678365,54.63788370135677,46.5441162986433,56.66132555203513,44.52067444796494
20180816,VALE3,VALE,50.9,51.03,49.63,49.72,1009801446.0,52.07500000000001,50.61375000000004,1.5330791169887499,2.0079606793319815,54.629671358664,46.59782864133608,56.637632037995985,44.58986796200409
20180817,VALE3,VALE,49.53,51.19,49.23,50.8,873786639.0,52.17900000000001,50.70350000000004,1.3535446641667828,1.9306655554961467,54.56483111099234,46.842168889007745,56.49549666648848,44.911503333511604
20180820,VALE3,VALE,51.1,51.77,51.04,51.44,760895269.0,52.271000000000015,50.789250000000045,1.2255005422059173,1.8835637083967973,54.55637741679364,47.02212258320645,56.43994112519044,45.138558874809654
20180821,VALE3,VALE,51.16,52.1,51.02,51.73,692364819.0,52.292000000000016,50.90350000000004,1.2116869493221105,1.7942651520600792,54.49203030412019,47.31496969587988,56.28629545618028,45.5207045438198
20180822,VALE3,VALE,51.65,53.3,51.63,53.3,689865887.0,52.369500000000016,51.02750000000004,1.224695343426336,1.7839221409938102,54.59534428198766,47.45965571801242,56.37926642298147,45.675733577018605
20180823,VALE3,VALE,53.1,53.52,52.65,53.35,650822550.0,52.39800000000001,51.15750000000004,1.2412709954760681,1.7581367614024226,54.673773522804886,47.6412264771952,56.43191028420731,45.88308971579277
20180824,VALE3,VALE,53.6,54.46,53.55,54.15,593745941.0,52.433000000000014,51.28450000000004,1.2817056891829073,1.786724477633325,54.857948955266686,47.71105104473339,56.644673432900014,45.92432656710006
20180827,VALE3,VALE,54.17,55.67,54.17,55.67,617634060.0,52.50000000000002,51.43650000000004,1.4142582210434884,1.8942565688727742,55.225013137745584,47.64798686225449,57.11926970661836,45.753730293381714
20180828,VALE3,VALE,55.93,56.41,55.07,55.65,995710633.0,52.54050000000003,51.60875000000003,1.4941375790946336,1.9568632507283121,55.52247650145665,47.69502349854341,57.47933975218496,45.738160247815095
20180829,VALE3,VALE,55.25,56.16,55.14,55.22,572045709.0,52.648500000000034,51.79025000000003,1.607434291036374,1.9464187858072257,55.68308757161448,47.89741242838558,57.629506357421704,45.950993642578354
20180830,VALE3,VALE,55.3,55.89,54.4,54.57,796095083.0,52.735000000000035,51.95375000000003,1.6638398834906991,1.8964983758873253,55.74674675177468,48.160753248225376,57.643245127662006,46.26425487233805
20180831,VALE3,VALE,54.52,54.8,53.31,53.62,806689474.0,52.788500000000035,52.05175000000003,1.6747451495045678,1.8782450722101516,55.80824014442033,48.29525985557972,57.68648521663048,46.417014783369574
20180903,VALE3,VALE,53.3,54.17,53.21,54.05,235068736.0,52.87100000000002,52.14450000000003,1.6951165151692669,1.8831451460323758,55.91079029206478,48.37820970793528,57.79393543809716,46.4950645619029
20180904,VALE3,VALE,53.6,53.79,52.0,52.0,553773904.0,52.83350000000003,52.206250000000026,1.7061939021044907,1.8350989458406033,55.87644789168123,48.53605210831882,57.71154683752184,46.700953162478214
20180905,VALE3,VALE,52.08,52.64,51.75,52.15,370649139.0,52.821000000000026,52.28850000000002,1.710447463769464,1.75317375212152,55.79484750424306,48.78215249575698,57.54802125636458,47.02897874363546
20180906,VALE3,VALE,52.79,53.87,52.4,53.48,665801918.0,52.903000000000034,52.36425000000003,1.7002232051610229,1.7370855159557423,55.83842103191151,48.890078968088545,57.575506547867256,47.1529934521328
20180910,VALE3,VALE,53.91,54.04,52.96,53.22,499422685.0,52.97850000000003,52.437000000000026,1.677837816012532,1.7095646469352697,55.856129293870566,49.017870706129486,57.565693940805836,47.308306059194216
20180911,VALE3,VALE,52.61,52.99,52.13,52.59,543680849.0,52.99400000000003,52.50175000000003,1.672468707912637,1.6633190290221895,55.82838805804441,49.17511194195565,57.4917070870666,47.51179291293346
20180912,VALE3,VALE,53.0,53.71,52.18,53.45,754393833.0,53.02850000000003,52.570500000000024,1.674503147047888,1.6436543869041829,55.85780877380839,49.28319122619166,57.501463160712575,47.63953683928747
20180913,VALE3,VALE,53.7,54.43,53.52,53.78,774619632.0,53.197000000000024,52.62875000000004,1.5629866820995757,1.6442131428053894,55.91717628561082,49.34032371438926,57.561389428416206,47.69611057158387
20180914,VALE3,VALE,54.1,55.23,54.05,55.2,933805050.0,53.471000000000025,52.77300000000004,1.3923962684597464,1.6091169739633724,55.99123394792679,49.55476605207329,57.600350921890154,47.94564907810992
20180917,VALE3,VALE,55.3,55.57,54.79,55.04,667499896.0,53.68300000000003,52.93100000000004,1.2827852098993047,1.5080549537697,55.94710990753944,49.91489009246064,57.45516486130914,48.40683513869094
20180918,VALE3,VALE,55.63,57.47,55.51,57.34,1166958282.0,53.97800000000002,53.12450000000005,1.4117424843450752,1.5651737840759234,56.254847568151895,49.9941524318482,57.82002135222782,48.428978647772276
20180919,VALE3,VALE,57.61,58.94,57.53,58.58,728076247.0,54.32050000000002,53.30625000000005,1.6487011634360265,1.7591499804865152,56.82454996097308,49.78795003902702,58.58369994145959,48.028800058540504
20180920,VALE3,VALE,59.21,59.61,58.43,59.32,665113673.0,54.62150000000001,53.49550000000005,1.9706752115640942,1.9806783997096693,57.45685679941939,49.53414320058071,59.43753519912906,47.55346480087104
20180921,VALE3,VALE,59.89,61.01,59.6,61.01,1397105561.0,55.00450000000002,53.70125000000005,2.4066803408756563,2.3053051274763483,58.31186025495275,49.090639745047355,60.61716538242909,46.78533461757101
20180924,VALE3,VALE,60.85,61.25,60.15,60.2,545346542.0,55.307000000000016,53.87000000000005,2.6604611788579016,2.5231969952666344,58.916393990533315,48.82360600946678,61.43959098579995,46.30040901420014
20180925,VALE3,VALE,60.0,62.22,59.86,62.2,1035538070.0,55.63350000000001,54.06675000000005,3.0756484553752323,2.8461547496532638,59.759059499306574,48.374440500693524,62.60521424895984,45.52828575104026
20180926,VALE3,VALE,62.2,62.42,59.75,60.01,1494423124.0,55.85150000000001,54.19600000000005,3.227640942334042,2.9956351152283553,60.18727023045676,48.204729769543334,63.182905345685114,45.20909465431498
20180927,VALE3,VALE,60.22,60.75,58.61,59.48,1224763718.0,56.06450000000001,54.356500000000054,3.322930658002679,3.103261766229693,60.56302353245944,48.14997646754067,63.66628529868913,45.046714701310975
20180928,VALE3,VALE,58.85,60.29,58.85,59.82,881140541.0,56.32700000000001,54.53100000000005,3.405008849203957,3.2102047222838896,60.95140944456783,48.11059055543227,64.16161416685172,44.90038583314838
20181001,VALE3,VALE,59.68,60.57,59.08,60.4,537123678.0,56.66600000000002,54.72725000000005,3.4584045606699174,3.323928003401138,61.375106006802326,48.07939399319777,64.69903401020346,44.75546598979663
20181002,VALE3,VALE,60.87,61.74,60.48,61.2,1256758449.0,57.02350000000003,54.94725000000004,3.542287805181298,3.4545985610412253,61.85644712208249,48.038052877917586,65.31104568312372,44.58345431687636
20181003,VALE3,VALE,62.01,62.19,59.32,59.95,1618720433.0,57.42100000000003,55.12725000000004,3.39176231168203,3.5240543285051347,62.17535865701031,48.07914134298977,65.69941298551544,44.555087014484634
20181004,VALE3,VALE,59.99,60.34,58.67,58.8,854190057.0,57.75350000000002,55.28725000000004,3.1663032986349537,3.5422960737858045,62.371842147571655,48.20265785242843,65.91413822135746,44.66036177864263
20181005,VALE3,VALE,57.85,58.31,57.23,57.49,1165330354.0,57.95400000000002,55.42850000000003,3.004266089553537,3.5138448151013617,62.45618963020275,48.400810369797306,65.97003444530411,44.88696555469594
20181008,VALE3,VALE,57.0,57.57,55.26,57.05,1497734921.0,58.14550000000001,55.56200000000003,2.801876204109858,3.4701150501874984,62.50223010037503,48.621769899625036,65.97234515056253,45.151654849437534
20181009,VALE3,VALE,57.4,58.32,56.72,57.66,1027429653.0,58.39900000000002,55.69650000000003,2.4841241175871422,3.4438079326411897,62.584115865282406,48.80888413471765,66.02792379792359,45.36507620207646
20181010,VALE3,VALE,57.38,58.14,55.89,55.89,802581939.0,58.52100000000003,55.77475000000002,2.2797896948250993,3.4107755246404707,62.59630104928096,48.95319895071908,66.00707657392144,45.54242342607861
20181011,VALE3,VALE,56.44,57.16,55.62,56.48,903782597.0,58.65600000000003,55.92650000000002,2.0529244865234446,3.299175926632449,62.52485185326492,49.32814814673512,65.82402777989736,46.02897222010267
20181015,VALE3,VALE,56.95,58.45,56.84,57.67,940597719.0,58.77950000000003,56.12525000000003,1.9028883171031183,3.151869601867874,62.428989203735775,49.821510796264285,65.58085880560365,46.669641194396405
20181016,VALE3,VALE,57.94,58.85,57.25,57.7,916892675.0,58.91250000000004,56.29775000000002,1.7110534612827037,3.039771826372747,62.377293652745514,50.21820634725453,65.41706547911826,47.17843452088178
20181017,VALE3,VALE,58.34,58.92,57.75,58.8,1276411353.0,58.98550000000004,56.48175000000002,1.6711120627638603,2.9598924854866366,62.401534970973294,50.561965029026744,65.36142745645992,47.60207254354011
20181018,VALE3,VALE,58.85,58.85,56.32,56.5,985289548.0,58.88150000000004,56.60100000000002,1.7600337167820477,2.8578724379849594,62.31674487596994,50.8852551240301,65.1746173139549,48.027382686045144
20181019,VALE3,VALE,57.1,57.53,56.36,56.53,763372640.0,58.74200000000004,56.68175000000002,1.8325237127780516,2.8073967204784327,62.29654344095689,51.066956559043156,65.10394016143532,48.259559838564726
20181022,VALE3,VALE,57.7,58.42,57.03,58.37,815167688.0,58.610000000000035,56.807250000000025,1.7539549295053096,2.7665455526470186,62.34034110529406,51.27415889470599,65.10688665794108,48.50761334205897
20181023,VALE3,VALE,57.31,57.55,56.0,56.75,1175335377.0,58.437500000000036,56.87225000000002,1.7589945543134635,2.7328509463326003,62.337951892665224,51.40654810733482,65.07080283899782,48.673697161002224
20181024,VALE3,VALE,57.4,57.59,54.43,54.43,1003859041.0,58.049000000000035,56.84125000000002,1.7422335936194226,2.7537910349374304,62.348832069874874,51.33366793012516,65.10262310481231,48.579876895187724
20181025,VALE3,VALE,55.97,56.04,53.8,54.61,1614926322.0,57.77900000000003,56.81525000000001,1.8381251890242818,2.770187430018969,62.35562486003795,51.27487513996208,65.12581229005693,48.504687709943106
20181026,VALE3,VALE,54.9,55.89,53.51,55.6,1457558161.0,57.58500000000002,56.824750000000016,1.8538338652638906,2.7652235848766686,62.35519716975335,51.29430283024668,65.12042075463002,48.52907924537001
20181029,VALE3,VALE,56.5,56.5,52.6,53.1,1418015974.0,57.249000000000024,56.78800000000001,2.0282138888555767,2.80543355578004,62.398867111560094,51.17713288843993,65.20430066734014,48.37169933265989
20181030,VALE3,VALE,53.6,54.85,52.96,53.87,1285139081.0,56.922500000000014,56.79425000000001,2.019851153973939,2.7984646775118054,62.391179355023624,51.1973206449764,65.18964403253543,48.3988559674646
20181031,VALE3,VALE,54.35,56.71,54.27,56.71,1491507507.0,56.698000000000015,56.86075000000001,1.7510345814010946,2.7629604964833283,62.386670992966664,51.334829007033356,65.14963148945,48.571868510550026
20181101,VALE3,VALE,56.75,58.26,55.52,57.5,1169969749.0,56.57550000000001,56.998250000000006,1.589834400512202,2.6493810476971067,62.29701209539422,51.69948790460579,64.94639314309133,49.050106856908684
20181105,VALE3,VALE,57.61,58.0,57.04,57.53,891378095.0,56.512000000000015,57.13275000000001,1.5201440374965165,2.53085167331214,62.194453346624286,52.07104665337573,64.72530501993643,49.54019498006359
20181106,VALE3,VALE,57.0,57.85,56.56,57.23,644123081.0,56.49900000000001,57.22650000000001,1.5124323386342735,2.460552939733247,62.147605879466504,52.305394120533514,64.60815881919974,49.844841180800266
20181107,VALE3,VALE,57.79,58.15,57.4,57.59,750009868.0,56.52600000000001,57.33575000000002,1.527531203919166,2.3735788055493314,62.08290761109868,52.588592388901354,64.45648641664802,50.215013583352025
20181108,VALE3,VALE,57.78,58.77,57.02,57.02,970187523.0,56.49400000000001,57.446500000000015,1.509117553232039,2.2464108695585785,61.93932173911717,52.95367826088286,64.18573260867575,50.70726739132428
20181109,VALE3,VALE,56.5,57.0,54.13,54.65,1616616496.0,56.432,57.47650000000002,1.5598569435079312,2.199186970980972,61.874873941961965,53.07812605803808,64.07406091294294,50.878939087057105
20181112,VALE3,VALE,55.1,55.45,54.4,54.85,877744767.0,56.3505,57.503250000000016,1.599300751808812,2.159215654720221,61.82168130944046,53.184818690559574,63.98089696416068,51.02560303583935
20181113,VALE3,VALE,54.9,56.27,54.35,56.27,1040026420.0,56.280499999999996,57.530000000000015,1.5688563551699986,2.136457648082547,61.80291529616511,53.25708470383492,63.93937294424766,51.12062705575237
20181114,VALE3,VALE,55.21,55.67,54.25,55.16,1557232906.0,56.153499999999994,57.533000000000015,1.5506001384860963,2.1329529308279005,61.79890586165582,53.26709413834421,63.931858792483716,51.134141207516315
20181116,VALE3,VALE,55.85,56.35,55.15,56.15,1095643588.0,56.021,57.503250000000016,1.420299820089689,2.1439842942160943,61.7912185884322,53.21528141156783,63.9352028826483,51.07129711735173
20181119,VALE3,VALE,56.15,56.28,54.81,55.37,719162448.0,55.9645,57.423000000000016,1.4227159904468378,2.162642258548713,61.748284517097446,53.097715482902586,63.91092677564615,50.93507322435388
20181121,VALE3,VALE,54.15,54.55,53.71,54.53,1007794112.0,55.8645,57.30325000000001,1.450885301426061,2.1873826854987373,61.678015370997485,52.92848462900254,63.865398056496225,50.7411019435038
20181122,VALE3,VALE,54.69,54.72,53.75,54.04,500332111.0,55.648,57.129000000000005,1.3785980674505642,2.161999074930232,61.45299814986047,52.80500185013954,63.6149972247907,50.64300277520931
20181123,VALE3,VALE,53.39,53.39,50.35,50.35,1718233694.0,55.327999999999996,56.88275000000001,1.790567684165684,2.3555368352141057,61.59382367042822,52.171676329571795,63.949360505642325,49.81613949435769
20181126,VALE3,VALE,49.95,51.09,49.0,50.12,1517353779.0,55.11249999999999,56.58075000000001,2.131278032690976,2.4295566626284546,61.439863325256916,51.7216366747431,63.86941998788537,49.292080012114646
20181127,VALE3,VALE,49.69,50.49,49.1,49.92,1273834166.0,54.878,56.328500000000005,2.4269790622130674,2.583317832873124,61.495135665746254,51.16186433425376,64.07845349861938,48.578546501380636
20181128,VALE3,VALE,50.5,52.32,50.22,52.3,1497792983.0,54.713,56.149000000000015,2.4867503631085768,2.608053405147574,61.36510681029516,50.93289318970487,63.97316021544274,48.32483978455729
20181129,VALE3,VALE,51.92,52.73,51.13,52.0,1214866826.0,54.658,55.953500000000005,2.535980242327072,2.618890497118341,61.191280994236685,50.715719005763326,63.81017149135503,48.09682850864498
20181130,VALE3,VALE,51.56,53.69,51.56,52.8,1558424964.0,54.60450000000001,55.76350000000001,2.564604155358836,2.5631216444214853,60.88974328884298,50.637256711157036,63.452864933264465,48.07413506673555
20181203,VALE3,VALE,55.6,55.68,53.74,54.11,1769910366.0,54.4745,55.58625000000002,2.5177276199820873,2.4186027832358663,60.42345556647175,50.74904443352829,62.84205834970762,48.33044165029242
20181204,VALE3,VALE,54.35,54.52,52.5,52.88,1438900836.0,54.243500000000004,55.40950000000002,2.4361494099024505,2.348855640628473,60.107211281256966,50.71178871874308,62.45606692188544,48.36293307811461
20181205,VALE3,VALE,53.3,53.48,52.43,52.8,511029656.0,54.007000000000005,55.259500000000024,2.3274745744554344,2.318165665193375,59.89583133038678,50.62316866961327,62.213996995580146,48.3050030044199
20181206,VALE3,VALE,51.7,52.6,51.07,52.3,1107907007.0,53.7605,55.12975000000004,2.227064329182137,2.335302635085077,59.80035527017019,50.45914472982988,62.13565790525527,48.1238420947448
20181207,VALE3,VALE,52.48,53.26,51.09,51.29,1015598751.0,53.4455,54.98575000000003,2.0987501920001774,2.3907877550596193,59.76732551011927,50.20417448988079,62.15811326517889,47.81338673482117
20181210,VALE3,VALE,51.12,51.64,50.19,50.2,726571640.0,53.10450000000001,54.79925000000003,2.0406512763279068,2.466593610317878,59.73243722063579,49.86606277936427,62.19903083095366,47.3994691690464
20181211,VALE3,VALE,51.15,51.74,50.25,50.6,990439784.0,52.902,54.66700000000003,2.079786426282074,2.5471131975287435,59.76122639505752,49.57277360494254,62.308339592586265,47.025660407413795
20181212,VALE3,VALE,51.15,51.4,50.35,50.37,804996158.0,52.678,54.514250000000025,2.100094233474656,2.6178263517070386,59.7499027034141,49.27859729658595,62.36772905512114,46.66077094487891
20181213,VALE3,VALE,50.85,51.28,50.25,50.6,768703133.0,52.394499999999994,54.33750000000002,1.9682438739567483,2.637892272445017,59.61328454489006,49.06171545510998,62.25117681733507,46.42382318266497
20181214,VALE3,VALE,50.38,51.19,49.85,50.88,858323605.0,52.180499999999995,54.16700000000003,1.8825444008183452,2.635388552094802,59.437777104189635,48.896222895810425,62.07316565628444,46.26083434371562
20181217,VALE3,VALE,51.9,52.27,51.03,51.25,1104420898.0,51.93549999999999,53.978250000000024,1.6422688894523518,2.564475142482337,59.1072002849647,48.84929971503535,61.671675427447035,46.28482457255301
20181218,VALE3,VALE,51.35,52.19,51.35,51.44,983185918.0,51.739,53.851750000000024,1.4312559813710657,2.5616910355345404,58.975132071069105,48.72836792893094,61.53682310660365,46.1666768933964
20181219,VALE3,VALE,51.8,52.4,50.01,50.01,1262213308.0,51.513,53.68875000000003,1.3198807761149658,2.594132617747428,58.87701523549488,48.500484764505174,61.471147853242314,45.90635214675774
20181220,VALE3,VALE,50.74,51.17,49.45,49.81,1277518438.0,51.3015,53.47475000000003,1.2294512040572696,2.550767594374767,58.576285188749566,48.37321481125049,61.12705278312433,45.82244721687573
20181221,VALE3,VALE,50.28,51.25,50.22,50.86,1437350581.0,51.327,53.32750000000003,1.2138676768256405,2.5267418465237,58.380983693047426,48.27401630695263,60.90772553957113,45.747274460428926
20181226,VALE3,VALE,50.11,50.7,49.4,50.44,669735755.0,51.343,53.227750000000036,1.1991404816520925,2.5606324213825675,58.34901484276517,48.1064851572349,60.909647264147736,45.545852735852336
20181227,VALE3,VALE,50.1,50.39,49.28,49.5,714974681.0,51.322,53.10000000000004,1.2286860761334375,2.6167576335649017,58.33351526712984,47.866484732870234,60.95027290069474,45.24972709930533
20181228,VALE3,VALE,50.31,51.2,50.25,51.0,604233637.0,51.257000000000005,52.985000000000035,1.2084444111074457,2.6051251261842703,58.195250252368574,47.774749747631496,60.80037537855284,45.16962462144723
