DATA DO PREGAO,CODIGO DE NEGOCIACAO DO PAPEL,NOME RESUMIDO DA EMPRESA EMISSORA,PRECO DE ABERTURA,PRECO MAXIMO,PRECO MINIMO,PRECO FECHAMENTO,VOLUME TOTAL DE TITULOS NEGOCIADOS NESTE PAPEL,MA_20,MA_40,STD_20,STD_40,BANDA_1_40 SUPERIOR,BANDA_1_40 INFERIOR,BANDA_2_40 SUPERIOR,BANDA_2_40 INFERIOR,BANDA_3_40 SUPERIOR,BANDA_3_40 INFERIOR
20180102,VIVR3,VIVER,1.82,1.83,1.79,1.83,45545.0,0.0,0.0,0.0,0.0,0.0,0.0,0.0,0.0,0.0,0.0
20180103,VIVR3,VIVER,1.85,1.87,1.84,1.87,14842.0,0.0,0.0,0.0,0.0,0.0,0.0,0.0,0.0,0.0,0.0
20180104,VIVR3,VIVER,1.83,1.9,1.83,1.87,57299.0,0.0,0.0,0.0,0.0,0.0,0.0,0.0,0.0,0.0,0.0
20180105,VIVR3,VIVER,1.88,2.08,1.87,1.97,277061.0,0.0,0.0,0.0,0.0,0.0,0.0,0.0,0.0,0.0,0.0
20180108,VIVR3,VIVER,2.05,2.06,2.0,2.05,139000.0,0.0,0.0,0.0,0.0,0.0,0.0,0.0,0.0,0.0,0.0
20180109,VIVR3,VIVER,2.04,2.05,1.94,1.94,65368.0,0.0,0.0,0.0,0.0,0.0,0.0,0.0,0.0,0.0,0.0
20180110,VIVR3,VIVER,2.0,2.0,1.93,1.93,30712.0,0.0,0.0,0.0,0.0,0.0,0.0,0.0,0.0,0.0,0.0
20180111,VIVR3,VIVER,1.99,1.99,1.93,1.97,28375.0,0.0,0.0,0.0,0.0,0.0,0.0,0.0,0.0,0.0,0.0
20180112,VIVR3,VIVER,1.97,2.04,1.95,1.98,50607.0,0.0,0.0,0.0,0.0,0.0,0.0,0.0,0.0,0.0,0.0
20180115,VIVR3,VIVER,1.98,1.98,1.94,1.96,5875.0,0.0,0.0,0.0,0.0,0.0,0.0,0.0,0.0,0.0,0.0
20180116,VIVR3,VIVER,1.98,2.02,1.91,1.95,98562.0,0.0,0.0,0.0,0.0,0.0,0.0,0.0,0.0,0.0,0.0
20180117,VIVR3,VIVER,1.99,1.99,1.95,1.99,16504.0,0.0,0.0,0.0,0.0,0.0,0.0,0.0,0.0,0.0,0.0
20180118,VIVR3,VIVER,1.99,1.99,1.93,1.95,34550.0,0.0,0.0,0.0,0.0,0.0,0.0,0.0,0.0,0.0,0.0
20180119,VIVR3,VIVER,1.95,2.03,1.95,1.96,34405.0,0.0,0.0,0.0,0.0,0.0,0.0,0.0,0.0,0.0,0.0
20180122,VIVR3,VIVER,1.96,1.99,1.94,1.99,17751.0,0.0,0.0,0.0,0.0,0.0,0.0,0.0,0.0,0.0,0.0
20180123,VIVR3,VIVER,1.99,1.99,1.94,1.94,15255.0,0.0,0.0,0.0,0.0,0.0,0.0,0.0,0.0,0.0,0.0
20180124,VIVR3,VIVER,2.0,2.0,1.94,1.97,10408.0,0.0,0.0,0.0,0.0,0.0,0.0,0.0,0.0,0.0,0.0
20180126,VIVR3,VIVER,1.97,1.99,1.95,1.98,6874.0,0.0,0.0,0.0,0.0,0.0,0.0,0.0,0.0,0.0,0.0
20180129,VIVR3,VIVER,1.98,2.02,1.96,1.96,81321.0,0.0,0.0,0.0,0.0,0.0,0.0,0.0,0.0,0.0,0.0
20180130,VIVR3,VIVER,1.96,2.0,1.95,1.95,25350.0,1.9505,0.0,0.048283701074727896,0.0,0.0,0.0,0.0,0.0,0.0,0.0
20180131,VIVR3,VIVER,1.98,2.04,1.96,1.98,72861.0,1.9579999999999997,0.0,0.03941680111990714,0.0,0.0,0.0,0.0,0.0,0.0,0.0
20180201,VIVR3,VIVER,2.01,2.01,1.95,1.95,47486.0,1.9620000000000002,0.0,0.033654592241585186,0.0,0.0,0.0,0.0,0.0,0.0,0.0
20180202,VIVR3,VIVER,1.94,1.98,1.92,1.93,34104.0,1.9650000000000003,0.0,0.0270477161211149,0.0,0.0,0.0,0.0,0.0,0.0,0.0
20180205,VIVR3,VIVER,1.93,1.94,1.91,1.94,25279.0,1.9635000000000002,0.0,0.027582412397834394,0.0,0.0,0.0,0.0,0.0,0.0,0.0
20180206,VIVR3,VIVER,1.94,1.94,1.89,1.89,49004.0,1.9555000000000002,0.0,0.024165002967536545,0.0,0.0,0.0,0.0,0.0,0.0,0.0
20180207,VIVR3,VIVER,1.89,1.9,1.89,1.89,15526.0,1.9530000000000005,0.0,0.02811629982393612,0.0,0.0,0.0,0.0,0.0,0.0,0.0
20180208,VIVR3,VIVER,1.94,1.94,1.88,1.88,21889.0,1.9505000000000006,0.0,0.03219594613252446,0.0,0.0,0.0,0.0,0.0,0.0,0.0
20180209,VIVR3,VIVER,1.87,1.91,1.86,1.91,8210.0,1.9475000000000005,0.0,0.03306691779757488,0.0,0.0,0.0,0.0,0.0,0.0,0.0
20180214,VIVR3,VIVER,1.92,1.92,1.92,1.92,192.0,1.9445000000000008,0.0,0.03268268493769806,0.0,0.0,0.0,0.0,0.0,0.0,0.0
20180215,VIVR3,VIVER,1.91,1.91,1.86,1.89,15321.0,1.9410000000000007,0.0,0.03462581938988658,0.0,0.0,0.0,0.0,0.0,0.0,0.0
20180216,VIVR3,VIVER,1.89,1.89,1.87,1.88,8805.0,1.9375000000000007,0.0,0.037116459676905626,0.0,0.0,0.0,0.0,0.0,0.0,0.0
20180219,VIVR3,VIVER,1.86,1.9,1.86,1.88,6565.0,1.9320000000000008,0.0,0.03707744384535232,0.0,0.0,0.0,0.0,0.0,0.0,0.0
20180220,VIVR3,VIVER,1.92,2.0,1.88,1.91,45563.0,1.9300000000000004,0.0,0.0371341805944475,0.0,0.0,0.0,0.0,0.0,0.0,0.0
20180221,VIVR3,VIVER,1.91,1.92,1.9,1.92,13930.0,1.9280000000000004,0.0,0.03650522673463837,0.0,0.0,0.0,0.0,0.0,0.0,0.0
20180222,VIVR3,VIVER,1.9,1.93,1.89,1.92,73488.0,1.9245000000000005,0.0,0.03347819400272652,0.0,0.0,0.0,0.0,0.0,0.0,0.0
20180223,VIVR3,VIVER,1.95,2.0,1.93,2.0,68588.0,1.9275000000000007,0.0,0.03739898675801666,0.0,0.0,0.0,0.0,0.0,0.0,0.0
20180226,VIVR3,VIVER,2.0,2.0,1.92,1.92,46556.0,1.9250000000000007,0.0,0.036055512754639696,0.0,0.0,0.0,0.0,0.0,0.0,0.0
20180227,VIVR3,VIVER,1.97,1.97,1.95,1.97,23909.0,1.9245000000000008,0.0,0.03531437757001927,0.0,0.0,0.0,0.0,0.0,0.0,0.0
20180228,VIVR3,VIVER,1.95,1.98,1.91,1.91,15876.0,1.9220000000000006,0.0,0.03442765106560017,0.0,0.0,0.0,0.0,0.0,0.0,0.0
20180301,VIVR3,VIVER,1.92,1.96,1.92,1.96,13950.0,1.9225000000000005,1.9364999999999999,0.03492473109567556,0.043943436836752274,2.0243868736735045,1.8486131263264953,2.0683303105102566,1.8046696894897432,2.112273747347009,1.7607262526529908
20180302,VIVR3,VIVER,1.92,1.96,1.91,1.91,23375.0,1.9190000000000005,1.9385,0.032265347225451116,0.0406706597451106,2.019841319490221,1.8571586805097786,2.060511979235332,1.816488020764668,2.1011826389804424,1.7758173610195576
20180305,VIVR3,VIVER,1.96,1.96,1.92,1.95,8732.0,1.9190000000000005,1.9404999999999997,0.032265347225451116,0.03915452621443554,2.0188090524288707,1.8621909475711287,2.057963578643306,1.823036421356693,2.0971181048577416,1.7838818951422575
20180306,VIVR3,VIVER,1.94,1.94,1.91,1.91,2498.0,1.9180000000000004,1.9414999999999996,0.03221637373824191,0.037794993563454095,2.0170899871269077,1.8659100128730914,2.0548849806903617,1.8281150193096374,2.092679974253816,1.790320025746183
20180307,VIVR3,VIVER,1.96,1.96,1.91,1.91,2683.0,1.9165000000000003,1.9399999999999995,0.03183427480926108,0.03782551031736689,2.015651020634733,1.8643489793652657,2.0534765309521004,1.8265234690478989,2.091302041269467,1.7886979587305318
20180308,VIVR3,VIVER,1.9,1.96,1.85,1.91,44782.0,1.9175,1.9364999999999994,0.0312671005842778,0.033630724658050996,2.0037614493161016,1.8692385506838975,2.0373921739741525,1.8356078260258464,2.0710228986322035,1.8019771013677954
20180309,VIVR3,VIVER,1.96,1.97,1.88,1.93,36097.0,1.9195,1.9362499999999998,0.030689446154388948,0.03364120641758805,2.0035324128351757,1.8689675871648237,2.037173619252764,1.8353263807472358,2.070814825670352,1.8016851743296476
20180312,VIVR3,VIVER,1.93,1.94,1.91,1.94,4245.0,1.9224999999999999,1.9364999999999994,0.029535883617264936,0.03363072465805099,2.0037614493161016,1.8692385506838975,2.0373921739741525,1.8356078260258464,2.0710228986322035,1.8019771013677954
20180313,VIVR3,VIVER,1.94,2.18,1.94,2.0,238274.0,1.927,1.9372499999999995,0.034043316060881165,0.034714033222374215,2.006678066444748,1.867821933555251,2.041392099667122,1.8331079003328767,2.0761061328894965,1.7983938671105026
20180314,VIVR3,VIVER,2.05,2.25,2.05,2.19,534188.0,1.9404999999999997,1.9424999999999994,0.06786015030929443,0.05261129838683624,2.047722596773672,1.837277403226327,2.1003338951605084,1.7846661048394907,2.1529451935473443,1.7320548064526544
20180315,VIVR3,VIVER,2.25,2.32,2.13,2.25,288515.0,1.9584999999999997,1.9497499999999994,0.0957669869499597,0.07162894057715175,2.093007881154303,1.806492118845696,2.1646368217314547,1.7348631782685442,2.2362657623086064,1.6632342376913924
20180316,VIVR3,VIVER,2.06,2.06,1.78,1.9,652698.0,1.9594999999999996,1.9484999999999997,0.09500554000467035,0.07205944839203328,2.0926188967840664,1.8043811032159331,2.1646783451760996,1.7323216548238998,2.2367377935681327,1.6602622064318666
20180319,VIVR3,VIVER,1.97,2.06,1.88,1.93,320513.0,1.9619999999999993,1.9469999999999998,0.09344855043791447,0.07179743585165001,2.0905948717033,1.8034051282966999,2.16239230755495,1.7316076924450499,2.2341897434066,1.6598102565933999
20180320,VIVR3,VIVER,2.02,2.05,1.82,1.83,290166.0,1.9579999999999995,1.9439999999999997,0.09741933235138465,0.07413777887427069,2.092275557748541,1.7957244422514584,2.1664133366228118,1.7215866633771877,2.2405511154970825,1.647448884502917
20180321,VIVR3,VIVER,1.93,1.93,1.7,1.7,238994.0,1.9469999999999996,1.9375,0.11309520907531631,0.08350495148838134,2.104509902976763,1.7704900970232373,2.188014854465144,1.686985145534856,2.2715198059535253,1.6034801940464747
20180322,VIVR3,VIVER,1.77,1.77,1.6,1.63,127967.0,1.9324999999999997,1.9285,0.1334905870917694,0.09614492266285384,2.120789845325708,1.7362101546742925,2.216934767988562,1.6400652320114386,2.3130796906514153,1.5439203093485847
20180323,VIVR3,VIVER,1.64,1.68,1.63,1.67,37158.0,1.9159999999999997,1.92175,0.1446374778541163,0.10443713604180929,2.130624272083619,1.7128757279163815,2.235061408125428,1.608438591874572,2.3394985441672373,1.5040014558327628
20180326,VIVR3,VIVER,1.69,1.69,1.63,1.65,15770.0,1.9024999999999994,1.9137500000000003,0.15636916508529944,0.11258472593038767,2.1389194518607755,1.6885805481392249,2.2515041777911633,1.5759958222088373,2.364088903721551,1.4634110962784497
20180327,VIVR3,VIVER,1.65,1.72,1.65,1.69,32253.0,1.8884999999999994,1.9065,0.16242488142296146,0.11744174769886599,2.141383495397732,1.6716165046022682,2.258825243096598,1.5541747569034021,2.376266990795464,1.436733009204536
20180328,VIVR3,VIVER,1.65,1.69,1.64,1.64,5265.0,1.8749999999999996,1.8985000000000003,0.17151031885482612,0.12439700713688966,2.1472940142737795,1.649705985726221,2.2716910214106694,1.5253089785893312,2.3960880285475588,1.4009119714524416
20180329,VIVR3,VIVER,1.64,1.64,1.6,1.6,33332.0,1.8569999999999998,1.88975,0.18076154691223775,0.1327130604358757,2.1551761208717513,1.6243238791282486,2.287889181307627,1.491610818692373,2.4206022417435027,1.3588977582564974
20180402,VIVR3,VIVER,1.59,1.63,1.59,1.59,28019.0,1.841,1.8800000000000001,0.18976162331780988,0.14003662524588484,2.1600732504917697,1.5999267495082306,2.300109875737655,1.4598901242623457,2.4401465009835395,1.3198534990164608
20180403,VIVR3,VIVER,1.59,1.6,1.56,1.57,17348.0,1.8219999999999998,1.8704999999999998,0.19715342676253517,0.14783826922063792,2.1661765384412757,1.574823461558724,2.3140148076619136,1.426985192338086,2.4618530768825515,1.2791469231174482
20180404,VIVR3,VIVER,1.55,1.7,1.55,1.65,73363.0,1.809,1.8634999999999997,0.19960223603852417,0.15153149795271886,2.1665629959054375,1.5604370040945619,2.3180944938581565,1.4089055061418432,2.469625991810875,1.2573740081891243
20180405,VIVR3,VIVER,1.66,1.7,1.6,1.6,38492.0,1.7935000000000003,1.8549999999999998,0.20334764114170212,0.1565820830042463,2.1681641660084923,1.5418358339915073,2.3247462490127386,1.385253750987261,2.481328332016985,1.2286716679830145
20180406,VIVR3,VIVER,1.62,1.67,1.6,1.61,18274.0,1.7785000000000004,1.8479999999999996,0.20535655769775985,0.16116880782392287,2.1703376156478456,1.525662384352154,2.3315064234717684,1.364493576528231,2.4926752312956912,1.203324768704308
20180409,VIVR3,VIVER,1.61,1.7,1.61,1.62,26449.0,1.7630000000000003,1.8412499999999998,0.20501861276222463,0.16497377413954653,2.171197548279093,1.5113024517209068,2.3361713224186396,1.34632867758136,2.501145096558186,1.1813549034418136
20180410,VIVR3,VIVER,1.64,1.64,1.56,1.56,19168.0,1.7440000000000004,1.83325,0.2053597613432266,0.17070573721450805,2.174661474429016,1.491838525570984,2.3453672116435245,1.3211327883564759,2.5160729488580325,1.1504270511419679
20180411,VIVR3,VIVER,1.6,1.6,1.53,1.53,4698.0,1.7205000000000006,1.82375,0.20137618633058924,0.17679029298099952,2.177330585961999,1.470169414038001,2.3541208789429984,1.2933791210570014,2.5309111719239983,1.116588828076002
20180412,VIVR3,VIVER,1.55,1.59,1.41,1.42,142606.0,1.6820000000000008,1.81125,0.1792851301551145,0.18718135316948356,2.185612706338967,1.4368872936610328,2.3727940595084505,1.2497059404915494,2.559975412677934,1.062524587322066
20180413,VIVR3,VIVER,1.45,1.5,1.45,1.45,28964.0,1.6420000000000008,1.8002500000000001,0.1277167919553566,0.19519204875567003,2.19063409751134,1.4098659024886602,2.3858261462670103,1.21467385373299,2.58101819502268,1.01948180497732
20180416,VIVR3,VIVER,1.44,1.44,1.43,1.43,5176.0,1.618500000000001,1.7890000000000004,0.12079887590972034,0.20327826072172905,2.1955565214434585,1.3824434785565423,2.3988347821651876,1.179165217834813,2.6021130428869164,0.9758869571130842
20180417,VIVR3,VIVER,1.44,1.46,1.41,1.42,34838.0,1.593000000000001,1.7775000000000005,0.10428200631990445,0.21086816880549938,2.199236337610999,1.3557636623890017,2.4101045064164985,1.1448954935835025,2.620972675221998,0.934027324778003
20180418,VIVR3,VIVER,1.47,1.52,1.44,1.51,31841.0,1.577000000000001,1.7675000000000007,0.08950742397906282,0.2138865023731883,2.1952730047463773,1.3397269952536242,2.4091595071195657,1.1258404928804358,2.6230460094927537,0.9119539905072476
20180419,VIVR3,VIVER,1.53,1.58,1.48,1.48,18628.0,1.566000000000001,1.7565000000000008,0.08708132919711382,0.21713224140235424,2.1907644828047093,1.3222355171952924,2.4078967242070637,1.105103275792938,2.6250289656094177,0.8879710343905839
20180420,VIVR3,VIVER,1.52,1.55,1.48,1.48,4323.0,1.5585000000000009,1.745500000000001,0.08773614750458684,0.21976619277582135,2.1850323855516436,1.3059676144483583,2.404798578327465,1.0862014216725369,2.6245647711032865,0.8664352288967155
20180423,VIVR3,VIVER,1.52,1.59,1.48,1.56,22001.0,1.5530000000000008,1.734500000000001,0.08373517150736397,0.21770304404076526,2.1699060880815315,1.2990939119184706,2.387609132122297,1.081390867877705,2.605312176163062,0.86368782383694
20180424,VIVR3,VIVER,1.55,1.55,1.52,1.53,10156.0,1.547000000000001,1.724750000000001,0.0806617368364512,0.21791538583729095,2.160580771674583,1.288919228325419,2.378496157511874,1.071003842488128,2.5964115433491646,0.8530884566508371
20180425,VIVR3,VIVER,1.49,1.53,1.49,1.51,1057.0,1.5380000000000007,1.713250000000001,0.07359919908030492,0.21677576148921907,2.146801522978439,1.279698477021563,2.363577284467658,1.062922715532344,2.580353045956877,0.8461469540431248
20180426,VIVR3,VIVER,1.57,1.57,1.52,1.52,1836.0,1.5320000000000007,1.7035000000000011,0.06963060428167175,0.21646993040427298,2.1364398608085473,1.2705601391914552,2.35290979121282,1.0540902087871822,2.569379721617093,0.8376202783829092
20180427,VIVR3,VIVER,1.5,1.54,1.5,1.54,2436.0,1.5290000000000006,1.6930000000000014,0.0678155392842985,0.21387990879139493,2.1207598175827913,1.2652401824172115,2.3346397263741863,1.0513602736258165,2.548519635165581,0.8374803648344217
20180430,VIVR3,VIVER,1.5,1.5,1.49,1.49,7608.0,1.5240000000000007,1.6825000000000014,0.06675958437005376,0.21326220769458723,2.1090244153891757,1.255975584610827,2.3222866230837633,1.0427133769162398,2.5355488307783505,0.8294511692216525
20180502,VIVR3,VIVER,1.48,1.53,1.45,1.53,15756.0,1.5220000000000007,1.6720000000000013,0.06590263951266297,0.21006958554067462,2.0921391710813504,1.2518608289186521,2.302208756622025,1.0417912433779775,2.5122783421626997,0.8317216578373028
20180503,VIVR3,VIVER,1.5,1.54,1.47,1.51,28430.0,1.5150000000000008,1.6620000000000015,0.05862458618414556,0.20795956214413308,2.0779191242882677,1.2460808757117352,2.285878686432401,1.0381213135676022,2.493838248576534,0.8301617514234692
20180504,VIVR3,VIVER,1.46,1.46,1.4,1.44,9786.0,1.5070000000000008,1.6502500000000015,0.057317215196604536,0.2068628617943387,2.063975723588679,1.2365242764113242,2.2708385853830175,1.0296614146169856,2.477701447177356,0.8227985528226468
20180507,VIVR3,VIVER,1.44,1.44,1.44,1.44,5904.0,1.4985000000000008,1.6385000000000016,0.053731790060978044,0.2050709695790768,2.048641939158155,1.228358060841848,2.2537129087372323,1.0232870912627712,2.458783878316309,0.8182161216836944
20180508,VIVR3,VIVER,1.43,1.43,1.4,1.4,8211.0,1.4875000000000007,1.6252500000000016,0.04993416718671377,0.2028639496097869,2.0309778992195753,1.2195221007804278,2.2338418488293623,1.016658151170641,2.4367057984391494,0.813794201560854
20180509,VIVR3,VIVER,1.43,1.5,1.4,1.4,5544.0,1.4795000000000007,1.6117500000000018,0.05052097011194187,0.19931790738698904,2.0103858147739797,1.2131141852260237,2.209703722160969,1.0137962778390346,2.409021629547958,0.8144783704520456
20180510,VIVR3,VIVER,1.4,1.48,1.37,1.42,3509.0,1.4740000000000006,1.5972500000000018,0.05072111571078119,0.19128428970299588,1.9798185794059937,1.21468142059401,2.1711028691089895,1.0233971308910141,2.3623871588119854,0.8321128411880183
20180511,VIVR3,VIVER,1.48,1.48,1.4,1.47,30851.0,1.4765000000000004,1.5792500000000018,0.04912658193514656,0.16632355708385338,1.9118971141677086,1.246602885832295,2.078220671251562,1.0802793287484418,2.2445442283354153,0.9139557716645883
20180514,VIVR3,VIVER,1.4,1.44,1.38,1.44,6627.0,1.4760000000000004,1.5590000000000017,0.04946024453510893,0.12729533598723397,1.8135906719744697,1.3044093280255338,1.9408860079617036,1.1771139920382998,2.068181343948938,1.0498186560510658
20180515,VIVR3,VIVER,1.48,1.48,1.37,1.37,976.0,1.4730000000000005,1.5457500000000017,0.05400779670808874,0.11814566194278013,1.782041323885562,1.3094586761144416,1.9001869858283422,1.1913130141716612,2.018332647771122,1.0731673522288812
20180516,VIVR3,VIVER,1.45,1.45,1.4,1.41,9467.0,1.4725000000000006,1.5327500000000016,0.054567678885457924,0.10233147496851121,1.737412949937024,1.3280870500629791,1.8397444249055352,1.225755575094468,1.9420758998740464,1.1234241001259568
20180517,VIVR3,VIVER,1.48,1.49,1.44,1.44,14195.0,1.4690000000000005,1.5230000000000017,0.0542799759531336,0.09126461948220159,1.7055292389644048,1.3404707610355986,1.7967938584466063,1.249206141553397,1.888058477928808,1.1579415220711953
20180518,VIVR3,VIVER,1.48,1.48,1.4,1.42,6753.0,1.4660000000000006,1.5160000000000016,0.05528871589449544,0.0880209765208987,1.692041953041799,1.3399580469582042,1.7800629295626977,1.2519370704373054,1.8680839060835963,1.1639160939164068
20180521,VIVR3,VIVER,1.47,1.47,1.39,1.39,1135.0,1.4615000000000005,1.5100000000000016,0.0576993113157762,0.08823046743963045,1.6864609348792625,1.3335390651207406,1.7746914023188929,1.2453085976811102,1.8629218697585235,1.1570781302414797
20180522,VIVR3,VIVER,1.35,1.44,1.2,1.32,60038.0,1.4495000000000007,1.5012500000000015,0.0609982743500442,0.08930465000670923,1.6798593000134199,1.3226406999865832,1.7691639500201293,1.2333360499798738,1.8584686000268384,1.1440313999731646
20180523,VIVR3,VIVER,1.32,1.32,1.29,1.32,9433.0,1.4390000000000005,1.4930000000000017,0.06439189226504154,0.09044618742939446,1.6738923748587906,1.3121076251412127,1.764338562288185,1.2216614377118182,1.8547847497175796,1.1312152502824238
20180524,VIVR3,VIVER,1.26,1.3,1.2,1.3,12485.0,1.4285000000000005,1.4832500000000015,0.06915086481933669,0.08968284574272367,1.6626156914854489,1.3038843085145542,1.7522985372281725,1.2142014627718305,1.8419813829708962,1.1245186170291068
20180525,VIVR3,VIVER,1.3,1.3,1.2,1.2,5060.0,1.4125000000000005,1.4722500000000016,0.08258169798511208,0.09667517646009295,1.6656003529201875,1.2788996470798157,1.7622755293802805,1.1822244706197227,1.8589507058403734,1.0855492941596299
20180528,VIVR3,VIVER,1.3,1.3,1.0,1.05,98843.0,1.3880000000000006,1.4585000000000015,0.11067258491889735,0.11534896885271669,1.689197937705435,1.227802062294568,1.8045469065581514,1.1124530934418515,1.9198958754108681,0.9971041245891348
20180529,VIVR3,VIVER,1.13,1.13,0.94,0.95,109818.0,1.3610000000000007,1.4425000000000014,0.1450190550092932,0.13867042647762934,1.7198408529552602,1.1651591470447427,1.8585112794328895,1.0264887205671134,1.9971817059105188,0.8878182940894841
20180530,VIVR3,VIVER,0.96,1.0,0.5,0.5,595337.0,1.3095000000000006,1.4157500000000014,0.23611939441954258,0.20212825961090597,1.8200065192218133,1.0114934807781895,2.0221347788327195,0.8093652211672835,2.2242630384436253,0.6072369615563775
20180601,VIVR3,VIVER,0.55,0.6,0.37,0.43,477517.0,1.2555000000000005,1.3852500000000014,0.30212362405234905,0.25181380483939486,1.8888776096787911,0.8816223903212117,2.140691414518186,0.6298085854818168,2.392505219357581,0.377994780642422
20180604,VIVR3,VIVER,0.45,0.47,0.4,0.4,218251.0,1.2035000000000005,1.3552500000000014,0.3537807081705883,0.29358952244981135,1.9424290448996242,0.7680709551003787,2.2360185673494355,0.4744814326505673,2.529608089799247,0.180891910200756
20180605,VIVR3,VIVER,0.36,0.36,0.19,0.2,1118444.0,1.1415000000000002,1.3200000000000016,0.4137285532682901,0.3427490672152497,2.005498134430501,0.6345018655695022,2.3482472016457505,0.2917527983542525,2.6909962688610003,-0.050996268860997285
20180606,VIVR3,VIVER,0.18,0.3,0.11,0.29,3367536.0,1.0860000000000003,1.2867500000000016,0.45008069451926724,0.375816291045752,2.0383825820915056,0.5351174179084977,2.4141988731372575,0.15930112686274556,2.7900151641830098,-0.21651516418300631
20180607,VIVR3,VIVER,0.3,0.31,0.23,0.27,1681180.0,1.0295000000000003,1.2545000000000015,0.47861065376225737,0.4059111308572937,2.066322261714589,0.4426777382854141,2.4722333925718827,0.036766607428120324,2.8781445234291763,-0.36914452342917325
20180608,VIVR3,VIVER,0.27,0.29,0.24,0.24,1134331.0,0.9705000000000001,1.2222500000000016,0.5001839135442278,0.43375218908780444,2.0897543781756105,0.35474562182439273,2.523506567263415,-0.07900656726341171,2.9572587563512194,-0.5127587563512161
20180611,VIVR3,VIVER,0.24,0.26,0.21,0.22,681242.0,0.9080000000000001,1.1922500000000016,0.5124307398643188,0.4604038778824867,2.113057755764975,0.27144224423502816,2.5734616336474616,-0.18896163364745866,3.0338655115299487,-0.6493655115299453
20180612,VIVR3,VIVER,0.21,0.22,0.18,0.2,496210.0,0.8460000000000001,1.1610000000000016,0.5196395511870637,0.48426417880305367,2.129528357606109,0.19247164239389425,2.6137925364091625,-0.29179253640915936,3.0980567152122163,-0.7760567152122131
20180613,VIVR3,VIVER,0.2,0.21,0.17,0.19,508936.0,0.7870000000000001,1.1300000000000014,0.5239837281523342,0.5058123701988267,2.141624740397655,0.11837525960234796,2.6474371105964813,-0.3874371105964787,3.153249480795308,-0.8932494807953055
20180614,VIVR3,VIVER,0.18,0.18,0.16,0.17,660831.0,0.7250000000000001,1.0987500000000014,0.5197317121665533,0.5256604514859486,2.1500709029718985,0.04742909702810416,2.6757313544578474,-0.4782313544578445,3.2013918059437962,-1.0038918059437931
20180615,VIVR3,VIVER,0.18,0.18,0.15,0.15,466377.0,0.6605000000000001,1.0647500000000014,0.5061981617384308,0.5421041034472625,2.1489582068945263,-0.01945820689452349,2.6910623103417888,-0.5615623103417859,3.2331664137890512,-1.1036664137890484
20180618,VIVR3,VIVER,0.15,0.21,0.15,0.19,1463118.0,0.5990000000000001,1.0325000000000015,0.48326629904171026,0.5549855622977734,2.1424711245955486,-0.07747112459554528,2.6974566868933216,-0.6324566868933186,3.252442249191095,-1.187442249191092
20180619,VIVR3,VIVER,0.2,0.2,0.18,0.18,320659.0,0.5385000000000001,1.0000000000000016,0.4538754176388495,0.5660615169976161,2.1321230339952337,-0.13212303399523062,2.69818455099285,-0.6981845509928466,3.2642460679904657,-1.2642460679904628
20180620,VIVR3,VIVER,0.18,0.19,0.17,0.18,511805.0,0.48150000000000004,0.9655000000000016,0.42095474191038634,0.5730662019303471,2.1116324038606957,-0.18063240386069257,2.684698605791043,-0.7536986057910398,3.25776480772139,-1.3267648077213867
20180621,VIVR3,VIVER,0.18,0.19,0.17,0.18,218582.0,0.4245,0.9317500000000015,0.3762484481520687,0.578693876383796,2.0891377527675936,-0.22563775276759046,2.6678316291513893,-0.8043316291513863,3.2465255055351854,-1.3830255055351826
20180622,VIVR3,VIVER,0.18,0.2,0.18,0.18,302962.0,0.3685,0.8985000000000015,0.31790887472918505,0.5828117081695329,2.064123416339067,-0.2671234163390642,2.6469351245086004,-0.8499351245085972,3.229746832678133,-1.4327468326781299
20180625,VIVR3,VIVER,0.19,0.2,0.18,0.19,246707.0,0.318,0.8652500000000014,0.25232810720212717,0.5843821523626485,2.0340143047252983,-0.3035143047252955,2.6183964570879468,-0.887896457087944,3.2027786094505952,-1.4722786094505924
20180626,VIVR3,VIVER,0.19,0.27,0.19,0.26,1571755.0,0.2785,0.8332500000000014,0.1843987384361393,0.5815249074190372,1.9962998148380757,-0.32979981483807297,2.577824722257113,-0.9113247222571101,3.15934962967615,-1.4928496296761473
20180627,VIVR3,VIVER,0.28,0.3,0.24,0.25,2600876.0,0.2435,0.8022500000000014,0.09499445967222837,0.578661087205763,1.9595721744115275,-0.3550721744115247,2.5382332616172905,-0.9337332616172879,3.1168943488230534,-1.512394348823051
20180628,VIVR3,VIVER,0.26,0.27,0.24,0.26,1226515.0,0.23149999999999998,0.7705000000000013,0.07364745323783171,0.572515591546732,1.9155311830934654,-0.3745311830934628,2.488046774640197,-0.9470467746401947,3.0605623661869297,-1.5195623661869269
20180629,VIVR3,VIVER,0.27,0.29,0.26,0.29,10460271.0,0.2245,0.7400000000000012,0.058980371400355426,0.5645511037257396,1.8691022074514803,-0.38910220745147794,2.43365331117722,-0.9536533111772175,2.9982044149029594,-1.5182044149029572
20180702,VIVR3,VIVER,0.32,0.38,0.31,0.35,3860422.0,0.22199999999999998,0.7127500000000012,0.05176871642215543,0.5561404890760479,1.825030978152097,-0.3995309781520945,2.3811714672281448,-0.9556714672281424,2.9373119563041925,-1.5118119563041903
20180703,VIVR3,VIVER,0.36,0.37,0.31,0.33,2171461.0,0.22849999999999998,0.6850000000000012,0.05677981479732569,0.5465321910898187,1.7780643821796385,-0.40806438217963614,2.3245965732694573,-0.9545965732694548,2.871128764359276,-1.5011287643592734
20180704,VIVR3,VIVER,0.32,0.36,0.27,0.36,4106220.0,0.23199999999999998,0.6590000000000011,0.06262671365444183,0.5362873320936313,1.7315746641872638,-0.4135746641872615,2.267861996280895,-0.9498619962808927,2.8041493283745265,-1.4861493283745242
20180705,VIVR3,VIVER,0.36,0.36,0.32,0.33,2944491.0,0.23499999999999996,0.6322500000000011,0.0658946527660284,0.5249443804481622,1.6821387608963254,-0.41763876089632324,2.2070831413444876,-0.9425831413444854,2.7320275217926495,-1.4675275217926476
20180706,VIVR3,VIVER,0.32,0.33,0.3,0.32,1071742.0,0.23899999999999996,0.6047500000000012,0.06858724754874886,0.5112527976225905,1.6272555952451822,-0.4177555952451797,2.138508392867773,-0.9290083928677701,2.649761190490363,-1.4402611904903606
20180710,VIVR3,VIVER,0.32,0.33,0.28,0.28,873255.0,0.242,0.5750000000000013,0.06902326076268317,0.49394279747708597,1.5628855949541731,-0.41288559495417065,2.0568283924312594,-0.9068283924312566,2.550771189908345,-1.4007711899083426
20180711,VIVR3,VIVER,0.29,0.3,0.26,0.28,1425792.0,0.246,0.5460000000000013,0.06877882170978976,0.4755660594734231,1.4971321189468476,-0.405132118946845,1.9726981784202704,-0.880698178420268,2.4482642378936936,-1.3562642378936913
20180712,VIVR3,VIVER,0.28,0.29,0.27,0.28,536893.0,0.2505,0.5187500000000013,0.06786015030927635,0.45804594719699493,1.4348418943939911,-0.3973418943939886,1.8928878415909862,-0.8553878415909836,2.350933788787981,-1.3134337887879783
20180713,VIVR3,VIVER,0.28,0.31,0.27,0.3,1577286.0,0.257,0.49100000000000127,0.06594255873583588,0.43574751569676223,1.3624950313935258,-0.3804950313935232,1.7982425470902879,-0.8162425470902854,2.23399006278705,-1.2519900627870477
20180716,VIVR3,VIVER,0.3,0.3,0.28,0.29,457253.0,0.26399999999999996,0.4622500000000012,0.061250134264065205,0.4086217453455377,1.2794934906910767,-0.35499349069107416,1.6881152360366143,-0.763615236036612,2.096736981382152,-1.1722369813821496
20180717,VIVR3,VIVER,0.29,0.3,0.27,0.29,676845.0,0.26899999999999996,0.4340000000000012,0.05892903850348288,0.3786737991383202,1.1913475982766417,-0.3233475982766392,1.570021397414962,-0.7020213974149594,1.9486951965532822,-1.0806951965532796
20180718,VIVR3,VIVER,0.28,0.29,0.27,0.27,828239.0,0.27349999999999997,0.4060000000000012,0.055086057076252345,0.3461865511615536,1.0983731023231085,-0.28637310232310603,1.444559653484662,-0.6325596534846596,1.7907462046462157,-0.9787462046462132
20180719,VIVR3,VIVER,0.27,0.28,0.25,0.26,622121.0,0.27749999999999997,0.3795000000000012,0.050666608956545574,0.31345019642844135,1.0064003928568839,-0.24740039285688148,1.3198505892853254,-0.5608505892853228,1.6333007857137667,-0.8743007857137641
20180720,VIVR3,VIVER,0.27,0.27,0.26,0.27,429582.0,0.2819999999999999,0.35325000000000123,0.04525948577512998,0.27417370032284427,0.9015974006456897,-0.1950974006456873,1.175771100968534,-0.4692711009685316,1.4499448012913783,-0.7434448012913759
20180723,VIVR3,VIVER,0.27,0.28,0.26,0.28,628073.0,0.287,0.3277500000000012,0.03840230256251417,0.22728596581490285,0.7823219316298069,-0.12682193162980449,1.0096078974447096,-0.3541078974447073,1.2368938632596125,-0.5813938632596102
20180724,VIVR3,VIVER,0.29,0.29,0.26,0.27,737414.0,0.291,0.3045000000000012,0.031271308524584145,0.1779938057118782,0.6604876114237577,-0.051487611423755186,0.8384814171356358,-0.22948141713563341,1.016475222847514,-0.4074752228475116
20180725,VIVR3,VIVER,0.27,0.28,0.26,0.27,209839.0,0.2915,0.28500000000000114,0.030826338703977826,0.1306590787959179,0.546318157591837,0.023681842408165343,0.6769772363877549,-0.10697723638775258,0.8076363151836727,-0.23763631518367045
20180726,VIVR3,VIVER,0.27,0.27,0.25,0.26,440008.0,0.292,0.26775000000000115,0.030192365713306503,0.07378025237845619,0.41531050475691356,0.12018949524308878,0.4890907571353697,0.046409242864632605,0.5628710095138258,-0.027371009513823596
20180727,VIVR3,VIVER,0.26,0.27,0.25,0.27,192612.0,0.2925,0.2620000000000012,0.029713544669724794,0.06345602151624169,0.38891204303248456,0.1350879569675178,0.45236806454872625,0.07163193545127611,0.5158240860649679,0.008175913935034418
20180730,VIVR3,VIVER,0.27,0.27,0.26,0.27,162393.0,0.2915,0.2580000000000012,0.030135658193151622,0.057342873386395606,0.37268574677279237,0.14331425322720998,0.43002862015918797,0.08597137984081435,0.4873714935455836,0.02862850645441875
20180731,VIVR3,VIVER,0.26,0.27,0.25,0.26,234011.0,0.287,0.25450000000000117,0.027548999408665863,0.0525234990144509,0.359546998028903,0.14945300197109937,0.41207049704335386,0.09692950295664848,0.46459399605780477,0.04440600394219757
20180801,VIVR3,VIVER,0.26,0.26,0.25,0.25,169525.0,0.283,0.25575000000000114,0.026773907172110183,0.05178295432840263,0.3593159086568064,0.15218409134319588,0.41109886298520903,0.10040113701479325,0.46288181731361167,0.04861818268639062
20180802,VIVR3,VIVER,0.25,0.25,0.23,0.25,677161.0,0.27749999999999997,0.2547500000000012,0.020742785683035593,0.05148997910973575,0.35772995821947273,0.1517700417805297,0.40921993732920847,0.10028006267079392,0.4607099164389442,0.048790083561058184
20180803,VIVR3,VIVER,0.25,0.27,0.24,0.25,728670.0,0.27349999999999997,0.2542500000000012,0.017554426642144915,0.05143517204287354,0.3571203440857483,0.15137965591425412,0.40855551612862184,0.09994448387138058,0.45999068817149535,0.04850931182850704
20180806,VIVR3,VIVER,0.25,0.25,0.24,0.24,233656.0,0.26949999999999996,0.2542500000000012,0.01538112308532838,0.05143517204287354,0.3571203440857483,0.15137965591425412,0.40855551612862184,0.09994448387138058,0.45999068817149535,0.04850931182850704
20180807,VIVR3,VIVER,0.24,0.24,0.22,0.23,462453.0,0.26699999999999996,0.25450000000000117,0.017501879598239782,0.05128852523241331,0.3570770504648278,0.15192294953517455,0.4083655756972411,0.10063442430276123,0.4596541009296544,0.04934589907034792
20180808,VIVR3,VIVER,0.24,0.25,0.23,0.24,782192.0,0.26499999999999996,0.2555000000000012,0.01820930935994049,0.050583771594465185,0.35666754318893157,0.15433245681107086,0.40725131478339677,0.10374868521660568,0.45783508637786197,0.053164913622140486
20180809,VIVR3,VIVER,0.24,0.24,0.23,0.24,114911.0,0.26299999999999996,0.25675000000000125,0.018666040089670113,0.04953048789152296,0.35581097578304716,0.15768902421695535,0.40534146367457013,0.10815853632543238,0.45487195156609306,0.058628048433909424
20180810,VIVR3,VIVER,0.23,0.24,0.22,0.24,167033.0,0.25999999999999995,0.25850000000000123,0.01716790150550884,0.04758528106843588,0.353670562136873,0.16332943786312948,0.4012558432053089,0.11574415679469358,0.4488411242737448,0.0681588757262577
20180813,VIVR3,VIVER,0.24,0.24,0.23,0.24,74081.0,0.25749999999999995,0.26075000000000126,0.016181535936391968,0.04434061054600858,0.3494312210920184,0.1720687789079841,0.393771831638027,0.1277281683619755,0.43811244218403556,0.08338755781596693
20180814,VIVR3,VIVER,0.23,0.24,0.23,0.24,70381.0,0.255,0.26200000000000123,0.014689774459868148,0.04297882603308924,0.3479576520661797,0.17604234793382276,0.39093647809926896,0.1330635219007335,0.4339153041323582,0.09008469586764428
20180815,VIVR3,VIVER,0.23,0.25,0.23,0.23,2220018.0,0.253,0.26325000000000126,0.015252264715279176,0.041224059442589306,0.3456981188851799,0.18080188111482265,0.3869221783277692,0.13957782167223334,0.4281462377703585,0.09835376222964404
20180816,VIVR3,VIVER,0.24,0.24,0.23,0.23,193370.0,0.25150000000000006,0.2645000000000013,0.015985190514568592,0.03935049603835504,0.3432009920767114,0.1857990079232912,0.3825514881150664,0.14644851188493618,0.42190198415342145,0.10709801584658113
20180817,VIVR3,VIVER,0.24,0.24,0.23,0.24,119368.0,0.2500000000000001,0.2660000000000013,0.015559732104232159,0.03712763847142171,0.34025527694284474,0.19174472305715787,0.37738291541426644,0.15461708458573614,0.41451055388568814,0.11748944611431444
20180820,VIVR3,VIVER,0.24,0.24,0.23,0.23,268878.0,0.2475000000000001,0.2672500000000013,0.014464111666928074,0.03493492118141632,0.337119842362834,0.19738015763716868,0.37205476354425027,0.16244523645575237,0.4069896847256666,0.12751031527433604
20180821,VIVR3,VIVER,0.24,0.24,0.22,0.22,318268.0,0.2450000000000001,0.26800000000000135,0.014689774459867752,0.03352763880898289,0.33505527761796716,0.20094472238203556,0.36858291642695,0.16741708357305268,0.4021105552359329,0.13388944476406978
20180822,VIVR3,VIVER,0.22,0.23,0.22,0.22,81878.0,0.24250000000000008,0.26700000000000135,0.014464111666927872,0.0343585916550122,0.33571718331002576,0.19828281668997694,0.37007577496503796,0.16392422503496476,0.40443436662005017,0.12956563337995256
20180823,VIVR3,VIVER,0.23,0.23,0.22,0.22,204731.0,0.24050000000000007,0.2662500000000014,0.01468081454780493,0.035059473279981275,0.3363689465599639,0.19613105344003884,0.37142841983994523,0.16107158016005754,0.4064878931199265,0.12601210688007627
20180824,VIVR3,VIVER,0.22,0.23,0.21,0.22,161775.0,0.23800000000000007,0.26525000000000143,0.013611140947484937,0.03580484854723219,0.33685969709446584,0.19364030290553705,0.372664545641698,0.15783545435830487,0.4084693941889302,0.12203060581107267
20180827,VIVR3,VIVER,0.22,0.22,0.2,0.21,188123.0,0.23500000000000004,0.2632500000000014,0.012773327473074624,0.036612138942593575,0.3364742778851886,0.19002572211481428,0.37308641682778215,0.1534135831722207,0.4096985557703757,0.11680144422962713
20180828,VIVR3,VIVER,0.21,0.22,0.2,0.21,164821.0,0.23250000000000007,0.2597500000000015,0.01251315097671162,0.03475094538471248,0.32925189076942646,0.1902481092305765,0.3640028361541389,0.15549716384586404,0.39875378153885144,0.12074621846115155
20180829,VIVR3,VIVER,0.21,0.22,0.2,0.22,192323.0,0.23100000000000004,0.2570000000000015,0.012096106376484972,0.03337433375888158,0.32374866751776465,0.19025133248223836,0.35712300127664626,0.15687699872335675,0.39049733503552786,0.12350266496447518
20180830,VIVR3,VIVER,0.22,0.22,0.2,0.2,249025.0,0.22850000000000006,0.2530000000000015,0.013088765773411842,0.030144948975259916,0.3132898979505213,0.19271010204948166,0.34343484692578125,0.16256515307422176,0.3735797959010412,0.13242020409896182
20180831,VIVR3,VIVER,0.21,0.21,0.2,0.2,108946.0,0.22600000000000006,0.24975000000000147,0.013533583957488575,0.028598682056830794,0.3069473641136631,0.1925526358863399,0.3355460461704939,0.16395395382950909,0.36414472822732463,0.1353552717726783
20180903,VIVR3,VIVER,0.2,0.21,0.19,0.2,377586.0,0.22400000000000006,0.24675000000000144,0.014290224851741737,0.027305254495792707,0.30136050899158684,0.19213949100841604,0.3286657634873795,0.16483423651262333,0.35597101798317227,0.13752898201683061
20180904,VIVR3,VIVER,0.2,0.21,0.19,0.19,284541.0,0.22200000000000006,0.24450000000000144,0.016091841672679914,0.028188923083695003,0.30087784616739144,0.18812215383261144,0.32906676925108647,0.1599332307489164,0.35725569233478144,0.13174430766522144
20180905,VIVR3,VIVER,0.19,0.2,0.18,0.19,317729.0,0.21950000000000008,0.24225000000000146,0.01700619082314825,0.0288664031492031,0.2999828062984077,0.18451719370159525,0.32884920944761076,0.15565079055239217,0.35771561259681384,0.12678438740318906
20180906,VIVR3,VIVER,0.2,0.2,0.18,0.19,127249.0,0.21700000000000008,0.24000000000000146,0.017501879598238106,0.029351975428266442,0.29870395085653434,0.18129604914346859,0.3280559262848008,0.15194407371520213,0.35740790171306724,0.1225920982869357
20180910,VIVR3,VIVER,0.2,0.2,0.18,0.19,99872.0,0.21450000000000008,0.23725000000000143,0.017614288458302048,0.02873285441928843,0.2947157088385783,0.17978429116142458,0.32344856325786675,0.15105143674213614,0.35218141767715516,0.12231858232284772
20180911,VIVR3,VIVER,0.19,0.2,0.18,0.19,355423.0,0.2120000000000001,0.23475000000000143,0.01735086832341483,0.028373651555046737,0.2914973031100949,0.17800269688990794,0.31987095466514165,0.1496290453348612,0.3482446062201884,0.12125539377981448
20180912,VIVR3,VIVER,0.19,0.19,0.18,0.19,168268.0,0.2095000000000001,0.23225000000000146,0.01669383750142086,0.02778004264276563,0.2878100852855327,0.1766899147144702,0.3155901279282983,0.14890987207170456,0.343370170571064,0.12112982942893893
20180913,VIVR3,VIVER,0.19,0.19,0.18,0.18,71891.0,0.20700000000000007,0.23000000000000145,0.0171985311489597,0.028284271247516903,0.28656854249503527,0.17343145750496763,0.31485281374255214,0.14514718625745074,0.34313708499006906,0.11686291500993384
20180914,VIVR3,VIVER,0.19,0.19,0.17,0.18,284901.0,0.20450000000000004,0.22800000000000145,0.017312909694871814,0.02892962282723699,0.2858592456544754,0.17014075434552747,0.3147888684817124,0.14121113151829048,0.3437184913089494,0.1122815086910535
20180917,VIVR3,VIVER,0.18,0.18,0.16,0.17,342481.0,0.201,0.22550000000000145,0.016827296120718895,0.02952183025392531,0.28454366050785207,0.16645633949215083,0.31406549076177737,0.13693450923822553,0.34358732101570266,0.10741267898430021
20180918,VIVR3,VIVER,0.17,0.17,0.16,0.17,124870.0,0.198,0.22275000000000147,0.016733200530607267,0.02943811413976253,0.28162622827952655,0.1638737717204764,0.31106434241928904,0.13443565758071388,0.3405024565590516,0.10499754344095136
20180919,VIVR3,VIVER,0.17,0.21,0.16,0.19,2939730.0,0.1965,0.22075000000000147,0.015985190514566507,0.028857519128635017,0.27846503825727154,0.16303496174273144,0.3073225573859065,0.13417744261409642,0.3361800765145415,0.1053199234854614
20180920,VIVR3,VIVER,0.19,0.19,0.17,0.18,971652.0,0.1945,0.21850000000000147,0.015381123085325467,0.028424438744711338,0.27534887748942416,0.16165112251057878,0.3037733162341355,0.13322668376586747,0.33219775497884685,0.10480224502115612
20180921,VIVR3,VIVER,0.18,0.19,0.17,0.17,536014.0,0.192,0.21625000000000147,0.015078740698418398,0.028616608052202643,0.27348321610440673,0.15901678389559618,0.3020998241566094,0.13040017584339353,0.33071643220881203,0.1017835677911909
20180924,VIVR3,VIVER,0.17,0.18,0.16,0.17,473619.0,0.18950000000000003,0.2137500000000015,0.014317821063189205,0.02816503560751108,0.27008007121502364,0.15741992878497935,0.29824510682253474,0.12925489317746824,0.32641014243004585,0.10108985756995717
20180925,VIVR3,VIVER,0.17,0.18,0.16,0.18,426953.0,0.18800000000000003,0.2115000000000015,0.013611140947482668,0.027132155206636015,0.26576431041327353,0.15723568958672945,0.29289646561990956,0.13010353438009345,0.32002862082654554,0.10297137917345743
20180926,VIVR3,VIVER,0.18,0.18,0.16,0.17,560924.0,0.18600000000000003,0.2092500000000015,0.013138933706540585,0.026735887722513264,0.262721775445028,0.15577822455497498,0.2894576631675413,0.1290423368324617,0.3161935508900545,0.10230644910994843
20180927,VIVR3,VIVER,0.17,0.18,0.16,0.17,184329.0,0.18350000000000002,0.2072500000000015,0.010894228312451158,0.02660128202044689,0.2604525640408953,0.1540474359591077,0.28705384606134215,0.12744615393866082,0.3136551280817891,0.10084487191821392
20180928,VIVR3,VIVER,0.18,0.18,0.16,0.17,478696.0,0.182,0.2052500000000015,0.010563093645609494,0.02631052241493389,0.2578710448298693,0.1526289551701337,0.28418156724480315,0.12631843275519983,0.31049208965973707,0.10000791034026593
20181001,VIVR3,VIVER,0.17,0.18,0.16,0.17,108424.0,0.1805,0.20325000000000149,0.009986833437219015,0.025858341906568525,0.25496668381313853,0.15153331618686444,0.2808250257197071,0.1256749742802959,0.30668336762627557,0.09981663237372738
20181002,VIVR3,VIVER,0.17,0.18,0.16,0.17,570862.0,0.179,0.20150000000000148,0.009119095061152325,0.025675489659087784,0.25285097931817707,0.15014902068182592,0.27852646897726485,0.12447353102273813,0.30420195863635263,0.09879804136365035
20181003,VIVR3,VIVER,0.17,0.18,0.16,0.17,193859.0,0.178,0.20000000000000145,0.008944271909858807,0.02572038999590827,0.251440779991818,0.14855922000818492,0.2771611699877263,0.12283883001227665,0.30288155998363453,0.09711844001636838
20181004,VIVR3,VIVER,0.17,0.18,0.16,0.16,211913.0,0.1765,0.19800000000000145,0.009333020044732684,0.025640512815446128,0.24928102563089372,0.1467189743691092,0.2749215384463398,0.12107846155366307,0.300562051261786,0.09543794873821694
20181005,VIVR3,VIVER,0.17,0.18,0.17,0.17,144849.0,0.1755,0.19625000000000145,0.008870412083088463,0.025083194905550388,0.24641638981110223,0.14608361018890068,0.2714995847166526,0.12100041528335029,0.29658277962220303,0.0959172203777999
20181008,VIVR3,VIVER,0.18,0.18,0.16,0.17,451342.0,0.1745,0.19450000000000145,0.008255779474666627,0.02438473671415276,0.24326947342830696,0.14573052657169594,0.2676542101424597,0.12134578985754317,0.29203894685661247,0.09696105314339042
20181009,VIVR3,VIVER,0.17,0.17,0.15,0.17,1001109.0,0.1735,0.19275000000000145,0.00745159820353708,0.023532574259634644,0.23981514851927074,0.14568485148073215,0.2633477227789054,0.12215227722109752,0.28688029703854,0.09861970296146287
20181010,VIVR3,VIVER,0.17,0.22,0.17,0.2,3795017.0,0.174,0.19175000000000145,0.008825799501438343,0.022290333653001777,0.236330667306005,0.1471693326939979,0.25862100095900675,0.12487899904099611,0.28091133461200857,0.10258866538799434
20181011,VIVR3,VIVER,0.21,0.22,0.19,0.2,2318302.0,0.175,0.19100000000000145,0.010513149660637343,0.021459562449313612,0.23391912489862868,0.14808087510137422,0.2553786873479423,0.1266213126520606,0.2768382497972559,0.105161750202747
20181015,VIVR3,VIVER,0.2,0.21,0.19,0.2,906060.0,0.176,0.19025000000000142,0.011876558069425421,0.020567275476250906,0.23138455095250324,0.1491154490474996,0.25195182642875413,0.1285481735712487,0.27251910190500506,0.1079808980949978
20181016,VIVR3,VIVER,0.21,0.3,0.2,0.29,10238256.0,0.182,0.19150000000000142,0.028022547312695028,0.024760390204520054,0.2410207804090415,0.14197921959096133,0.26578117061356155,0.11721882938644126,0.29054156081808163,0.0924584391819212
20181017,VIVR3,VIVER,0.29,0.29,0.25,0.27,8534658.0,0.187,0.1925000000000014,0.03404331606084451,0.027056446219975935,0.24661289243995327,0.13838710756004952,0.2736693386599292,0.11133066134007359,0.30072578487990514,0.08427421512009765
20181018,VIVR3,VIVER,0.28,0.34,0.27,0.3,16320329.0,0.1925,0.19450000000000142,0.042410897308637834,0.03169971285161681,0.25789942570323504,0.1311005742967678,0.28959913855485186,0.09940086144515099,0.32129885140646863,0.06770114859353418
20181019,VIVR3,VIVER,0.31,0.32,0.25,0.28,11594130.0,0.19749999999999998,0.19600000000000145,0.046552177856201415,0.03425395354315318,0.2645079070863078,0.1274920929136951,0.298761860629461,0.09323813937054191,0.33301581417261417,0.058984185827388735
20181022,VIVR3,VIVER,0.37,0.38,0.34,0.35,19767276.0,0.2065,0.19925000000000145,0.05714938872443408,0.041902664990862946,0.28305532998172733,0.11544467001827556,0.32495799497259026,0.07354200502741262,0.36686065996345324,0.03163934003654967
20181023,VIVR3,VIVER,0.32,0.54,0.31,0.51,37523497.0,0.22349999999999998,0.20650000000000146,0.08797577417734276,0.06455170855156526,0.335603417103132,0.07739658289687093,0.40015512565469724,0.012844874345305679,0.4647068342062625,-0.0517068342062596
20181024,VIVR3,VIVER,0.62,0.76,0.6,0.7,76380350.0,0.2495,0.21875000000000142,0.1373997242010474,0.10127868381290765,0.4213073676258167,0.01619263237418611,0.5225860514387244,-0.08508605143872153,0.623864735251632,-0.1863647352516292
20181025,VIVR3,VIVER,0.77,0.81,0.53,0.6,52381650.0,0.271,0.2285000000000014,0.15660543782989256,0.11783408587872572,0.46416817175745284,-0.007168171757450048,0.5820022576361785,-0.12500225763617576,0.6998363435149043,-0.2428363435149015
20181026,VIVR3,VIVER,0.49,0.62,0.48,0.55,26394574.0,0.29,0.2367500000000014,0.16644898064539887,0.12831027098805747,0.49337054197611635,-0.019870541976113543,0.6216808129641738,-0.14818081296417102,0.7499910839522312,-0.2764910839522285
20181029,VIVR3,VIVER,0.58,0.59,0.51,0.55,22958833.0,0.309,0.24550000000000144,0.1735663076691222,0.13735505180521518,0.5202101036104319,-0.029210103610428917,0.657565155415647,-0.1665651554156441,0.7949202072208621,-0.3039202072208593
20181030,VIVR3,VIVER,0.55,0.56,0.43,0.44,19895157.0,0.3225,0.25150000000000144,0.17268392178226358,0.14052192091062995,0.5325438418212614,-0.029543841821258465,0.6730657627318912,-0.1700657627318884,0.8135876836425213,-0.3105876836425184
20181031,VIVR3,VIVER,0.39,0.42,0.32,0.41,16758167.0,0.3345,0.2567500000000015,0.1698443559944091,0.14245804600582568,0.5416660920116528,-0.02816609201164988,0.6841241380174785,-0.17062413801747556,0.8265821840233042,-0.31308218402330124
20181101,VIVR3,VIVER,0.44,0.51,0.43,0.5,23554198.0,0.35100000000000003,0.26450000000000146,0.1690499770388621,0.14709058782139695,0.5586811756427954,-0.029681175642792434,0.7057717634641922,-0.17677176346418938,0.8528623512855893,-0.3238623512855863
20181105,VIVR3,VIVER,0.53,0.65,0.51,0.65,42382186.0,0.37550000000000006,0.27600000000000147,0.1753034962271757,0.158644902622833,0.5932898052456674,-0.04128980524566456,0.7519347078685005,-0.19993470786849754,0.9105796104913335,-0.3585796104913306
20181106,VIVR3,VIVER,0.59,0.73,0.58,0.61,49163271.0,0.3975000000000001,0.2865000000000015,0.17576524415432457,0.166510952900704,0.6195219058014094,-0.04652190580140653,0.7860328587021135,-0.21303285870211053,0.9525438116028175,-0.37954381160281453
20181107,VIVR3,VIVER,0.59,0.63,0.56,0.63,34394145.0,0.4205000000000001,0.29750000000000154,0.17452114937435273,0.17432286579351702,0.6461457315870356,-0.051145731587032506,0.8204685973805527,-0.22546859738054958,0.9947914631740696,-0.39979146317406655
20181108,VIVR3,VIVER,0.64,0.67,0.61,0.63,30298724.0,0.4435000000000001,0.30850000000000155,0.17002399211503838,0.1811154894337409,0.6707309788674833,-0.05373097886748024,0.8518464683012242,-0.23484646830122113,1.0329619577349651,-0.41596195773496203
20181109,VIVR3,VIVER,0.62,0.65,0.6,0.63,19739132.0,0.4650000000000002,0.31950000000000156,0.16471666262818174,0.1869999314411033,0.6934998628822082,-0.05449986288220504,0.8804997943233115,-0.24149979432330837,1.0674997257644148,-0.42849972576441164
20181112,VIVR3,VIVER,0.63,0.64,0.58,0.59,14507179.0,0.48450000000000026,0.3297500000000016,0.15445915828770143,0.19036385538200362,0.7104777107640088,-0.050977710764005646,0.9008415661460125,-0.24134156614600927,1.091205421528016,-0.4317054215280129
20181113,VIVR3,VIVER,0.56,0.61,0.51,0.61,30878988.0,0.5050000000000002,0.3405000000000016,0.14136552099544514,0.19380071710063634,0.7281014342012743,-0.04710143420127111,0.9219021513019106,-0.2409021513019074,1.115702868402547,-0.4347028684025438
20181114,VIVR3,VIVER,0.6,0.61,0.57,0.58,18052100.0,0.5195000000000003,0.35075000000000156,0.13276314485419818,0.19538768168400247,0.7415253633680066,-0.040025363368003386,0.936913045052009,-0.2354130450520059,1.1323007267360115,-0.43080072673600833
20181116,VIVR3,VIVER,0.59,0.6,0.56,0.57,8112032.0,0.5345000000000003,0.36075000000000157,0.11936123852891178,0.19613427504175998,0.7530185500835216,-0.03151855008351839,0.9491528251252815,-0.2276528251252784,1.1452871001670415,-0.42378710016703836
20181119,VIVR3,VIVER,0.57,0.58,0.52,0.54,13453754.0,0.5465000000000003,0.3695000000000016,0.10584372790505821,0.19612855543345328,0.7617571108669081,-0.02275711086690496,0.9578856663003614,-0.21888566630035822,1.1540142217338147,-0.41501422173381153
20181121,VIVR3,VIVER,0.54,0.59,0.52,0.53,21794980.0,0.5590000000000004,0.3782500000000016,0.08552623481776318,0.19526297192537834,0.7687759438507582,-0.012275943850755089,0.9640389157761367,-0.20753891577613343,1.1593018877015149,-0.40280188770151176
20181122,VIVR3,VIVER,0.54,0.55,0.49,0.5,21267502.0,0.5665000000000003,0.38650000000000156,0.07169195800159998,0.19319911344491286,0.7728982268898272,0.00010177311017584012,0.9660973403347402,-0.19309734033473697,1.159296453779653,-0.3862964537796499
20181123,VIVR3,VIVER,0.5,0.52,0.45,0.51,23734463.0,0.5665000000000003,0.39500000000000157,0.07169195800159998,0.1908953263991251,0.7767906527982518,0.013209347201751376,0.9676859791973769,-0.17768597919737372,1.158581305596502,-0.3685813055964988
20181126,VIVR3,VIVER,0.52,0.53,0.48,0.5,9111096.0,0.5565000000000004,0.4030000000000015,0.06579673644120726,0.18834229613345846,0.7796845922669184,0.026315407733084606,0.9680268884003769,-0.16202688840037388,1.1563691845338353,-0.3503691845338323
20181127,VIVR3,VIVER,0.5,0.5,0.47,0.47,6496072.0,0.5500000000000005,0.4105000000000015,0.0676679197878799,0.1847652703518926,0.7800305407037866,0.04096945929621626,0.9647958110556794,-0.14379581105567635,1.1495610814075718,-0.32856108140756896
20181128,VIVR3,VIVER,0.46,0.47,0.39,0.39,16266485.0,0.5420000000000005,0.4160000000000014,0.07654376113321672,0.18065124354643847,0.7773024870928784,0.05469751290712449,0.9579537306393169,-0.12595373063931398,1.1386049741857553,-0.30660497418575244
20181129,VIVR3,VIVER,0.38,0.44,0.36,0.41,16539431.0,0.5350000000000004,0.4220000000000014,0.08198202627147505,0.17620209841878248,0.7744041968375663,0.06959580316243641,0.9506062952563489,-0.10660629525634613,1.1268083936751312,-0.28280839367512856
20181130,VIVR3,VIVER,0.4,0.46,0.4,0.45,17085006.0,0.5355000000000004,0.4290000000000013,0.08140056898804102,0.17143137970838584,0.7718627594167731,0.08613724058322964,0.9432941391251588,-0.08529413912515621,1.1147255188335448,-0.25672551883354205
20181203,VIVR3,VIVER,0.47,0.49,0.44,0.45,14282835.0,0.5375000000000003,0.4360000000000013,0.07859791077977359,0.16622197083943624,0.7684439416788738,0.1035560583211288,0.93466591251831,-0.06266591251830744,1.1008878833577462,-0.22888788335774368
20181204,VIVR3,VIVER,0.45,0.46,0.42,0.44,7204324.0,0.5345000000000003,0.44275000000000125,0.08120636480109428,0.1605277753744487,0.7638055507488987,0.12169444925110384,0.9243333261233473,-0.038833326123344836,1.084861101497796,-0.19936110149779357
20181205,VIVR3,VIVER,0.43,0.44,0.4,0.4,5183145.0,0.5220000000000004,0.4487500000000012,0.08173126696679711,0.15404274298606038,0.756835485972122,0.14066451402788044,0.9108782289581824,-0.013378228958179972,1.0649209719442427,-0.16742097194424033
20181206,VIVR3,VIVER,0.41,0.45,0.41,0.43,8932604.0,0.5130000000000003,0.45525000000000115,0.08144096990425162,0.14731768393510258,0.7498853678702063,0.160614632129796,0.8972030518053089,0.013296948194693403,1.0445207357404116,-0.13402073574040918
20181207,VIVR3,VIVER,0.43,0.44,0.42,0.43,3074614.0,0.5030000000000003,0.4617500000000011,0.07854599725134545,0.13996130417608088,0.7416726083521629,0.18182739164783934,0.8816339125282437,0.04186608747175846,1.0215952167043247,-0.09809521670432242
20181210,VIVR3,VIVER,0.43,0.44,0.41,0.42,2802558.0,0.49250000000000027,0.46800000000000114,0.07461303681767498,0.13195181715794904,0.7319036343158992,0.20409636568410305,0.8638554514738483,0.07214454852615398,0.9958072686317974,-0.05980726863179503
20181211,VIVR3,VIVER,0.42,0.42,0.39,0.4,3411833.0,0.4810000000000002,0.4730000000000011,0.06987959569670286,0.12515016621070407,0.7233003324214092,0.22269966757859294,0.8484504986321133,0.09754950136788887,0.9736006648428174,-0.027600664842815203
20181212,VIVR3,VIVER,0.41,0.41,0.38,0.4,3677268.0,0.47150000000000025,0.4780000000000011,0.06714281714922783,0.11773939061574444,0.71347878123149,0.2425212187685122,0.8312181718472345,0.12478182815276778,0.9489575624629789,0.007042437537023327
20181213,VIVR3,VIVER,0.39,0.41,0.39,0.41,1312594.0,0.4615000000000003,0.4832500000000011,0.05993636976870072,0.10941306114317745,0.7020761222863561,0.2644238777136462,0.8114891834295335,0.15501081657046878,0.9209022445727109,0.04559775542729133
20181214,VIVR3,VIVER,0.41,0.43,0.41,0.41,4390747.0,0.4530000000000003,0.4862500000000011,0.05400779670807667,0.10555561178587293,0.697361223571747,0.27513877642825524,0.8029168353576199,0.16958316464238232,0.9084724471434928,0.0640275528565094
20181217,VIVR3,VIVER,0.42,0.42,0.39,0.4,3585158.0,0.4445000000000003,0.4895000000000011,0.0476251813092046,0.1006122284457672,0.6907244568915355,0.2882755431084667,0.7913366853373027,0.18766331466269953,0.8919489137830698,0.0870510862169323
20181218,VIVR3,VIVER,0.39,0.4,0.38,0.39,1767473.0,0.4370000000000003,0.49175000000000113,0.043419617201128066,0.09721473719661981,0.6861794743932408,0.2973205256067615,0.7833942115898606,0.2001057884101417,0.8806089487864803,0.10289105121352188
20181219,VIVR3,VIVER,0.4,0.4,0.38,0.39,1592279.0,0.4300000000000003,0.4945000000000011,0.03866182667830135,0.09251333930153356,0.6795266786030683,0.30947332139693395,0.7720400179046019,0.2169599820954004,0.8645533572061354,0.12444664279386686
20181220,VIVR3,VIVER,0.39,0.39,0.37,0.38,1839630.0,0.4240000000000004,0.495250000000001,0.036476380245128726,0.09142707616681713,0.6781041523336353,0.31239584766636674,0.7695312285004524,0.22096877149954963,0.8609583046672695,0.12954169533273252
20181221,VIVR3,VIVER,0.38,0.39,0.36,0.37,2193250.0,0.41700000000000037,0.491750000000001,0.03229795496211139,0.0935040791651121,0.6787581583302252,0.3047418416697768,0.7722622374953373,0.21123776250466475,0.8657663166604495,0.11773368333955264
20181226,VIVR3,VIVER,0.37,0.47,0.37,0.45,19623245.0,0.4145000000000003,0.48550000000000104,0.027042850986377424,0.0873821550755288,0.6602643101510586,0.31073568984894345,0.7476464652265874,0.22335353477341469,0.8350286203021162,0.13597137969788586
20181227,VIVR3,VIVER,0.5,0.57,0.46,0.5,33225922.0,0.41600000000000026,0.483000000000001,0.03084767328934475,0.08543103381362233,0.6538620676272456,0.31213793237275633,0.7392931014408679,0.226706898559134,0.8247241352544903,0.14127586474551168
20181228,VIVR3,VIVER,0.51,0.52,0.46,0.47,10916110.0,0.42000000000000026,0.4810000000000009,0.03244428422611763,0.08475606021750001,0.650512120435001,0.3114878795650009,0.735268180652501,0.22673181934750092,0.8200242408700009,0.14197575913000088
