DATA DO PREGAO,CODIGO DE NEGOCIACAO DO PAPEL,NOME RESUMIDO DA EMPRESA EMISSORA,PRECO DE ABERTURA,PRECO MAXIMO,PRECO MINIMO,PRECO FECHAMENTO,VOLUME TOTAL DE TITULOS NEGOCIADOS NESTE PAPEL,MA_20,MA_40,STD_20,STD_40,BANDA_1_40 SUPERIOR,BANDA_1_40 INFERIOR,BANDA_2_40 SUPERIOR,BANDA_2_40 INFERIOR,BANDA_3_40 SUPERIOR,BANDA_3_40 INFERIOR
20190102,ABEV3,AMBEV S/A,15.4,16.3,15.4,16.15,298201954.0,0.0,0.0,0.0,0.0,0.0,0.0,0.0,0.0,0.0,0.0
20190103,ABEV3,AMBEV S/A,16.01,16.33,15.89,16.33,365689681.0,0.0,0.0,0.0,0.0,0.0,0.0,0.0,0.0,0.0,0.0
20190104,ABEV3,AMBEV S/A,16.3,16.69,16.03,16.55,453335332.0,0.0,0.0,0.0,0.0,0.0,0.0,0.0,0.0,0.0,0.0
20190107,ABEV3,AMBEV S/A,16.57,16.63,16.34,16.48,281964511.0,0.0,0.0,0.0,0.0,0.0,0.0,0.0,0.0,0.0,0.0
20190108,ABEV3,AMBEV S/A,16.54,16.7,16.09,16.15,360747062.0,0.0,0.0,0.0,0.0,0.0,0.0,0.0,0.0,0.0,0.0
20190109,ABEV3,AMBEV S/A,16.2,16.54,16.11,16.38,270010757.0,0.0,0.0,0.0,0.0,0.0,0.0,0.0,0.0,0.0,0.0
20190110,ABEV3,AMBEV S/A,16.4,17.0,16.28,16.85,389520406.0,0.0,0.0,0.0,0.0,0.0,0.0,0.0,0.0,0.0,0.0
20190111,ABEV3,AMBEV S/A,17.02,17.29,16.88,17.29,1257144920.0,0.0,0.0,0.0,0.0,0.0,0.0,0.0,0.0,0.0,0.0
20190114,ABEV3,AMBEV S/A,17.24,17.66,17.1,17.54,554608531.0,0.0,0.0,0.0,0.0,0.0,0.0,0.0,0.0,0.0,0.0
20190115,ABEV3,AMBEV S/A,17.57,17.79,17.3,17.7,627763123.0,0.0,0.0,0.0,0.0,0.0,0.0,0.0,0.0,0.0,0.0
20190116,ABEV3,AMBEV S/A,17.7,17.84,17.56,17.8,353984849.0,0.0,0.0,0.0,0.0,0.0,0.0,0.0,0.0,0.0,0.0
20190117,ABEV3,AMBEV S/A,17.68,17.91,17.48,17.85,397779184.0,0.0,0.0,0.0,0.0,0.0,0.0,0.0,0.0,0.0,0.0
20190118,ABEV3,AMBEV S/A,17.9,18.0,17.62,18.0,379318139.0,0.0,0.0,0.0,0.0,0.0,0.0,0.0,0.0,0.0,0.0
20190121,ABEV3,AMBEV S/A,17.93,18.0,17.64,18.0,162603168.0,0.0,0.0,0.0,0.0,0.0,0.0,0.0,0.0,0.0,0.0
20190122,ABEV3,AMBEV S/A,17.89,18.08,17.41,17.54,399489273.0,0.0,0.0,0.0,0.0,0.0,0.0,0.0,0.0,0.0,0.0
20190123,ABEV3,AMBEV S/A,17.6,17.62,17.08,17.18,463784978.0,0.0,0.0,0.0,0.0,0.0,0.0,0.0,0.0,0.0,0.0
20190124,ABEV3,AMBEV S/A,17.2,17.3,16.95,17.16,414769888.0,0.0,0.0,0.0,0.0,0.0,0.0,0.0,0.0,0.0,0.0
20190128,ABEV3,AMBEV S/A,17.1,18.0,17.09,17.95,582172506.0,0.0,0.0,0.0,0.0,0.0,0.0,0.0,0.0,0.0,0.0
20190129,ABEV3,AMBEV S/A,18.02,18.2,17.68,17.87,541117824.0,0.0,0.0,0.0,0.0,0.0,0.0,0.0,0.0,0.0,0.0
20190130,ABEV3,AMBEV S/A,17.97,18.2,17.63,17.97,344033153.0,17.237000000000002,0.0,0.6816551064948646,0.0,0.0,0.0,0.0,0.0,0.0,0.0
20190131,ABEV3,AMBEV S/A,18.0,18.1,17.51,17.51,401957579.0,17.305,0.0,0.6336568887273126,0.0,0.0,0.0,0.0,0.0,0.0,0.0
20190201,ABEV3,AMBEV S/A,17.54,18.11,17.53,18.11,356798439.0,17.394000000000002,0.0,0.6142123754087516,0.0,0.0,0.0,0.0,0.0,0.0,0.0
20190204,ABEV3,AMBEV S/A,18.07,18.48,17.9,18.45,426245699.0,17.489,0.0,0.6236640458654489,0.0,0.0,0.0,0.0,0.0,0.0,0.0
20190205,ABEV3,AMBEV S/A,18.38,18.91,18.33,18.64,431927920.0,17.597,0.0,0.626755219573922,0.0,0.0,0.0,0.0,0.0,0.0,0.0
20190206,ABEV3,AMBEV S/A,18.44,18.66,18.09,18.09,421254005.0,17.694000000000006,0.0,0.5343308653673364,0.0,0.0,0.0,0.0,0.0,0.0,0.0
20190207,ABEV3,AMBEV S/A,18.19,18.87,18.19,18.75,770086031.0,17.8125,0.0,0.4884117654516264,0.0,0.0,0.0,0.0,0.0,0.0,0.0
20190208,ABEV3,AMBEV S/A,18.65,18.98,18.13,18.22,702913424.0,17.881,0.0,0.4399868419085129,0.0,0.0,0.0,0.0,0.0,0.0,0.0
20190211,ABEV3,AMBEV S/A,18.25,18.74,18.11,18.71,538397658.0,17.951999999999995,0.0,0.4539487566721656,0.0,0.0,0.0,0.0,0.0,0.0,0.0
20190212,ABEV3,AMBEV S/A,18.78,19.05,18.6,18.67,449952841.0,18.008499999999994,0.0,0.4700086785312913,0.0,0.0,0.0,0.0,0.0,0.0,0.0
20190213,ABEV3,AMBEV S/A,18.86,18.86,18.3,18.39,601010226.0,18.043,0.0,0.4714937070518198,0.0,0.0,0.0,0.0,0.0,0.0,0.0
20190214,ABEV3,AMBEV S/A,18.36,18.67,18.11,18.59,375880715.0,18.0825,0.0,0.4830154732184199,0.0,0.0,0.0,0.0,0.0,0.0,0.0
20190215,ABEV3,AMBEV S/A,18.58,18.74,18.4,18.49,274722825.0,18.1145,0.0,0.4879762181435451,0.0,0.0,0.0,0.0,0.0,0.0,0.0
20190218,ABEV3,AMBEV S/A,18.5,18.51,18.09,18.19,264176556.0,18.123999999999995,0.0,0.4874790143931086,0.0,0.0,0.0,0.0,0.0,0.0,0.0
20190219,ABEV3,AMBEV S/A,18.19,18.57,18.16,18.32,298920530.0,18.139999999999993,0.0,0.4884454395000665,0.0,0.0,0.0,0.0,0.0,0.0,0.0
20190220,ABEV3,AMBEV S/A,18.31,18.54,18.14,18.15,403977976.0,18.1705,0.0,0.4676084169248227,0.0,0.0,0.0,0.0,0.0,0.0,0.0
20190221,ABEV3,AMBEV S/A,18.24,18.41,18.15,18.32,275321780.0,18.227499999999992,0.0,0.4059281113435452,0.0,0.0,0.0,0.0,0.0,0.0,0.0
20190222,ABEV3,AMBEV S/A,18.24,18.32,18.01,18.32,402907135.0,18.285499999999992,0.0,0.3189204652540887,0.0,0.0,0.0,0.0,0.0,0.0,0.0
20190225,ABEV3,AMBEV S/A,18.3,18.45,18.25,18.39,180414289.0,18.307499999999987,0.0,0.30959863660788783,0.0,0.0,0.0,0.0,0.0,0.0,0.0
20190226,ABEV3,AMBEV S/A,18.42,18.58,18.3,18.49,234263467.0,18.33849999999999,0.0,0.2941405857927723,0.0,0.0,0.0,0.0,0.0,0.0,0.0
20190227,ABEV3,AMBEV S/A,18.43,18.52,18.27,18.36,310945174.0,18.358,17.797500000000007,0.28106189616109994,0.7662052680714934,19.329910536143,16.26508946385702,20.096115804214488,15.498884195785527,20.86232107228598,14.732678927714035
20190228,ABEV3,AMBEV S/A,18.14,18.15,17.17,17.23,873194161.0,18.343999999999994,17.824500000000008,0.3284957742257874,0.7245580438959703,19.273616087791947,16.375383912208072,19.99817413168792,15.650825868312097,20.72273217558389,14.926267824416124
20190301,ABEV3,AMBEV S/A,17.14,17.23,16.61,16.83,627842618.0,18.279999999999994,17.837000000000007,0.4704868698878133,0.7020782336419795,19.241156467283965,16.43284353271605,19.943234700925945,15.730765299074069,20.645312934567926,15.028687065432088
20190306,ABEV3,AMBEV S/A,16.72,16.77,16.36,16.37,301993343.0,18.175999999999995,17.832500000000007,0.6328165943662143,0.7110582579183242,19.254616515836656,16.410383484163358,19.96567477375498,15.699325226245033,20.676733031673304,14.988266968326707
20190307,ABEV3,AMBEV S/A,16.37,16.85,16.31,16.69,335134930.0,18.078499999999995,17.837750000000007,0.7038037630206996,0.7015275914306274,19.240805182861266,16.43469481713875,19.942332774291888,15.733167225708124,20.64386036572252,15.031639634277495
20190308,ABEV3,AMBEV S/A,16.59,16.7,16.4,16.59,339703201.0,18.003499999999995,17.848750000000013,0.7784753993341177,0.6774203993355182,19.203590798671048,16.49390920132897,19.881011198006565,15.816488801993456,20.55843159734208,15.139068402657935
20190311,ABEV3,AMBEV S/A,16.69,17.26,16.62,17.11,410804374.0,17.921499999999995,17.86700000000001,0.7820706321581222,0.6459387920514749,19.158877584102964,16.575122415897063,19.804816376154434,15.929183623845587,20.450755168205916,15.283244831794114
20190312,ABEV3,AMBEV S/A,17.2,17.33,16.88,17.0,338992256.0,17.860499999999995,17.870750000000008,0.8048110271819586,0.6402939529261866,19.15133790585238,16.590162094147633,19.79163185877857,15.949868141221447,20.431925811704755,15.309574188295262
20190313,ABEV3,AMBEV S/A,16.98,17.04,16.74,16.9,341866947.0,17.769999999999996,17.86100000000001,0.8060233769628039,0.6522222367827103,19.165444473565433,16.55655552643459,19.817666710348142,15.90433328965188,20.46988894713085,15.25211105286917
20190314,ABEV3,AMBEV S/A,16.92,16.92,16.57,16.66,343079968.0,17.669499999999996,17.839000000000013,0.8131774908216189,0.6776724872679984,19.194344974536005,16.483655025464014,19.87201746180401,15.805982538196016,20.549689949072004,15.128310050928016
20190315,ABEV3,AMBEV S/A,16.66,16.79,16.49,16.76,530552011.0,17.587999999999994,17.815500000000007,0.8188284313578744,0.6985918070092924,19.21268361401859,16.418316385981427,19.911275421027888,15.71972457897213,20.609867228037174,15.021132771962838
20190318,ABEV3,AMBEV S/A,16.8,17.52,16.78,17.31,545770534.0,17.523999999999994,17.803250000000013,0.7857440322462047,0.70315183282133,19.20955366564268,16.39694633435735,19.912705498464,15.693794501536019,20.61585733128533,14.990642668714688
20190319,ABEV3,AMBEV S/A,17.27,17.42,17.17,17.19,287787765.0,17.458999999999996,17.786750000000012,0.754787526742669,0.7097395242676625,19.206229048535334,16.367270951464686,19.915968572803,15.65753142719702,20.625708097070657,14.947791902929358
20190320,ABEV3,AMBEV S/A,17.16,17.3,17.0,17.0,324404759.0,17.399499999999996,17.761750000000013,0.7409060953354772,0.7195792484999762,19.20090849699996,16.322591503000062,19.920487745499944,15.60301225450008,20.640066993999923,14.883433006000107
20190321,ABEV3,AMBEV S/A,16.89,17.27,16.68,16.98,610977787.0,17.3325,17.736250000000013,0.7133602839637507,0.7289320868088349,19.19411417361768,16.27838582638234,19.923046260426517,15.549453739573504,20.65197834723535,14.820521652764668
20190322,ABEV3,AMBEV S/A,16.7,16.9,16.52,16.72,566722730.0,17.261000000000006,17.71575000000001,0.6986219518301366,0.7459252987277258,19.207600597455468,16.223899402544557,19.953525896183187,15.47797410381683,20.699451194910914,14.732048805089107
20190325,ABEV3,AMBEV S/A,16.65,16.78,16.43,16.52,291116949.0,17.171,17.699250000000013,0.6703879473856936,0.7651324252736413,19.229514850547297,16.16898514945273,19.994647275820935,15.403852724179089,20.759779701094576,14.638720298905447
20190326,ABEV3,AMBEV S/A,16.64,17.16,16.3,16.99,516805637.0,17.1045,17.695000000000018,0.6140073289464909,0.7686685124624777,19.23233702492497,16.157662975075063,20.00100553738745,15.388994462612581,20.769674049849925,14.620325950150105
20190327,ABEV3,AMBEV S/A,16.8,16.96,16.45,16.54,544424728.0,17.012000000000004,17.659750000000013,0.5457066881335515,0.7887428735100034,19.237235747020016,16.082264252980007,20.02597862053002,15.29352137947,20.814721494040025,14.504778505959996
20190328,ABEV3,AMBEV S/A,16.54,16.94,16.48,16.75,352680824.0,16.925000000000004,17.63175000000001,0.4224552296429024,0.8008741618237661,19.23349832364753,16.03000167635248,20.03437248547131,15.229127514528713,20.83524664729508,14.428253352704944
20190329,ABEV3,AMBEV S/A,16.87,16.97,16.7,16.83,266746723.0,16.8485,17.603250000000013,0.2537772541754857,0.8087736442864004,19.22079728857281,15.985702711427207,20.02957093285921,15.176929067140806,20.83834457714561,14.368155422854409
20190401,ABEV3,AMBEV S/A,16.87,17.0,16.74,16.82,207995891.0,16.828,17.586000000000013,0.23736713735212805,0.8181179151423835,19.22223583028478,15.949764169715245,20.04035374542716,15.131646254572864,20.858471660569545,14.313528339430478
20190402,ABEV3,AMBEV S/A,17.0,17.13,16.72,16.77,261030995.0,16.825,17.552500000000013,0.2377194277205729,0.8235282132074865,19.199556426414983,15.905443573585039,20.023084639622468,15.081915360377556,20.846612852829963,14.258387147170069
20190403,ABEV3,AMBEV S/A,16.87,17.12,16.79,16.84,250363979.0,16.848499999999998,17.512250000000012,0.2122380738699044,0.8178630300346345,19.147976060069283,15.876523939930744,19.965839090103923,15.058660909896107,20.78370212013855,14.240797879861473
20190404,ABEV3,AMBEV S/A,16.95,17.4,16.89,17.32,263406975.0,16.88,17.479250000000018,0.2331929402199553,0.7975712732398488,19.07439254647971,15.884107453520315,19.871963819719557,15.086536180280467,20.66953509295941,14.28896490704062
20190405,ABEV3,AMBEV S/A,17.37,17.65,17.35,17.44,283052401.0,16.9225,17.463000000000015,0.25407986726101384,0.7914064079624958,19.045812815925007,15.880187184075027,19.8372192238875,15.088780776112527,20.62862563185,14.297374368150034
20190408,ABEV3,AMBEV S/A,17.44,17.48,17.16,17.35,185864987.0,16.9345,17.428000000000015,0.2686511139985045,0.763494664397925,18.95498932879586,15.901010671204164,19.71848399319379,15.13751600680624,20.481978657591714,14.374021342408314
20190409,ABEV3,AMBEV S/A,17.21,17.69,17.21,17.69,450916371.0,16.969,17.414750000000016,0.31738901914478634,0.7539366344182689,18.922623268836556,15.90687673116348,19.676559903254823,15.152940096745207,20.43049653767309,14.39900346232694
20190410,ABEV3,AMBEV S/A,17.7,17.76,17.38,17.55,353422434.0,17.0015,17.385750000000012,0.3422568287735249,0.7245755167594178,18.834901033518847,15.936598966481176,19.559476550278266,15.21202344972176,20.28405206703768,14.487447932962342
20190411,ABEV3,AMBEV S/A,17.51,17.64,17.21,17.25,264279376.0,17.031,17.350250000000013,0.33665381250431203,0.6941901295015895,18.73863025900319,15.961869740996836,19.432820388504783,15.267679611495245,20.12701051800637,14.573489481993654
20190412,ABEV3,AMBEV S/A,17.06,17.5,17.0,17.06,511522802.0,17.046,17.317000000000018,0.33057207192508903,0.6746896722539569,18.666379344507927,15.9676206554921,19.34106901676189,15.292930983238143,20.015758689015843,14.618241310984187
20190415,ABEV3,AMBEV S/A,17.2,17.42,17.09,17.42,326587330.0,17.0515,17.28775000000001,0.3360650782841166,0.6426886134405619,18.573127226881134,16.002372773118886,19.215815840321696,15.359684159678324,19.858504453762254,14.716995546237762
20190416,ABEV3,AMBEV S/A,17.38,17.67,17.34,17.53,235462361.0,17.068500000000004,17.26375000000001,0.3516768103633965,0.6139226022378228,18.491595204475654,16.035904795524367,19.105517806713483,15.421982193286539,19.7194404089513,14.808059591048718
20190417,ABEV3,AMBEV S/A,17.69,17.69,16.96,17.05,543214319.0,17.071000000000005,17.235250000000008,0.3513417889058785,0.596020940520096,18.427291881040198,16.043208118959814,19.023312821560296,15.44718717843972,19.61933376208039,14.851166237919625
20190418,ABEV3,AMBEV S/A,17.2,17.2,16.86,17.08,366022249.0,17.076,17.20425000000001,0.35068954631517124,0.5698262780703306,18.34390255614067,16.064597443859352,18.913728834211,15.494771165789018,19.483555112281326,14.924944887718684
20190422,ABEV3,AMBEV S/A,17.08,17.56,16.94,17.5,339843711.0,17.115000000000002,17.18800000000001,0.35238286594346424,0.5511256546192401,18.29025130923849,16.08574869076153,18.84137696385773,15.534623036142287,19.392502618476968,14.983497381523051
20190423,ABEV3,AMBEV S/A,17.56,17.93,17.55,17.67,246914993.0,17.172500000000007,17.171750000000007,0.3439074998034428,0.5258979500303768,18.22354590006076,16.11995409993925,18.749443850091136,15.594056149908875,19.275341800121513,15.0681581998785
20190424,ABEV3,AMBEV S/A,17.7,17.78,17.33,17.72,384691989.0,17.209000000000003,17.156750000000006,0.3617923219341833,0.5002378280532006,18.15722565610641,16.156274343893603,18.65746348415961,15.656036515840404,19.157701312212808,15.155798687787206
20190425,ABEV3,AMBEV S/A,17.63,18.33,17.6,18.31,529742436.0,17.297500000000007,17.154750000000003,0.4036005711748081,0.4953164619068261,18.145382923813656,16.16411707618635,18.64069938572048,15.668800614279526,19.13601584762731,15.1734841523727
20190426,ABEV3,AMBEV S/A,18.2,18.37,18.05,18.29,258096447.0,17.374500000000005,17.149750000000004,0.4389997602205293,0.4823313442448299,18.114412688489665,16.185087311510348,18.59674403273449,15.702755967265515,19.079075376979326,15.220424623020685
20190429,ABEV3,AMBEV S/A,18.3,18.49,18.22,18.35,275877969.0,17.450500000000005,17.149500000000003,0.4702348237568971,0.4816901334004919,18.112880266800985,16.18611973319902,18.59457040020148,15.704429599798527,19.076260533601967,15.222739466398034
20190430,ABEV3,AMBEV S/A,18.38,18.54,18.21,18.47,462254186.0,17.53300000000001,17.180500000000002,0.4977327543339256,0.5249612928343934,18.230422585668787,16.130577414331214,18.755383878503178,15.605616121496825,19.280345171337572,15.080654828662428
20190502,ABEV3,AMBEV S/A,18.26,18.53,17.95,17.95,421505934.0,17.592000000000006,17.208500000000004,0.4717894267126884,0.5355493225867023,18.279598645173408,16.1374013548266,18.81514796776011,15.601852032239895,19.35069729034681,15.066302709653197
20190503,ABEV3,AMBEV S/A,18.03,18.1,17.73,17.92,392314455.0,17.646000000000008,17.24725,0.4420573908918344,0.5293633694571961,18.30597673891439,16.18852326108561,18.83534010837159,15.659159891628413,19.364703477828783,15.129796522171215
20190506,ABEV3,AMBEV S/A,17.7,18.19,17.57,18.06,290201086.0,17.68300000000001,17.2815,0.44429838243186176,0.5366541645302784,18.35480832906056,16.208191670939446,18.89146249359084,15.671537506409164,19.42811665812112,15.134883341878886
20190507,ABEV3,AMBEV S/A,18.2,18.23,17.24,17.65,764185530.0,17.693500000000007,17.308,0.4407204030722883,0.5277295344572448,18.363459068914487,16.25254093108551,18.891188603371734,15.724811396628265,19.418918137828978,15.197081862171023
20190508,ABEV3,AMBEV S/A,17.8,17.99,17.64,17.92,633826807.0,17.722000000000012,17.328249999999993,0.435740144678224,0.535421652675576,18.399093305351148,16.257406694648846,18.934514958026725,15.72198504197327,19.4699366107023,15.186563389297692
20190509,ABEV3,AMBEV S/A,17.75,17.83,17.43,17.49,363351892.0,17.71200000000001,17.3405,0.4387973995988653,0.5333202722759671,18.407140544551925,16.273859455448065,18.940460816827898,15.740539183172098,19.473781089103863,15.207218910896133
20190510,ABEV3,AMBEV S/A,17.5,17.53,17.17,17.3,267265346.0,17.699500000000008,17.350499999999997,0.4471367976240195,0.5285779179880807,18.40765583597616,16.293344164023836,18.93623375396424,15.764766246035755,19.46481167195232,15.236188328047676
20190513,ABEV3,AMBEV S/A,17.0,17.19,16.92,17.01,419352693.0,17.687500000000007,17.359249999999996,0.4627819197669111,0.5196763662521361,18.39860273250427,16.319897267495726,18.918279098756408,15.80022090124359,19.43795546500854,15.280544534991453
20190514,ABEV3,AMBEV S/A,17.06,17.15,16.76,16.94,313018380.0,17.681500000000007,17.36375,0.4720311653404057,0.5151135672640412,18.39397713452808,16.333522865471913,18.909090701792127,15.818409298207873,19.424204269056165,15.303295730943836
20190515,ABEV3,AMBEV S/A,16.72,16.82,16.56,16.61,438495701.0,17.641000000000012,17.34625,0.5271761914598344,0.5286979046288847,18.40364580925777,16.28885419074223,18.932343713886656,15.760156286113348,19.46104161851554,15.231458381484464
20190516,ABEV3,AMBEV S/A,16.5,16.77,16.35,16.64,463602411.0,17.596500000000013,17.3325,0.5726418463669224,0.5398990883869176,18.412298176773838,16.252701823226165,18.952197265160752,15.712802734839249,19.49209635354767,15.17290364645233
20190517,ABEV3,AMBEV S/A,16.54,16.97,16.45,16.49,429476985.0,17.568500000000007,17.31975,0.613036231435487,0.5537957019399651,18.42734140387993,16.212158596120073,18.98113710581989,15.658362894180105,19.53493280775986,15.10456719224014
20190520,ABEV3,AMBEV S/A,16.59,16.71,16.4,16.49,715573822.0,17.53900000000001,17.307499999999994,0.6508124477184318,0.5667711065143375,18.44104221302868,16.17395778697132,19.00781331954301,15.607186680456984,19.57458442605735,15.04041557394265
20190521,ABEV3,AMBEV S/A,16.7,17.23,16.61,17.09,528250508.0,17.51850000000001,17.31675,0.6585172738812505,0.5599147714447713,18.436579542889547,16.196920457110455,18.996494314334317,15.637005685665686,19.556409085779084,15.077090914220914
20190522,ABEV3,AMBEV S/A,17.17,17.34,16.97,17.21,279242940.0,17.495500000000007,17.334,0.6609759530620689,0.5451736961504637,18.424347392300927,16.243652607699072,18.96952108845139,15.698478911548607,19.51469478460185,15.153305215398145
20190523,ABEV3,AMBEV S/A,17.18,17.39,17.07,17.21,218930296.0,17.470000000000006,17.3395,0.6616963845021017,0.5427184659962588,18.42493693199252,16.254063068007483,18.967655397988782,15.711344602011225,19.51037386398504,15.168626136014964
20190524,ABEV3,AMBEV S/A,17.26,17.34,16.86,17.06,265184309.0,17.407500000000006,17.3525,0.6367423258066651,0.5291345134588484,18.41076902691769,16.294230973082303,18.939903540376548,15.765096459623456,19.469038053835394,15.235961946164606
20190527,ABEV3,AMBEV S/A,17.1,17.34,17.05,17.22,119291856.0,17.354000000000006,17.364250000000002,0.6027341213608453,0.5205612725333467,18.40537254506669,16.32312745493331,18.925933817600047,15.802566182399962,19.44649509013339,15.282004909866615
20190528,ABEV3,AMBEV S/A,17.29,17.55,17.18,17.31,698893033.0,17.302000000000003,17.37625,0.5552770764032559,0.5134133512392991,18.4030767024786,16.3494232975214,18.916490053717894,15.8360099462821,19.429903404957194,15.322596595042805
20190529,ABEV3,AMBEV S/A,17.32,17.48,17.17,17.26,307114748.0,17.241500000000002,17.387249999999998,0.4824637973874055,0.5058477905254561,18.39894558105091,16.375554418949086,18.904793371576368,15.86970662842363,19.410641162101825,15.363858837898176
20190530,ABEV3,AMBEV S/A,17.22,17.53,17.22,17.43,244409784.0,17.215500000000002,17.403749999999995,0.4555329440972379,0.4958633367349789,18.395476673469954,16.412023326530033,18.89134001020493,15.91615998979506,19.38720334693991,15.420296653060081
20190531,ABEV3,AMBEV S/A,17.39,17.6,17.28,17.55,403790274.0,17.197000000000006,17.421499999999995,0.4323388047645807,0.4878080223475879,18.39711604469517,16.445883955304822,18.88492406704276,15.958075932957229,19.372732089390347,15.470267910609644
20190603,ABEV3,AMBEV S/A,17.6,17.63,17.31,17.42,324258340.0,17.165000000000006,17.423999999999992,0.3863390929440694,0.4875306696466921,18.39906133929337,16.44893866070661,18.886592008940067,15.961407991059914,19.37412267858676,15.473877321413223
20190604,ABEV3,AMBEV S/A,17.49,17.54,17.22,17.35,284754217.0,17.150000000000006,17.421749999999992,0.37207809027563377,0.487662596158764,18.39707519231752,16.446424807682465,18.884737788476286,15.9587622115237,19.37240038463505,15.471099615364935
20190605,ABEV3,AMBEV S/A,17.39,17.55,17.36,17.41,233173870.0,17.124500000000005,17.42324999999999,0.331828665364974,0.4875285001531055,18.3983070003062,16.448192999693774,18.885835500459304,15.960664499540671,19.37336400061241,15.47313599938757
20190606,ABEV3,AMBEV S/A,17.6,17.75,17.49,17.64,180085014.0,17.132000000000005,17.42199999999999,0.3420618595948381,0.4868907106349044,18.3957814212698,16.44821857873018,18.882672131904698,15.961327868095276,19.369562842539608,15.474437157460372
20190607,ABEV3,AMBEV S/A,17.7,17.78,17.58,17.61,202391232.0,17.147500000000004,17.42349999999999,0.35678203577623724,0.4873873308328893,18.39827466166577,16.44872533833421,18.885661992498655,15.961338007501324,19.373049323331546,15.473950676668437
20190610,ABEV3,AMBEV S/A,17.61,17.9,17.6,17.65,249893719.0,17.179500000000004,17.433499999999988,0.37216966985220395,0.4878395595863805,18.409179119172748,16.457820880827228,18.897018678759128,15.969981321240844,19.38485823834551,15.482141761654464
20190611,ABEV3,AMBEV S/A,17.68,17.95,17.59,17.72,440180625.0,17.218500000000002,17.449999999999992,0.3863496507460329,0.4860410450115247,18.422082090023046,16.47791790997694,18.908123135034565,15.991876864965418,19.39416418004609,15.505835819953894
20190612,ABEV3,AMBEV S/A,17.72,17.79,17.43,17.68,370687181.0,17.272000000000002,17.45649999999999,0.3714495077962907,0.4873662867247742,18.43123257344953,16.481767426550444,18.918598860174317,15.994401139825671,19.40596514689909,15.507034853100894
20190613,ABEV3,AMBEV S/A,17.7,17.96,17.69,17.85,313819180.0,17.332500000000003,17.464499999999994,0.3615008917511017,0.4912148728225241,18.446929745645047,16.482070254354944,18.938144618467568,15.990855381532421,19.42935949129009,15.499640508709895
20190614,ABEV3,AMBEV S/A,17.86,18.04,17.6,17.64,283769198.0,17.390000000000004,17.479249999999993,0.3079302723532993,0.4872917701241898,18.45383354024837,16.504666459751615,18.941125310372566,16.017374689627427,19.428417080496754,15.530082919503233
20190617,ABEV3,AMBEV S/A,17.61,17.91,17.5,17.8,324413305.0,17.455500000000004,17.49724999999999,0.2377410134446312,0.4854603287285456,18.468170657457087,16.526329342542898,18.953630986185626,16.040869013814355,19.439091314914165,15.555408685085807
20190618,ABEV3,AMBEV S/A,17.85,18.07,17.82,18.05,237494612.0,17.503500000000006,17.510999999999992,0.25625388315413555,0.4932664542331978,18.497532908466386,16.524467091533598,18.990799362699583,16.031200637300394,19.48406581693278,15.537934183067195
20190619,ABEV3,AMBEV S/A,18.05,18.36,17.98,18.2,426341451.0,17.553000000000004,17.52424999999999,0.2899745905383564,0.5046343560770804,18.533518712154148,16.51498128784583,19.038153068231228,16.01034693176875,19.542787424308308,15.50571257569167
20190621,ABEV3,AMBEV S/A,18.28,18.58,18.28,18.45,522233979.0,17.615000000000006,17.542499999999993,0.3408734909641643,0.5246964934668481,18.59189298693369,16.493107013066293,19.11658948040054,15.968410519599447,19.641285973867387,15.4437140261326
20190624,ABEV3,AMBEV S/A,18.44,18.5,18.3,18.3,260322817.0,17.677000000000007,17.542249999999992,0.3473220862239205,0.5243236791456365,18.590897358291265,16.49360264170872,19.115221037436907,15.969278962563086,19.639544716582535,15.444955283417444
20190625,ABEV3,AMBEV S/A,18.33,18.42,18.08,18.17,350305512.0,17.724500000000006,17.539249999999992,0.3464933355476477,0.5202631853699415,18.579776370739875,16.49872362926011,19.100039556109817,15.97846044389017,19.62030274147976,15.458197258520224
20190626,ABEV3,AMBEV S/A,18.19,18.27,17.98,18.1,279278340.0,17.764000000000006,17.532999999999994,0.3417509095971983,0.5117050432446875,18.556410086489368,16.509589913510617,19.068115129734053,15.997884870265931,19.579820172978746,15.486179827021244
20190627,ABEV3,AMBEV S/A,17.97,18.05,17.81,18.05,224823592.0,17.803500000000007,17.52249999999999,0.3257101552963046,0.496054949396243,18.514609898792475,16.530390101207505,19.01066484818872,16.034335151811266,19.506719797584964,15.538280202415018
20190628,ABEV3,AMBEV S/A,18.16,18.2,17.78,17.89,309726253.0,17.826500000000006,17.52099999999999,0.3139774547722294,0.4948182779618439,18.51063655592368,16.531363444076298,19.005454833885523,16.036545166114458,19.500273111847367,15.541726888152615
20190701,ABEV3,AMBEV S/A,18.1,18.11,17.69,17.81,288282732.0,17.839500000000008,17.518249999999988,0.3072368364701641,0.4928456746024616,18.50394134920491,16.532558650795064,18.99678702380737,16.039712976192604,19.489632698409835,15.546867301590142
20190702,ABEV3,AMBEV S/A,17.8,18.25,17.77,18.13,285296848.0,17.875000000000007,17.51999999999999,0.2970645862788685,0.4949384836159934,18.50987696723197,16.53012303276801,19.004815450847968,16.03518454915201,19.499753934463968,15.540246065536016
20190703,ABEV3,AMBEV S/A,18.02,18.99,18.01,18.87,790891526.0,17.951000000000004,17.550499999999992,0.3460742238610577,0.5388018521659255,18.62810370433184,16.472896295668143,19.16690555649777,15.934094443502214,19.70570740866369,15.395292591336288
20190704,ABEV3,AMBEV S/A,18.95,19.17,18.89,19.0,285817584.0,18.030500000000004,17.577499999999993,0.3944946801055208,0.5830369210282029,18.7435738420564,16.411426157943588,19.326610763084602,15.828389236915386,19.909647684112805,15.245352315887182
20190705,ABEV3,AMBEV S/A,18.97,19.07,18.68,19.0,418995637.0,18.098500000000005,17.615249999999993,0.4384095057555417,0.6246270169120169,18.864504033824023,16.365995966175962,19.489131050736038,15.741368949263942,20.113758067648057,15.116741932351925
20190708,ABEV3,AMBEV S/A,19.04,19.18,18.76,18.94,354965086.0,18.165000000000006,17.656249999999993,0.4607145479977992,0.6564187511970323,18.96908750239405,16.34341249760593,19.62550625359109,15.686993746408895,20.28192500478812,15.030574995211866
20190710,ABEV3,AMBEV S/A,18.95,19.24,18.82,19.02,635564527.0,18.233500000000006,17.706499999999995,0.4814919248379792,0.6821104128985345,19.070720825797068,16.342279174202925,19.752831238695602,15.66016876130439,20.434941651594134,14.978058348405854
20190711,ABEV3,AMBEV S/A,19.07,19.18,18.6,18.69,343707908.0,18.282000000000004,17.750249999999994,0.4758659696307371,0.6877853254076794,19.12582065081536,16.374679349184635,19.813605976223034,15.686894023776956,20.50139130163071,14.999108698369277
20190712,ABEV3,AMBEV S/A,18.7,18.7,18.1,18.2,570207536.0,18.308000000000003,17.789999999999996,0.4549910351921586,0.6657904498240541,19.121580899648105,16.458419100351886,19.78737134947216,15.792628650527833,20.45316179929621,15.126838200703778
20190715,ABEV3,AMBEV S/A,18.4,18.41,18.1,18.25,297284594.0,18.328000000000007,17.830249999999996,0.44241680752308177,0.6427524446691726,19.11575488933834,16.54474511066165,19.758507334007515,15.901992665992479,20.401259778676685,15.259240221323305
20190716,ABEV3,AMBEV S/A,18.25,18.37,18.03,18.1,180823923.0,18.351000000000006,17.870499999999996,0.4159314214728054,0.6060335524264796,19.08256710485296,16.658432895147037,19.688600657279434,16.052399342720562,20.29463420970591,15.446365790294076
20190717,ABEV3,AMBEV S/A,18.14,18.2,17.93,17.99,187895898.0,18.360500000000005,17.907999999999994,0.4047022947406997,0.5633243816615345,19.034648763323066,16.781351236676926,19.5979731449846,16.218026855015392,20.16129752664613,15.654702473353856
20190718,ABEV3,AMBEV S/A,18.03,18.3,17.92,18.25,209661422.0,18.370500000000003,17.936999999999994,0.39905777183651575,0.5498307431872438,19.03666148637448,16.837338513625507,19.586492229561728,16.287507770438264,20.136322972748967,15.737677027251019
20190719,ABEV3,AMBEV S/A,18.23,18.52,18.05,18.09,290552582.0,18.365,17.958999999999996,0.4022764171430394,0.5374622228823448,19.033924445764686,16.884075554235306,19.571386668647033,16.346613331352962,20.108848891529373,15.809151108470616
20190722,ABEV3,AMBEV S/A,18.07,18.25,17.85,17.99,226279365.0,18.342000000000006,17.978499999999993,0.4102322833660915,0.523560541891414,19.02562108378282,16.931378916217167,19.549181625674237,16.40781837432575,20.07274216756565,15.884257832434335
20190723,ABEV3,AMBEV S/A,18.0,18.27,17.96,18.03,274633187.0,18.328500000000005,18.002749999999995,0.4160879841166816,0.5019448713216855,19.006639742643358,16.998860257356625,19.508584613965045,16.49691538603494,20.01052948528674,15.994970514713255
20190724,ABEV3,AMBEV S/A,18.19,18.22,17.94,17.96,216391820.0,18.318000000000005,18.021249999999995,0.4228922968520597,0.4857306814190186,18.992711362838033,17.049788637161956,19.47844204425705,16.56405795574294,19.964172725676068,16.078327274323918
20190725,ABEV3,AMBEV S/A,19.0,19.72,18.76,19.49,1460371168.0,18.387500000000006,18.07575,0.4935038527018253,0.5246238579284024,19.1249977158568,17.02650228414319,19.649621573785204,16.501878426214788,20.174245431713604,15.977254568286385
20190726,ABEV3,AMBEV S/A,19.49,19.97,19.45,19.8,702636130.0,18.475,18.13925,0.578359749636818,0.5746855885099377,19.288621177019873,16.98987882298012,19.86330676552981,16.415193234470188,20.437992354039746,15.840507645960246
20190729,ABEV3,AMBEV S/A,19.8,20.68,19.68,20.5,745294998.0,18.605500000000006,18.216,0.7172056520750374,0.6739618797711057,19.56392375954221,16.868076240457786,20.237885639313323,16.19411436068668,20.91184751908442,15.520152480915575
20190730,ABEV3,AMBEV S/A,20.32,20.77,20.25,20.34,497368553.0,18.732000000000006,18.28575,0.7890340530307036,0.7440012665415094,19.77375253308302,16.79774746691698,20.517753799624533,16.05374620037547,21.26175506616604,15.309744933833963
20190731,ABEV3,AMBEV S/A,20.31,20.41,19.84,20.13,543606226.0,18.832,18.3535,0.8341689845209976,0.7853810115691096,19.92426202313822,16.782737976861778,20.70964303470733,15.99735696529267,21.49502404627644,15.211975953723565
20190801,ABEV3,AMBEV S/A,20.16,20.7,20.16,20.42,552694953.0,18.9095,18.43025,0.9067319861661378,0.8333420127753032,20.09693402555061,16.763565974449392,20.930276038325907,15.930223961674088,21.76361805110121,15.096881948898785
20190802,ABEV3,AMBEV S/A,20.41,20.62,20.33,20.49,318037876.0,18.984,18.50725,0.9733252823507162,0.8777651911355411,20.262780382271078,16.751719617728916,21.140545573406627,15.873954426593375,22.018310764542164,14.996189235457836
20190805,ABEV3,AMBEV S/A,20.15,20.41,20.08,20.16,418299529.0,19.042000000000005,18.57025,1.0082637499551519,0.9039670050139152,20.378184010027827,16.762315989972166,21.282151015041748,15.858348984958253,22.186118020055662,14.954381979944337
20190806,ABEV3,AMBEV S/A,20.17,20.58,20.08,20.48,442606722.0,19.119000000000007,18.642,1.0576582872702869,0.9390153053011036,20.5200306106022,16.763969389397793,21.459045915903307,15.824954084096687,22.398061221204415,14.885938778795586
20190807,ABEV3,AMBEV S/A,20.19,20.72,20.13,20.63,384795898.0,19.199500000000008,18.7165,1.1097153499409975,0.9757877816778474,20.668075563355696,16.764924436644304,21.64386334503354,15.789136654966455,22.619651126711393,14.81334887328861
20190808,ABEV3,AMBEV S/A,20.05,20.42,19.94,20.17,964335252.0,19.273500000000006,18.77775,1.1232156609719088,0.9884447444447724,20.75463948888953,16.800860511110457,21.74308423333432,15.81241576666568,22.73152897777909,14.823971022220908
20190809,ABEV3,AMBEV S/A,20.17,20.2,19.93,20.07,379424608.0,19.367000000000008,18.8375,1.1068642288250885,0.9926131014805047,20.822726202961007,16.85227379703899,21.815339304441515,15.859660695558484,22.807952405922016,14.867047594077981
20190812,ABEV3,AMBEV S/A,19.77,19.77,19.27,19.48,524340436.0,19.428500000000007,18.87825,1.0752540703430964,0.9844584284955228,20.847166856991052,16.909333143008954,21.83162528548657,15.92487471451343,22.816083713982092,14.940416286017909
20190813,ABEV3,AMBEV S/A,19.32,19.6,19.28,19.38,412123469.0,19.492500000000007,18.92175,1.0291226462635792,0.966622158568628,20.854994317137255,16.988505682862744,21.821616475705884,16.021883524294115,22.788238634274517,15.055261365725489
20190814,ABEV3,AMBEV S/A,19.3,19.37,18.84,19.01,526769059.0,19.543500000000005,18.952,0.9745729159077684,0.9493971096410858,20.85079421928217,17.053205780717832,21.800191328923262,16.103808671076745,22.749588438564345,15.154411561435658
20190815,ABEV3,AMBEV S/A,19.06,19.15,18.58,18.78,409122152.0,19.570000000000004,18.97025,0.9442847474202062,0.9385681607148564,20.84738632142972,17.093113678570287,21.785954482144565,16.154545517855432,22.724522642859426,15.215977357140574
20190816,ABEV3,AMBEV S/A,18.92,18.95,18.66,18.9,325588217.0,19.610500000000005,18.98775,0.8934703187718271,0.9303280025387112,20.848406005077425,17.127093994922575,21.77873400761613,16.196765992383867,22.709062010154838,15.266437989845155
20190819,ABEV3,AMBEV S/A,19.0,19.24,18.91,19.11,309680381.0,19.666500000000006,19.00425,0.8185113251956845,0.9263905348592992,20.8570310697186,17.1514689302814,21.783421604577896,16.225078395422102,22.709812139437197,15.298687860562804
20190820,ABEV3,AMBEV S/A,19.05,19.07,18.84,18.94,297119555.0,19.712000000000007,19.02025,0.7447189508730006,0.9194158889877052,20.85908177797541,17.18141822202459,21.77849766696312,16.262002333036886,22.69791355595082,15.34258644404918
20190821,ABEV3,AMBEV S/A,19.15,19.19,18.75,18.8,331193730.0,19.754000000000012,19.035999999999998,0.6595245496407653,0.909823313362785,20.855646626725573,17.21635337327443,21.76546994008835,16.306530059911648,22.67529325345114,15.396706746548862
20190822,ABEV3,AMBEV S/A,18.92,18.92,18.28,18.47,486274467.0,19.703000000000014,19.045250000000006,0.7178703885359473,0.9019096193845793,20.84906923876916,17.241430761230845,21.75097885815374,16.339521141846266,22.65288847753832,15.437611522461689
20190823,ABEV3,AMBEV S/A,18.29,18.71,18.03,18.33,517695002.0,19.629500000000007,19.052250000000004,0.7799829620270857,0.8950475922025974,20.842345184405197,17.262154815594812,21.7373927766078,16.36710722339221,22.632440368810396,15.472059631189616
20190826,ABEV3,AMBEV S/A,18.46,18.53,17.96,18.09,301396997.0,19.509000000000007,19.057250000000003,0.8233749545555754,0.8889261383754864,20.835102276750977,17.27939772324903,21.72402841512646,16.390471584873545,22.61295455350195,15.501545446498055
20190827,ABEV3,AMBEV S/A,18.16,18.37,17.91,18.17,578405697.0,19.400500000000008,19.066250000000004,0.8506311897952956,0.8777263386961794,20.821702677392363,17.310797322607645,21.699429016088537,16.433070983911467,22.57715535478472,15.555344645215285
20190828,ABEV3,AMBEV S/A,18.01,18.2,17.97,18.15,280044598.0,19.301500000000008,19.066750000000006,0.8760994596264909,0.8771848546519393,20.821119709303886,17.312380290696126,21.698304563955823,16.43519543604419,22.575489418607763,15.55801058139225
20190829,ABEV3,AMBEV S/A,18.07,18.58,18.02,18.55,311431198.0,19.208000000000006,19.058750000000003,0.8498396133512448,0.8804782718383583,20.81970654367672,17.297793456323287,21.70018481551508,16.417315184484927,22.58066308735344,15.53683691264657
20190830,ABEV3,AMBEV S/A,18.62,18.89,18.57,18.72,429769433.0,19.119500000000006,19.051750000000006,0.8000097038884817,0.8820689184655878,20.815887836931182,17.287612163068832,21.697956755396767,16.405543244603244,22.58002567386236,15.523474326137654
20190902,ABEV3,AMBEV S/A,18.72,18.92,18.38,18.38,149580772.0,19.030500000000004,19.036250000000006,0.7768389049284794,0.8884261148449185,20.81310222968984,17.259397770310162,21.701528344534758,16.370971655465247,22.589954459379676,15.482545540620327
20190903,ABEV3,AMBEV S/A,18.34,18.85,18.26,18.52,382510893.0,18.9325,19.02575,0.7046303622243226,0.8920672835955332,20.80988456719107,17.241615432808935,21.701951850786603,16.3495481492134,22.594019134382137,15.45748086561787
20190904,ABEV3,AMBEV S/A,18.74,18.86,18.57,18.8,284647972.0,18.840999999999998,19.02025,0.5804798378111242,0.8927815579728254,20.80581311594565,17.234686884054348,21.698594673918482,16.341905326081527,22.591376231891303,15.449123768108699
20190905,ABEV3,AMBEV S/A,18.9,19.0,18.69,18.69,282947417.0,18.767000000000003,19.02025,0.4893185379473357,0.8927815579728254,20.80581311594565,17.234686884054348,21.698594673918482,16.341905326081527,22.591376231891303,15.449123768108699
20190906,ABEV3,AMBEV S/A,18.83,18.88,18.58,18.72,245147624.0,18.699500000000004,19.03325,0.3813062728099101,0.8842768666673645,20.801803733334733,17.264696266665272,21.686080600002093,16.38041939999791,22.57035746666946,15.496142533330545
20190909,ABEV3,AMBEV S/A,18.79,18.91,18.66,18.87,215821208.0,18.669000000000004,19.04875,0.3374657877396077,0.8755867995748441,20.799923599149693,17.297576400850314,21.675510398724533,16.42198960127547,22.551097198299374,15.546402801700625
20190910,ABEV3,AMBEV S/A,18.87,19.12,18.73,18.82,442999234.0,18.641,19.066750000000006,0.2960600934731793,0.8628913456275644,20.792532691255133,17.340967308744872,21.655424036882696,16.478075963117313,22.518315382510263,15.615184617489744
20190911,ABEV3,AMBEV S/A,18.9,19.28,18.72,18.91,545516384.0,18.636000000000006,19.08975,0.2902884228160541,0.8455418153695509,20.780833630739103,17.3986663692609,21.62637544610865,16.553124553891347,22.471917261478204,15.7075827385218
20190912,ABEV3,AMBEV S/A,19.1,19.49,19.01,19.37,424465470.0,18.6655,19.11775,0.33258912537208274,0.8355053361090163,20.788760672218032,17.44673932778197,21.624266008327044,16.611233991672954,22.459771344436067,15.775728655563936
20190913,ABEV3,AMBEV S/A,19.35,19.48,18.96,19.1,307899141.0,18.675500000000007,19.143,0.3428591087036036,0.8187426257252401,20.780485251450482,17.50551474854952,21.599227877175718,16.68677212282428,22.417970502900964,15.86802949709904
20190916,ABEV3,AMBEV S/A,19.06,19.23,18.93,19.15,283806136.0,18.6775,19.172,0.3456325246634637,0.7971140252377589,20.76622805047552,17.577771949524482,21.563342075713283,16.780657924286725,22.360456100951037,15.983543899048964
20190917,ABEV3,AMBEV S/A,19.03,19.5,19.03,19.43,328339857.0,18.702000000000005,19.207,0.3807969482407239,0.7761449772052891,20.75928995441058,17.65471004558942,21.535434931615868,16.878565068384134,22.31157990882116,16.102420091178846
20190918,ABEV3,AMBEV S/A,19.36,19.45,19.15,19.26,348804384.0,18.725,19.2395,0.4004142591708514,0.7493448420504841,20.73818968410097,17.740810315899033,21.487534526151453,16.991465473848546,22.236879368201933,16.242120631798066
20190919,ABEV3,AMBEV S/A,19.48,19.6,19.2,19.35,613633422.0,18.769000000000005,19.236,0.41884427454097983,0.7484712624872136,20.732942524974426,17.739057475025565,21.481413787461637,16.990586212538354,22.229885049948848,16.242114950051146
20190920,ABEV3,AMBEV S/A,19.43,19.47,19.1,19.39,625455373.0,18.822000000000006,19.22575,0.4273492347261416,0.7433392692645412,20.71242853852908,17.739071461470914,21.45576780779362,16.995732192206376,22.19910707705816,16.252392922941834
20190923,ABEV3,AMBEV S/A,19.24,19.54,19.23,19.41,257930859.0,18.888000000000012,19.1985,0.4099242548774149,0.7148625473043294,20.62822509460866,17.76877490539134,21.343087641912987,17.05391235808701,22.05795018921732,16.339049810782686
20190924,ABEV3,AMBEV S/A,19.47,19.51,19.13,19.35,310560446.0,18.947000000000013,19.17375,0.3853241970627628,0.6910701010862487,20.55589020217249,17.791609797827498,21.246960303258746,17.10053969674125,21.938030404344996,16.409469595655004
20190925,ABEV3,AMBEV S/A,19.25,19.63,19.25,19.6,297683942.0,19.01950000000001,19.1605,0.3632524857740203,0.6772075014351021,20.5149150028702,17.806084997129798,21.192122504305306,17.128877495694688,21.86933000574041,16.45166999425959
20190926,ABEV3,AMBEV S/A,19.57,19.76,19.38,19.53,651507779.0,19.068500000000007,19.13825,0.36268407304712735,0.6487893558044107,20.43582871160882,17.840671288391174,21.08461806741323,17.191881932586767,21.73340742321764,16.543092576782357
20190927,ABEV3,AMBEV S/A,19.56,19.67,19.31,19.45,241523519.0,19.105000000000008,19.11225,0.3624986388358459,0.6130858788716057,20.338421757743205,17.88607824225679,20.951507636614817,17.272992363385182,21.564593515486425,16.659906484513574
20190930,ABEV3,AMBEV S/A,19.53,19.56,19.17,19.25,417377914.0,19.148500000000006,19.0895,0.3207109700582949,0.5896454823635721,20.268790964727145,17.910209035272857,20.858436447090718,17.320563552909285,21.44808192945429,16.730918070545712
20191001,ABEV3,AMBEV S/A,19.3,19.46,19.11,19.31,471448209.0,19.188000000000013,19.06025,0.28599963194665823,0.5463280103305798,20.15290602066116,17.96759397933884,20.69923403099174,17.42126596900826,21.24556204132232,16.87493795867768
20191002,ABEV3,AMBEV S/A,19.21,19.29,18.75,18.86,338977192.0,19.191000000000013,19.016,0.2820022396326567,0.4840576358986303,19.984115271797254,18.04788472820274,20.468172907695887,17.56382709230411,20.95223054359452,17.079769456405476
20191003,ABEV3,AMBEV S/A,18.8,18.85,18.47,18.58,359265491.0,19.185500000000008,18.97625,0.29314043697418113,0.45101985572298997,19.87828971144598,18.07421028855402,20.329309567168966,17.62319043283103,20.78032942289196,17.17217057710804
20191004,ABEV3,AMBEV S/A,18.59,19.37,18.5,19.21,678071313.0,19.210000000000008,18.95475,0.27189394217122964,0.4167394039075348,19.78822880781507,18.12127119218493,20.204968211722605,17.704531788277396,20.62170761563014,17.287792384369858
20191007,ABEV3,AMBEV S/A,19.21,19.28,18.78,18.87,334864640.0,19.210000000000008,18.9395,0.27189394217122964,0.4080972106414232,19.75569442128285,18.123305578717154,20.163791631924273,17.715208368075732,20.57188884256569,17.30711115743431
20191008,ABEV3,AMBEV S/A,18.84,18.86,18.49,18.6,357719670.0,19.199000000000012,18.92,0.2921949601495226,0.4051337227796648,19.730267445559328,18.109732554440672,20.135401168338994,17.704598831661013,20.54053489111866,17.299465108881346
20191013,ABEV3,-,18.60,18.85,18.46,18.60,-,19.199,18.919999999999998,0.29219496014962726,0.40513372277969356,19.730267445559384,18.109732554440612,-,-,-,-
