DATA DO PREGAO,CODIGO DE NEGOCIACAO DO PAPEL,NOME RESUMIDO DA EMPRESA EMISSORA,PRECO DE ABERTURA,PRECO MAXIMO,PRECO MINIMO,PRECO FECHAMENTO,VOLUME TOTAL DE TITULOS NEGOCIADOS NESTE PAPEL,MA_20,MA_40,STD_20,STD_40,BANDA_1_40 SUPERIOR,BANDA_1_40 INFERIOR,BANDA_2_40 SUPERIOR,BANDA_2_40 INFERIOR,BANDA_3_40 SUPERIOR,BANDA_3_40 INFERIOR
20190102,BBSE3,BBSEGURIDADE,27.88,28.65,27.65,28.32,132091451.0,0.0,0.0,0.0,0.0,0.0,0.0,0.0,0.0,0.0,0.0
20190103,BBSE3,BBSEGURIDADE,28.35,28.8,28.04,28.63,99837019.0,0.0,0.0,0.0,0.0,0.0,0.0,0.0,0.0,0.0,0.0
20190104,BBSE3,BBSEGURIDADE,28.46,28.72,27.97,28.35,100684792.0,0.0,0.0,0.0,0.0,0.0,0.0,0.0,0.0,0.0,0.0
20190107,BBSE3,BBSEGURIDADE,28.5,28.5,27.68,27.93,97128000.0,0.0,0.0,0.0,0.0,0.0,0.0,0.0,0.0,0.0,0.0
20190108,BBSE3,BBSEGURIDADE,27.93,28.13,27.36,27.52,114214197.0,0.0,0.0,0.0,0.0,0.0,0.0,0.0,0.0,0.0,0.0
20190109,BBSE3,BBSEGURIDADE,27.5,27.5,26.65,26.65,183905033.0,0.0,0.0,0.0,0.0,0.0,0.0,0.0,0.0,0.0,0.0
20190110,BBSE3,BBSEGURIDADE,26.71,27.61,26.69,27.4,201641639.0,0.0,0.0,0.0,0.0,0.0,0.0,0.0,0.0,0.0,0.0
20190111,BBSE3,BBSEGURIDADE,27.48,27.97,27.36,27.75,154593052.0,0.0,0.0,0.0,0.0,0.0,0.0,0.0,0.0,0.0,0.0
20190114,BBSE3,BBSEGURIDADE,27.84,28.05,27.62,28.0,79334435.0,0.0,0.0,0.0,0.0,0.0,0.0,0.0,0.0,0.0,0.0
20190115,BBSE3,BBSEGURIDADE,28.0,28.17,27.9,28.13,93706308.0,0.0,0.0,0.0,0.0,0.0,0.0,0.0,0.0,0.0,0.0
20190116,BBSE3,BBSEGURIDADE,28.2,28.5,28.1,28.4,85707647.0,0.0,0.0,0.0,0.0,0.0,0.0,0.0,0.0,0.0,0.0
20190117,BBSE3,BBSEGURIDADE,28.4,29.05,28.25,29.03,157644422.0,0.0,0.0,0.0,0.0,0.0,0.0,0.0,0.0,0.0,0.0
20190118,BBSE3,BBSEGURIDADE,29.1,29.64,29.0,29.64,175140531.0,0.0,0.0,0.0,0.0,0.0,0.0,0.0,0.0,0.0,0.0
20190121,BBSE3,BBSEGURIDADE,29.65,29.68,28.6,29.1,72973815.0,0.0,0.0,0.0,0.0,0.0,0.0,0.0,0.0,0.0,0.0
20190122,BBSE3,BBSEGURIDADE,29.14,29.37,28.85,29.15,130918819.0,0.0,0.0,0.0,0.0,0.0,0.0,0.0,0.0,0.0,0.0
20190123,BBSE3,BBSEGURIDADE,29.24,29.65,28.89,29.65,152657352.0,0.0,0.0,0.0,0.0,0.0,0.0,0.0,0.0,0.0,0.0
20190124,BBSE3,BBSEGURIDADE,29.54,29.99,29.4,29.99,151112881.0,0.0,0.0,0.0,0.0,0.0,0.0,0.0,0.0,0.0,0.0
20190128,BBSE3,BBSEGURIDADE,29.84,30.43,29.42,30.06,147676361.0,0.0,0.0,0.0,0.0,0.0,0.0,0.0,0.0,0.0,0.0
20190129,BBSE3,BBSEGURIDADE,30.18,30.6,30.02,30.05,115295897.0,0.0,0.0,0.0,0.0,0.0,0.0,0.0,0.0,0.0,0.0
20190130,BBSE3,BBSEGURIDADE,30.41,30.68,30.01,30.66,122188451.0,28.720499999999994,0.0,1.0608808405729355,0.0,0.0,0.0,0.0,0.0,0.0,0.0
20190131,BBSE3,BBSEGURIDADE,30.7,31.43,30.67,31.06,229878574.0,28.857499999999987,0.0,1.1770027724333492,0.0,0.0,0.0,0.0,0.0,0.0,0.0
20190201,BBSE3,BBSEGURIDADE,31.0,31.58,30.95,31.4,166685507.0,28.995999999999988,0.0,1.3048549021977398,0.0,0.0,0.0,0.0,0.0,0.0,0.0
20190204,BBSE3,BBSEGURIDADE,31.35,31.62,30.51,31.62,140397521.0,29.159499999999987,0.0,1.419482763470368,0.0,0.0,0.0,0.0,0.0,0.0,0.0
20190205,BBSE3,BBSEGURIDADE,31.5,31.87,31.21,31.5,124263703.0,29.337999999999987,0.0,1.4799132264746926,0.0,0.0,0.0,0.0,0.0,0.0,0.0
20190206,BBSE3,BBSEGURIDADE,31.19,31.29,30.12,30.12,135476985.0,29.46799999999999,0.0,1.4249860571801716,0.0,0.0,0.0,0.0,0.0,0.0,0.0
20190207,BBSE3,BBSEGURIDADE,30.12,30.61,29.82,30.22,116529419.0,29.646499999999993,0.0,1.268406688060176,0.0,0.0,0.0,0.0,0.0,0.0,0.0
20190208,BBSE3,BBSEGURIDADE,30.02,30.46,29.64,30.24,167159692.0,29.788499999999992,0.0,1.1578213433677456,0.0,0.0,0.0,0.0,0.0,0.0,0.0
20190211,BBSE3,BBSEGURIDADE,30.26,30.55,29.5,29.55,134112096.0,29.878499999999992,0.0,1.0565548532351425,0.0,0.0,0.0,0.0,0.0,0.0,0.0
20190212,BBSE3,BBSEGURIDADE,28.6,29.23,28.38,28.92,377398064.0,29.924499999999988,0.0,0.9882865288760599,0.0,0.0,0.0,0.0,0.0,0.0,0.0
20190213,BBSE3,BBSEGURIDADE,29.06,29.07,28.12,28.39,216251279.0,29.93749999999999,0.0,0.9648718213208134,0.0,0.0,0.0,0.0,0.0,0.0,0.0
20190214,BBSE3,BBSEGURIDADE,28.5,28.7,27.7,28.66,215024273.0,29.950499999999987,0.0,0.944605041385299,0.0,0.0,0.0,0.0,0.0,0.0,0.0
20190215,BBSE3,BBSEGURIDADE,27.96,27.96,27.52,27.68,132585037.0,29.88299999999999,0.0,1.0555622098897652,0.0,0.0,0.0,0.0,0.0,0.0,0.0
20190218,BBSE3,BBSEGURIDADE,27.7,27.85,27.5,27.65,76419825.0,29.783499999999986,0.0,1.1675267381137462,0.0,0.0,0.0,0.0,0.0,0.0,0.0
20190219,BBSE3,BBSEGURIDADE,27.76,28.21,27.75,28.0,124369216.0,29.728499999999986,0.0,1.2258714408426694,0.0,0.0,0.0,0.0,0.0,0.0,0.0
20190220,BBSE3,BBSEGURIDADE,28.11,28.16,27.08,27.39,296863586.0,29.640499999999985,0.0,1.3284635961575268,0.0,0.0,0.0,0.0,0.0,0.0,0.0
20190221,BBSE3,BBSEGURIDADE,27.48,27.57,27.0,27.14,220858868.0,29.514999999999986,0.0,1.4412878013484294,0.0,0.0,0.0,0.0,0.0,0.0,0.0
20190222,BBSE3,BBSEGURIDADE,27.28,27.51,27.07,27.4,164190020.0,29.385499999999986,0.0,1.5110312790659866,0.0,0.0,0.0,0.0,0.0,0.0,0.0
20190225,BBSE3,BBSEGURIDADE,27.57,28.02,27.47,27.62,262530722.0,29.263499999999986,0.0,1.5516621817637342,0.0,0.0,0.0,0.0,0.0,0.0,0.0
20190226,BBSE3,BBSEGURIDADE,27.71,27.74,27.28,27.47,150927284.0,29.134499999999992,0.0,1.5896158920350947,0.0,0.0,0.0,0.0,0.0,0.0,0.0
20190227,BBSE3,BBSEGURIDADE,27.45,27.82,27.22,27.78,122004134.0,28.99049999999999,28.85549999999999,1.5745257431333022,1.332208403655085,31.51991680731016,26.191083192689817,32.85212521096524,24.858874789034733,34.18433361462033,23.52666638537965
20190228,BBSE3,BBSEGURIDADE,27.82,27.89,27.15,27.3,192525680.0,28.80249999999999,28.82999999999999,1.5384813941026407,1.352331320350157,31.534662640700304,26.125337359299678,32.886993961050464,24.773006038949518,34.23932528140062,23.420674718599365
20190301,BBSE3,BBSEGURIDADE,27.3,27.46,26.72,26.86,142452600.0,28.575499999999995,28.785749999999986,1.4683914399956972,1.3875432772183522,31.56083655443669,26.01066344556328,32.948379831655046,24.62312016834493,34.335923108873395,23.235576891126577
20190306,BBSE3,BBSEGURIDADE,27.04,27.07,26.42,26.61,95886178.0,28.324999999999996,28.742249999999984,1.343728120996917,1.428232702974607,31.5987154059492,25.88578459405077,33.026948108923804,24.457551891076164,34.455180811898416,23.029319188101557
20190307,BBSE3,BBSEGURIDADE,26.71,26.78,26.28,26.49,86797767.0,28.074499999999993,28.706249999999983,1.1773765439806432,1.4668572501466155,31.639964500293214,25.772535499706752,33.10682175043983,24.30567824956014,34.573679000586445,22.83882099941352
20190308,BBSE3,BBSEGURIDADE,26.49,26.78,26.31,26.6,68199189.0,27.898499999999995,28.68324999999998,1.1170604045298698,1.492915556545097,31.669081113090172,25.697418886909787,33.16199666963527,24.204503330364687,34.654912226180365,22.71158777381959
20190311,BBSE3,BBSEGURIDADE,26.77,27.8,26.73,27.72,162752524.0,27.773499999999995,28.70999999999998,0.974373077797647,1.4648724456591022,31.639744891318184,25.780255108681775,33.104617336977284,24.315382663022675,34.56948978263639,22.85051021736357
20190312,BBSE3,BBSEGURIDADE,27.8,27.83,27.25,27.8,149227137.0,27.65149999999999,28.719999999999978,0.7833146507663971,1.4570447787146026,31.63408955742918,25.805910442570774,33.09113433614378,24.34886566385617,34.548179114858385,22.891820885141566
20190313,BBSE3,BBSEGURIDADE,27.79,28.1,27.55,28.1,102043410.0,27.578999999999997,28.728749999999973,0.6549318968211161,1.452112850562665,31.632975701125304,25.824524298874643,33.08508855168797,24.37241144831198,34.53720140225063,22.920298597749312
20190314,BBSE3,BBSEGURIDADE,28.12,28.12,27.34,27.52,91982298.0,27.508999999999997,28.716749999999973,0.5738595096729922,1.460250044447077,31.637250088894127,25.796249911105818,33.0975001333412,24.335999866658742,34.55775017778828,22.875749822211667
20190315,BBSE3,BBSEGURIDADE,27.42,28.1,27.34,28.1,168279469.0,27.4945,28.71599999999997,0.5537382528158957,1.4605668025172223,31.637133605034414,25.794866394965524,33.097700407551635,24.334299592448303,34.558267210068855,22.87373278993108
20190318,BBSE3,BBSEGURIDADE,28.05,28.25,27.66,27.87,122274287.0,27.455000000000002,28.702749999999963,0.4908263708439193,1.4659012935952065,31.634552587190377,25.770947412809548,33.10045388078558,24.305046119214342,34.56635517438079,22.839144825619137
20190319,BBSE3,BBSEGURIDADE,28.0,28.03,27.61,27.79,113099768.0,27.460500000000003,28.671749999999964,0.49408581185226036,1.4719024624527115,31.615554924905386,25.727945075094542,33.0874573873581,24.256042612641828,34.55935984981081,22.784140150189117
20190320,BBSE3,BBSEGURIDADE,27.68,27.95,27.12,27.35,103752857.0,27.445500000000003,28.614499999999957,0.4925815454799255,1.4777997331445312,31.57009946628902,25.658900533710895,33.04789919943355,24.181100800566362,34.52569893257808,22.703301067421833
20190321,BBSE3,BBSEGURIDADE,27.2,27.38,26.73,26.9,97923530.0,27.390500000000003,28.559499999999964,0.4888060103860207,1.500039230256225,31.559578460512416,25.559421539487513,33.05961769076864,24.05938230923129,34.55965692102487,22.559343078975065
20190322,BBSE3,BBSEGURIDADE,26.75,26.82,26.05,26.22,118564904.0,27.332000000000004,28.486249999999963,0.5544708240627891,1.541432379980153,31.569114759960268,25.403385240039658,33.11054713994042,23.861952860059503,34.65197951992057,22.320520480079352
20190325,BBSE3,BBSEGURIDADE,26.18,26.54,25.88,26.46,80152136.0,27.29800000000001,28.40649999999996,0.586771721056499,1.5620623284455435,31.530624656891046,25.28237534310887,33.09268698533659,23.72031301466333,34.65474931378213,22.158250686217784
20190326,BBSE3,BBSEGURIDADE,26.55,26.66,26.21,26.24,91030561.0,27.24000000000001,28.31274999999996,0.631764446443057,1.5770485050179914,31.46684701003594,25.158652989963976,33.04389551505393,23.581604484945984,34.620944020071924,22.004555979927993
20190327,BBSE3,BBSEGURIDADE,26.09,26.22,25.68,25.96,122451374.0,27.15700000000001,28.210249999999963,0.6859346293849763,1.5937256584365351,31.397701316873032,25.022798683126894,32.991426975309565,23.429073024690357,34.585152633746105,21.83534736625382
20190328,BBSE3,BBSEGURIDADE,25.96,26.63,25.61,26.3,105499633.0,27.09850000000001,28.116499999999963,0.7073916134199467,1.5930241358610642,31.30254827172209,24.930451728277834,32.89557240758315,23.33742759241677,34.48859654344422,21.744403456555705
20190329,BBSE3,BBSEGURIDADE,26.23,26.66,26.14,26.52,153134753.0,27.035500000000006,28.01299999999996,0.6995673474971839,1.5576300209135907,31.12826004182714,24.897739958172778,32.68589006274073,23.340109937259186,34.243520083654325,21.782479916345597
20190401,BBSE3,BBSEGURIDADE,26.61,26.77,26.38,26.38,54791992.0,26.98950000000001,27.895999999999965,0.7114068715173772,1.4974950023460087,30.890990004691982,24.90100999530795,32.38848500703799,23.403514992961938,33.885980009384,21.90601999061593
20190402,BBSE3,BBSEGURIDADE,26.66,27.47,26.5,27.25,145238988.0,27.009000000000007,27.79224999999996,0.7130136191214498,1.388283366293854,30.568816732587667,25.015683267412253,31.957100098881522,23.627399901118398,33.345383465175374,22.239116534824543
20190403,BBSE3,BBSEGURIDADE,27.43,28.12,27.25,27.79,167838329.0,27.068000000000005,27.696499999999965,0.7269445790792205,1.2418711069003232,30.18024221380061,25.21275778619932,31.422113320700934,23.970886679298996,32.66398442760126,22.729015572398673
20190404,BBSE3,BBSEGURIDADE,27.79,28.12,27.68,28.0,122274528.0,27.143500000000007,27.608999999999963,0.7420120228845983,1.0797288358538664,29.768457671707694,25.44954232829223,30.84818650756156,24.369813492438364,31.927915343415428,23.290084656584497
20190405,BBSE3,BBSEGURIDADE,28.18,28.64,28.02,28.31,109936371.0,27.229000000000003,27.563749999999963,0.7739230207877845,1.0072956622968434,29.57834132459365,25.549158675406275,30.585636986890492,24.541863013109435,31.592932649187336,23.53456735081259
20190408,BBSE3,BBSEGURIDADE,28.15,28.41,28.02,28.25,63881334.0,27.2555,27.514499999999963,0.8002465080737534,0.9183233048919519,29.351146609783868,25.677853390216058,30.269469914675817,24.75953008532411,31.18779321956777,23.841206780432156
20190409,BBSE3,BBSEGURIDADE,28.05,28.15,27.35,27.7,95132715.0,27.250500000000006,27.450999999999965,0.7969710752197143,0.8059738495471365,29.062947699094238,25.839052300905692,29.868921548641374,25.033078451358556,30.67489539818851,24.22710460181142
20190410,BBSE3,BBSEGURIDADE,27.74,27.78,27.27,27.58,76780085.0,27.224500000000006,27.401749999999964,0.7760051207101971,0.7311385133071631,28.86402702661429,25.939472973385637,29.595165539921453,25.208334460078476,30.32630405322862,24.47719594677131
20190411,BBSE3,BBSEGURIDADE,27.6,27.6,27.21,27.31,56581101.0,27.214000000000006,27.36149999999996,0.7732120292036915,0.6884860760560516,28.738472152112063,25.984527847887858,29.426958228168115,25.296041771831806,30.115444304224166,24.607555695775755
20190412,BBSE3,BBSEGURIDADE,27.31,28.0,27.15,27.4,111985789.0,27.179000000000002,27.33674999999996,0.7463729842236895,0.6680564520135291,28.672862904027017,26.000637095972902,29.340919356040548,25.33258064395937,30.008975808054075,24.664524191945844
20190415,BBSE3,BBSEGURIDADE,27.61,28.05,27.21,27.28,104178600.0,27.1495,27.302249999999958,0.7290835992784857,0.6326642383298738,28.567578476659705,26.03692152334021,29.200242714989578,25.40425728501034,29.832906953319455,24.77159304668046
20190416,BBSE3,BBSEGURIDADE,27.28,27.99,27.13,27.62,104884766.0,27.141000000000002,27.300749999999955,0.7221816362865395,0.631816215975193,28.564382431950342,26.037117568049567,29.196198647925534,25.405301352074375,29.828014863900727,24.773485136099183
20190417,BBSE3,BBSEGURIDADE,27.73,28.19,27.4,27.84,139148381.0,27.1655,27.30549999999995,0.7377881239146524,0.6352142784030917,28.575928556806133,26.035071443193765,29.211142835209223,25.399857164790674,29.846357113612317,24.76464288638758
20190418,BBSE3,BBSEGURIDADE,27.76,28.08,27.22,27.3,130888318.0,27.1855,27.287999999999947,0.7356305923635045,0.6251531094511097,28.538306218902168,26.037693781097726,29.163459328353277,25.412540671646617,29.788612437804385,24.78738756219551
20190422,BBSE3,BBSEGURIDADE,27.3,27.68,27.04,27.59,58466073.0,27.254,27.292999999999942,0.7041037602961532,0.6267874951708473,28.546574990341636,26.03942500965825,29.173362485512484,25.4126375144874,29.800149980683333,24.785850019316552
20190423,BBSE3,BBSEGURIDADE,27.6,27.95,27.57,27.62,72438191.0,27.312,27.30499999999994,0.682708229272075,0.6283760102489522,28.561752020497842,26.048247979502037,29.190128030746795,25.419871969253084,29.818504040995748,24.79149595900413
20190424,BBSE3,BBSEGURIDADE,27.86,27.86,27.43,27.8,91800329.0,27.389999999999997,27.314999999999934,0.6416672362722621,0.6330917217948039,28.58118344358954,26.048816556410326,29.214275165384347,25.41572483461552,29.84736688717915,24.78263311282072
20190425,BBSE3,BBSEGURIDADE,27.8,28.57,27.55,28.53,140286666.0,27.518499999999996,27.337749999999936,0.5959271855909329,0.6601067804063545,28.657963560812647,26.017536439187225,29.318070341219,25.357429658780873,29.978177121625354,24.697322878374518
20190426,BBSE3,BBSEGURIDADE,28.41,28.5,28.03,28.29,60868474.0,27.617999999999995,27.358249999999934,0.5457934832111868,0.6768398950931641,28.71192979018626,26.004570209813608,29.388769685279428,25.32773031472044,30.06560958037259,24.650890419627277
20190429,BBSE3,BBSEGURIDADE,28.45,28.8,28.31,28.6,59378999.0,27.721999999999998,27.378749999999933,0.5232650530940127,0.7018955561868546,28.782541112373643,25.974958887626222,29.484436668560498,25.273063331439367,30.18633222474735,24.571167775252515
20190430,BBSE3,BBSEGURIDADE,28.75,28.9,28.2,28.26,122563521.0,27.815999999999995,27.402749999999934,0.43005997133815205,0.7154162765257241,28.833582553051382,25.971917446948485,29.548998829577105,25.256501170422762,30.26441510610283,24.541084893897036
20190502,BBSE3,BBSEGURIDADE,28.23,28.6,28.1,28.42,62058157.0,27.874499999999994,27.44174999999994,0.4285897928396303,0.7274891399312656,28.89672827986247,25.98677172013741,29.624217419793737,25.25928258020614,30.351706559725002,24.531793440274875
20190503,BBSE3,BBSEGURIDADE,28.6,28.76,28.03,28.03,65272392.0,27.886499999999995,27.47724999999994,0.42945834918442505,0.7204734465471104,28.918196893094162,26.03630310690572,29.638670339641273,25.31582966035861,30.359143786188383,24.5953562138115
20190506,BBSE3,BBSEGURIDADE,27.92,28.55,27.6,28.52,73461946.0,27.912499999999994,27.527999999999942,0.45184854239353045,0.7206450102298747,28.96929002045969,26.086709979540192,29.689935030689565,25.36606496931032,30.41058004091944,24.645419959080442
20190507,BBSE3,BBSEGURIDADE,28.87,29.45,27.41,27.58,191639774.0,27.875999999999998,27.55249999999994,0.4475124226443934,0.7047703754069605,28.962040750813863,26.14295924918602,29.66681112622082,25.438188873779062,30.371581501627784,24.7334184983721
20190508,BBSE3,BBSEGURIDADE,27.65,28.05,27.43,27.43,162992082.0,27.834999999999997,27.545249999999943,0.4490047473667706,0.7044946816053634,28.954239363210668,26.136260636789217,29.658734044816033,25.431765955183852,30.363228726421397,24.727271273578488
20190509,BBSE3,BBSEGURIDADE,27.4,28.04,27.17,27.62,130391444.0,27.830999999999996,27.54074999999994,0.45062412858518874,0.703399756858576,28.947549513717092,26.133950486282785,29.650949270575666,25.430550729424212,30.354349027434242,24.727150972565635
20190510,BBSE3,BBSEGURIDADE,27.4,28.33,27.4,28.1,137684782.0,27.856999999999992,27.54074999999994,0.450381125153729,0.703399756858576,28.947549513717092,26.133950486282785,29.650949270575666,25.430550729424212,30.354349027434242,24.727150972565635
20190513,BBSE3,BBSEGURIDADE,27.61,28.25,27.54,28.0,174550392.0,27.891499999999997,27.55274999999994,0.4323409351548002,0.7071212404658305,28.9669924809316,26.138507519068277,29.674113721397433,25.431386278602446,30.38123496186326,24.72426503813662
20190514,BBSE3,BBSEGURIDADE,27.98,28.6,27.85,28.6,149863512.0,27.9515,27.565249999999942,0.44366031339777234,0.7213199706094281,29.0078899412188,26.122610058781085,29.729209911828228,25.401290088171656,30.450529882437653,24.67997011756223
20190515,BBSE3,BBSEGURIDADE,28.03,28.46,27.81,28.25,156460435.0,28.0,27.574749999999945,0.4187072837600057,0.7279087978233979,29.03056759564674,26.11893240435315,29.75847639347014,25.39102360652975,30.486385191293536,24.663114808706354
20190516,BBSE3,BBSEGURIDADE,27.93,28.65,27.68,28.38,167827207.0,28.038,27.589499999999948,0.4168882217977393,0.7382861303426992,29.066072260685345,26.11292773931455,29.804358391028046,25.37464160897185,30.542644521370743,24.636355478629152
20190517,BBSE3,BBSEGURIDADE,28.25,28.31,27.8,27.82,126402976.0,28.037,27.601249999999947,0.4174118249150882,0.7381167564510598,29.077483512902067,26.125016487097827,29.815600269353126,25.386899730646768,30.553717025804186,24.648782974195708
20190520,BBSE3,BBSEGURIDADE,27.9,28.41,27.75,28.35,137824980.0,28.089500000000005,27.637499999999942,0.38457734832163604,0.7384000375031162,29.114300075006174,26.16069992499371,29.85270011250929,25.422299887490595,30.59110015001241,24.683899849987476
20190521,BBSE3,BBSEGURIDADE,28.35,28.7,27.91,28.34,126131857.0,28.127000000000002,27.69049999999994,0.3695815557029114,0.7095681243382569,29.109636248676452,26.271363751323427,29.81920437301471,25.56179562698517,30.528772497352968,24.85222750264691
20190522,BBSE3,BBSEGURIDADE,28.58,28.58,28.05,28.3,121913724.0,28.161,27.73649999999994,0.3513118272987599,0.6870358106592374,29.110571621318414,26.362428378681464,29.797607431977653,25.675392568022225,30.48464324263689,24.98835675736299
20190523,BBSE3,BBSEGURIDADE,28.28,28.9,28.11,28.71,162790583.0,28.206500000000005,27.79824999999994,0.3608947214908974,0.6595331973915562,29.117316394783053,26.479183605216825,29.776849592174607,25.81965040782527,30.436382789566164,25.160117210433715
20190524,BBSE3,BBSEGURIDADE,28.87,29.11,28.37,28.6,97689642.0,28.210000000000008,27.864249999999934,0.3645184278064946,0.600294318839319,29.064838637678573,26.663661362321296,29.66513295651789,26.06336704348198,30.26542727535721,25.463072724642657
20190527,BBSE3,BBSEGURIDADE,28.6,29.35,28.56,29.29,76530486.0,28.26000000000001,27.938999999999936,0.4373725378234165,0.5865186293410438,29.112037258682022,26.76596274131785,29.69855588802307,26.179444111976803,30.285074517364112,25.59292548263576
20190528,BBSE3,BBSEGURIDADE,29.29,29.99,29.29,29.73,205374787.0,28.31650000000001,28.019249999999936,0.5436743897823882,0.6066443536330557,29.23253870726605,26.805961292733823,29.839183060899103,26.19931693910077,30.445827414532157,25.592672585467714
20190529,BBSE3,BBSEGURIDADE,29.74,30.06,29.34,29.39,132521778.0,28.373000000000008,28.094499999999936,0.5938908281742198,0.5843688245251633,29.26323764905026,26.92576235094961,29.847606473575425,26.341393526424447,30.43197529810059,25.757024701899283
20190530,BBSE3,BBSEGURIDADE,29.39,30.03,29.14,29.59,82561875.0,28.43150000000001,28.152999999999935,0.6534062571188702,0.6140333240768964,29.381066648153727,26.924933351846143,29.995099972230623,26.310900027769247,30.60913329630752,25.69686670369235
20190531,BBSE3,BBSEGURIDADE,29.59,30.22,29.56,29.84,128293212.0,28.522000000000013,28.204249999999934,0.7171111636647529,0.6662866384788046,29.536823276957545,26.871676723042324,30.203109915436347,26.205390084563522,30.869396553915152,25.539103446084717
20190603,BBSE3,BBSEGURIDADE,30.05,30.54,29.7,30.3,156076723.0,28.61100000000001,28.26174999999993,0.8199351707363874,0.7430322058796379,29.747814411759208,26.775685588240655,30.490846617638844,26.03265338236102,31.233878823518484,25.28962117648138
20190604,BBSE3,BBSEGURIDADE,30.3,30.62,30.13,30.56,133351815.0,28.76000000000001,28.317999999999934,0.8904522801126821,0.8271799481773418,29.972359896354618,26.66364010364525,30.79953984453196,25.836460155467908,31.626719792709302,25.009280207290566
20190605,BBSE3,BBSEGURIDADE,30.75,30.9,30.48,30.79,138697747.0,28.928000000000008,28.38149999999993,0.9417989504973295,0.9146907842376216,30.210881568475173,26.55211843152469,31.125572352712798,25.637427647287065,32.040263136950415,24.722736863049445
20190606,BBSE3,BBSEGURIDADE,30.98,31.39,30.68,31.25,146638126.0,29.109500000000008,28.47024999999993,1.0227592966809647,1.0137325988895138,30.497715197778955,26.442784802220903,31.51144779666847,25.429052203331388,32.52518039555798,24.415319604441873
20190607,BBSE3,BBSEGURIDADE,31.35,31.55,30.92,30.99,80186733.0,29.25400000000001,28.55549999999993,1.0754259865892903,1.0782748567349025,30.712049713469735,26.398950286530127,31.79032457020464,25.320675429795223,32.86859942693954,24.242400573060323
20190610,BBSE3,BBSEGURIDADE,30.99,31.05,30.65,30.78,95729560.0,29.393000000000008,28.642249999999933,1.0844358222742123,1.1144792678473427,30.87120853569462,26.413291464305246,31.98568780354196,25.298812196457906,33.10016707138931,24.184332928610562
20190611,BBSE3,BBSEGURIDADE,30.99,31.47,30.8,31.15,115736141.0,29.520500000000006,28.735999999999933,1.1350190121291817,1.163929683310947,31.063859366621827,26.40814063337804,32.227789049932774,25.244210950067092,33.39171873324372,24.080281266756145
20190612,BBSE3,BBSEGURIDADE,31.14,31.65,30.84,31.08,123121775.0,29.662000000000006,28.830999999999932,1.14465623430653,1.1966615955895763,31.224323191179085,26.43767680882078,32.42098478676866,25.241015213231204,33.61764638235824,24.044353617641626
20190613,BBSE3,BBSEGURIDADE,31.2,31.5,30.9,30.98,182289047.0,29.79200000000001,28.914999999999935,1.139023589238636,1.2270184835504228,31.36903696710078,26.46096303289909,32.59605545065121,25.233944549348667,33.823073934201624,24.006926065798243
20190614,BBSE3,BBSEGURIDADE,30.97,31.13,30.62,30.88,151477997.0,29.945000000000004,28.99099999999994,1.0631853826566158,1.2526071273087336,31.496214254617406,26.485785745382472,32.74882138192614,25.233178618073737,34.00142850923487,23.980571490765005
20190617,BBSE3,BBSEGURIDADE,30.99,31.11,30.7,30.9,78097394.0,30.0725,29.080999999999943,1.0135859997786696,1.2573145986585952,31.595629197317134,26.56637080268275,32.852943795975726,25.309056204024156,34.11025839463432,24.051741605365564
20190618,BBSE3,BBSEGURIDADE,31.2,32.05,31.0,32.05,146897614.0,30.258,29.192499999999946,1.019301102148947,1.3179952725490203,31.828490545097985,26.556509454901907,33.146485817647005,25.238514182352887,34.464481090196024,23.920518909803864
20190619,BBSE3,BBSEGURIDADE,32.01,32.1,31.6,31.73,126340250.0,30.4295,29.295249999999946,0.9593115678498183,1.3520278928620353,31.999305785724015,26.591194214275877,33.35133367858605,25.23916632141384,34.703361571448085,23.887138428551804
20190621,BBSE3,BBSEGURIDADE,32.03,32.53,31.85,32.2,164964223.0,30.604000000000003,29.40524999999995,0.9474142094197618,1.405200939185288,32.21565187837052,26.594848121629372,33.620852817555814,25.189647182444084,35.0260537567411,23.7844462432588
20190624,BBSE3,BBSEGURIDADE,32.45,33.1,32.11,32.11,184139493.0,30.779500000000002,29.494749999999947,0.8793028039603724,1.460928730777205,32.41660746155436,26.572892538445537,33.87753619233156,25.11196380766833,35.338464923108766,23.651035076891127
20190625,BBSE3,BBSEGURIDADE,32.1,32.33,31.75,31.75,141886043.0,30.902500000000003,29.581249999999947,0.8306932741929555,1.4899116950257152,32.56107339005138,26.60142660994852,34.050985085077095,25.1115149149228,35.540896780102806,23.621603219897086
20190626,BBSE3,BBSEGURIDADE,31.9,32.47,31.75,32.47,113807649.0,31.039500000000004,29.67799999999995,0.8527940147414744,1.5490380803450305,32.77607616069001,26.57992383930989,34.325114241035045,25.03088575896486,35.87415232138007,23.48184767861983
20190627,BBSE3,BBSEGURIDADE,32.32,32.7,32.03,32.43,105840913.0,31.1915,29.782249999999955,0.813325046693435,1.5909140857397595,32.96407817147947,26.600421828520435,34.55499225721923,25.009507742780677,36.145906342958995,23.418593657040915
20190628,BBSE3,BBSEGURIDADE,32.6,32.73,32.38,32.38,82239259.0,31.331,29.881249999999955,0.7618184615910673,1.626777824333624,33.134805648667204,26.627694351332707,34.761583473000826,25.000916526999085,36.38836129733445,23.37413870266546
20190701,BBSE3,BBSEGURIDADE,32.67,33.0,32.51,32.8,93105034.0,31.478999999999996,30.000499999999953,0.7442332684680648,1.662042225388516,33.32458445077698,26.67641554922292,34.9866266761655,25.014373323834405,36.64866890155402,23.352331098445887
20190702,BBSE3,BBSEGURIDADE,32.8,32.88,32.09,32.6,160610564.0,31.594,30.102499999999953,0.7300281176992406,1.6937467948687785,33.48999358973751,26.715006410262397,35.18374038460629,25.021259615393618,36.87748717947507,23.327512820524838
20190703,BBSE3,BBSEGURIDADE,32.3,32.9,32.1,32.77,119986514.0,31.704500000000003,30.232249999999954,0.7325332756946363,1.694345781771002,33.62094156354196,26.84355843645795,35.31528734531296,25.14921265468695,37.00963312708396,23.454866872915947
20190704,BBSE3,BBSEGURIDADE,33.0,33.35,32.86,33.09,90692529.0,31.819500000000005,30.37374999999995,0.7613801526451921,1.6906586298138861,33.75506725962772,26.99243274037218,35.44572588944161,25.30177411055829,37.13638451925549,23.611115480744406
20190705,BBSE3,BBSEGURIDADE,33.11,33.86,33.02,33.85,79159166.0,31.949500000000008,30.52949999999995,0.8728325033746598,1.7172248781249793,33.96394975624991,27.09505024374999,35.681174634374884,25.37782536562501,37.398399512499864,23.660600487500034
20190708,BBSE3,BBSEGURIDADE,33.85,33.92,33.47,33.51,85372720.0,32.075500000000005,30.66474999999995,0.9082051414450762,1.7339357742519874,34.13262154850393,27.196878451495976,35.86655732275592,25.46294267724399,37.6004930970079,23.729006902992
20190710,BBSE3,BBSEGURIDADE,33.71,34.58,33.48,33.74,170939292.0,32.22350000000001,30.80824999999995,0.9269660471837546,1.7452306988784505,34.298711397756854,27.31778860224305,36.043942096635305,25.5725579033646,37.78917279551375,23.82732720448615
20190711,BBSE3,BBSEGURIDADE,33.7,34.29,32.98,33.17,175331483.0,32.32450000000001,30.922499999999957,0.9137975993793539,1.7465478771506846,34.41559575430133,27.42940424569859,36.16214363145201,25.682856368547903,37.90869150860269,23.93630849139722
20190712,BBSE3,BBSEGURIDADE,33.31,33.78,33.1,33.42,186688244.0,32.441500000000005,31.05174999999996,0.8956930571526518,1.7349630713575541,34.521676142715066,27.581823857284853,36.25663921407262,25.846860785927298,37.991602285430176,24.111897714569743
20190715,BBSE3,BBSEGURIDADE,33.83,33.83,33.22,33.37,101074497.0,32.561,31.176499999999955,0.8486391583308611,1.7172377193083856,34.61097543861673,27.742024561383182,36.32821315792511,26.024786842074796,38.0454508772335,24.30754912276641
20190716,BBSE3,BBSEGURIDADE,33.4,33.67,33.08,33.39,78724413.0,32.6865,31.31574999999996,0.768801356863828,1.6630615689298356,34.64187313785963,27.989626862140287,36.30493470678947,26.32656529321045,37.9679962757193,24.663503724280616
20190717,BBSE3,BBSEGURIDADE,33.4,33.81,33.24,33.81,195655679.0,32.832,31.452249999999957,0.6835403195283497,1.6372702226729015,34.726790445345756,28.177709554654154,36.36406066801866,26.540439331981254,38.00133089069156,24.90316910930835
20190718,BBSE3,BBSEGURIDADE,34.01,34.39,33.42,33.6,159652592.0,32.9095,31.58374999999996,0.6780581794630189,1.5914880756298142,34.76672615125959,28.400773848740332,36.3582142268894,26.809285773110517,37.94970230251921,25.2177976974807
20190719,BBSE3,BBSEGURIDADE,33.73,33.8,32.7,32.7,178530629.0,32.958000000000006,31.69374999999996,0.6215904896649918,1.5086038502281423,34.71095770045624,28.676542299543673,36.21956155068439,27.167938449315532,37.72816540091253,25.65933459908739
20190722,BBSE3,BBSEGURIDADE,32.6,33.21,32.52,33.12,127356291.0,33.004000000000005,31.803999999999956,0.5960607528201204,1.4447496456001085,34.693499291200176,28.91450070879974,36.13824893680028,27.46975106319963,37.58299858240039,26.025001417599523
20190723,BBSE3,BBSEGURIDADE,33.3,33.52,32.74,32.87,104387855.0,33.042,31.910749999999958,0.5591497304412183,1.357029915774813,34.624809831549584,29.19669016845033,35.98183974732439,27.839660252675518,37.33886966309921,26.482630336900705
20190724,BBSE3,BBSEGURIDADE,32.8,33.33,32.53,32.53,114677625.0,33.081,31.991749999999957,0.48681456536599826,1.2917130099213625,34.57517601984268,29.40832398015723,35.866889029764046,28.116610970235868,37.158602039685405,26.82489796031451
20190725,BBSE3,BBSEGURIDADE,32.62,32.87,32.16,32.49,141516598.0,33.082,32.060749999999956,0.48551220918017285,1.2404990465999934,34.54174809319994,29.57975190679997,35.782247139799935,28.339252860199977,37.02274618639993,27.098753813599984
20190726,BBSE3,BBSEGURIDADE,32.66,33.25,32.25,32.6,211652864.0,33.090500000000006,32.14099999999995,0.4748681257380398,1.1648149407326287,34.47062988146521,29.81137011853469,35.63544482219783,28.646555177802064,36.800259762930466,27.481740237069435
20190729,BBSE3,BBSEGURIDADE,32.6,32.97,32.23,32.61,88096066.0,33.102000000000004,32.216499999999954,0.45928548626599375,1.0907455695238975,34.39799113904775,30.03500886095216,35.48873670857164,28.94426329142826,36.57948227809554,27.853517721904364
20190730,BBSE3,BBSEGURIDADE,32.6,32.78,32.23,32.52,95478890.0,33.08800000000001,32.283499999999954,0.4730372189650294,1.0211118876889071,34.32572377537777,30.24127622462214,35.34683566306668,29.220164336933234,36.36794755075558,28.199052449244327
20190731,BBSE3,BBSEGURIDADE,32.51,32.74,32.02,32.45,97556917.0,33.08050000000001,32.337249999999955,0.4822804927467666,0.9692978889051683,34.27584577781029,30.398654222189617,35.24514366671546,29.42935633328445,36.21444155562063,28.460058444379282
20190801,BBSE3,BBSEGURIDADE,32.45,33.03,31.96,32.18,122913173.0,33.051,32.377749999999956,0.5189250021868196,0.9260129242605397,34.22977584852104,30.525724151478876,35.15578877278158,29.599711227218336,36.08180169704212,28.673698302957796
20190802,BBSE3,BBSEGURIDADE,32.18,32.49,31.92,32.4,90597476.0,33.0165,32.417999999999964,0.5387536787026552,0.8895005801298856,34.19700116025974,30.638998839740193,35.08650174038962,29.749498259610306,35.976002320519505,28.859997679480422
20190805,BBSE3,BBSEGURIDADE,31.95,32.0,31.51,31.59,94986003.0,32.9035,32.42649999999996,0.5893642873111258,0.8796227338161942,34.18574546763235,30.667254532367572,35.06536820144854,29.78763179855138,35.94499093526474,28.908009064735186
20190806,BBSE3,BBSEGURIDADE,31.6,32.46,31.55,32.36,163843362.0,32.846000000000004,32.460749999999955,0.5831439291505321,0.8483721592042864,34.157494318408524,30.76400568159138,35.00586647761281,29.915633522387097,35.8542386368171,29.06726136318281
20190807,BBSE3,BBSEGURIDADE,33.98,33.98,32.75,33.02,256004839.0,32.81,32.51674999999996,0.5460961935698118,0.807529907360821,34.1318098147216,30.901690185278316,34.93933972208242,30.094160277917496,35.746869629443246,29.286630370556676
20190808,BBSE3,BBSEGURIDADE,33.4,34.58,33.3,34.44,237808322.0,32.87350000000001,32.598999999999954,0.6534465306518269,0.8319325663008523,34.26286513260166,30.93513486739825,35.09479769890251,30.103202301097397,35.92673026520336,29.271269734796544
20190809,BBSE3,BBSEGURIDADE,34.55,35.45,34.45,35.45,165827636.0,32.97500000000001,32.70824999999996,0.8659190432560886,0.9105616398685653,34.52937327973709,30.887126720262827,35.439934919605655,29.97656508039426,36.350496559474216,29.066003440525694
20190812,BBSE3,BBSEGURIDADE,34.19,34.19,33.42,33.7,115148574.0,32.991500000000016,32.77624999999996,0.8769160975287881,0.8792120233774192,34.5346740467548,31.017825953245122,35.41388607013222,30.138613929867702,36.29309809350964,29.259401906490286
20190813,BBSE3,BBSEGURIDADE,33.5,34.07,33.19,34.07,174945414.0,33.025500000000015,32.85599999999995,0.9058841275965895,0.8468820642624136,34.54976412852478,31.162235871475126,35.396646192787195,30.31535380721271,36.243528257049604,29.468471742950296
20190814,BBSE3,BBSEGURIDADE,33.58,33.94,33.19,33.38,125758871.0,33.00400000000002,32.91799999999996,0.8912699396159468,0.7888004524886459,34.49560090497725,31.340399095022665,35.284401357465896,30.551598642534017,36.07320180995454,29.762798190045373
20190815,BBSE3,BBSEGURIDADE,33.4,33.6,32.31,33.1,179448142.0,32.97900000000002,32.944249999999954,0.8806211922332907,0.7765501865995732,34.4973503731991,31.391149626800807,35.273900559798676,30.614599440201236,36.05045074639825,29.83804925360166
20190816,BBSE3,BBSEGURIDADE,33.45,33.57,33.01,33.24,98041920.0,33.006000000000014,32.98199999999996,0.8798947305456268,0.7523338048009641,34.48666760960189,31.47733239039803,35.23900141440285,30.724998585597064,35.99133521920381,29.9726647807961
20190819,BBSE3,BBSEGURIDADE,33.26,33.87,32.8,33.15,84579788.0,33.007500000000014,33.005749999999956,0.8801248416230286,0.7419374757679118,34.48962495153578,31.521875048464132,35.23156242730369,30.77993757269622,35.973499903071605,30.038000096928307
20190820,BBSE3,BBSEGURIDADE,33.15,33.23,32.5,33.08,53974944.0,33.018000000000015,33.02999999999996,0.8796506483586257,0.727623458552596,34.48524691710515,31.574753082894766,35.212870375657744,30.84712962434217,35.94049383421034,30.119506165789574
20190821,BBSE3,BBSEGURIDADE,32.5,33.29,32.5,33.29,59306549.0,33.05600000000002,33.06849999999996,0.8738565460976703,0.6983113331092826,34.46512266621852,31.671877333781392,35.16343399932781,30.97356600067211,35.86174533243709,30.275254667562827
20190822,BBSE3,BBSEGURIDADE,33.27,33.27,32.56,32.6,43017903.0,33.06150000000002,33.07174999999995,0.8704461953200918,0.6957522676562856,34.46325453531252,31.68024546468738,35.15900680296881,30.984493197031096,35.85475907062509,30.28874092937481
20190823,BBSE3,BBSEGURIDADE,32.35,32.87,31.87,32.19,74822689.0,33.04100000000001,33.06574999999995,0.8865658167154181,0.7024312631762093,34.47061252635237,31.660887473647534,35.17304378952858,30.958456210471326,35.875475052704786,30.256024947295113
20190826,BBSE3,BBSEGURIDADE,32.8,32.97,31.81,31.88,58369008.0,33.004500000000014,33.05324999999995,0.9196536819567993,0.7191960878791388,34.49164217575823,31.61485782424167,35.21083826363736,30.895661736362534,35.930034351516504,30.176465648483394
20190827,BBSE3,BBSEGURIDADE,32.3,32.5,31.87,32.1,134150852.0,32.983500000000014,33.03574999999995,0.9359502629609642,0.7338828506387671,34.503515701277486,31.567984298722415,35.23739855191625,30.83410144808365,35.97128140255502,30.100218597444883
20190828,BBSE3,BBSEGURIDADE,31.74,32.88,31.74,32.51,75109960.0,32.986500000000014,33.033499999999954,0.9342448399924335,0.7353894834085111,34.504278966816976,31.56272103318293,35.23966845022549,30.82733154977442,35.975057933634,30.09194206636591
20190829,BBSE3,BBSEGURIDADE,32.62,33.26,32.34,32.88,67793972.0,33.02150000000002,33.03624999999995,0.9153617346508501,0.7345840878016803,34.50541817560331,31.567081824396592,35.240002263404996,30.832497736594913,35.974586351206675,30.09791364879323
20190830,BBSE3,BBSEGURIDADE,33.24,33.24,32.62,32.67,97680610.0,33.03500000000001,33.02574999999996,0.9076719787745389,0.7367944691321547,34.499338938264266,31.55216106173565,35.23613340739642,30.815366592603496,35.97292787652858,30.07857212347134
20190902,BBSE3,BBSEGURIDADE,32.7,32.99,32.51,32.65,38967071.0,33.08800000000001,32.995749999999965,0.8478306682971066,0.7267344857791291,34.449218971558224,31.542281028441707,35.17595345733735,30.815546542662577,35.90268794311648,30.088812056883448
20190903,BBSE3,BBSEGURIDADE,32.55,32.89,32.22,32.22,64442600.0,33.08100000000001,32.96349999999997,0.854707706270249,0.7319329869844905,34.427365973968946,31.499634026030986,35.159298960953436,30.767701039046496,35.89123194793793,30.035768052062007
20190904,BBSE3,BBSEGURIDADE,32.68,32.69,32.22,32.62,61565851.0,33.061000000000014,32.93549999999996,0.8608679830324636,0.7228325691867118,34.38116513837338,31.489834861626537,35.1039977075601,30.767002292439827,35.82683027674681,30.044169723253116
20190905,BBSE3,BBSEGURIDADE,32.72,33.24,32.53,32.82,77764541.0,32.98000000000002,32.926749999999956,0.7982217077583755,0.7220390908517959,34.370828181703544,31.482671818296364,35.092867272555345,30.76063272744457,35.81490636340714,30.038593636592772
20190906,BBSE3,BBSEGURIDADE,33.06,33.09,32.57,32.73,52698879.0,32.844000000000015,32.90949999999996,0.5476110798154982,0.7181848558551104,34.34586971171018,31.473130288289738,35.06405456756529,30.754945432434628,35.7822394234204,30.036760576579518
20190909,BBSE3,BBSEGURIDADE,32.73,33.16,32.22,32.43,128955049.0,32.78050000000001,32.88599999999996,0.5158383569745169,0.7181093410067602,34.32221868201348,31.44978131798644,35.04032802302024,30.73167197697968,35.758437364027,30.01356263597292
20190910,BBSE3,BBSEGURIDADE,32.41,33.1,32.38,32.72,94645430.0,32.71300000000001,32.86924999999996,0.4170964800667379,0.7138533480794496,34.29695669615886,31.44154330384106,35.010810044238305,30.72768995576161,35.72466339231776,30.01383660768216
20190911,BBSE3,BBSEGURIDADE,32.79,33.49,32.74,33.49,72144095.0,32.71850000000001,32.86124999999996,0.42696326724766326,0.7047756053144082,34.27080121062878,31.451698789371147,34.975576815943185,30.746923184056737,35.680352421257595,30.04214757874233
20190912,BBSE3,BBSEGURIDADE,33.56,34.08,33.4,33.89,71853867.0,32.75800000000001,32.86849999999997,0.4952043703572346,0.7140011850885328,34.29650237017704,31.440497629822904,35.010503555265565,30.72649644473437,35.7245047403541,30.01249525964584
20190913,BBSE3,BBSEGURIDADE,33.94,33.95,33.23,33.64,58830194.0,32.778000000000006,32.89199999999997,0.5229934084317037,0.7237161931346198,34.33943238626921,31.44456761373073,35.06314857940383,30.72085142059611,35.78686477253844,29.997135227461488
20190916,BBSE3,BBSEGURIDADE,33.47,33.47,32.97,33.43,56222123.0,32.79200000000001,32.89974999999997,0.5370347435588567,0.7278682872538699,34.35548657450771,31.44401342549223,35.08335486176158,30.71614513823836,35.81122314901545,29.98827685098449
20190917,BBSE3,BBSEGURIDADE,33.12,33.9,33.03,33.72,54121339.0,32.824000000000005,32.92099999999998,0.5729645897020906,0.7392955760168514,34.39959115203368,31.442408847966277,35.13888672805053,30.703113271949423,35.87818230406738,29.963817695932573
20190918,BBSE3,BBSEGURIDADE,33.44,34.07,33.44,33.95,107488009.0,32.85700000000001,32.95649999999998,0.6184198880167023,0.7539861591602787,34.46447231832053,31.44852768167942,35.218458477480816,30.694541522519142,35.97244463664109,29.94055536335886
20190919,BBSE3,BBSEGURIDADE,34.07,34.63,34.03,34.37,126775229.0,32.94550000000001,33.003499999999974,0.7008601857716376,0.7822274244680294,34.56795484893603,31.439045151063915,35.35018227340406,30.656817726595886,36.13240969787209,29.874590302127856
20190920,BBSE3,BBSEGURIDADE,34.55,34.82,34.0,34.65,224657674.0,33.06850000000001,33.05474999999998,0.7734017475786772,0.8212934998042163,34.69733699960841,31.412163000391544,35.51863049941262,30.590869500587328,36.33992399921684,29.76957600078311
20190923,BBSE3,BBSEGURIDADE,34.63,34.76,34.06,34.53,58352662.0,33.20100000000001,33.10274999999998,0.7859683936325517,0.8502307002160598,34.8032114004321,31.40228859956786,35.65344210064816,30.5520578993518,36.503672800864216,29.70182719913574
20190924,BBSE3,BBSEGURIDADE,34.5,34.63,34.19,34.48,54093224.0,33.32000000000001,33.15174999999998,0.7906559568517293,0.8719853195071847,34.89572063901435,31.407779360985607,35.76770595852153,30.535794041478425,36.63969127802872,29.66380872197124
20190925,BBSE3,BBSEGURIDADE,34.5,34.9,34.19,34.78,60781836.0,33.4335,33.20999999999998,0.8302014657202627,0.9012384641319526,35.01247692826389,31.407523071736072,35.91371539239584,30.506284607604123,36.814953856527794,29.60504614347217
20190926,BBSE3,BBSEGURIDADE,35.06,35.86,35.05,35.5,129413215.0,33.5645,33.29299999999998,0.9379792108569699,0.9552102735350065,35.20342054706999,31.382579452929964,36.158630820605,30.427369179394958,37.11384109414001,29.472158905859953
20190927,BBSE3,BBSEGURIDADE,35.5,35.87,35.35,35.66,61732254.0,33.714000000000006,33.374499999999976,1.0223883287365458,1.0143102999652238,35.403120599930425,31.345879400069528,36.41743089989565,30.331569100104304,37.43174119986087,29.31725880013908
20190930,BBSE3,BBSEGURIDADE,35.49,35.57,35.03,35.03,132781568.0,33.833000000000006,33.46049999999998,1.030503709229961,1.0049185449833453,35.47033708996667,31.45066291003329,36.47525563495002,30.445744365049947,37.480174179933364,29.4408258200666
20191001,BBSE3,BBSEGURIDADE,35.1,35.2,34.29,34.41,94322305.0,33.9425,33.511749999999985,0.964315273843719,0.9996150220499175,35.51098004409982,31.51251995590015,36.51059506614974,30.512904933850233,37.510210088199656,29.513289911800314
20191002,BBSE3,BBSEGURIDADE,34.13,34.19,33.39,33.6,118186028.0,33.9915,33.52624999999998,0.9173318001567444,0.996500768715934,35.51925153743185,31.533248462568114,36.51575230614779,30.53674769385218,37.51225307486372,29.54024692513625
20191003,BBSE3,BBSEGURIDADE,33.72,33.85,33.2,33.43,66644890.0,34.022,33.50099999999998,0.8859345348274138,0.9854890755096588,35.4719781510193,31.530021848980667,36.45746722652896,30.54453277347101,37.44295630203862,29.55904369796135
20191004,BBSE3,BBSEGURIDADE,33.49,33.6,32.9,33.48,75832194.0,34.0595,33.45174999999998,0.8432111242149657,0.9334410766566387,35.31863215331326,31.584867846686706,36.2520732299699,30.651426770030067,37.18551430662654,29.71798569337343
20191007,BBSE3,BBSEGURIDADE,33.3,33.53,32.45,32.5,99660051.0,34.063,33.42174999999998,0.8362076045424385,0.9444762149006085,35.310702429801196,31.532797570198763,36.25517864470181,30.588321355298156,37.19965485960242,29.64384514039755
20191008,BBSE3,BBSEGURIDADE,32.5,32.9,31.9,32.24,108037646.0,34.039,33.37599999999998,0.8823944696108795,0.9565155781701667,35.289031156340315,31.46296884365965,36.245546734510484,30.506453265489483,37.20206231268065,29.549937687319318
