DATA DO PREGAO,CODIGO DE NEGOCIACAO DO PAPEL,NOME RESUMIDO DA EMPRESA EMISSORA,PRECO DE ABERTURA,PRECO MAXIMO,PRECO MINIMO,PRECO FECHAMENTO,VOLUME TOTAL DE TITULOS NEGOCIADOS NESTE PAPEL,MA_20,MA_40,STD_20,STD_40,BANDA_1_40 SUPERIOR,BANDA_1_40 INFERIOR,BANDA_2_40 SUPERIOR,BANDA_2_40 INFERIOR,BANDA_3_40 SUPERIOR,BANDA_3_40 INFERIOR
20190102,BRFS3,BRF SA,21.95,22.69,21.85,22.38,103267622.0,0.0,0.0,0.0,0.0,0.0,0.0,0.0,0.0,0.0,0.0
20190103,BRFS3,BRF SA,22.45,22.76,21.32,21.49,180187069.0,0.0,0.0,0.0,0.0,0.0,0.0,0.0,0.0,0.0,0.0
20190104,BRFS3,BRF SA,21.64,21.79,20.91,21.45,170812102.0,0.0,0.0,0.0,0.0,0.0,0.0,0.0,0.0,0.0,0.0
20190107,BRFS3,BRF SA,21.52,21.75,21.24,21.59,70142137.0,0.0,0.0,0.0,0.0,0.0,0.0,0.0,0.0,0.0,0.0
20190108,BRFS3,BRF SA,21.6,22.99,21.6,22.93,193754121.0,0.0,0.0,0.0,0.0,0.0,0.0,0.0,0.0,0.0,0.0
20190109,BRFS3,BRF SA,23.04,23.58,22.81,23.55,180317310.0,0.0,0.0,0.0,0.0,0.0,0.0,0.0,0.0,0.0,0.0
20190110,BRFS3,BRF SA,23.43,23.66,22.97,23.45,151093665.0,0.0,0.0,0.0,0.0,0.0,0.0,0.0,0.0,0.0,0.0
20190111,BRFS3,BRF SA,23.22,23.45,22.58,22.95,221616677.0,0.0,0.0,0.0,0.0,0.0,0.0,0.0,0.0,0.0,0.0
20190114,BRFS3,BRF SA,22.9,23.28,22.61,22.67,133838181.0,0.0,0.0,0.0,0.0,0.0,0.0,0.0,0.0,0.0,0.0
20190115,BRFS3,BRF SA,22.68,22.97,22.26,22.43,112959414.0,0.0,0.0,0.0,0.0,0.0,0.0,0.0,0.0,0.0,0.0
20190116,BRFS3,BRF SA,22.42,22.5,22.2,22.22,109683337.0,0.0,0.0,0.0,0.0,0.0,0.0,0.0,0.0,0.0,0.0
20190117,BRFS3,BRF SA,22.3,23.76,22.3,23.66,235933674.0,0.0,0.0,0.0,0.0,0.0,0.0,0.0,0.0,0.0,0.0
20190118,BRFS3,BRF SA,23.65,24.28,23.37,24.05,248522727.0,0.0,0.0,0.0,0.0,0.0,0.0,0.0,0.0,0.0,0.0
20190121,BRFS3,BRF SA,24.05,24.66,23.4,24.49,145765289.0,0.0,0.0,0.0,0.0,0.0,0.0,0.0,0.0,0.0,0.0
20190122,BRFS3,BRF SA,24.66,24.86,23.19,23.26,333122370.0,0.0,0.0,0.0,0.0,0.0,0.0,0.0,0.0,0.0,0.0
20190123,BRFS3,BRF SA,23.51,23.97,23.42,23.75,175736442.0,0.0,0.0,0.0,0.0,0.0,0.0,0.0,0.0,0.0,0.0
20190124,BRFS3,BRF SA,23.74,24.19,23.65,24.19,118874802.0,0.0,0.0,0.0,0.0,0.0,0.0,0.0,0.0,0.0,0.0
20190128,BRFS3,BRF SA,23.99,24.51,23.72,24.45,111540201.0,0.0,0.0,0.0,0.0,0.0,0.0,0.0,0.0,0.0,0.0
20190129,BRFS3,BRF SA,24.5,24.86,23.85,23.85,139922171.0,0.0,0.0,0.0,0.0,0.0,0.0,0.0,0.0,0.0,0.0
20190130,BRFS3,BRF SA,24.01,24.2,23.42,23.68,187480544.0,23.1245,0.0,0.9567349905304318,0.0,0.0,0.0,0.0,0.0,0.0,0.0
20190131,BRFS3,BRF SA,23.86,24.3,23.54,23.54,130500393.0,23.1825,0.0,0.944306345252542,0.0,0.0,0.0,0.0,0.0,0.0,0.0
20190201,BRFS3,BRF SA,23.69,24.11,23.59,23.89,99781327.0,23.3025,0.0,0.8672574740616494,0.0,0.0,0.0,0.0,0.0,0.0,0.0
20190204,BRFS3,BRF SA,23.95,24.19,23.67,23.7,130170837.0,23.415,0.0,0.75266893539975,0.0,0.0,0.0,0.0,0.0,0.0,0.0
20190205,BRFS3,BRF SA,24.01,25.33,23.91,25.24,399955082.0,23.597500000000004,0.0,0.7290070752670905,0.0,0.0,0.0,0.0,0.0,0.0,0.0
20190206,BRFS3,BRF SA,25.15,25.15,24.13,24.18,192413445.0,23.660000000000004,0.0,0.722320820979886,0.0,0.0,0.0,0.0,0.0,0.0,0.0
20190207,BRFS3,BRF SA,23.35,23.55,22.72,23.21,436335966.0,23.643,0.0,0.7290159192543877,0.0,0.0,0.0,0.0,0.0,0.0,0.0
20190208,BRFS3,BRF SA,23.21,23.67,22.95,23.5,136821573.0,23.6455,0.0,0.728404709658467,0.0,0.0,0.0,0.0,0.0,0.0,0.0
20190211,BRFS3,BRF SA,23.5,23.5,23.0,23.12,131054731.0,23.654000000000003,0.0,0.7208138674990592,0.0,0.0,0.0,0.0,0.0,0.0,0.0
20190212,BRFS3,BRF SA,23.25,23.45,23.22,23.3,85901675.0,23.6855,0.0,0.6885948698159505,0.0,0.0,0.0,0.0,0.0,0.0,0.0
20190213,BRFS3,BRF SA,22.86,23.18,22.45,22.55,315384128.0,23.6915,0.0,0.6775130606626153,0.0,0.0,0.0,0.0,0.0,0.0,0.0
20190214,BRFS3,BRF SA,22.69,22.95,22.21,22.82,139751763.0,23.7215,0.0,0.6197476141649608,0.0,0.0,0.0,0.0,0.0,0.0,0.0
20190215,BRFS3,BRF SA,23.04,23.34,22.59,22.66,148527619.0,23.6715,0.0,0.6637475344388766,0.0,0.0,0.0,0.0,0.0,0.0,0.0
20190218,BRFS3,BRF SA,22.66,22.74,22.03,22.26,116382118.0,23.582,0.0,0.7276320643379016,0.0,0.0,0.0,0.0,0.0,0.0,0.0
20190219,BRFS3,BRF SA,22.37,22.49,22.16,22.16,153085600.0,23.4655,0.0,0.7603910005281603,0.0,0.0,0.0,0.0,0.0,0.0,0.0
20190220,BRFS3,BRF SA,22.36,22.74,22.21,22.66,171128942.0,23.435500000000005,0.0,0.7804956252616911,0.0,0.0,0.0,0.0,0.0,0.0,0.0
20190221,BRFS3,BRF SA,22.51,22.71,22.05,22.07,94376346.0,23.351500000000005,0.0,0.8334726023975692,0.0,0.0,0.0,0.0,0.0,0.0,0.0
20190222,BRFS3,BRF SA,22.2,22.29,21.94,22.29,81553218.0,23.25650000000001,0.0,0.8411162695771477,0.0,0.0,0.0,0.0,0.0,0.0,0.0
20190225,BRFS3,BRF SA,22.4,22.57,22.06,22.24,93462363.0,23.146000000000008,0.0,0.8209968267135354,0.0,0.0,0.0,0.0,0.0,0.0,0.0
20190226,BRFS3,BRF SA,22.15,22.31,21.81,21.88,92121351.0,23.04750000000001,0.0,0.8497608022571084,0.0,0.0,0.0,0.0,0.0,0.0,0.0
20190227,BRFS3,BRF SA,21.88,22.0,21.58,21.6,84879726.0,22.94350000000001,23.034,0.8943876176056609,0.9187192869452182,24.871438573890448,21.19656142610956,25.79015786083565,20.277842139164342,26.70887714778087,19.35912285221913
20190228,BRFS3,BRF SA,21.75,22.2,20.31,20.57,411100727.0,22.795000000000005,22.98875,1.0268833788138878,0.9933037015886658,24.975357403177327,21.002142596822672,25.968661104766003,20.008838895234003,26.96196480635466,19.015535193645338
20190301,BRFS3,BRF SA,20.74,21.0,20.38,20.52,113936316.0,22.626500000000004,22.9645,1.110809448816028,1.0415027358187543,25.04750547163751,20.881494528362488,26.08900820745626,19.839991792543735,27.130510943275016,18.79848905672498
20190306,BRFS3,BRF SA,20.15,20.21,19.7,19.7,120144579.0,22.426500000000004,22.92075,1.2577351198002586,1.1389500056563575,25.198650011312715,20.64284998868728,26.33760001696907,19.503899983030927,27.476550022625432,18.364949977374565
20190307,BRFS3,BRF SA,19.79,19.98,19.49,19.49,129978550.0,22.13900000000001,22.86825,1.237786224209227,1.2452986203502179,25.35884724070043,20.37765275929956,26.60414586105065,19.132354138949346,27.849444481400862,17.887055518599123
20190308,BRFS3,BRF SA,19.6,20.08,19.33,19.86,182634767.0,21.923000000000005,22.7915,1.23980516296122,1.3329176595647194,25.45733531912944,20.12566468087056,26.790252978694163,18.792747021305846,28.123170638258877,17.459829361741118
20190311,BRFS3,BRF SA,20.05,20.43,19.94,20.33,137356129.0,21.779000000000003,22.711,1.2496690088095257,1.3822553105666644,25.475510621133328,19.94648937886668,26.857765931699998,18.56423406830001,28.24002124226666,17.181978757733344
20190312,BRFS3,BRF SA,20.34,20.61,20.0,20.05,159041666.0,21.606500000000004,22.625999999999998,1.2376602501239495,1.4390199656496998,25.5040399312994,19.747960068700603,26.943059896949094,18.308940103050894,28.3820798625988,16.8699201374012
20190313,BRFS3,BRF SA,20.25,20.49,20.1,20.3,141548317.0,21.465500000000006,22.55975,1.216615127483252,1.4840182587514532,25.527786517502904,19.591713482497088,27.01180477625436,18.10769522374564,28.49582303500581,16.623676964994186
20190314,BRFS3,BRF SA,20.4,20.75,20.4,20.75,214085663.0,21.338000000000005,22.51175,1.1458005705045096,1.5111633954315828,25.53407679086317,19.489423209136838,27.045240186294752,17.97825981370525,28.556403581726325,16.467096418273663
20190315,BRFS3,BRF SA,20.74,22.48,20.64,22.22,421260652.0,21.321500000000007,22.5065,1.1296915042332931,1.5118193319003748,25.53013866380075,19.48286133619925,27.04195799570113,17.97104200429887,28.553777327601495,16.4592226723985
20190318,BRFS3,BRF SA,22.58,23.29,21.9,23.29,278924588.0,21.345000000000006,22.53325,1.1667837034028004,1.5160802825302246,25.56541056506045,19.50108943493955,27.081490847590672,17.985009152409326,28.597571130120894,16.4689288698791
20190319,BRFS3,BRF SA,23.25,23.5,22.79,23.06,170906961.0,21.365000000000006,22.51825,1.1936300229044952,1.5075908570655685,25.53343171413113,19.503068285868864,27.041022571196702,17.995477428803294,28.54861342826227,16.487886571737725
20190320,BRFS3,BRF SA,22.9,23.22,22.62,22.95,142295155.0,21.399500000000007,22.49075,1.2302694398939118,1.4888498185012768,25.468449637002553,19.513050362997447,26.957299455503826,18.024200544496168,28.4461492740051,16.535350725994892
20190321,BRFS3,BRF SA,22.85,23.07,22.25,22.7,130963824.0,21.426500000000004,22.446,1.2535435037482787,1.4537040223564723,25.353408044712943,19.53859195528705,26.807112067069422,18.084887932930588,28.260816089425894,16.631183910574116
20190322,BRFS3,BRF SA,22.05,22.76,21.9,22.2,170667069.0,21.4035,22.41950000000001,1.2337844006828982,1.4481357600332856,25.315771520066573,19.523228479933433,26.763907280099854,18.075092719900148,28.212043040133143,16.62695695986686
20190325,BRFS3,BRF SA,22.19,22.2,21.67,21.85,120287345.0,21.392500000000005,22.372000000000003,1.2284987629323658,1.4344715814364255,25.240943162872853,19.50305683712715,26.675414744309283,18.068585255690728,28.109886325745702,16.6341136742543
20190326,BRFS3,BRF SA,22.09,22.56,21.73,22.34,171714073.0,21.395000000000003,22.32575000000001,1.2304705988916922,1.4038498120781284,25.13344962415626,19.518050375843746,26.537299436234388,18.114200563765614,27.94114924831252,16.71035075168749
20190327,BRFS3,BRF SA,22.06,22.27,21.61,21.94,144231513.0,21.380000000000006,22.263,1.2214228114009351,1.361935274639619,24.98687054927923,19.539129450720765,26.34880582391886,18.177194176081144,27.71074109855848,16.815258901441528
20190328,BRFS3,BRF SA,21.79,22.8,21.7,22.6,146862445.0,21.416000000000004,22.23175,1.2472723924839628,1.338730526684487,24.909211053368978,19.554288946631022,26.247941580053464,18.21555841994654,27.586672106737947,16.876827893262053
20190329,BRFS3,BRF SA,22.65,23.05,22.33,22.65,246602191.0,21.4685,22.206000000000003,1.277164931854117,1.3199335647617334,24.84586712952347,19.566132870476533,26.165800694285203,18.246199305714804,27.485734259046932,16.92626574095307
20190401,BRFS3,BRF SA,22.9,23.33,22.88,23.0,113074817.0,21.59,22.19250000000001,1.302523865828441,1.308653153789452,24.809806307578906,19.575193692421106,26.11845946136836,18.266540538631645,27.42711261515781,16.957887384842195
20190402,BRFS3,BRF SA,22.61,23.3,22.6,22.95,84687632.0,21.7115,22.169000000000004,1.3107702637039642,1.2856262566527157,24.740252513305435,19.597747486694573,26.025878769958148,18.312121230041853,27.31150502661087,17.02649497338914
20190403,BRFS3,BRF SA,23.2,23.45,22.76,23.0,92910136.0,21.8765,22.15150000000001,1.2505547190199993,1.2689073636148147,24.689314727229643,19.61368527277037,25.95822209084445,18.34477790915556,27.227129454459266,17.075870545540745
20190404,BRFS3,BRF SA,23.0,23.58,22.96,23.56,119896804.0,22.08,22.109500000000004,1.1703440789605093,1.1893694731199995,24.48823894624001,19.730761053760013,25.67760841936,18.54139158064001,26.866977892479998,17.352022107520007
20190405,BRFS3,BRF SA,23.57,24.07,23.39,23.82,128698680.0,22.278,22.100500000000004,1.1083301807104728,1.1745701887095257,24.44964037741905,19.751359622580953,25.62421056612859,18.576789433871426,26.798780754838106,17.402219245161902
20190408,BRFS3,BRF SA,23.9,24.13,23.58,24.08,118583619.0,22.4655,22.122250000000005,1.0782269803026885,1.2033446710880054,24.528939342176017,19.715560657824,25.73228401326402,18.51221598673599,26.93562868435202,17.308871315647984
20190409,BRFS3,BRF SA,23.85,24.47,23.73,24.47,178862500.0,22.6865,22.14650000000001,1.0077451379976559,1.2410056922533157,24.62851138450664,19.664488615493365,25.869517076759955,18.42348292324006,27.110522769013272,17.18247723098674
20190410,BRFS3,BRF SA,24.48,25.05,24.2,24.98,313375463.0,22.9205,22.193000000000005,0.9669565657256882,1.3112749716524197,24.815549943304845,19.57045005669516,26.126824914957265,18.259175085042745,27.438099886609685,16.947900113390325
20190411,BRFS3,BRF SA,24.99,25.23,24.62,25.2,180509985.0,23.143,22.240500000000008,0.953111801030274,1.3847575924123297,25.01001518482467,19.47098481517536,26.394772777237,18.086227222763018,27.77953036964933,16.70146963035069
20190412,BRFS3,BRF SA,24.9,25.79,24.75,25.63,248894551.0,23.3135,22.31750000000001,1.0763450581530718,1.4844523292947869,25.286404658589586,19.348595341410434,26.77085698788437,17.864143012115647,28.25530931717916,16.379690682820858
20190415,BRFS3,BRF SA,25.61,26.44,25.3,26.05,262472245.0,23.4515,22.398250000000008,1.2379706441549756,1.5961377864499469,25.590525572899903,19.205974427100113,27.18666335934985,17.609836640650165,28.782801145799798,16.01369885420022
20190416,BRFS3,BRF SA,26.15,28.1,26.15,27.68,546974430.0,23.6825,22.52375000000001,1.5522237867686908,1.8014021426342266,26.126554285268465,18.920945714731552,27.927956427902693,17.119543572097328,29.729358570536924,15.3181414294631
20190417,BRFS3,BRF SA,27.8,28.62,27.35,28.23,511394167.0,23.9465,22.67300000000001,1.8428789690961385,2.013783529221577,26.70056705844317,18.64543294155685,28.714350587664736,16.63164941233528,30.72813411688632,14.6178658831137
20190418,BRFS3,BRF SA,28.16,28.74,27.15,27.61,453140861.0,24.192,22.80925000000001,1.989312496951224,2.1574312687747867,27.124112537549586,18.494387462450433,29.281543806324372,16.33695619367565,31.438975075099158,14.179524924900859
20190422,BRFS3,BRF SA,27.55,28.27,27.4,28.0,144562968.0,24.48200000000001,22.94275000000001,2.1031395078486064,2.3079272391099446,27.558604478219905,18.326895521780127,29.866531717329845,16.018968282670176,32.17445895643979,13.711041043560233
20190423,BRFS3,BRF SA,27.98,30.18,27.86,29.92,473041279.0,24.8855,23.13900000000001,2.333157957068395,2.5525972695497487,28.244194539099503,18.03380546090052,30.79679180864925,15.48120819135076,33.349389078199,12.92861092180101
20190424,BRFS3,BRF SA,29.75,30.54,29.52,29.82,417057645.0,25.25950000000001,23.32725000000001,2.4973785729925067,2.757794536423666,28.842839072847337,17.81166092715268,31.60063360927101,15.053866390729013,34.358428145694674,12.296071854305346
20190425,BRFS3,BRF SA,29.81,30.72,29.59,30.72,388716539.0,25.69850000000001,23.53925000000001,2.6501703520220774,2.988373528552591,29.515997057105192,17.562502942894827,32.50437058565778,14.574129414342234,35.49274411421037,11.585755885789645
20190426,BRFS3,BRF SA,30.3,30.88,29.72,30.5,255599493.0,26.0935,23.75475000000001,2.750864505262984,3.1708851692248774,30.096520338449764,17.412979661550253,33.26740550767464,14.242094492325375,36.43829067689953,11.0712093231005
20190429,BRFS3,BRF SA,30.65,31.0,30.4,30.48,239148289.0,26.48500000000001,23.97675000000001,2.7918688326902705,3.323346619961614,30.62344323992324,17.330056760076786,33.94678985988485,14.006710140115167,37.27013647984647,10.683363520153554
20190430,BRFS3,BRF SA,30.49,31.05,30.2,31.05,239436068.0,26.8875,24.23875000000001,2.8428115715922693,3.4582485469989783,31.155247093997964,17.322252906002053,34.613495640996945,13.864004359003072,38.07174418799592,10.405755812004092
20190502,BRFS3,BRF SA,30.73,30.93,30.2,30.76,184910910.0,27.278,24.49475000000001,2.8096873772529736,3.5536041563460663,31.60195831269214,17.387541687307873,35.1555624690382,13.833937530961807,38.70916662538427,10.280333374615742
20190503,BRFS3,BRF SA,30.83,31.19,30.24,30.72,221977971.0,27.664,24.770250000000008,2.7198943477932818,3.5992310343268565,31.96871206865373,17.571787931346293,35.56794310298058,13.972556897019436,39.16717413730744,10.37332586269258
20190506,BRFS3,BRF SA,30.24,31.28,30.08,31.05,237807448.0,28.0385,25.05925000000001,2.639535993912157,3.6283692653368496,32.31598853067371,17.802511469326305,35.94435779601055,14.174142203989458,39.57272706134741,10.545772938652608
20190507,BRFS3,BRF SA,30.86,31.09,30.13,31.05,179562239.0,28.399999999999995,25.33900000000001,2.5239442816437223,3.648547164318485,32.63609432863697,18.04190567136304,36.28464149295546,14.393358507044553,39.933188657273945,10.744811342726068
20190508,BRFS3,BRF SA,31.0,31.5,30.33,30.39,296862589.0,28.71549999999999,25.59050000000001,2.3434398356172554,3.6411339104523748,32.872767820904755,18.308232179095253,36.51390173135713,14.667098268642881,40.155035641809505,11.025964358190508
20190509,BRFS3,BRF SA,30.27,31.06,29.84,30.73,259515251.0,29.02849999999999,25.857500000000005,2.1572040261705068,3.6159268414995593,33.089353682999125,18.62564631700089,36.70528052449868,15.00971947550133,40.32120736599824,11.393792634001773
20190510,BRFS3,BRF SA,30.49,30.49,29.39,29.88,296565504.0,29.27349999999999,26.09700000000001,1.9405812341449973,3.555142321071968,33.207284642143954,18.986715357856074,36.76242696321592,15.431573036784105,40.317569284287885,11.876430715712138
20190513,BRFS3,BRF SA,29.5,30.14,29.4,29.98,185680355.0,29.512499999999992,26.32775000000001,1.6907577715643332,3.4982775890062885,33.324305178012594,19.331194821987427,36.822582767018865,15.832917232981146,40.32086035602517,12.334639643974855
20190514,BRFS3,BRF SA,30.09,31.5,30.02,31.26,279132411.0,29.79399999999999,26.553750000000008,1.4637673096643569,3.5180499314979716,33.58984986299595,19.517650137004065,37.107899794493925,15.999600205506091,40.625949725991894,12.48155027400812
20190515,BRFS3,BRF SA,30.97,31.53,30.41,31.53,277690735.0,30.06799999999999,26.75975000000001,1.218375104283063,3.5630003832120614,33.885750766424124,19.633749233575887,37.4487511496362,16.070748850363824,41.01175153284825,12.50774846715176
20190516,BRFS3,BRF SA,31.11,32.82,31.02,32.07,364908853.0,30.287499999999994,26.98500000000001,1.1595410843586829,3.6076308015094978,34.200261603019,19.76973839698101,37.8078924045285,16.16210759547151,41.415523206037996,12.554476793962008
20190517,BRFS3,BRF SA,31.94,32.77,31.65,31.65,245034352.0,30.458499999999994,27.20250000000001,1.0902547988042552,3.620361754130284,34.44322350826057,19.961776491739442,38.06358526239086,16.341414737609156,41.683947016521145,12.721052983478872
20190520,BRFS3,BRF SA,31.9,32.4,31.73,31.82,249970275.0,30.669,27.43050000000001,0.9014018322356612,3.616710468835554,34.663920937671115,20.197079062328893,38.28063140650667,16.580368593493343,41.897341875342214,12.963658124657789
20190521,BRFS3,BRF SA,32.07,32.26,30.04,30.04,436003422.0,30.770999999999994,27.626500000000004,0.6689339515818123,3.5375564143368035,34.70161282867361,20.5513871713264,38.239169243010416,17.013830756989588,41.776725657347214,13.476274342652788
20190522,BRFS3,BRF SA,30.4,30.72,29.87,30.59,290292424.0,30.8045,27.84500000000001,0.6402341265834055,3.4401945383275265,34.72538907665505,20.964610923344953,38.16558361498257,17.524416385017428,41.605778153310105,14.084221846689902
20190523,BRFS3,BRF SA,30.32,32.2,30.32,30.9,316638654.0,30.85849999999999,28.059000000000008,0.5969067193279516,3.3541354497671527,34.76727089953431,21.350729100465703,38.121406349301466,17.99659365069855,41.475541799068615,14.642458200931394
20190524,BRFS3,BRF SA,31.3,32.09,31.3,31.85,166604149.0,30.914999999999992,28.306750000000005,0.6353490544988178,3.255106747235415,34.81696349447083,21.796536505529176,38.07207024170625,18.541429758293763,41.32717698894167,15.286323011058345
20190527,BRFS3,BRF SA,32.1,32.19,31.47,31.5,116526161.0,30.965,28.529250000000008,0.6403000941169891,3.157744559828786,34.84473911965757,22.213760880342434,38.00248367948637,19.05601632051365,41.160228239315146,15.898271760684864
20190528,BRFS3,BRF SA,31.8,31.89,30.28,30.4,360984081.0,30.96099999999999,28.72300000000001,0.6437300840045779,3.0226293529191266,34.768258705838264,22.677741294161766,37.79088805875739,19.655111941242627,40.81351741167651,16.6324825883235
20190529,BRFS3,BRF SA,30.25,30.25,28.55,28.73,358853807.0,30.84499999999999,28.866250000000008,0.8134947352075715,2.8767045671508846,34.619659134301784,23.11284086569824,37.496363701452665,20.236136298547358,40.37306826860355,17.35943173139647
20190530,BRFS3,BRF SA,28.61,29.45,28.3,29.01,254268403.0,30.7575,29.01775000000001,0.9113487691039472,2.711997548879479,34.44174509775897,23.59375490224105,37.153742646638435,20.88175735336157,39.86574019551792,18.16975980448209
20190531,BRFS3,BRF SA,29.2,29.36,27.3,27.7,634907900.0,30.6065,29.13525000000001,1.1395164025054043,2.5410133124102785,34.217276624820556,24.05322337517945,36.75828993723084,21.51221006276917,39.29930324964112,18.971196750358885
20190603,BRFS3,BRF SA,27.88,27.95,26.75,27.6,250104527.0,30.434,29.236250000000005,1.3162682497359994,2.3895002025421173,34.01525040508424,24.457249594915773,36.404750607626355,22.067749392373653,38.79425081016848,19.678249189831536
20190604,BRFS3,BRF SA,27.9,28.18,27.6,28.06,191973899.0,30.2845,29.34225000000001,1.4091448507964792,2.2319193619980187,33.80608872399604,24.87841127600397,36.03800808599407,22.646491914005946,38.269927447992075,20.414572552007925
20190605,BRFS3,BRF SA,28.2,28.43,27.03,27.1,147905517.0,30.12,29.417750000000005,1.578086783018209,2.096306260043494,33.610362520086994,25.225137479913016,35.706668780130485,23.12883121986952,37.802975040173976,21.032524959826027
20190606,BRFS3,BRF SA,27.32,27.45,26.84,27.41,128181392.0,29.954,29.491250000000008,1.6817547227132568,1.9658640528681224,33.422978105736256,25.559521894263764,35.388842158604376,23.59365784139564,37.354706211472504,21.627793788527516
20190607,BRFS3,BRF SA,27.55,27.7,26.16,26.16,261799078.0,29.767999999999994,29.52075000000001,1.8839309407389668,1.9043221924928089,33.329394384985626,25.712105615014394,35.23371657747844,23.807783422521588,37.13803876997125,21.90346123002877
20190610,BRFS3,BRF SA,26.09,27.36,25.87,27.2,148320642.0,29.629,29.57075000000001,1.9681407202577683,1.8119848693261136,33.19471973865224,25.946780261347786,35.00670460797836,24.13479539202167,36.81868947730447,22.322810522695555
20190611,BRFS3,BRF SA,27.36,27.5,26.85,27.0,152229361.0,29.416,29.60500000000001,2.0123576118311246,1.7473833918029624,33.09976678360593,26.110233216394075,34.84715017540889,24.362849824591123,36.594533567211855,22.61546643278816
20190612,BRFS3,BRF SA,26.97,27.0,26.64,27.0,122995253.0,29.1895,29.62875000000001,2.016825214878164,1.7037367491066562,33.03622349821332,26.22127650178669,34.73996024731998,24.51753975268004,36.44369699642664,22.81380300357339
20190613,BRFS3,BRF SA,28.05,28.68,27.69,28.57,336812132.0,29.0145,29.651000000000003,1.902326760907045,1.6833236354125636,33.01764727082513,26.28435272917488,34.70097090623769,24.601029093762318,36.384294541650256,22.917705458349747
20190614,BRFS3,BRF SA,28.6,29.15,28.46,29.1,364034862.0,28.887,29.67275,1.7990409725886078,1.670060627642035,33.01287125528407,26.33262874471593,34.682931882926106,24.662568117073892,36.35299251056814,22.992507489431862
20190617,BRFS3,BRF SA,29.18,29.2,28.3,28.7,238545962.0,28.731,29.70000000000001,1.6613276238250376,1.644233123405155,32.98846624681032,26.411533753189698,34.63269937021547,24.767300629784547,36.276932493620635,23.123067506379385
20190618,BRFS3,BRF SA,28.85,28.9,28.16,28.2,128053469.0,28.63900000000001,29.705000000000005,1.6357740803990015,1.6392274603198829,32.983454920639765,26.42654507936024,34.62268238095965,24.787317619040355,36.26190984127954,23.148090158720468
20190619,BRFS3,BRF SA,28.25,28.6,27.78,28.6,167660721.0,28.539500000000004,29.672000000000004,1.5700569047682522,1.6480512190198846,32.96810243803977,26.37589756196024,34.61615365705965,24.72784634294035,36.264204876079546,23.079795123920466
20190621,BRFS3,BRF SA,28.65,28.81,28.19,28.66,143095508.0,28.4275,29.643000000000008,1.4694820963791588,1.6555690012647692,32.95413800252955,26.33186199747047,34.609707003794306,24.676292996205703,36.26527600505909,23.02072399494093
20190624,BRFS3,BRF SA,28.66,29.35,28.45,28.89,133033870.0,28.2795,29.59725000000001,1.2373676431079281,1.6503208507004072,32.897891701400816,26.2966082985992,34.54821255210123,24.646287447898782,36.198533402801644,22.995966597198386
20190625,BRFS3,BRF SA,29.08,29.12,28.6,28.75,136744115.0,28.142000000000003,29.55350000000001,0.9884096742800887,1.6489710078153252,32.85144201563066,26.25555798436936,34.50041302344599,24.60658697655403,36.149384031261306,22.957615968738715
20190626,BRFS3,BRF SA,29.0,29.0,28.32,28.52,83809476.0,28.048000000000002,29.50450000000001,0.8407302590135551,1.6498546167497183,32.80420923349944,26.20479076650057,34.45406385024916,24.55493614975085,36.103918466998884,22.905081533001127
20190627,BRFS3,BRF SA,28.3,29.14,28.1,29.1,107423903.0,28.0665,29.455750000000005,0.8603688009709308,1.6317269245833872,32.71920384916678,26.19229615083323,34.350930773750164,24.560569226249843,35.982657698333554,22.928842301666457
20190628,BRFS3,BRF SA,29.15,29.87,29.0,29.52,218068694.0,28.092,29.42475000000001,0.8965994235530913,1.6180345587574558,32.66081911751492,26.18868088248509,34.27885367627238,24.57064632372764,35.89688823502983,22.952611764970182
20190701,BRFS3,BRF SA,30.0,32.08,29.95,32.08,508077543.0,28.311,29.45875,1.2579260291196708,1.6597021473592242,32.778154294718455,26.139345705281553,34.437856442077674,24.47964355792233,36.0975585894369,22.819941410563107
20190702,BRFS3,BRF SA,31.79,33.2,31.48,33.2,373453581.0,28.591,29.51250000000001,1.652653050480679,1.74517025839009,33.00284051678019,26.022159483219827,34.748010775170286,24.27698922482973,36.49318103356037,22.531818966439644
20190703,BRFS3,BRF SA,32.9,34.16,32.82,34.0,288012881.0,28.888000000000005,29.58625000000001,2.0404478352609208,1.8696999450755432,33.32564989015109,25.846850109848923,35.195349835226644,23.977150164773374,37.06504978030218,22.10745021969784
20190704,BRFS3,BRF SA,33.99,34.59,33.9,34.23,178860910.0,29.24450000000001,29.682250000000003,2.3158867234364866,2.0056656769492798,33.693581353898566,25.670918646101445,35.69924703084784,23.665252969152164,37.70491270779712,21.659587292202886
20190705,BRFS3,BRF SA,34.0,34.42,33.56,34.2,208224403.0,29.58400000000001,29.769000000000005,2.521378904279814,2.1237144527744745,34.016428905548956,25.52157109445105,36.14014335832343,23.397856641676587,38.26385781109791,21.274142188902108
20190708,BRFS3,BRF SA,34.17,34.67,33.76,34.37,142416363.0,29.99450000000001,29.88125,2.601634051291995,2.2449329697034712,34.37111593940694,25.391384060593058,36.616048909110425,23.14645109088959,38.86098187881389,20.901518121186115
20190710,BRFS3,BRF SA,34.4,35.0,34.36,34.98,289633974.0,30.38350000000001,30.00625,2.73977577837847,2.3853814267915645,34.77701285358313,25.23548714641687,37.162394280374706,22.85010571962531,39.54777570716626,20.464724292833747
20190711,BRFS3,BRF SA,34.98,35.23,33.85,33.93,204147033.0,30.73000000000001,30.073,2.727534070412875,2.4576277909753683,34.98825558195074,25.157744418049266,37.44588337292609,22.700116627073893,39.90351116390147,20.242488836098527
20190712,BRFS3,BRF SA,34.56,35.26,33.42,33.55,311992569.0,31.057500000000005,30.1235,2.6481748928569178,2.5085602674412124,35.14062053488242,25.10637946511757,37.64918080232364,22.59781919767636,40.15774106976485,20.089258930235147
20190715,BRFS3,BRF SA,33.8,33.92,32.99,33.45,109754369.0,31.301500000000004,30.158000000000005,2.6316840215864703,2.5452380876996625,35.248476175399325,25.067523824600677,37.79371426309899,22.522285736901022,40.33895235079866,19.977047649201356
20190716,BRFS3,BRF SA,33.45,33.59,32.51,32.72,119689816.0,31.482500000000005,30.18475,2.5965541436782087,2.5668517956878136,35.31845359137563,25.051046408624373,37.88530538706344,22.48419461293656,40.45215718275126,19.917342817248745
20190717,BRFS3,BRF SA,32.95,32.99,32.51,32.93,98484721.0,31.69400000000001,30.21250000000001,2.5293860291008112,2.590871301814163,35.39424260362833,25.03075739637168,37.98511390544249,22.439886094557515,40.57598520725666,19.849014792743358
20190718,BRFS3,BRF SA,33.2,33.5,32.56,32.96,112244769.0,31.932,30.28550000000001,2.404162180360036,2.626774320974957,35.53904864194992,25.03195135805009,38.16582296292488,22.405177037075134,40.792597283899845,19.778402716100175
20190719,BRFS3,BRF SA,33.0,33.59,32.54,33.45,154012177.0,32.1745,30.35700000000001,2.2923889515662452,2.673778848995079,35.70455769799017,25.009442302009848,38.37833654698525,22.335663453014774,41.05211539598032,19.661884604019694
20190722,BRFS3,BRF SA,34.06,35.19,34.06,34.55,213809281.0,32.469,30.44825000000001,2.193322161758956,2.7538689683555955,35.9559879367112,24.940512063288818,38.70985690506679,22.186643094933228,41.46372587342239,19.43277412657763
20190723,BRFS3,BRF SA,34.84,34.88,33.64,33.75,161277840.0,32.712,30.495750000000008,2.0397796578629253,2.7947495530194977,36.085249106039,24.90625089396101,38.8799986590585,22.11150134094152,41.674748212078,19.316751787922016
20190724,BRFS3,BRF SA,33.81,34.18,33.56,34.06,132647873.0,32.9775,30.559750000000008,1.8319270124508709,2.8471573655319236,36.25406473106385,24.865435268936164,39.101222096595784,22.01827790340424,41.9483794621277,19.171120537872312
20190725,BRFS3,BRF SA,34.2,34.32,33.03,33.35,138007098.0,33.219,30.633500000000005,1.5020368626774436,2.8809200364484915,36.395340072896985,24.871659927103014,39.27626010934547,21.99073989065453,42.157180145793966,19.10981985420604
20190726,BRFS3,BRF SA,33.54,34.32,33.16,34.0,144193019.0,33.464,30.76525,1.1541567894946607,2.911973502538665,36.58919700507733,24.94130299492268,39.501170507616,22.029329492384004,42.413144010154674,19.11735598984534
20190729,BRFS3,BRF SA,33.61,33.73,32.51,33.7,248459468.0,33.673,30.882500000000004,0.685811850828354,2.933825497755819,36.75015099551164,25.014849004488358,39.68397649326746,22.08102350673255,42.617801991023285,19.14719800897673
20190730,BRFS3,BRF SA,33.7,34.08,33.15,33.65,102389386.0,33.7515,31.03125000000001,0.5747335767208077,2.9191306991057577,36.86951139821152,25.19298860178849,39.78864209731728,22.273857902682735,42.707772796423036,19.354727203576978
20190731,BRFS3,BRF SA,33.7,33.83,32.84,33.41,150941986.0,33.76199999999999,31.176500000000008,0.5659793561418238,2.8884061348778736,36.953312269755756,25.399687730244263,39.84171840463363,22.51128159536639,42.73012453951151,19.622875460488515
20190801,BRFS3,BRF SA,33.47,34.98,33.28,34.15,166939580.0,33.769499999999994,31.32875000000001,0.5702767103043532,2.880414132884925,37.089578265769866,25.567921734230165,39.96999239865479,22.68750760134524,42.85040653153971,19.807093468460323
20190802,BRFS3,BRF SA,33.89,34.18,33.48,34.1,121403592.0,33.76299999999999,31.50375000000001,0.5654723223714732,2.8290939815443386,37.16193796308869,25.84556203691134,39.99103194463303,23.016468055366996,42.82012592617737,20.18737407382266
20190805,BRFS3,BRF SA,33.5,34.2,33.21,33.66,154172146.0,33.73599999999999,31.66000000000001,0.5563262957727132,2.769157976251272,37.19831595250256,26.121684047497467,39.967473928753826,23.3525260712462,42.73663190500511,20.583368094994928
20190806,BRFS3,BRF SA,33.63,34.85,33.51,34.56,144481442.0,33.745499999999986,31.870000000000008,0.5691958778559351,2.657631488413184,37.18526297682638,26.554737023173644,39.842894465239574,23.89710553476046,42.50052595365275,21.239474046347283
20190807,BRFS3,BRF SA,34.56,34.61,33.55,34.61,102628062.0,33.72699999999999,32.05525000000001,0.5317409341515847,2.58091216979681,37.21707433959364,26.893425660406386,39.797986509390434,24.31251349060958,42.37889867918725,21.731601320812764
20190808,BRFS3,BRF SA,34.82,36.49,34.78,36.32,259691974.0,33.84649999999999,32.288250000000005,0.7870349086083698,2.533084556779545,37.354419113559096,27.22208088644092,39.88750367033864,24.688996329661368,42.42058822711819,22.155911772881822
20190809,BRFS3,BRF SA,39.2,39.6,38.05,38.16,617121559.0,34.07699999999999,32.56725000000001,1.2402211178061695,2.550225719019568,37.66770143803915,27.466798561960868,40.21792715705871,24.916572842941303,42.76815287607828,22.366347123921734
20190812,BRFS3,BRF SA,37.52,38.84,37.21,38.63,310474380.0,34.33599999999999,32.81875000000001,1.5930751460782933,2.6403731161159505,38.09949623223191,27.53800376776811,40.73986934834786,24.89763065165216,43.38024246446381,22.257257535536205
20190813,BRFS3,BRF SA,38.66,39.3,38.43,39.0,336804623.0,34.64999999999999,33.06625000000001,1.8551407947702463,2.744784039424066,38.55581807884814,27.57668192115188,41.30060211827221,24.83189788172781,44.04538615769628,22.087113842303747
20190814,BRFS3,BRF SA,38.99,39.26,37.84,38.0,196699548.0,34.903499999999994,33.29875000000001,1.951628941760064,2.7592977437133728,38.817345487426756,27.780154512573265,41.57664323114013,25.020856768859893,44.33594097485351,22.261559025146518
20190815,BRFS3,BRF SA,38.36,38.93,37.59,38.16,215804925.0,35.163499999999985,33.54775000000001,2.0241158563678368,2.7366913276942832,39.02113265538858,28.07436734461145,41.757823983082865,25.33767601691716,44.494515310777146,22.60098468922289
20190816,BRFS3,BRF SA,38.49,39.18,38.3,38.57,273655595.0,35.419499999999985,33.79700000000001,2.117611551774834,2.728517207907315,39.254034415814644,28.339965584185386,41.98255162372196,25.611448376278066,44.71106883162928,22.882931168370753
20190819,BRFS3,BRF SA,38.9,39.23,37.86,38.26,171230405.0,35.60499999999999,34.037000000000006,2.19839055962112,2.686972560050012,39.41094512010004,28.66305487989999,42.09791768015005,25.976082319849983,44.78489024020006,23.289109759799967
20190820,BRFS3,BRF SA,38.3,38.38,37.59,37.89,144237820.0,35.81199999999999,34.26200000000001,2.2094143067670764,2.6209317192409367,39.503863438481886,29.020136561518143,42.12479515772282,26.399204842277204,44.74572687696376,23.77827312303627
20190821,BRFS3,BRF SA,37.99,38.45,36.86,38.36,269800569.0,36.026999999999994,34.50225000000001,2.2389732139155307,2.5419793292347186,39.58620865846945,29.418291341530576,42.12818798770417,26.876312012295852,44.67016731693889,24.334332683061138
20190822,BRFS3,BRF SA,38.5,40.21,38.5,39.56,433564534.0,36.337499999999984,34.77825000000001,2.278441006708817,2.4742322170933626,39.726714434186725,29.82978556581328,42.20094665128009,27.355553348719923,44.67517886837346,24.881321131626557
20190823,BRFS3,BRF SA,39.15,39.43,37.88,38.59,294508936.0,36.56699999999999,35.01550000000001,2.2617066215813484,2.368525398661103,39.75255079732222,30.278449202677802,42.12107619598332,27.9099238040167,44.48960159464442,25.5413984053556
20190826,BRFS3,BRF SA,39.0,39.27,37.61,37.88,122903605.0,36.775999999999975,35.224500000000006,2.174271565859452,2.2363213268497995,39.697142653699615,30.75185734630041,41.933463980549405,28.515536019450607,44.169785307399216,26.279214692600817
20190827,BRFS3,BRF SA,37.96,38.35,37.37,38.01,144344568.0,36.99399999999999,35.37275000000001,2.0599192625976124,2.21900992879769,39.81076985759539,30.93473014240463,42.02977978639308,28.71572021360694,44.248789715190775,26.49671028480925
20190828,BRFS3,BRF SA,37.8,39.09,37.41,39.09,199577410.0,37.277999999999984,35.52000000000001,1.9270528356997845,2.2660594963561316,40.05211899271227,30.98788100728775,42.3181784890684,28.721821510931612,44.58423798542454,26.455762014575487
20190829,BRFS3,BRF SA,39.2,39.39,38.38,38.87,191639632.0,37.51399999999999,35.64175000000001,1.8092347902678103,2.3126473757612818,40.267044751522576,31.016455248477445,42.57969212728385,28.70380787271616,44.89233950304513,26.39116049695488
20190830,BRFS3,BRF SA,39.06,39.5,37.56,38.14,304803559.0,37.716,35.73950000000001,1.6240572974075675,2.3339808076024458,40.407461615204895,31.071538384795108,42.74144242280735,28.737557577192675,45.0754232304098,26.40357676959022
20190902,BRFS3,BRF SA,38.14,38.87,37.96,38.41,114315907.0,37.953499999999984,35.84475000000001,1.318213603807352,2.3575824074022242,40.55991481480446,31.12958518519557,42.91749722220669,28.77200277779334,45.275079629608896,26.41442037039112
20190903,BRFS3,BRF SA,38.39,38.59,37.52,37.72,134042591.0,38.11149999999999,35.92850000000001,1.0527021621070558,2.3633456836681708,40.65519136733636,31.20180863266367,43.018537051004536,28.8384629489955,45.3818827346727,26.47511726532733
20190904,BRFS3,BRF SA,38.3,38.6,37.8,37.89,180537218.0,38.2755,36.00125000000001,0.661182951032802,2.378142118523952,40.75753423704792,31.24496576295211,43.135676355571874,28.86682364442816,45.51381847409582,26.4886815259042
20190905,BRFS3,BRF SA,38.11,38.47,37.65,38.06,145602406.0,38.362499999999976,36.104500000000016,0.4799766989954287,2.3755635768575973,40.85562715371521,31.35337284628482,43.23119073057281,28.97780926942723,45.60675430743041,26.602245692569625
20190906,BRFS3,BRF SA,38.2,38.43,36.91,37.38,148264067.0,38.32349999999997,36.200250000000025,0.5267104967323347,2.346975672582156,40.894201345164326,31.50629865483571,43.24117701774648,29.159322982253556,45.588152690328634,26.81234730967139
20190909,BRFS3,BRF SA,38.06,38.66,36.62,36.95,403927809.0,38.23949999999999,36.28775000000002,0.6036073575635623,2.306709819701612,40.90116963940324,31.67433036059679,43.20787945910485,29.36762054089518,45.51458927880647,27.060910721193572
20190910,BRFS3,BRF SA,37.3,38.25,36.27,37.9,336744522.0,38.18449999999999,36.41725000000002,0.5803308947213007,2.245880545148621,40.909011090297255,31.925488909702768,43.15489163544588,29.67960836455415,45.4007721805945,27.433727819405533
20190911,BRFS3,BRF SA,37.97,38.67,37.9,38.45,283885295.0,38.207,36.555250000000015,0.5815234076834868,2.195126288639692,40.9455025772794,32.164997422720624,43.14062886591909,29.96987113408094,45.33575515455878,27.77474484544125
20190912,BRFS3,BRF SA,38.73,38.84,37.82,38.03,144707165.0,38.20049999999999,36.682000000000016,0.5828015370420291,2.127542460933992,40.937084921868,32.42691507813203,43.064627382802,30.29937261719804,45.19216984373598,28.171830156264054
20190913,BRFS3,BRF SA,38.08,38.32,37.53,38.0,211187418.0,38.171999999999976,36.79575000000001,0.5776959681169256,2.0711991912280507,40.938148382456106,32.65335161754391,43.00934757368417,30.582152426315854,45.080546764912214,28.51095323508781
20190916,BRFS3,BRF SA,38.43,38.46,37.41,38.1,191543748.0,38.16399999999999,36.88450000000002,0.5775210180724111,2.0484352377063475,40.98137047541271,32.787629524587324,43.02980571311906,30.73919428688097,45.078240950825396,28.690759049174627
20190917,BRFS3,BRF SA,37.9,38.24,37.6,38.16,142151638.0,38.17749999999999,36.994750000000025,0.5739234773855671,1.9933414640517133,40.98143292810345,33.00806707189659,42.97477439215516,31.014725607844877,44.968115856206865,29.021384143793163
20190918,BRFS3,BRF SA,38.0,39.05,37.92,38.39,247721853.0,38.17899999999999,37.10300000000002,0.5744645103779825,1.946912348388552,40.99682469677713,33.20917530322292,42.94373704516568,31.26226295483437,44.89064939355423,29.315350606445808
20190919,BRFS3,BRF SA,38.65,38.8,37.72,37.72,169790412.0,38.08699999999999,37.212250000000026,0.4814681494626338,1.8511707833776176,40.914591566755256,33.50990843324479,42.76576235013289,31.658737649867174,44.61693313351051,29.807566866489555
20190920,BRFS3,BRF SA,37.97,38.48,37.74,38.47,311324701.0,38.08099999999999,37.324000000000034,0.4755816383508162,1.7860596940666236,40.89611938813327,33.75188061186678,42.682179082199895,31.965820917800155,44.468238776266524,30.17976122373353
20190923,BRFS3,BRF SA,38.38,38.94,38.19,38.75,123191986.0,38.12449999999999,37.450250000000025,0.4955961322643603,1.6997201692767785,40.84969033855359,34.050809661446465,42.54941050783036,32.35108949216969,44.249130677107146,30.651369322892908
20190924,BRFS3,BRF SA,38.95,40.47,38.85,39.84,428709459.0,38.216,37.605000000000025,0.625303294830532,1.6249970414174626,40.854994082834935,34.35500591716509,42.47999112425241,32.73000887574763,44.10498816566987,31.105011834330174
20190925,BRFS3,BRF SA,39.9,41.06,39.62,40.5,299767722.0,38.28649999999999,37.782250000000026,0.7874828318928089,1.5401489896294216,40.86254797925886,34.701952020741174,42.402696968888286,33.16180303111175,43.942845958517715,31.62165404148233
20190926,BRFS3,BRF SA,40.7,40.7,38.95,39.92,422704117.0,38.338999999999984,37.926500000000026,0.860085063112408,1.4593176311955056,40.84513526239103,35.007864737609005,42.30445289358653,33.5485471064135,43.76377052478204,32.089229475218
20190927,BRFS3,BRF SA,39.6,39.6,38.4,38.7,197233526.0,38.36699999999999,38.04150000000002,0.8623779852670668,1.3251212813386264,40.691742562677284,35.391257437322764,42.0168638440159,34.06613615598414,43.341985125354526,32.741014874645515
20190930,BRFS3,BRF SA,38.62,38.75,37.88,38.2,252539899.0,38.3565,38.155000000000015,0.8631050128214388,1.1185407159926912,40.392081431985396,35.917918568014635,41.5106221479781,34.79937785202194,42.629162863970784,33.68083713602925
20191001,BRFS3,BRF SA,37.65,38.23,37.5,37.99,240969793.0,38.36999999999999,38.240750000000034,0.8546960062838106,0.9554603870816192,40.15167077416326,36.32982922583678,41.10713116124489,35.37436883875515,42.062591548326495,34.418908451673545
20191002,BRFS3,BRF SA,37.78,37.82,37.09,37.54,237683488.0,38.35249999999999,38.31400000000002,0.8685127941969605,0.7628784895012398,39.8397569790025,36.78824302099754,40.60263546850374,36.025364531496294,41.365513958004975,35.26248604199506
20191003,BRFS3,BRF SA,37.69,37.88,36.41,36.51,203415701.0,38.27499999999999,38.31875000000002,0.960293266608874,0.7506379765206229,39.82002595304128,36.81747404695878,40.57066392956189,36.06683607043816,41.321301906082525,35.316198093917535
20191004,BRFS3,BRF SA,36.69,37.62,36.02,37.38,179322974.0,38.27499999999999,38.29925000000002,0.960293266608874,0.7648642832522485,39.82897856650453,36.769521433495534,40.593842849756776,36.00465715024328,41.35870713300903,35.239792866991024
20191007,BRFS3,BRF SA,37.2,37.83,36.56,36.74,118398274.0,38.264499999999984,38.252000000000024,0.9765539573308544,0.8014128549646987,39.85482570992942,36.64917429007063,40.65623856489412,35.84776143510593,41.45765141985882,35.04634858014123
20191008,BRFS3,BRF SA,36.56,37.91,36.56,37.21,190994987.0,38.22999999999999,38.20725000000002,1.0019664875158594,0.8085187072666324,39.82428741453329,36.59021258546676,40.63280612179992,35.781693878200116,41.441324829066545,34.97317517093349
20191013,BRFS3,-,37.07,37.3,36.35,37.07,-,38.23,38.20725,1.0019664875160563,0.8085187072665668,39.82428741453314,36.590212585466865,-,-,-,-
20191014,BRFS3,-,36.54,37.74,36.54,36.54,-,38.161,38.184000000000005,1.0330532161357524,0.8277736591419367,39.83954731828388,36.52845268171613,-,-,-,-
