DATA DO PREGAO,CODIGO DE NEGOCIACAO DO PAPEL,NOME RESUMIDO DA EMPRESA EMISSORA,PRECO DE ABERTURA,PRECO MAXIMO,PRECO MINIMO,PRECO FECHAMENTO,VOLUME TOTAL DE TITULOS NEGOCIADOS NESTE PAPEL,MA_20,MA_40,STD_20,STD_40,BANDA_1_40 SUPERIOR,BANDA_1_40 INFERIOR,BANDA_2_40 SUPERIOR,BANDA_2_40 INFERIOR,BANDA_3_40 SUPERIOR,BANDA_3_40 INFERIOR
20190102,BRML3,BR MALLS PAR,13.07,13.51,12.96,13.46,189896259.0,0.0,0.0,0.0,0.0,0.0,0.0,0.0,0.0,0.0,0.0
20190103,BRML3,BR MALLS PAR,13.46,13.56,13.22,13.55,124409124.0,0.0,0.0,0.0,0.0,0.0,0.0,0.0,0.0,0.0,0.0
20190104,BRML3,BR MALLS PAR,13.42,13.59,13.29,13.29,149548487.0,0.0,0.0,0.0,0.0,0.0,0.0,0.0,0.0,0.0,0.0
20190107,BRML3,BR MALLS PAR,13.16,13.3,12.98,13.21,60040374.0,0.0,0.0,0.0,0.0,0.0,0.0,0.0,0.0,0.0,0.0
20190108,BRML3,BR MALLS PAR,13.26,13.3,13.1,13.23,59513306.0,0.0,0.0,0.0,0.0,0.0,0.0,0.0,0.0,0.0,0.0
20190109,BRML3,BR MALLS PAR,13.2,13.54,13.2,13.44,102976177.0,0.0,0.0,0.0,0.0,0.0,0.0,0.0,0.0,0.0,0.0
20190110,BRML3,BR MALLS PAR,13.4,13.47,13.32,13.34,75253153.0,0.0,0.0,0.0,0.0,0.0,0.0,0.0,0.0,0.0,0.0
20190111,BRML3,BR MALLS PAR,13.3,13.45,13.19,13.23,91932045.0,0.0,0.0,0.0,0.0,0.0,0.0,0.0,0.0,0.0,0.0
20190114,BRML3,BR MALLS PAR,13.24,13.38,13.21,13.3,86678774.0,0.0,0.0,0.0,0.0,0.0,0.0,0.0,0.0,0.0,0.0
20190115,BRML3,BR MALLS PAR,13.31,13.37,13.14,13.28,67702190.0,0.0,0.0,0.0,0.0,0.0,0.0,0.0,0.0,0.0,0.0
20190116,BRML3,BR MALLS PAR,13.26,13.36,13.18,13.2,64585344.0,0.0,0.0,0.0,0.0,0.0,0.0,0.0,0.0,0.0,0.0
20190117,BRML3,BR MALLS PAR,13.2,13.53,13.16,13.49,202425467.0,0.0,0.0,0.0,0.0,0.0,0.0,0.0,0.0,0.0,0.0
20190118,BRML3,BR MALLS PAR,13.6,13.67,13.38,13.59,126256382.0,0.0,0.0,0.0,0.0,0.0,0.0,0.0,0.0,0.0,0.0
20190121,BRML3,BR MALLS PAR,13.66,13.66,13.25,13.52,49114187.0,0.0,0.0,0.0,0.0,0.0,0.0,0.0,0.0,0.0,0.0
20190122,BRML3,BR MALLS PAR,13.52,13.59,13.34,13.51,108352092.0,0.0,0.0,0.0,0.0,0.0,0.0,0.0,0.0,0.0,0.0
20190123,BRML3,BR MALLS PAR,13.6,13.94,13.48,13.84,164999164.0,0.0,0.0,0.0,0.0,0.0,0.0,0.0,0.0,0.0,0.0
20190124,BRML3,BR MALLS PAR,13.89,14.26,13.79,14.26,232395921.0,0.0,0.0,0.0,0.0,0.0,0.0,0.0,0.0,0.0,0.0
20190128,BRML3,BR MALLS PAR,14.2,14.51,14.07,14.33,119183888.0,0.0,0.0,0.0,0.0,0.0,0.0,0.0,0.0,0.0,0.0
20190129,BRML3,BR MALLS PAR,14.45,14.52,14.22,14.5,122181665.0,0.0,0.0,0.0,0.0,0.0,0.0,0.0,0.0,0.0,0.0
20190130,BRML3,BR MALLS PAR,14.5,14.57,14.36,14.5,80580038.0,13.6035,0.0,0.4390333280719071,0.0,0.0,0.0,0.0,0.0,0.0,0.0
20190131,BRML3,BR MALLS PAR,14.6,14.6,14.44,14.55,180161348.0,13.658000000000001,0.0,0.4854796868209726,0.0,0.0,0.0,0.0,0.0,0.0,0.0
20190201,BRML3,BR MALLS PAR,14.51,14.61,14.27,14.3,79362412.0,13.695500000000001,0.0,0.5052615268614026,0.0,0.0,0.0,0.0,0.0,0.0,0.0
20190204,BRML3,BR MALLS PAR,14.19,14.41,14.0,14.4,76539228.0,13.751,0.0,0.5191480875839815,0.0,0.0,0.0,0.0,0.0,0.0,0.0
20190205,BRML3,BR MALLS PAR,14.38,14.4,14.16,14.38,62172117.0,13.8095,0.0,0.5208947262062401,0.0,0.0,0.0,0.0,0.0,0.0,0.0
20190206,BRML3,BR MALLS PAR,14.15,14.26,14.1,14.1,79817309.0,13.853,0.0,0.5060694772355606,0.0,0.0,0.0,0.0,0.0,0.0,0.0
20190207,BRML3,BR MALLS PAR,14.1,14.25,13.74,13.85,78647822.0,13.873500000000002,0.0,0.49667605666385584,0.0,0.0,0.0,0.0,0.0,0.0,0.0
20190208,BRML3,BR MALLS PAR,13.85,13.98,13.68,13.91,207039725.0,13.902000000000005,0.0,0.48054355189010467,0.0,0.0,0.0,0.0,0.0,0.0,0.0
20190211,BRML3,BR MALLS PAR,13.92,14.03,13.64,13.74,52725796.0,13.927500000000004,0.0,0.45590713504997205,0.0,0.0,0.0,0.0,0.0,0.0,0.0
20190212,BRML3,BR MALLS PAR,13.85,13.87,13.48,13.56,150665777.0,13.940500000000004,0.0,0.44051972893270874,0.0,0.0,0.0,0.0,0.0,0.0,0.0
20190213,BRML3,BR MALLS PAR,13.58,13.75,13.46,13.6,115861304.0,13.956500000000005,0.0,0.4206295407199969,0.0,0.0,0.0,0.0,0.0,0.0,0.0
20190214,BRML3,BR MALLS PAR,13.61,13.94,13.27,13.9,112351241.0,13.991500000000006,0.0,0.38168980240917827,0.0,0.0,0.0,0.0,0.0,0.0,0.0
20190215,BRML3,BR MALLS PAR,13.9,13.98,13.72,13.82,74351442.0,14.008000000000004,0.0,0.3656659390035776,0.0,0.0,0.0,0.0,0.0,0.0,0.0
20190218,BRML3,BR MALLS PAR,13.73,13.91,13.7,13.85,53337594.0,14.021000000000006,0.0,0.3544736646739332,0.0,0.0,0.0,0.0,0.0,0.0,0.0
20190219,BRML3,BR MALLS PAR,13.9,13.99,13.75,13.92,52646198.0,14.041000000000007,0.0,0.3354949211318449,0.0,0.0,0.0,0.0,0.0,0.0,0.0
20190220,BRML3,BR MALLS PAR,13.92,13.94,13.48,13.52,98459497.0,14.041500000000008,0.0,0.334668335426048,0.0,0.0,0.0,0.0,0.0,0.0,0.0
20190221,BRML3,BR MALLS PAR,13.62,13.64,13.35,13.49,80693171.0,14.02400000000001,0.0,0.35433258239592946,0.0,0.0,0.0,0.0,0.0,0.0,0.0
20190222,BRML3,BR MALLS PAR,13.62,13.62,13.37,13.52,87587942.0,13.987000000000009,0.0,0.3668084255474941,0.0,0.0,0.0,0.0,0.0,0.0,0.0
20190225,BRML3,BR MALLS PAR,13.6,13.75,13.5,13.67,55478628.0,13.954000000000011,0.0,0.36400404856048085,0.0,0.0,0.0,0.0,0.0,0.0,0.0
20190226,BRML3,BR MALLS PAR,13.67,13.8,13.5,13.6,74092384.0,13.909000000000011,0.0,0.3482422024668283,0.0,0.0,0.0,0.0,0.0,0.0,0.0
20190227,BRML3,BR MALLS PAR,13.53,13.56,13.16,13.52,125819591.0,13.86000000000001,13.731750000000002,0.3291296337151576,0.40441085671089616,14.540571713421794,12.922928286578209,14.94498257013269,12.518517429867313,15.349393426843587,12.114106573156416
20190228,BRML3,BR MALLS PAR,13.5,13.52,13.26,13.39,83209807.0,13.80200000000001,13.73,0.3022477199426434,0.40576613196046046,14.54153226392092,12.91846773607908,14.947298395881383,12.512701604118618,15.353064527841843,12.106935472158158
20190301,BRML3,BR MALLS PAR,13.33,13.48,13.08,13.11,68625934.0,13.74250000000001,13.719000000000003,0.31587597499485115,0.4165905571513741,14.552181114302751,12.885818885697255,14.968771671454125,12.469228328545881,15.3853622286055,12.052637771394506
20190306,BRML3,BR MALLS PAR,13.2,13.2,12.82,12.9,62302340.0,13.66750000000001,13.709250000000003,0.3293354552811825,0.4311962341065751,14.571642468213152,12.846857531786853,15.002838702319728,12.415661297680277,15.434034936426302,11.984465063573703
20190307,BRML3,BR MALLS PAR,13.01,13.08,12.76,12.96,78648713.0,13.59650000000001,13.703000000000003,0.32059607312826505,0.4403332071662701,14.583666414332543,12.822333585667463,15.023999621498813,12.382000378501193,15.464332828665084,11.941667171334922
20190308,BRML3,BR MALLS PAR,12.94,13.32,12.84,13.24,61956069.0,13.553500000000009,13.703250000000002,0.30689060282984265,0.4400605290534124,14.583371058106827,12.823128941893177,15.023431587160239,12.383068412839766,15.463492116213652,11.943007883786352
20190311,BRML3,BR MALLS PAR,13.19,13.55,13.19,13.52,79510974.0,13.537000000000006,13.705250000000001,0.2988768449061482,0.43901397384453406,14.58327794768907,12.827222052310933,15.022291921533604,12.388208078466398,15.461305895378137,11.949194104621865
20190312,BRML3,BR MALLS PAR,13.57,13.67,13.32,13.46,46689148.0,13.514500000000004,13.708250000000001,0.2859789281895125,0.43685876084047676,14.581967521680955,12.834532478319048,15.018826282521431,12.397673717478572,15.455685043361909,11.960814956638094
20190313,BRML3,BR MALLS PAR,13.41,13.73,13.26,13.61,103567967.0,13.508000000000004,13.71775,0.2820339658529414,0.4302741374209392,14.57829827484188,12.857201725158122,15.008572412262819,12.426927587737183,15.438846549683758,11.996653450316243
20190314,BRML3,BR MALLS PAR,13.55,13.73,13.22,13.47,51873714.0,13.503500000000006,13.722000000000003,0.2818785666129845,0.426868141533671,14.575736283067345,12.868263716932661,15.002604424601016,12.44139557539899,15.429472566134686,12.01452743386532
20190315,BRML3,BR MALLS PAR,13.41,13.63,13.11,13.17,126227725.0,13.482000000000005,13.719250000000002,0.29040081194609063,0.4301304960006248,14.579510992001252,12.858989007998753,15.009641488001877,12.428858511998127,15.439771984002501,11.998728015997504
20190318,BRML3,BR MALLS PAR,13.26,13.26,12.82,13.01,124864992.0,13.437500000000005,13.714500000000001,0.29116598630154045,0.4370058381350328,14.588511676270066,12.840488323729936,15.025517514405099,12.403482485594903,15.462523352540131,11.96647664745987
20190319,BRML3,BR MALLS PAR,13.05,13.22,12.88,12.88,96874297.0,13.390500000000007,13.699250000000001,0.30184476665646587,0.4553014639520974,14.609852927904196,12.788647072095806,15.065154391856293,12.33334560814371,15.520455855808391,11.87804414419161
20190320,BRML3,BR MALLS PAR,12.94,13.06,12.81,12.86,115057588.0,13.341000000000005,13.681000000000001,0.30369479138732564,0.47403775679980914,14.62907551359962,12.732924486400382,15.103113270399428,12.258886729600574,15.577151027199237,11.784848972800765
20190321,BRML3,BR MALLS PAR,12.73,12.81,12.55,12.73,83816342.0,13.281500000000005,13.66125,0.3008457377041243,0.49682678971081984,14.65490357942164,12.667596420578361,15.15173036913246,12.170769630867541,15.64855715884328,11.673942841156721
20190322,BRML3,BR MALLS PAR,12.48,12.65,12.29,12.51,115324856.0,13.231000000000005,13.63625,0.34081790167956993,0.5287657980909597,14.69378159618192,12.578718403818081,15.22254739427288,12.049952605727121,15.751313192363838,11.521186807636163
20190325,BRML3,BR MALLS PAR,12.42,12.79,12.38,12.63,81756082.0,13.188000000000006,13.606,0.36012570904587105,0.5509562782225291,14.707912556445057,12.504087443554942,15.258868834667588,11.953131165332412,15.809825112890117,11.402174887109883
20190326,BRML3,BR MALLS PAR,12.61,12.75,12.43,12.64,78213111.0,13.144000000000005,13.5655,0.37102134993186736,0.5610975965199935,14.687695193039987,12.443304806960013,15.24879278955998,11.88220721044002,15.809890386079974,11.321109613920026
20190327,BRML3,BR MALLS PAR,12.4,12.4,12.01,12.15,103542172.0,13.068000000000003,13.511,0.411116579701264,0.590062143619919,14.691124287239838,12.330875712760161,15.281186430859757,11.740813569140242,15.871248574479676,11.150751425520323
20190328,BRML3,BR MALLS PAR,12.0,12.57,12.0,12.45,103176040.0,13.010500000000002,13.45975,0.4132091989601222,0.59098564996245,14.6417212999249,12.2777787000751,15.23270694988735,11.68679305011265,15.8236925998498,11.0958074001502
20190329,BRML3,BR MALLS PAR,12.44,12.68,12.37,12.57,108041953.0,12.963000000000003,13.4115,0.4060995470389816,0.5826048931638513,14.576709786327703,12.246290213672298,15.159314679491555,11.663685320508446,15.741919572655405,11.081080427344595
20190401,BRML3,BR MALLS PAR,12.6,12.69,12.39,12.46,42747883.0,12.916500000000003,13.359250000000003,0.40787349690030994,0.5714955077554124,14.502241015510828,12.216258984489178,15.07373652326624,11.644763476733766,15.645232031021653,11.073267968978353
20190402,BRML3,BR MALLS PAR,12.59,12.67,12.29,12.64,30388665.0,12.893,13.317750000000004,0.4096738111948949,0.5616162002740462,14.440982400548096,12.194517599451911,15.002598600822143,11.632901399177864,15.564214801096188,11.07128519890382
20190403,BRML3,BR MALLS PAR,12.64,12.72,12.24,12.26,72321103.0,12.861,13.264250000000004,0.43340633663062905,0.5577927539958351,14.379835507991674,12.148664492008335,14.93762826198751,11.590871738012499,15.495421015983345,11.033078984016663
20190404,BRML3,BR MALLS PAR,12.3,12.55,12.22,12.5,60253691.0,12.838000000000003,13.217250000000003,0.4400310993794142,0.5402990031644653,14.297848006328934,12.136651993671073,14.8381470094934,11.596352990506608,15.378446012657864,11.056053987342143
20190405,BRML3,BR MALLS PAR,12.62,12.67,12.41,12.53,72931918.0,12.8025,13.178000000000003,0.43449759250741565,0.5314817217109381,14.24096344342188,12.115036556578126,14.772445165132817,11.583554834867188,15.303926886843755,11.05207311315625
20190408,BRML3,BR MALLS PAR,12.59,12.59,12.1,12.23,84768730.0,12.738000000000001,13.137500000000003,0.4178088205463353,0.5406062598649138,14.21871251972983,12.056287480270175,14.759318779594745,11.515681220405261,15.299925039459659,10.975074960540347
20190409,BRML3,BR MALLS PAR,12.13,12.16,11.87,12.11,81520700.0,12.6705,13.092500000000005,0.40384305184851194,0.5494974393911578,14.19149487878232,11.993505121217689,14.740992318173479,11.44400768182653,15.290489757564636,10.894510242435373
20190410,BRML3,BR MALLS PAR,12.1,12.36,12.03,12.34,90904696.0,12.607,13.057500000000005,0.34371193569157077,0.551779173592353,14.16105834718471,11.953941652815299,14.712837520777063,11.402162479222946,15.264616694369415,10.850383305630594
20190411,BRML3,BR MALLS PAR,12.22,12.27,11.78,11.9,145241464.0,12.528499999999998,13.016000000000005,0.31426229406928313,0.5749550707084313,14.165910141416868,11.866089858583143,14.7408652121253,11.29113478787471,15.31582028283373,10.71617971716628
20190412,BRML3,BR MALLS PAR,11.69,11.77,11.41,11.41,143423721.0,12.440499999999998,12.961250000000003,0.36714366899650475,0.6203935372210493,14.202037074442101,11.720462925557905,14.822430611663151,11.100069388336856,15.4428241488842,10.479675851115806
20190415,BRML3,BR MALLS PAR,11.51,11.72,11.35,11.67,112089017.0,12.373499999999998,12.905500000000004,0.3797959978725486,0.6339212520859029,14.17334250417181,11.637657495828197,14.807263756257711,11.003736243742296,15.441185008343615,10.369814991656392
20190416,BRML3,BR MALLS PAR,11.67,12.15,11.6,12.06,107475203.0,12.3325,12.861500000000001,0.36625954271743416,0.6298862331141014,14.121272466228204,11.601727533771799,14.751158699342305,10.971841300657697,15.381044932456406,10.341955067543596
20190417,BRML3,BR MALLS PAR,12.08,12.12,11.73,12.11,129571271.0,12.294999999999998,12.818000000000001,0.34731299398306265,0.6198726089141682,14.057745217828337,11.578254782171665,14.677617826742505,10.958382173257498,15.297490435656673,10.33850956434333
20190418,BRML3,BR MALLS PAR,12.04,12.41,11.96,12.23,89722294.0,12.27,12.77575,0.3320114138811703,0.6001148928458542,13.97597978569171,11.575520214308291,14.576094678537563,10.975405321462437,15.176209571383417,10.375290428616584
20190422,BRML3,BR MALLS PAR,12.22,12.48,12.16,12.37,51446568.0,12.263,12.747,0.3281382892045831,0.5910234495760085,13.929046899152016,11.564953100847983,14.520070348728025,10.973929651271975,15.111093798304033,10.382906201695967
20190423,BRML3,BR MALLS PAR,12.51,12.66,12.37,12.53,63830618.0,12.258,12.722999999999999,0.3229730313004071,0.5794568632868744,13.881913726573748,11.56408627342625,14.461370589860621,10.984629410139377,15.040827453147497,10.405172546852501
20190424,BRML3,BR MALLS PAR,12.5,12.62,12.36,12.52,91507582.0,12.251999999999999,12.697999999999999,0.31655381183849135,0.5655956696602874,13.829191339320573,11.566808660679424,14.394787008980861,11.001212991019136,14.960382678641148,10.43561732135885
20190425,BRML3,BR MALLS PAR,12.46,12.54,12.26,12.5,80454019.0,12.269499999999997,12.66875,0.3202708557652988,0.5438758696048844,13.756501739209767,11.580998260790231,14.300377608814653,11.037122391185346,14.844253478419537,10.493246521580462
20190426,BRML3,BR MALLS PAR,12.38,12.5,12.17,12.5,92987696.0,12.272,12.64125,0.3219447484470539,0.5229903538846759,13.687230707769352,11.595269292230647,14.210221061654027,11.072278938345972,14.733211415538703,10.549288584461296
20190429,BRML3,BR MALLS PAR,12.5,12.63,12.32,12.34,39152134.0,12.260499999999999,12.61175,0.3147676670348013,0.5051269832732932,13.622003966546586,11.601496033453415,14.12713094981988,11.09636905018012,14.632257933093173,10.591242066906828
20190430,BRML3,BR MALLS PAR,12.42,12.44,12.16,12.3,75988567.0,12.2525,12.5845,0.31144611766809926,0.4912775078747232,13.567055015749446,11.601944984250554,14.05833252362417,11.11066747637583,14.549610031498894,10.619389968501107
20190502,BRML3,BR MALLS PAR,12.22,12.29,12.08,12.12,36926865.0,12.226499999999998,12.55975,0.2988447053148877,0.48905711218053893,13.537864224361076,11.581635775638922,14.026921336541616,11.092578663458383,14.515978448722155,10.603521551277844
20190503,BRML3,BR MALLS PAR,12.14,12.65,12.11,12.65,98588889.0,12.245999999999999,12.5535,0.3135098420347226,0.48618636291774864,13.525872725835496,11.581127274164503,14.012059088753245,11.094940911246754,14.498245451670995,10.608754548329005
20190506,BRML3,BR MALLS PAR,12.5,12.52,12.3,12.44,46122652.0,12.242999999999999,12.540500000000002,0.31123015683946975,0.48197217708825163,13.504444354176504,11.576555645823499,13.986416531264757,11.094583468735246,14.468388708353007,10.612611291646996
20190507,BRML3,BR MALLS PAR,12.3,12.33,12.03,12.1,84142043.0,12.221499999999999,12.512,0.30515354202520995,0.47317368199567406,13.458347363991349,11.565652636008652,13.931521045987022,11.092478954012979,14.404694727982697,10.619305272017304
20190508,BRML3,BR MALLS PAR,12.17,12.41,12.11,12.19,71966633.0,12.2195,12.478750000000002,0.3052259732343357,0.44650315127955653,13.371756302559115,11.585743697440888,13.818259453838671,11.139240546161332,14.264762605118229,10.692737394881775
20190509,BRML3,BR MALLS PAR,12.14,12.43,11.92,12.25,72118824.0,12.226499999999998,12.448500000000003,0.30418614453377235,0.4184253142315296,13.285350628463062,11.611649371536943,13.703775942694591,11.193224057305414,14.122201256926122,10.774798743073884
20190510,BRML3,BR MALLS PAR,12.2,12.31,11.93,12.2,58171806.0,12.219499999999998,12.413250000000001,0.3030455063969333,0.3752290753318168,13.163708150663634,11.662791849336369,13.538937225995452,11.28756277400455,13.914166301327269,10.912333698672734
20190513,BRML3,BR MALLS PAR,11.9,11.96,11.61,11.8,71101454.0,12.214499999999997,12.371500000000001,0.3093537406305451,0.34643643735643187,13.064372874712864,11.678627125287138,13.410809312069297,11.332190687930705,13.757245749425728,10.985754250574274
20190514,BRML3,BR MALLS PAR,11.86,12.02,11.7,11.92,72364419.0,12.239999999999997,12.340250000000001,0.2559605232720263,0.3284734505136144,12.99719690102723,11.683303098972772,13.325670351540843,11.354829648459159,13.654143802054458,11.026356197945544
20190515,BRML3,BR MALLS PAR,11.63,11.84,11.55,11.79,68137353.0,12.245999999999997,12.309750000000003,0.24297281632662027,0.32125145914067477,12.952252918281353,11.667247081718653,13.273504377422027,11.345995622577979,13.594755836562701,11.024744163437305
20190516,BRML3,BR MALLS PAR,11.63,11.7,11.49,11.62,75823021.0,12.223999999999995,12.278250000000003,0.27808366783361255,0.32564639860297856,12.929542797205961,11.626957202794046,13.255189195808939,11.301310804191068,13.580835594411917,10.97566440558809
20190517,BRML3,BR MALLS PAR,11.48,11.67,11.35,11.46,61200011.0,12.191499999999996,12.243250000000002,0.3259685971313724,0.3365693245921615,12.916388649184324,11.57011135081568,13.252957973776486,11.233542026223517,13.589527298368647,10.896972701631356
20190520,BRML3,BR MALLS PAR,11.53,11.95,11.42,11.86,93262580.0,12.172999999999998,12.221500000000002,0.3340674372512,0.33239264702289306,12.886285294045788,11.556714705954217,13.218677941068682,11.224322058931323,13.551070588091575,10.89192941190843
20190521,BRML3,BR MALLS PAR,11.88,12.3,11.84,12.21,94549673.0,12.164999999999997,12.214000000000002,0.3310032596436814,0.3290841993417857,12.872168398683574,11.55583160131643,13.20125259802536,11.226747401974645,13.530336797367145,10.89766320263286
20190522,BRML3,BR MALLS PAR,12.32,12.33,12.03,12.1,48734600.0,12.143499999999998,12.200750000000003,0.31982355332771145,0.32250929225335134,12.845768584506706,11.5557314154933,13.168277876760056,11.23322212323995,13.490787169013409,10.910712830986597
20190523,BRML3,BR MALLS PAR,11.99,12.21,11.95,12.1,56573952.0,12.122499999999997,12.187250000000002,0.30734645289195833,0.31486250560508405,12.81697501121017,11.557524988789835,13.131837516815255,11.24266248318475,13.44670002242034,10.927799977579665
20190524,BRML3,BR MALLS PAR,12.1,12.21,11.91,12.07,155682142.0,12.100999999999996,12.185250000000003,0.29431275881280716,0.3153588716822981,12.815967743364599,11.554532256635408,13.131326615046898,11.239173384953109,13.446685486729196,10.92381451327081
20190527,BRML3,BR MALLS PAR,12.12,12.26,12.07,12.13,60098831.0,12.082499999999996,12.177250000000004,0.2791504970441672,0.312516563663619,12.802283127327243,11.552216872672766,13.11479969099086,11.239700309009148,13.42731625465448,10.927183745345529
20190528,BRML3,BR MALLS PAR,12.15,12.44,12.03,12.41,155706799.0,12.085999999999995,12.173250000000005,0.28296177908166015,0.30835699839885716,12.789963996797718,11.556536003202291,13.098320995196577,11.248179004803433,13.406677993595434,10.939822006404576
20190529,BRML3,BR MALLS PAR,12.4,12.61,12.3,12.61,66036667.0,12.101499999999996,12.177000000000005,0.3030767663741234,0.3128135350209801,12.802627070041964,11.551372929958045,13.115440605062945,11.238559394937065,13.428254140083926,10.925745859916084
20190530,BRML3,BR MALLS PAR,12.6,12.91,12.43,12.84,89077458.0,12.137499999999996,12.182000000000006,0.34522113431676343,0.32187113204051054,12.825742264081027,11.538257735918984,13.147613396121537,11.216386603878474,13.469484528162049,10.894515471837963
20190531,BRML3,BR MALLS PAR,12.84,13.11,12.76,12.81,123008804.0,12.145499999999995,12.195750000000006,0.3592898697797104,0.33669500388488033,12.869140007769767,11.522359992230244,13.205835011654646,11.185664988345366,13.542530015539526,10.848969984460485
20190603,BRML3,BR MALLS PAR,12.9,12.97,12.59,12.69,66931045.0,12.157999999999996,12.200500000000005,0.37411790992456007,0.34238941692249586,12.885278833844996,11.515721166155014,13.227668250767493,11.173331749232517,13.570057667689989,10.830942332310022
20190604,BRML3,BR MALLS PAR,12.79,13.02,12.7,12.95,64264526.0,12.200499999999995,12.211000000000006,0.4134002138873546,0.35879999428295645,12.928599988565919,11.493400011434092,13.287399982848875,11.134600017151136,13.64619997713183,10.77580002286818
20190605,BRML3,BR MALLS PAR,12.96,13.11,12.56,12.69,75988824.0,12.225499999999997,12.222500000000005,0.42760625026204074,0.3667092049917135,12.955918409983433,11.489081590016578,13.322627614975145,11.122372385024866,13.68933681996686,10.755663180033151
20190606,BRML3,BR MALLS PAR,12.82,12.96,12.67,12.83,47668635.0,12.254499999999997,12.240500000000004,0.4485118668851996,0.37852581797257645,12.997551635945157,11.483448364054851,13.376077453917734,11.104922546082275,13.75460327189031,10.726396728109698
20190607,BRML3,BR MALLS PAR,12.91,13.46,12.85,13.38,81890758.0,12.313499999999996,12.266500000000004,0.5138223633247548,0.41908049529711394,13.104660990594232,11.428339009405777,13.523741485891346,11.009258514108662,13.94282198118846,10.590178018811548
20190610,BRML3,BR MALLS PAR,13.28,13.58,13.13,13.35,70158979.0,12.390999999999996,12.302750000000007,0.5480482114789427,0.44826152794536095,13.199273055890728,11.406226944109285,13.647534583836089,10.957965416163924,14.09579611178145,10.509703888218564
20190611,BRML3,BR MALLS PAR,13.4,13.52,13.27,13.29,53511727.0,12.459499999999998,12.349750000000006,0.5712080918636663,0.4508083196056304,13.251366639211266,11.448133360788745,13.702174958816897,10.997325041183114,14.152983278422527,10.546516721577484
20190612,BRML3,BR MALLS PAR,13.21,13.54,13.11,13.4,63402922.0,12.54,12.393000000000004,0.5851675423599488,0.4666311341784062,13.326262268356817,11.459737731643191,13.792893402535222,10.993106597464786,14.259524536713629,10.52647546328638
20190613,BRML3,BR MALLS PAR,13.47,14.08,13.44,13.97,137319468.0,12.657499999999999,12.440750000000005,0.6252736243143162,0.5256711826871449,13.492092365374294,11.389407634625716,14.017763548061438,10.863736451938571,14.543434730748585,10.338065269251425
20190614,BRML3,BR MALLS PAR,13.97,14.5,13.89,14.08,177273719.0,12.788499999999997,12.490000000000006,0.6355542545891091,0.5830424183011645,13.656084836602334,11.323915163397677,14.239127254903499,10.740872745096512,14.822169673204664,10.157830326795347
20190617,BRML3,BR MALLS PAR,14.04,14.12,13.83,14.0,60722507.0,12.895499999999998,12.534250000000004,0.6509626474852871,0.6282204720784489,13.790690944156902,11.277809055843106,14.41891141623535,10.649588583764658,15.0471318883138,10.021368111686208
20190618,BRML3,BR MALLS PAR,14.2,14.51,13.96,14.09,112460945.0,12.989499999999998,12.577250000000003,0.6817738087634276,0.6738941083217569,13.925038216643516,11.22946178335649,14.598932324965274,10.555567675034732,15.27282643328703,9.881673566712976
20190619,BRML3,BR MALLS PAR,14.1,14.18,13.8,14.07,84835763.0,13.087999999999997,12.615750000000006,0.6887715991455183,0.7139269785974169,14.04360395719484,11.187896042805171,14.757530935792257,10.473969064207754,15.471457914389674,9.760042085610337
20190621,BRML3,BR MALLS PAR,14.1,14.62,14.06,14.62,132727926.0,13.213999999999995,12.668250000000006,0.7279054305261602,0.7807881865830815,14.22982637316617,11.106673626833842,15.01061455974925,10.325885440250762,15.79140274633233,9.54509725366768
20190624,BRML3,BR MALLS PAR,14.67,14.89,14.33,14.47,107960162.0,13.333999999999998,12.717500000000006,0.7272109662771077,0.8304547719202603,14.378409543840528,11.056590456159485,15.208864315760788,10.226135684239225,16.039319087681047,9.395680912318966
20190625,BRML3,BR MALLS PAR,14.44,14.55,14.05,14.15,106066964.0,13.434999999999997,12.758750000000006,0.6905413589503914,0.8598335781133952,14.478417156226797,11.039082843773215,15.338250734340193,10.17924926565982,16.198084312453588,9.319415687546424
20190626,BRML3,BR MALLS PAR,14.28,14.29,13.93,14.11,57302880.0,13.519999999999996,12.803000000000006,0.6617600137432561,0.8829647029562777,14.568929405912561,11.037070594087451,15.451894108868839,10.154105891131174,16.334858811825118,9.271141188174894
20190627,BRML3,BR MALLS PAR,13.96,14.22,13.87,14.03,58924521.0,13.590999999999994,12.846250000000007,0.6346063844288803,0.8999022382801025,14.646054476560211,11.046445523439802,15.545956714840315,10.146543285159698,16.445858953120418,9.246641046879596
20190628,BRML3,BR MALLS PAR,14.19,14.39,14.08,14.33,65427891.0,13.665499999999994,12.901500000000008,0.6292390977245964,0.9217473651322274,14.744994730264462,11.058005269735553,15.666742095396689,10.136257904603326,16.58848946052892,9.214510539471098
20190701,BRML3,BR MALLS PAR,14.48,14.57,14.04,14.12,64544927.0,13.730999999999995,12.938250000000007,0.6031400291282638,0.9405750764074987,14.819400152815005,11.05709984718501,15.759975229222503,10.116524770777511,16.700550305630003,9.175949694370011
20190702,BRML3,BR MALLS PAR,14.19,14.26,14.02,14.06,66357142.0,13.799499999999995,12.978750000000005,0.554526588038938,0.9533616299368746,14.885473259873754,11.072026740126256,15.838834889810629,10.118665110189381,16.792196519747502,9.165303480252508
20190703,BRML3,BR MALLS PAR,14.0,14.43,13.8,14.25,92554220.0,13.864499999999996,13.032500000000004,0.5251212892475923,0.9631059531137122,14.958711906227428,11.10628809377258,15.921817859341141,10.143182140658867,16.884923812454854,9.180076187545156
20190704,BRML3,BR MALLS PAR,14.4,14.53,14.33,14.49,72909080.0,13.954499999999996,13.090000000000003,0.46391327456302694,0.9800261639626138,15.050052327925231,11.129947672074776,16.030078491887846,10.149921508112161,17.01010465585046,9.169895344149548
20190705,BRML3,BR MALLS PAR,14.49,14.8,14.32,14.8,62711031.0,14.052999999999997,13.153750000000002,0.4196126032927353,1.0065622823278848,15.166874564655771,11.140625435344234,16.173436846983655,10.134063153016347,17.17999912931154,9.127500870688463
20190708,BRML3,BR MALLS PAR,14.78,14.98,14.63,14.87,90386661.0,14.127499999999998,13.220500000000001,0.42605750785545504,1.0299513306898214,15.280402661379643,11.16059733862036,16.310353992069466,10.130646007930537,17.340305322759285,9.100694677240716
20190710,BRML3,BR MALLS PAR,14.96,15.47,14.96,15.46,128897419.0,14.232999999999995,13.312000000000003,0.4810853956365101,1.062578383232413,15.43715676646483,11.186843233535177,16.49973514969724,10.124264850302765,17.562313532929654,9.061686467070352
20190711,BRML3,BR MALLS PAR,15.33,15.49,14.93,14.93,130324058.0,14.314999999999994,13.387250000000003,0.45070120806069425,1.0680391510638145,15.523328302127632,11.251171697872374,16.591367453191445,10.18313254680856,17.65940660425526,9.115093395744745
20190712,BRML3,BR MALLS PAR,15.02,15.16,14.75,14.88,99315954.0,14.388999999999996,13.464500000000005,0.41243691702649143,1.0612763240068155,15.587052648013636,11.341947351986374,16.64832897202045,10.280671027979558,17.709605296027267,9.219394703972743
20190715,BRML3,BR MALLS PAR,14.88,14.93,14.61,14.73,59819504.0,14.426999999999996,13.542250000000005,0.4067729225579268,1.0363087538631113,15.614867507726228,11.469632492273782,16.651176261589338,10.433323738410671,17.68748501545245,9.39701498454756
20190716,BRML3,BR MALLS PAR,14.7,14.75,14.54,14.54,92126800.0,14.449999999999998,13.619250000000003,0.39905150703030723,0.9910636283229218,15.601377256645847,11.637122743354158,16.592440884968767,10.646059115031237,17.58350451329169,9.654995486708316
20190717,BRML3,BR MALLS PAR,14.54,14.96,14.54,14.72,159976216.0,14.485999999999999,13.690750000000003,0.38866031712185994,0.9636772188089014,15.618104437617806,11.7633955623822,16.581781656426706,10.799718343573298,17.54545887523561,9.836041124764398
20190718,BRML3,BR MALLS PAR,14.75,14.81,14.11,14.64,812620877.0,14.513499999999999,13.751500000000002,0.37849111788229733,0.9443368314759448,15.640173662951891,11.862826337048112,16.584510494427835,10.918489505572168,17.528847325903783,9.974152674096223
20190719,BRML3,BR MALLS PAR,14.64,14.64,14.3,14.45,65065507.0,14.532499999999999,13.810250000000002,0.3643288710983404,0.911486493704159,15.63322298740832,11.987277012591683,16.544709481112477,11.075790518887525,17.456195974816637,10.164304025183366
20190722,BRML3,BR MALLS PAR,14.46,14.5,14.21,14.3,60669744.0,14.516499999999999,13.86525,0.36729845887879575,0.8711236112939531,15.607497222587906,12.123002777412093,16.47862083388186,11.25187916611814,17.349744445175812,10.380755554824187
20190723,BRML3,BR MALLS PAR,14.31,14.44,14.13,14.19,84758645.0,14.502499999999998,13.91825,0.37443114748979933,0.8222167893675726,15.562683578735145,12.273816421264856,16.38490036810272,11.451599631897283,17.20711715747029,10.62938284252971
20190724,BRML3,BR MALLS PAR,14.19,14.64,14.19,14.32,95675276.0,14.511,13.973000000000003,0.3678801292183172,0.7714328991874061,15.515865798374815,12.43013420162519,16.28729869756222,11.658701302437784,17.058731596749627,10.887268403250378
20190725,BRML3,BR MALLS PAR,14.36,14.42,14.08,14.24,76055180.0,14.517499999999998,14.018750000000002,0.36151545064164703,0.7294859008145029,15.47772180162901,12.559778198370996,16.20720770244351,11.830292297556493,16.936693603258014,11.10080639674199
20190726,BRML3,BR MALLS PAR,14.28,14.32,14.1,14.25,59752429.0,14.5285,14.059750000000003,0.34903287433767977,0.6934768866427045,15.446703773285412,12.672796226714594,16.140180659928117,11.97931934007189,16.83365754657082,11.285842453429185
20190729,BRML3,BR MALLS PAR,14.5,14.92,14.5,14.92,128925259.0,14.558000000000002,14.11175,0.3562317400675866,0.6774684683739829,15.466686936747966,12.756813063252036,16.14415540512195,12.079344594878052,16.82162387349593,11.40187612650407
20190730,BRML3,BR MALLS PAR,14.92,15.21,14.79,15.21,123350031.0,14.6125,14.171750000000003,0.36885134646558565,0.6653932228581863,15.502536445716375,12.840963554283631,16.167929668574562,12.175570331425444,16.833322891432747,11.510177108567259
20190731,BRML3,BR MALLS PAR,15.39,15.39,14.69,15.01,134776556.0,14.66,14.229750000000001,0.3548609809340492,0.6332597291912265,15.496269458382454,12.963230541617548,16.12952918757368,12.329970812426321,16.762788916764908,11.696711083235094
20190801,BRML3,BR MALLS PAR,15.09,15.46,14.81,14.95,162103105.0,14.694999999999999,14.279750000000002,0.34672148689356724,0.6080801545511362,15.495910309102275,13.063589690897729,16.10399046365341,12.455509536346593,16.712070618204546,11.847429381795457
20190802,BRML3,BR MALLS PAR,14.89,15.1,14.8,15.06,72560286.0,14.723499999999998,14.338999999999999,0.3523645689817384,0.5629992940743023,15.464998588148603,13.213001411851394,16.027997882222905,12.650002117777092,16.590997176297208,12.08700282370279
20190805,BRML3,BR MALLS PAR,14.81,14.96,14.55,14.69,115964238.0,14.717999999999998,14.385499999999999,0.3519659074399139,0.5094338234871892,15.404367646974377,13.36663235302562,15.913801470461566,12.857198529538431,16.423235293948757,12.347764706051242
20190806,BRML3,BR MALLS PAR,14.82,15.08,14.65,15.08,485757643.0,14.728499999999997,14.428,0.3597846578163138,0.4940787853711197,15.41615757074224,13.439842429257762,15.91023635611336,12.945763643886641,16.40431514148448,12.451684858515522
20190807,BRML3,BR MALLS PAR,15.04,15.45,14.84,15.45,185102620.0,14.727999999999998,14.480500000000001,0.3587199464763591,0.48813065716208764,15.456761314324176,13.504238685675826,15.944891971486264,13.016108028513738,16.433022628648352,12.52797737135165
20190808,BRML3,BR MALLS PAR,14.8,14.94,14.43,14.68,131300022.0,14.715499999999997,14.51525,0.35565321666803135,0.4491244331031302,15.413498866206261,13.617001133793739,15.86262329930939,13.16787670069061,16.31174773241252,12.71875226758748
20190809,BRML3,BR MALLS PAR,14.75,15.32,14.75,15.12,187485648.0,14.727499999999997,14.558250000000001,0.3654107278118717,0.4210724250998126,15.400394850199627,13.716105149800375,15.821467275299439,13.295032724700564,16.242539700399252,12.87396029960075
20190812,BRML3,BR MALLS PAR,14.89,14.96,14.63,14.93,271568066.0,14.737499999999997,14.582249999999998,0.36820867939111535,0.41398307595774536,15.410216151915488,13.754283848084508,15.824199227873235,13.340300772126762,16.23818230383098,12.926317696169017
20190813,BRML3,BR MALLS PAR,14.8,15.12,14.67,14.93,159781495.0,14.756999999999996,14.603499999999997,0.36752515130546787,0.4093305980029919,15.42216119600598,13.784838803994013,15.831491794008972,13.375508205991022,16.240822392011964,12.96617760798803
20190814,BRML3,BR MALLS PAR,14.7,14.81,14.41,14.54,113997705.0,14.747999999999996,14.616999999999996,0.370669380275315,0.3976546627026757,15.412309325405348,13.821690674594644,15.809963988108024,13.424036011891967,16.207618650810698,13.026381349189293
20190815,BRML3,BR MALLS PAR,14.61,14.62,14.17,14.39,78200165.0,14.735499999999996,14.624499999999994,0.37863292875401633,0.39021985913262563,15.404939718265245,13.844060281734743,15.795159577397872,13.453840422602116,16.185379436530496,13.063620563469492
20190816,BRML3,BR MALLS PAR,14.48,14.73,14.26,14.36,88452457.0,14.730999999999998,14.631749999999993,0.38271743046136436,0.3822664361477158,15.396282872295425,13.867217127704562,15.778549308443141,13.484950691556845,16.160815744590856,13.10268425540913
20190819,BRML3,BR MALLS PAR,14.4,14.5,13.99,14.05,118889800.0,14.718499999999997,14.617499999999993,0.40117295128423996,0.39318391338346703,15.403867826766927,13.831132173233058,15.797051740150394,13.437948259849591,16.19023565353386,13.044764346466124
20190820,BRML3,BR MALLS PAR,14.06,14.14,13.81,14.06,124325014.0,14.711999999999998,14.60724999999999,0.41111657970126314,0.40236472483906954,15.411979449678128,13.802520550321852,15.814344174517199,13.40015582548278,16.216708899356266,12.997791100643711
20190821,BRML3,BR MALLS PAR,14.25,14.25,13.96,14.2,202488852.0,14.705999999999998,14.608499999999992,0.4179574392837548,0.4009830867971668,15.410466173594326,13.806533826405659,15.811449260391493,13.405550739608492,16.21243234718866,13.004567652811325
20190822,BRML3,BR MALLS PAR,14.18,14.22,13.83,14.08,170776347.0,14.697999999999997,14.607749999999992,0.428738664112843,0.4019662410878646,15.41168248217572,13.803817517824264,15.813648723263587,13.401851276736398,16.215614964351452,12.999885035648534
20190823,BRML3,BR MALLS PAR,13.98,14.11,13.68,13.8,102328829.0,14.675499999999996,14.601999999999993,0.4638565454284808,0.41196340390111674,15.425926807802227,13.778073192197759,15.837890211703343,13.366109788296644,16.24985361560446,12.954146384395527
20190826,BRML3,BR MALLS PAR,13.84,13.88,13.48,13.55,71898508.0,14.606999999999996,14.58249999999999,0.5232097295087641,0.4424972837812627,15.467494567562516,13.697505432437465,15.90999185134378,13.255008148656202,16.35248913512504,12.81251086487494
20190827,BRML3,BR MALLS PAR,13.55,13.88,13.5,13.65,152591452.0,14.528999999999996,14.57074999999999,0.5444350040952671,0.46094878462930305,15.492647569258596,13.648852430741384,15.9535963538879,13.18790364611208,16.4145451385172,12.726954861482778
20190828,BRML3,BR MALLS PAR,13.56,13.89,13.51,13.79,104929795.0,14.467999999999998,14.56399999999999,0.5559307037468108,0.4704978269111931,15.504995653822375,13.623004346177604,15.975493480733569,13.15250651926641,16.44599130764476,12.682008692355216
20190829,BRML3,BR MALLS PAR,13.87,14.13,13.74,13.79,106270145.0,14.41,14.55249999999999,0.5634573724127845,0.4838030432059465,15.520106086411882,13.584893913588097,16.003909129617828,13.10109087038215,16.487712172823777,12.617287827176204
20190830,BRML3,BR MALLS PAR,13.88,13.98,13.48,13.48,201443308.0,14.331,14.52724999999999,0.5780994268881651,0.5126451639316569,15.552540327863303,13.501959672136676,16.06518549179496,12.98931450820502,16.57783065572662,12.476669344273361
20190902,BRML3,BR MALLS PAR,13.52,13.84,13.5,13.8,99153823.0,14.2865,14.50224999999999,0.5832420730618443,0.5232761074378772,15.548802214875744,13.455697785124235,16.072078322313622,12.932421677686358,16.5953544297515,12.40914557024848
20190903,BRML3,BR MALLS PAR,13.79,13.92,13.44,13.61,76432311.0,14.213000000000003,14.47074999999999,0.5704670293531012,0.5382802029826382,15.547310405965266,13.394189594034714,16.085590608947903,12.855909391052075,16.623870811930544,12.317629188069438
20190904,BRML3,BR MALLS PAR,13.75,13.81,13.4,13.58,87883408.0,14.119500000000002,14.42374999999999,0.5067385394544475,0.5317252399211324,15.487200479842254,13.360299520157724,16.018925719763388,12.828574280236593,16.550650959684518,12.29684904031546
20190905,BRML3,BR MALLS PAR,13.64,13.72,13.47,13.69,104010751.0,14.070000000000002,14.392749999999992,0.4973720412009779,0.5375680636690384,15.467886127338069,13.317613872661916,16.005454191007107,12.780045808992877,16.543022254676146,12.24247774532384
20190906,BRML3,BR MALLS PAR,13.79,13.86,13.51,13.58,73863232.0,13.993,14.360249999999994,0.4424346517313474,0.5465767006958375,15.453403401391668,13.267096598608319,15.999980102087505,12.720519897912482,16.546556802783343,12.173943197216644
20190909,BRML3,BR MALLS PAR,13.52,13.63,13.08,13.23,94479287.0,13.908000000000001,14.322749999999994,0.4154211559876471,0.5714488446494932,15.46564768929898,13.179852310701008,16.037096533948475,12.608403466051515,16.608545378597967,12.036954621402021
20190910,BRML3,BR MALLS PAR,13.24,13.4,13.1,13.32,67745014.0,13.8275,14.292249999999996,0.35913455915430337,0.5917530995011268,15.47575619900225,13.108743800997742,16.067509298503374,12.516990701496615,16.659262398004504,11.925237601995489
20190911,BRML3,BR MALLS PAR,13.53,13.89,13.43,13.88,96186666.0,13.7945,14.271249999999995,0.3182100431773897,0.5910884679327091,15.453426935865412,13.089073064134578,16.044515403798123,12.497984596201867,16.63560387173083,11.906896128269159
20190912,BRML3,BR MALLS PAR,14.06,14.18,13.57,13.59,178101520.0,13.754499999999998,14.244999999999996,0.28828850680855117,0.5975720104659092,15.440144020931815,13.049855979068177,16.037716031397725,12.452283968602268,16.63528804186363,11.85471195813636
20190913,BRML3,BR MALLS PAR,13.7,13.84,13.17,13.3,64456478.0,13.7015,14.216249999999993,0.2678230955805075,0.6148699570661474,15.445989914132289,12.986510085867698,16.060859871198435,12.371640128801552,16.675729828264583,11.756770171735404
20190916,BRML3,BR MALLS PAR,13.49,13.49,13.08,13.34,66206841.0,13.665999999999997,14.192249999999996,0.2662487954012971,0.6300650658300696,15.452380131660135,12.932119868339857,16.082445197490205,12.302054802509787,16.712510263320276,11.671989736679718
20190917,BRML3,BR MALLS PAR,13.32,13.73,13.14,13.73,108158785.0,13.649499999999998,14.180749999999994,0.25029403761010405,0.6342909932377467,15.449331986475489,12.9121680135245,16.083622979713233,12.277877020286754,16.71791397295098,11.643586027049007
20190918,BRML3,BR MALLS PAR,13.75,13.88,13.58,13.88,56838993.0,13.633499999999998,14.169749999999993,0.22186470509847064,0.635628045967511,15.441006091935016,12.898493908064971,16.076634137902527,12.26286586209746,16.71226218387004,11.627237816129949
20190919,BRML3,BR MALLS PAR,14.01,14.52,14.01,14.33,178688491.0,13.645999999999997,14.171999999999993,0.2531776991925461,0.6360422498464289,15.44408449969285,12.899915500307136,16.08012674953928,12.263873250460707,16.716168999385708,11.627831000614279
20190920,BRML3,BR MALLS PAR,14.45,14.49,14.2,14.49,141028872.0,13.680499999999999,14.177999999999994,0.3147843873611365,0.6379261270630847,15.453852254126163,12.902147745873824,16.091778381189247,12.26422161881074,16.729704508252333,11.626295491747655
20190923,BRML3,BR MALLS PAR,14.38,14.5,14.35,14.45,50554928.0,13.725499999999997,14.166249999999996,0.3566876121083954,0.6281625116366024,15.4225750232732,12.909924976726792,16.050737534909803,12.281762465090189,16.678900046546406,11.653599953453586
20190924,BRML3,BR MALLS PAR,14.52,14.59,14.26,14.58,66565350.0,13.771999999999997,14.150499999999997,0.403831648091145,0.6089248616861126,15.368349723372223,12.932650276627772,15.977274585058336,12.32372541494166,16.58619944674445,11.714800553255547
20190925,BRML3,BR MALLS PAR,14.5,14.52,14.28,14.47,72444749.0,13.805999999999997,14.136999999999997,0.4329993314690474,0.5952125239928284,15.327425047985654,12.94657495201434,15.922637571978482,12.351362428021512,16.517850095971312,11.756149904028684
20190926,BRML3,BR MALLS PAR,14.43,14.68,14.37,14.52,77040655.0,13.842499999999996,14.126249999999995,0.4614151572807633,0.5839287254539046,15.294107450907804,12.958392549092187,15.878036176361709,12.374463823638282,16.461964901815612,11.790535098184376
20190927,BRML3,BR MALLS PAR,14.52,14.58,14.25,14.36,94553301.0,13.886499999999995,14.108749999999997,0.46695288841596244,0.5654233154380806,15.239596630876157,12.977903369123837,15.80501994631424,12.412480053685755,16.37044326175232,11.847056738247675
20190930,BRML3,BR MALLS PAR,14.42,14.57,14.33,14.41,176749859.0,13.916999999999996,14.101749999999996,0.48072423433159106,0.5597475965065305,15.221245193013056,12.982254806986935,15.780992789519587,12.422507210480404,16.340740386026116,11.862759613973873
20191001,BRML3,BR MALLS PAR,14.55,14.68,14.06,14.21,92060167.0,13.946999999999994,14.079999999999995,0.4792768675718491,0.5372102677675087,15.154420535535012,13.005579464464978,15.691630803302521,12.468369196697468,16.22884107107003,11.93115892892996
20191002,BRML3,BR MALLS PAR,14.01,14.08,13.82,13.89,86104185.0,13.962499999999995,14.040999999999993,0.4717367129191872,0.4897293862888358,15.020458772577665,13.061541227422321,15.510188158866502,12.571811841133485,15.999917545155336,12.08208245484465
20191003,BRML3,BR MALLS PAR,13.9,14.08,13.61,14.08,86604245.0,13.981999999999994,14.025999999999996,0.46792487026288354,0.4787205169337343,14.983441033867464,13.068558966132528,15.462161550801198,12.589838449198794,15.940882067734933,12.11111793226506
20191004,BRML3,BR MALLS PAR,14.01,14.19,13.83,14.16,74364270.0,14.010999999999996,14.001999999999995,0.45959822270739853,0.445370488239669,14.892740976479333,13.111259023520658,15.338111464719002,12.665888535280988,15.783481952958672,12.220518047041319
20191007,BRML3,BR MALLS PAR,14.03,14.18,13.77,13.81,77160089.0,14.039999999999996,13.973999999999995,0.42469803514101817,0.42001709366920914,14.814034187338413,13.133965812661577,15.234051281007622,12.713948718992368,15.654068374676832,12.293931625323157
20191008,BRML3,BR MALLS PAR,13.82,14.02,13.74,13.8,47800820.0,14.063999999999997,13.945749999999995,0.39434689511167764,0.3910727357095555,14.727895471419107,13.163604528580883,15.118968207128662,12.772531792871328,15.510040942838216,12.381459057161774
