DATA DO PREGAO,CODIGO DE NEGOCIACAO DO PAPEL,NOME RESUMIDO DA EMPRESA EMISSORA,PRECO DE ABERTURA,PRECO MAXIMO,PRECO MINIMO,PRECO FECHAMENTO,VOLUME TOTAL DE TITULOS NEGOCIADOS NESTE PAPEL,MA_20,MA_40,STD_20,STD_40,BANDA_1_40 SUPERIOR,BANDA_1_40 INFERIOR,BANDA_2_40 SUPERIOR,BANDA_2_40 INFERIOR,BANDA_3_40 SUPERIOR,BANDA_3_40 INFERIOR
20190102,BTOW3,B2W DIGITAL,41.93,44.06,41.7,43.0,88637136.0,0.0,0.0,0.0,0.0,0.0,0.0,0.0,0.0,0.0,0.0
20190103,BTOW3,B2W DIGITAL,42.75,43.97,42.1,43.44,62320889.0,0.0,0.0,0.0,0.0,0.0,0.0,0.0,0.0,0.0,0.0
20190104,BTOW3,B2W DIGITAL,43.45,43.47,41.7,42.0,70441583.0,0.0,0.0,0.0,0.0,0.0,0.0,0.0,0.0,0.0,0.0
20190107,BTOW3,B2W DIGITAL,42.0,42.68,39.96,40.14,101971490.0,0.0,0.0,0.0,0.0,0.0,0.0,0.0,0.0,0.0,0.0
20190108,BTOW3,B2W DIGITAL,40.31,42.45,40.31,42.0,100422280.0,0.0,0.0,0.0,0.0,0.0,0.0,0.0,0.0,0.0,0.0
20190109,BTOW3,B2W DIGITAL,42.5,45.74,42.28,44.78,231936512.0,0.0,0.0,0.0,0.0,0.0,0.0,0.0,0.0,0.0,0.0
20190110,BTOW3,B2W DIGITAL,44.55,46.65,44.08,46.5,112488778.0,0.0,0.0,0.0,0.0,0.0,0.0,0.0,0.0,0.0,0.0
20190111,BTOW3,B2W DIGITAL,46.35,47.3,45.06,45.08,127618943.0,0.0,0.0,0.0,0.0,0.0,0.0,0.0,0.0,0.0,0.0
20190114,BTOW3,B2W DIGITAL,45.1,45.9,44.42,45.6,78800455.0,0.0,0.0,0.0,0.0,0.0,0.0,0.0,0.0,0.0,0.0
20190115,BTOW3,B2W DIGITAL,46.09,47.01,45.51,46.25,84059514.0,0.0,0.0,0.0,0.0,0.0,0.0,0.0,0.0,0.0,0.0
20190116,BTOW3,B2W DIGITAL,46.18,48.36,46.18,47.91,105079304.0,0.0,0.0,0.0,0.0,0.0,0.0,0.0,0.0,0.0,0.0
20190117,BTOW3,B2W DIGITAL,47.99,48.35,46.18,46.75,119345817.0,0.0,0.0,0.0,0.0,0.0,0.0,0.0,0.0,0.0,0.0
20190118,BTOW3,B2W DIGITAL,47.23,47.4,44.82,46.0,100778330.0,0.0,0.0,0.0,0.0,0.0,0.0,0.0,0.0,0.0,0.0
20190121,BTOW3,B2W DIGITAL,46.0,46.2,43.63,44.5,125891105.0,0.0,0.0,0.0,0.0,0.0,0.0,0.0,0.0,0.0,0.0
20190122,BTOW3,B2W DIGITAL,43.15,44.31,42.75,43.99,94469003.0,0.0,0.0,0.0,0.0,0.0,0.0,0.0,0.0,0.0,0.0
20190123,BTOW3,B2W DIGITAL,44.25,44.88,43.71,44.45,109233965.0,0.0,0.0,0.0,0.0,0.0,0.0,0.0,0.0,0.0,0.0
20190124,BTOW3,B2W DIGITAL,44.83,46.21,44.8,45.61,100084183.0,0.0,0.0,0.0,0.0,0.0,0.0,0.0,0.0,0.0,0.0
20190128,BTOW3,B2W DIGITAL,45.43,47.2,44.6,45.97,136725712.0,0.0,0.0,0.0,0.0,0.0,0.0,0.0,0.0,0.0,0.0
20190129,BTOW3,B2W DIGITAL,46.1,48.0,45.97,47.8,95159104.0,0.0,0.0,0.0,0.0,0.0,0.0,0.0,0.0,0.0,0.0
20190130,BTOW3,B2W DIGITAL,48.2,48.79,45.85,48.12,123178023.0,44.9945,0.0,2.1184713331725034,0.0,0.0,0.0,0.0,0.0,0.0,0.0
20190131,BTOW3,B2W DIGITAL,48.1,50.01,47.81,50.0,162801697.0,45.344500000000004,0.0,2.3384373437247192,0.0,0.0,0.0,0.0,0.0,0.0,0.0
20190201,BTOW3,B2W DIGITAL,49.9,50.45,47.14,48.08,193389330.0,45.57650000000001,0.0,2.3695086654809856,0.0,0.0,0.0,0.0,0.0,0.0,0.0
20190204,BTOW3,B2W DIGITAL,48.48,48.48,46.5,47.95,107422152.0,45.87400000000001,0.0,2.2681882405869347,0.0,0.0,0.0,0.0,0.0,0.0,0.0
20190205,BTOW3,B2W DIGITAL,48.17,48.17,45.63,46.0,169654690.0,46.167000000000016,0.0,1.8233719486593816,0.0,0.0,0.0,0.0,0.0,0.0,0.0
20190206,BTOW3,B2W DIGITAL,45.45,45.56,43.97,44.45,176764074.0,46.28950000000002,0.0,1.5969229457731702,0.0,0.0,0.0,0.0,0.0,0.0,0.0
20190207,BTOW3,B2W DIGITAL,44.5,45.7,43.82,44.1,126228972.0,46.25550000000002,0.0,1.637477119165178,0.0,0.0,0.0,0.0,0.0,0.0,0.0
20190208,BTOW3,B2W DIGITAL,44.38,45.18,43.0,44.99,82213325.0,46.18000000000002,0.0,1.6602631370389884,0.0,0.0,0.0,0.0,0.0,0.0,0.0
20190211,BTOW3,B2W DIGITAL,44.95,45.15,43.75,44.35,70378925.0,46.14350000000002,0.0,1.6934122356945505,0.0,0.0,0.0,0.0,0.0,0.0,0.0
20190212,BTOW3,B2W DIGITAL,44.96,46.4,44.41,46.4,75703889.0,46.183500000000016,0.0,1.6893420550461011,0.0,0.0,0.0,0.0,0.0,0.0,0.0
20190213,BTOW3,B2W DIGITAL,46.45,46.85,45.39,46.37,90758780.0,46.18950000000002,0.0,1.689803710182749,0.0,0.0,0.0,0.0,0.0,0.0,0.0
20190214,BTOW3,B2W DIGITAL,47.0,47.69,45.37,47.5,74040579.0,46.16900000000002,0.0,1.6702061013697227,0.0,0.0,0.0,0.0,0.0,0.0,0.0
20190215,BTOW3,B2W DIGITAL,47.3,47.87,46.85,47.35,68473303.0,46.19900000000002,0.0,1.6865002691653368,0.0,0.0,0.0,0.0,0.0,0.0,0.0
20190218,BTOW3,B2W DIGITAL,47.24,47.68,46.37,47.47,25620993.0,46.27250000000002,0.0,1.7092499894151834,0.0,0.0,0.0,0.0,0.0,0.0,0.0
20190219,BTOW3,B2W DIGITAL,47.64,49.2,47.49,47.55,107886081.0,46.42500000000002,0.0,1.6785692529181262,0.0,0.0,0.0,0.0,0.0,0.0,0.0
20190220,BTOW3,B2W DIGITAL,48.25,48.42,45.0,45.0,141136600.0,46.47550000000002,0.0,1.6154630263406509,0.0,0.0,0.0,0.0,0.0,0.0,0.0
20190221,BTOW3,B2W DIGITAL,45.5,45.55,43.93,44.26,112293846.0,46.466000000000015,0.0,1.628507227332349,0.0,0.0,0.0,0.0,0.0,0.0,0.0
20190222,BTOW3,B2W DIGITAL,44.5,46.7,44.19,46.47,90105509.0,46.509000000000015,0.0,1.616021430290423,0.0,0.0,0.0,0.0,0.0,0.0,0.0
20190225,BTOW3,B2W DIGITAL,46.75,48.34,46.75,47.23,129576421.0,46.57200000000002,0.0,1.6184612575237232,0.0,0.0,0.0,0.0,0.0,0.0,0.0
20190226,BTOW3,B2W DIGITAL,47.39,47.95,46.64,47.13,78987258.0,46.53850000000001,0.0,1.5985166643847661,0.0,0.0,0.0,0.0,0.0,0.0,0.0
20190227,BTOW3,B2W DIGITAL,47.08,48.3,46.85,48.3,104457312.0,46.547500000000014,45.771,1.6083658755002523,2.0162071525642618,49.80341430512853,41.738585694871475,51.81962145769279,39.72237854230721,53.835828610257046,37.706171389742956
20190228,BTOW3,B2W DIGITAL,48.34,49.15,47.88,48.35,127930732.0,46.46500000000002,45.90474999999999,1.4571619857214195,2.005094776837886,49.914939553675765,41.89456044632422,51.92003433051365,39.889465669486334,53.92512910735154,37.88437089264845
20190301,BTOW3,B2W DIGITAL,48.46,50.13,48.38,49.31,115462471.0,46.52650000000001,46.05149999999999,1.5517944621088164,2.0346681831160156,50.12083636623202,41.98216363376796,52.15550454934804,39.94749545065194,54.19017273246405,37.91282726753593
20190306,BTOW3,B2W DIGITAL,49.0,49.4,47.7,48.47,50643679.0,46.552500000000016,46.213249999999995,1.58098195668655,1.9601352484733567,50.13352049694671,42.29297950305328,52.093655745420065,40.332844254579925,54.05379099389342,38.37270900610657
20190307,BTOW3,B2W DIGITAL,48.0,48.86,47.36,48.02,71556812.0,46.653500000000015,46.41024999999999,1.6081184657854064,1.714722804091617,49.83969560818323,42.980804391816754,51.55441841227484,41.26608158772514,53.26914121636646,39.551358783633525
20190308,BTOW3,B2W DIGITAL,47.31,49.9,47.31,49.9,60925814.0,46.92600000000001,46.607749999999996,1.6754273610351689,1.6473638420838168,49.90247768416763,43.31302231583236,51.54984152625145,41.66565847374854,53.19720536833526,40.01829463166473
20190311,BTOW3,B2W DIGITAL,49.9,50.88,49.59,50.48,44504009.0,47.24500000000001,46.750249999999994,1.7159238726826147,1.7296798095571828,50.20960961911436,43.29089038088563,51.93928942867154,41.561210571328445,53.668969238228726,39.83153076177126
20190312,BTOW3,B2W DIGITAL,49.2,49.48,47.9,47.9,138774199.0,47.39050000000001,46.78525,1.6361716387894463,1.7386274980349028,50.2625049960698,43.307995003930195,52.00113249410471,41.569367505895286,53.73975999213961,39.830740007860385
20190313,BTOW3,B2W DIGITAL,48.0,48.76,46.28,46.28,126118342.0,47.48700000000001,46.81525,1.4985329668150689,1.7186876142524112,50.25262522850482,43.37787477149518,51.97131284275723,41.65918715724277,53.690000457009646,39.94049954299035
20190314,BTOW3,B2W DIGITAL,46.68,47.65,46.0,47.65,72161978.0,47.54950000000001,46.8665,1.4767192478064668,1.7120725931170662,50.29064518623414,43.44235481376587,52.0027177793512,41.7302822206488,53.714790372468265,40.01820962753174
20190315,BTOW3,B2W DIGITAL,47.79,47.85,46.5,46.95,69768406.0,47.578500000000005,46.884,1.4579122600124905,1.7091845409059336,50.30236908181187,43.46563091818813,52.0115536227178,41.7564463772822,53.720738163623736,40.047261836376265
20190318,BTOW3,B2W DIGITAL,47.0,48.68,46.75,48.56,67427785.0,47.6315,46.90025,1.4740858898063929,1.7222294547683905,50.34470890953678,43.45579109046322,52.06693836430517,41.73356163569483,53.78916781907356,40.01133218092644
20190319,BTOW3,B2W DIGITAL,48.6,49.9,48.15,49.9,101436912.0,47.759,46.979,1.556436212702118,1.7860194962613583,50.55103899252271,43.406961007477285,52.33705848878407,41.620941511215925,54.123077985045434,39.834922014954564
20190320,BTOW3,B2W DIGITAL,49.59,50.88,49.18,49.9,139850711.0,47.8805,47.0765,1.6259814040498046,1.8369310387234679,50.75036207744694,43.40263792255307,52.58729311617041,41.5657068838296,54.42422415489388,39.72877584510613
20190321,BTOW3,B2W DIGITAL,48.5,48.5,46.51,46.75,208331180.0,47.840500000000006,47.13275,1.6442770767918473,1.7898574466943504,50.7124648933887,43.553035106611304,52.502322340083055,41.76317765991695,54.2921797867774,39.9733202132226
20190322,BTOW3,B2W DIGITAL,45.9,45.9,42.48,42.5,167840168.0,47.715500000000006,47.0955,1.940012140493751,1.8706230279830705,50.836746055966145,43.35425394403386,52.70736908394921,41.48363091605079,54.57799211193228,39.61300788806772
20190325,BTOW3,B2W DIGITAL,42.69,43.61,41.0,41.19,112328829.0,47.562,47.014,2.313344810123711,2.0511445210306083,51.11628904206122,42.91171095793879,53.167433563091826,40.86056643690818,55.218578084122434,38.80942191587757
20190326,BTOW3,B2W DIGITAL,41.95,43.13,41.9,42.21,110217643.0,47.349000000000004,46.92900000000001,2.597810616653953,2.1773823380733757,51.28376467614676,42.57423532385326,53.46114701422014,40.39685298577988,55.63852935229351,38.21947064770651
20190327,BTOW3,B2W DIGITAL,41.9,41.9,39.05,39.16,219510340.0,46.945499999999996,46.758750000000006,3.1789860598028814,2.497060002051649,51.7528700041033,41.76462999589671,54.249930006154955,39.26756999384506,56.7469900082066,36.77050999179341
20190328,BTOW3,B2W DIGITAL,39.61,41.77,38.38,41.46,130722871.0,46.662,46.60025000000001,3.4063587597315697,2.627100856506356,51.85445171301272,41.3460482869873,54.48155256951908,38.71894743048094,57.108653426025434,36.091846573974586
20190329,BTOW3,B2W DIGITAL,42.1,42.8,41.19,42.22,177517643.0,46.358000000000004,46.452750000000016,3.5218290702417687,2.704087113127946,51.86092422625591,41.04457577374412,54.56501133938386,38.340488660616174,57.2690984525118,35.636401547488234
20190401,BTOW3,B2W DIGITAL,42.87,43.2,41.69,42.0,98450545.0,46.0405,46.25275000000001,3.617721695094566,2.7307151195433352,51.71418023908669,40.79131976091334,54.44489535863002,38.060604641370006,57.175610478173354,35.32988952182667
20190402,BTOW3,B2W DIGITAL,41.9,42.67,40.48,41.29,84289106.0,45.6395,46.08300000000001,3.6801880315234476,2.8236766358047696,51.73035327160955,40.43564672839047,54.55402990741432,37.61197009258571,57.37770654321909,34.788293456780934
20190403,BTOW3,B2W DIGITAL,42.0,42.4,40.74,40.85,74646501.0,45.2585,45.90550000000001,3.7651885742947866,2.924657288710977,51.75481457742197,40.056185422578054,54.67947186613294,37.13152813386708,57.60412915484392,34.206870845156104
20190404,BTOW3,B2W DIGITAL,41.08,41.4,40.22,41.08,57838998.0,44.911500000000004,45.78250000000001,3.8167363779736445,3.0224058594912697,51.82731171898255,39.737688281017476,54.84971757847382,36.715282421526204,57.872123437965094,33.69287656203493
20190405,BTOW3,B2W DIGITAL,41.39,42.23,40.71,41.2,75159579.0,44.4765,45.70125000000001,3.7126218214994227,3.1017870676144894,51.904824135228985,39.49767586477103,55.00661120284347,36.395888797156545,58.10839827045797,33.29410172954205
20190408,BTOW3,B2W DIGITAL,41.35,41.36,39.01,39.15,86174806.0,43.910000000000004,45.577500000000015,3.61137676035929,3.2619191692417275,52.10133833848347,39.05366166151656,55.363257507725194,35.791742492274835,58.62517667696692,32.529823323033106
20190409,BTOW3,B2W DIGITAL,39.3,39.45,37.11,38.0,109643745.0,43.415000000000006,45.40275000000001,3.712753978553273,3.4745093639984317,52.35176872799688,38.45373127200315,55.826278091995306,34.97922190800472,59.30078745599374,31.504712544006285
20190410,BTOW3,B2W DIGITAL,38.39,38.75,36.63,36.65,204500825.0,42.9335,45.210250000000016,3.9391854287536727,3.73766860523563,52.685587210471276,37.73491278952876,56.42325581570691,33.99724418429312,60.160924420942536,30.259575579057497
20190411,BTOW3,B2W DIGITAL,36.83,38.61,35.54,38.6,225529189.0,42.48100000000001,45.015250000000016,3.888344120573692,3.874953754893605,52.76515750978723,37.2653424902128,56.64011126468083,33.3903887353192,60.515065019574436,29.515434980425596
20190412,BTOW3,B2W DIGITAL,37.89,38.29,36.77,37.6,100815632.0,42.01350000000001,44.796000000000014,3.8848305185547978,4.040890863950536,52.87778172790109,36.71421827209894,56.91867259185162,32.67332740814841,60.959563455802154,28.63243654419787
20190415,BTOW3,B2W DIGITAL,38.0,38.36,36.32,36.93,78723638.0,41.432,44.53175000000002,3.7202767299447532,4.20192989085875,52.93560978171752,36.127890218282516,57.13753967257627,31.925960327423766,61.33946956343502,27.724030436565016
20190416,BTOW3,B2W DIGITAL,36.75,37.04,35.58,35.58,97128460.0,40.71600000000001,44.23750000000002,3.365885196778814,4.40663936722991,53.05077873445984,35.4242212655402,57.45741810168975,31.01758189831029,61.864057468919654,26.61094253108038
20190417,BTOW3,B2W DIGITAL,35.95,36.79,35.61,36.28,135182461.0,40.03500000000001,43.95775000000002,2.7271683791839996,4.5490565308108355,53.05586306162169,34.859636938378344,57.60491959243252,30.310580407567514,62.15397612324336,25.761523876756677
20190418,BTOW3,B2W DIGITAL,36.48,38.39,36.16,37.9,108559319.0,39.59250000000001,43.71650000000002,2.25787947792661,4.60915118165856,52.93480236331714,34.498197636682896,57.54395354497569,29.88904645502434,62.153104726634254,25.279895273365778
20190422,BTOW3,B2W DIGITAL,37.95,38.19,36.81,37.1,59083562.0,39.322500000000005,43.51900000000002,2.214347652541448,4.720650650503852,52.960301301007725,34.077698698992315,57.680951951511574,29.357048048488465,62.40160260201543,24.636397397984613
20190423,BTOW3,B2W DIGITAL,37.31,39.14,37.31,39.14,88746330.0,39.220000000000006,43.39100000000002,2.1703625697589235,4.7692077501512165,52.929415500302454,33.852584499697585,57.698623250453664,29.08337674954637,62.46783100060489,24.314168999395154
20190424,BTOW3,B2W DIGITAL,39.12,39.45,37.11,37.65,82345840.0,38.992000000000004,43.17050000000002,2.0772466594534595,4.826748095714861,52.82399619142974,33.517003808570294,57.650744287144605,28.690255712855436,62.47749238285947,23.863507617140574
20190425,BTOW3,B2W DIGITAL,37.3,37.85,36.57,37.14,79942703.0,38.891000000000005,42.91825000000002,2.1173690228553452,4.872593626996407,52.66343725399284,33.173062746007204,57.536030880989244,28.3004691190108,62.40862450798565,23.427875492014394
20190426,BTOW3,B2W DIGITAL,37.24,37.65,36.67,37.26,56842260.0,38.681,42.67150000000002,2.0565707276665117,4.903651465215235,52.47880293043049,32.864197069569556,57.38245439564573,27.960545604354316,62.286105860860964,23.056894139139082
20190429,BTOW3,B2W DIGITAL,37.64,37.65,37.03,37.61,34571214.0,38.4505,42.40425000000002,1.8906987708530647,4.880279462101012,52.16480892420204,32.643691075797996,57.04508838630306,27.76341161369698,61.925367848404065,22.88313215159597
20190430,BTOW3,B2W DIGITAL,37.67,38.69,36.6,38.25,80683033.0,38.263,42.15175000000002,1.6960979986582903,4.8257418122462115,51.80323362449244,32.5002663755076,56.628975436738656,27.674524563261386,61.45471724898486,22.848782751015175
20190502,BTOW3,B2W DIGITAL,37.83,38.01,36.6,36.8,49727791.0,38.0385,41.83900000000002,1.5665559777993807,4.754786414356974,51.34857282871397,32.32942717128607,56.10335924307094,27.5746407569291,60.85814565742791,22.819854342572125
20190503,BTOW3,B2W DIGITAL,37.2,38.42,36.8,38.12,68536304.0,37.902,41.58025000000002,1.4208470416584251,4.665460917950431,50.91117183590088,32.24932816409916,55.576632753851314,27.583867246148728,60.24209367180174,22.918406328198298
20190506,BTOW3,B2W DIGITAL,37.21,38.99,36.98,38.8,48693577.0,37.788,41.349750000000014,1.231262082494827,4.5658394276942085,50.48142885538843,32.2180711446116,55.047268283082644,27.652231716917388,59.613107710776845,23.08639228922318
20190507,BTOW3,B2W DIGITAL,38.58,38.76,36.71,37.08,118430926.0,37.581999999999994,41.02925000000001,0.9407421482392025,4.3970965872306795,49.823443174461374,32.23505682553865,54.22053976169205,27.83796023830797,58.61763634892273,23.440863651077294
20190508,BTOW3,B2W DIGITAL,37.09,37.99,37.0,37.4,80425920.0,37.494499999999995,40.702250000000014,0.8656088517399484,4.156001213876552,49.01425242775312,32.390247572246906,53.17025364162967,28.234246358370356,57.32625485550622,24.078245144493806
20190509,BTOW3,B2W DIGITAL,37.05,37.18,36.15,36.15,86313417.0,37.401999999999994,40.40850000000002,0.9066224189409519,4.048061612736717,48.50462322547345,32.312376774526584,52.55268483821017,28.264315161789867,56.600746450946886,24.21625354905315
20190510,BTOW3,B2W DIGITAL,34.7,35.1,33.03,33.8,261055994.0,37.25949999999999,40.09650000000001,1.205690346036802,4.0648250664096945,48.2261501328194,31.966849867180624,52.290975199229095,27.90202480077093,56.35580026563879,23.837199734361235
20190513,BTOW3,B2W DIGITAL,33.4,33.59,32.3,32.3,87307520.0,36.94449999999999,39.712750000000014,1.5966295915557902,4.058005059644741,47.8287601192895,31.59673988071053,51.88676517893424,27.53873482106579,55.94477023857898,23.48072976142105
20190514,BTOW3,B2W DIGITAL,32.7,33.0,30.66,32.0,164730796.0,36.66449999999999,39.33900000000001,1.9315346366637112,4.062808047492396,47.464616094984805,31.21338390501522,51.5274241424772,27.150575857522824,55.5902321899696,23.087767810030428
20190515,BTOW3,B2W DIGITAL,31.1,32.98,30.92,32.33,93639024.0,36.43449999999999,38.93325000000001,2.1587654244717687,3.9264516423865117,46.78615328477303,31.080346715226984,50.712604927159546,27.153895072840474,54.63905656954606,23.22744343045396
20190516,BTOW3,B2W DIGITAL,32.1,32.59,31.73,32.02,88048316.0,36.25649999999999,38.486250000000005,2.369422037011078,3.6542737098024785,45.79479741960496,31.17770258039505,49.44907112940744,27.523428870592568,53.10334483920992,23.869155160790093
20190517,BTOW3,B2W DIGITAL,31.8,33.9,31.8,32.39,105149075.0,36.06199999999999,38.048500000000004,2.522130678195478,3.2817307425604523,44.61196148512091,31.4850385148791,47.89369222768136,28.203307772318645,51.17542297024181,24.921577029758197
20190520,BTOW3,B2W DIGITAL,32.58,34.22,32.58,33.91,86915836.0,35.86249999999999,37.727500000000006,2.5268929850499777,3.0268454849468767,43.78119096989376,31.673809030106252,46.80803645484063,28.646963545159377,49.834881939787515,25.620118060212498
20190521,BTOW3,B2W DIGITAL,34.3,35.1,33.99,34.6,110630133.0,35.73749999999999,37.53000000000001,2.5242880705573105,2.9645521130128456,43.4591042260257,31.600895773974315,46.423656339038544,28.636343660961472,49.38820845205139,25.671791547948626
20190522,BTOW3,B2W DIGITAL,35.0,35.05,33.25,33.3,57026314.0,35.44549999999999,37.332750000000004,2.446562518697366,2.9772435948502123,43.28723718970043,31.37826281029958,46.26448078455064,28.401019215449367,49.24172437940085,25.423775620599155
20190523,BTOW3,B2W DIGITAL,33.19,33.19,31.5,31.5,105437141.0,35.13799999999999,37.065000000000005,2.5396199467015292,3.0087948008871988,43.0825896017744,31.047410398225608,46.0913844026616,28.038615597338406,49.1001792035488,25.02982079645121
20190524,BTOW3,B2W DIGITAL,32.0,32.1,30.32,30.43,110084788.0,34.80249999999999,36.84675,2.699412947875513,3.1654783634121477,43.1777067268243,30.515793273175703,46.343185090236446,27.350314909763558,49.508663453648595,24.18483654635141
20190527,BTOW3,B2W DIGITAL,30.99,31.11,30.12,30.45,59530380.0,34.46199999999999,36.5715,2.800713442941596,3.2320340106740097,43.03556802134802,30.10743197865198,46.267602032022026,26.87539796797797,49.49963604269604,23.64336395730396
20190528,BTOW3,B2W DIGITAL,30.68,32.8,30.68,32.45,157422098.0,34.20399999999999,36.32725000000001,2.732291114951369,3.1626449394170355,42.65253987883408,30.001960121165936,45.81518481825111,26.8393151817489,48.97782975766815,23.676670242331866
20190529,BTOW3,B2W DIGITAL,32.54,33.8,32.02,32.23,119932506.0,33.90299999999999,36.083000000000006,2.5910516052469363,3.0897333716183306,42.262466743236665,29.903533256763346,45.352200114854995,26.813799885145013,48.44193348647333,23.724066513526683
20190530,BTOW3,B2W DIGITAL,32.5,33.7,31.79,32.42,98582524.0,33.68399999999999,35.861250000000005,2.5173595188944544,3.0240465227563114,41.90934304551263,29.813156954487383,44.933389568268936,26.78911043173107,47.95743609102525,23.76506390897476
20190531,BTOW3,B2W DIGITAL,32.35,32.61,31.2,31.4,94902697.0,33.34799999999999,35.625000000000014,2.3360506483334325,2.9932916449612015,41.611583289922415,29.63841671007761,44.60487493488362,26.64512506511641,47.59816657984482,23.651833420155207
20190603,BTOW3,B2W DIGITAL,31.75,32.37,30.26,30.7,91637535.0,32.943,35.36550000000001,2.0221486748402073,2.957983504054083,41.28146700810818,29.449532991891846,44.239450512162264,26.491549487837762,47.19743401621634,23.53356598378368
20190604,BTOW3,B2W DIGITAL,31.03,31.44,30.25,30.5,62627426.0,32.61399999999999,35.09800000000001,1.8407847296880617,2.900072678134325,40.898145356268664,29.297854643731363,43.798218034402986,26.39778196559704,46.698290712537315,23.497709287462712
20190605,BTOW3,B2W DIGITAL,30.72,31.18,29.8,29.98,78481124.0,32.242999999999995,34.86875000000001,1.5502227344210613,2.933797038668868,40.73634407733775,29.001155922662278,43.67014111600662,26.067358883993407,46.60393815467548,23.133561845324543
20190606,BTOW3,B2W DIGITAL,30.28,31.12,29.52,30.83,82084755.0,31.976999999999997,34.68950000000001,1.2768674662297226,2.956526851838264,40.602553703676534,28.77644629632348,43.559080555514804,25.819919444485215,46.515607407353066,22.863392592646953
20190607,BTOW3,B2W DIGITAL,31.26,31.44,30.19,31.07,103515404.0,31.840500000000002,34.550000000000004,1.2162084092526926,2.9930680597433894,40.536136119486784,28.563863880513225,43.52920417923017,25.57079582076984,46.522272238973564,22.577727761026445
20190610,BTOW3,B2W DIGITAL,31.0,32.07,30.76,31.91,100139459.0,31.821000000000005,34.38275000000001,1.2115709680107225,2.9475239391384958,40.277797878277,28.487702121723018,43.2253218174155,25.54017818258452,46.17284575655399,22.592654243446027
20190611,BTOW3,B2W DIGITAL,32.29,33.61,32.23,33.3,88796461.0,31.886000000000003,34.275250000000014,1.2557463706372172,2.905288711987096,40.08582742397421,28.464672576025823,42.991116135961306,25.559383864038725,45.896404847948396,22.65409515205163
20190612,BTOW3,B2W DIGITAL,33.51,33.55,31.61,31.81,98719367.0,31.859999999999996,34.14725000000001,1.2514454800245223,2.8981063556601203,39.94346271132025,28.351037288679766,42.84156906698037,25.452930933019644,45.73967542264049,22.554824577359526
20190613,BTOW3,B2W DIGITAL,32.1,32.95,31.9,32.29,60531363.0,31.873499999999996,34.06500000000001,1.254714373032707,2.903083241605714,39.87116648321144,28.258833516788584,42.77424972481715,25.35575027518287,45.67733296642287,22.452667033577157
20190614,BTOW3,B2W DIGITAL,32.29,32.46,31.0,31.15,71171107.0,31.811499999999995,33.93675000000001,1.258479763758479,2.916007445648339,39.76876489129669,28.10473510870333,42.68477233694503,25.188727663054994,45.600779782593364,22.272720217406654
20190617,BTOW3,B2W DIGITAL,31.36,32.51,31.08,31.43,92539980.0,31.687499999999993,33.77500000000001,1.1590825546185999,2.8696055299353467,39.5142110598707,28.03578894012932,42.38381658980605,25.166183410193973,45.2534221197414,22.296577880258624
20190618,BTOW3,B2W DIGITAL,32.05,33.23,31.9,33.23,95905276.0,31.618999999999993,33.67825000000001,1.0086149961836,2.8194279175128605,39.317105835025735,28.03939416497429,42.1365337525386,25.219966247461432,44.95596167005145,22.40053832994857
20190619,BTOW3,B2W DIGITAL,33.29,34.15,32.2,34.15,104490754.0,31.661499999999997,33.553500000000014,1.0971939088804394,2.678437690434123,38.91037538086826,28.196624619131768,41.58881307130238,25.518186928697645,44.267250761736506,22.839749238263522
20190621,BTOW3,B2W DIGITAL,34.49,35.49,34.3,34.55,139784292.0,31.813999999999993,33.47600000000001,1.2716561931923007,2.600584549673326,38.67716909934666,28.274830900653363,41.27775364901999,25.674246350980034,43.878338198693314,23.07366180130671
20190624,BTOW3,B2W DIGITAL,34.85,34.89,33.54,33.9,115726587.0,31.987499999999994,33.39500000000001,1.3090570129516956,2.5331190867568627,38.461238173513735,28.328761826486286,40.9943572602706,25.795642739729423,43.52747634702746,23.26252365297256
20190625,BTOW3,B2W DIGITAL,33.9,34.4,32.57,32.8,96004481.0,32.10499999999999,33.28350000000001,1.2686316706552743,2.4556032733112745,38.19470654662256,28.372293453377463,40.65030981993384,25.916690180066187,43.10591309324511,23.461086906754915
20190626,BTOW3,B2W DIGITAL,33.32,33.63,32.42,32.79,75379823.0,32.121999999999986,33.16300000000001,1.27575612254484,2.3540126135207924,37.8710252270416,28.454974772958426,40.225037840562386,26.100962159437636,42.57905045408318,23.74694954591684
20190627,BTOW3,B2W DIGITAL,32.54,32.64,31.72,32.64,92684455.0,32.142499999999984,33.022750000000016,1.2808667912168785,2.2056035716747053,37.433957143349424,28.611542856650605,39.63956071502413,26.4059392849759,41.84516428669884,24.200335713301193
20190628,BTOW3,B2W DIGITAL,33.0,33.33,32.63,32.72,58496985.0,32.157499999999985,32.92075000000001,1.2860337844461782,2.119087112958618,37.15892422591725,28.68257577408278,39.278011338875864,26.563488661124158,41.39709845183448,24.44440154816554
20190701,BTOW3,B2W DIGITAL,33.3,33.3,31.74,32.01,103840051.0,32.18799999999999,32.768000000000015,1.274303111921472,1.948007792328859,36.66401558465773,28.871984415342297,38.61202337698659,26.923976623013438,40.56003116931545,24.97596883068458
20190702,BTOW3,B2W DIGITAL,31.9,32.37,31.44,31.84,74437480.0,32.24499999999999,32.594000000000015,1.2289297868685358,1.6890276371255593,35.97205527425113,29.215944725748898,37.661082911376695,27.526917088623335,39.35011054850225,25.83788945149778
20190703,BTOW3,B2W DIGITAL,31.6,32.32,31.31,32.31,63188383.0,32.33549999999999,32.474750000000014,1.158276737226519,1.5245629680630883,35.52387593612619,29.425624063873837,37.04843890418928,27.90106109581075,38.57300187225237,26.37649812774766
20190704,BTOW3,B2W DIGITAL,32.62,34.28,32.5,34.28,116757014.0,32.550499999999985,32.39675000000001,1.0954137646522326,1.3340210806390322,35.06479216127808,29.728707838721945,36.39881324191711,28.394686758082916,37.732834322556144,27.060665677443883
20190705,BTOW3,B2W DIGITAL,34.07,35.78,33.65,35.78,128461059.0,32.79799999999999,32.38750000000001,1.236359681952621,1.3083650984220034,35.00423019684402,29.770769803156004,36.31259529526602,28.462404704734,37.62096039368802,27.154039606311997
20190708,BTOW3,B2W DIGITAL,35.88,36.48,35.35,36.47,129000047.0,33.067999999999984,32.454250000000016,1.4157519854164446,1.4434145547702737,35.341079109540566,29.56742089045947,36.78449366431084,28.124006335689195,38.22790821908111,26.68059178091892
20190710,BTOW3,B2W DIGITAL,36.9,39.37,36.75,39.21,205399262.0,33.432999999999986,32.62700000000002,1.9439707058655007,1.7951290218610478,36.21725804372211,29.036741956277922,38.01238706558316,27.24161293441687,39.807516087444206,25.446483912555827
20190711,BTOW3,B2W DIGITAL,39.45,39.9,38.05,39.52,214729554.0,33.743999999999986,32.81500000000001,2.371995384747449,2.0962946553504564,37.00758931070092,28.622410689299098,39.103883966051384,26.526116033948643,41.20017862140184,24.429821378598184
20190712,BTOW3,B2W DIGITAL,39.49,39.78,38.24,38.24,171591801.0,34.06549999999999,32.962750000000014,2.526775509158705,2.2628878616402064,37.488525723280425,28.436974276719603,39.751413584920634,26.174086415079394,42.014301446560836,23.91119855343919
20190715,BTOW3,B2W DIGITAL,38.5,38.5,36.92,37.13,106733521.0,34.30749999999999,33.09050000000002,2.5790122038037024,2.3508328584152354,37.79216571683049,28.38883428316955,40.14299857524573,26.038001424754313,42.49383143366096,23.68716856633908
20190716,BTOW3,B2W DIGITAL,37.0,37.11,35.46,35.83,142674461.0,34.5415,33.17650000000002,2.4881599098213325,2.387190763971192,37.9508815279424,28.402118472057634,40.33807229191359,26.014927708086443,42.72526305588479,23.62773694411525
20190717,BTOW3,B2W DIGITAL,36.4,37.68,36.11,36.87,140632228.0,34.8135,33.25050000000001,2.4267007600747452,2.4554146863719177,38.16132937274384,28.339670627256176,40.61674405911576,25.884255940884255,43.072158745487684,23.42884125451234
20190718,BTOW3,B2W DIGITAL,37.14,37.62,36.21,36.92,96399386.0,34.998,33.308500000000016,2.440208360387537,2.5147916771547507,38.33808335430952,28.278916645690515,40.852875031464265,25.764124968535764,43.36766670861902,23.249333291381014
20190719,BTOW3,B2W DIGITAL,36.98,36.98,35.81,35.98,60033796.0,35.0895,33.37550000000002,2.441046960457307,2.550013524348175,38.475527048696364,28.275472951303666,41.02554057304454,25.725459426955492,43.57555409739272,23.175445902607315
20190722,BTOW3,B2W DIGITAL,36.08,36.4,35.18,35.74,50965110.0,35.149,33.48150000000002,2.44170755609136,2.5581649572921563,38.59782991458433,28.365170085415706,41.15599487187649,25.80700512812355,43.71415982916864,23.248840170831393
20190723,BTOW3,B2W DIGITAL,35.82,36.08,34.59,35.02,121558703.0,35.205,33.59625000000001,2.4243360458397367,2.520443273488104,38.63713654697622,28.555363453023805,41.15757982046432,26.0349201795357,43.678023093952426,23.514476906047598
20190724,BTOW3,B2W DIGITAL,34.79,36.29,34.79,35.86,86510295.0,35.358000000000004,33.73150000000001,2.3602800904263677,2.492278897427762,38.71605779485554,28.746942205144485,41.2083366922833,26.254663307716726,43.70061558971106,23.762384410288963
20190725,BTOW3,B2W DIGITAL,36.2,36.65,35.03,35.49,91627237.0,35.49300000000001,33.80750000000001,2.281571711273645,2.4985418824708905,38.804583764941796,28.81041623505823,41.303125647412685,26.31187435258734,43.801667529883574,23.81333247011645
20190726,BTOW3,B2W DIGITAL,35.68,36.43,34.9,36.12,90404944.0,35.66700000000001,33.90475000000001,2.1831148678701537,2.511239338020205,38.927228676040414,28.882271323959596,41.43846801406062,26.371031985939393,43.94970735208083,23.859792647919186
20190729,BTOW3,B2W DIGITAL,36.1,36.95,35.65,36.95,92776408.0,35.87850000000001,34.01800000000001,2.0852925454237634,2.5444894707320596,39.10697894146413,28.929021058535888,41.65146841219619,26.384531587803828,44.19595788292825,23.840042117071768
20190730,BTOW3,B2W DIGITAL,36.99,37.28,36.15,36.59,101509223.0,36.10750000000001,34.14775,1.8794256541490517,2.5398894459081385,39.22752889181628,29.067971108183727,41.767418337724415,26.528081662275586,44.30730778363255,23.988192216367448
20190731,BTOW3,B2W DIGITAL,36.79,38.19,36.59,37.94,211767691.0,36.41250000000001,34.32875,1.6286671172917018,2.5458575579022216,39.42046511580444,29.237034884195555,41.966322673706664,26.691177326293335,44.51218023160889,24.14531976839111
20190801,BTOW3,B2W DIGITAL,38.12,39.14,37.61,38.05,192998295.0,36.6995,34.5175,1.3495046849628656,2.5345689463081107,39.58663789261622,29.448362107383776,42.12120683892433,26.913793161075667,44.65577578523244,24.379224214767554
20190802,BTOW3,B2W DIGITAL,37.99,38.65,37.3,38.35,96172189.0,36.903000000000006,34.726749999999996,1.2699776210211766,2.495561585736725,39.71787317147344,29.735626828526545,42.213434757210166,27.24006524278982,44.7089963429469,24.744503657053095
20190805,BTOW3,B2W DIGITAL,37.45,37.79,36.16,36.49,105380047.0,36.938500000000005,34.86825,1.2466429658127445,2.4285100291203525,39.72527005824071,30.011229941759296,42.15378008736106,27.582719912638947,44.58229011648142,25.154209883518593
20190806,BTOW3,B2W DIGITAL,36.58,37.4,36.19,37.11,82554809.0,36.9705,35.01925,1.2421902346046825,2.373439986979774,39.76612997395955,30.272370026040452,42.139569960939326,27.898930039060676,44.513009947919095,25.525490052080904
20190807,BTOW3,B2W DIGITAL,36.55,36.77,35.2,35.35,195565474.0,36.7775,35.10525,1.1739132712517255,2.319602074074552,39.7444541481491,30.466045851850893,42.064056222223655,28.14644377777634,44.38365829629821,25.82684170370179
20190808,BTOW3,B2W DIGITAL,35.47,37.87,35.47,37.41,191112553.0,36.672000000000004,35.208,0.9957678867137683,2.3285972447387318,39.86519448947746,30.550805510522537,42.19379173421619,28.222208265783802,44.52238897895492,25.89361102104507
20190809,BTOW3,B2W DIGITAL,41.5,44.05,40.41,44.05,431783772.0,36.9625,35.513999999999996,1.907436623766062,2.6523398475056625,40.81867969501132,30.209320304988672,43.471019542516984,27.556980457483007,46.12335939002264,24.904640609977346
20190812,BTOW3,B2W DIGITAL,42.91,43.88,42.02,43.15,155134531.0,37.2635,35.7855,2.3572179744239214,2.8614466038467974,41.508393207693594,30.062606792306404,44.36983981154039,27.201160188459607,47.23128641538719,24.33971358461281
20190813,BTOW3,B2W DIGITAL,43.17,44.84,43.17,44.33,144006206.0,37.6885,36.114999999999995,2.808268383860292,3.065544666541953,42.2460893330839,29.98391066691609,45.311633999625855,26.918366000374135,48.37717866616781,23.852821333832182
20190814,BTOW3,B2W DIGITAL,43.5,46.49,42.65,44.2,260374062.0,38.055,36.43425,3.152979376299222,3.2258816226869618,42.886013245373924,29.982486754626073,46.11189486806089,26.756605131939114,49.33777649074784,23.53072350925215
20190815,BTOW3,B2W DIGITAL,44.2,45.85,41.6,42.06,145153604.0,38.312000000000005,36.654999999999994,3.263152495751021,3.3022090508301174,43.25941810166023,30.050581898339757,46.561627152490345,26.748372847509643,49.86383620332046,23.446163796679524
20190816,BTOW3,B2W DIGITAL,42.67,43.22,40.65,42.45,115827197.0,38.63550000000001,36.8625,3.3396099283724743,3.4000887997453213,43.66267759949064,30.062322400509355,47.06276639923596,26.662233600764033,50.46285519898128,23.262144801018714
20190819,BTOW3,B2W DIGITAL,43.22,43.41,41.9,42.25,73511512.0,38.961000000000006,37.05499999999999,3.3597351086060008,3.4827737251381348,44.02054745027626,30.089452549723724,47.5033211754144,26.606678824585586,50.98609490055253,23.123905099447455
20190820,BTOW3,B2W DIGITAL,42.0,45.7,41.2,43.55,308456344.0,39.3875,37.29624999999999,3.3745017176029144,3.591163433720616,44.47857686744123,30.11392313255876,48.06974030116184,26.522759698838144,51.66090373488246,22.931596265117527
20190821,BTOW3,B2W DIGITAL,44.0,45.66,43.62,44.0,151608119.0,39.794500000000006,37.576249999999995,3.417269570254769,3.667423246535708,44.91109649307141,30.241403506928577,48.57851973960712,26.573980260392872,52.24594298614283,22.90655701385716
20190822,BTOW3,B2W DIGITAL,44.43,44.43,42.2,43.06,101296357.0,40.173,37.83299999999999,3.3336120760646315,3.683212922965109,45.19942584593021,30.466574154069775,48.88263876889532,26.783361231104664,52.56585169186043,23.100148308139556
20190823,BTOW3,B2W DIGITAL,42.02,43.4,40.51,41.88,106146168.0,40.461,38.06399999999999,3.211611990721652,3.638655570258624,45.34131114051724,30.786688859482744,48.97996671077586,27.148033289224124,52.61862228103449,23.509377718965496
20190826,BTOW3,B2W DIGITAL,42.3,42.81,40.74,41.06,64884074.0,40.6665,38.272499999999994,3.104848966578387,3.5627400503918922,45.397980100783776,31.14701989921621,48.96072015117567,27.584279848824316,52.52346020156756,24.021539798432425
20190827,BTOW3,B2W DIGITAL,42.0,42.17,39.62,41.33,208200477.0,40.903499999999994,38.50549999999999,2.954574107700542,3.445507628857115,45.39651525771422,31.61448474228576,48.842022886571336,28.168977113428646,52.28753051542845,24.72346948457153
20190828,BTOW3,B2W DIGITAL,41.0,44.41,40.86,44.41,154838466.0,41.227,38.81974999999999,2.9671962665469622,3.3948433652171257,45.60943673043424,32.030063269565744,49.00428009565137,28.635219904348617,52.399123460868495,25.24037653913149
20190829,BTOW3,B2W DIGITAL,45.0,47.25,44.44,45.76,247241617.0,41.6125,39.15599999999999,3.032832400318345,3.399627279721324,45.955254559442636,32.35674544055735,49.354881839163966,28.957118160836018,52.75450911888529,25.557490881114695
20190830,BTOW3,B2W DIGITAL,46.03,47.76,46.03,47.0,160124848.0,42.045,39.474,3.1573098142497136,3.5244536219580342,46.522907243916066,32.42509275608393,50.0473608658741,28.900639134125896,53.571814487832135,25.376185512167858
20190902,BTOW3,B2W DIGITAL,47.4,47.47,46.47,46.8,70563907.0,42.5605,39.7495,3.0421659095210902,3.656528373141595,47.062556746283185,32.43644325371681,50.71908511942478,28.779914880575213,54.37561349256638,25.123386507433615
20190903,BTOW3,B2W DIGITAL,46.77,47.18,45.9,45.9,83364514.0,42.99999999999999,39.98524999999999,2.841624813191741,3.742644743959405,47.470539487918806,32.49996051208118,51.21318423187821,28.757315768121778,54.95582897583761,25.014671024162375
20190904,BTOW3,B2W DIGITAL,46.5,47.1,46.08,47.07,61775661.0,43.586,40.181749999999994,2.346287997757448,3.9037666803833937,47.989283360766784,32.374216639233204,51.893050041150175,28.470449958849812,55.79681672153357,24.56668327846642
20190905,BTOW3,B2W DIGITAL,47.0,47.45,46.41,46.6,74760377.0,44.0455,40.35874999999999,1.9373706408427835,4.031412673124079,48.42157534624815,32.29592465375184,52.45298801937223,28.26451198062776,56.48440069249631,24.23309930750368
20190906,BTOW3,B2W DIGITAL,46.48,46.8,45.32,46.1,62685415.0,44.148,40.55524999999999,1.9911054850587784,4.116158270797687,48.78756654159536,32.32293345840461,52.90372481239305,28.206775187606926,57.019883083190734,24.09061691680924
20190909,BTOW3,B2W DIGITAL,46.2,46.5,43.08,43.5,184599053.0,44.1655,40.71449999999999,1.9833954803766498,4.10344567531437,48.921391350628724,32.50760864937125,53.0248370259431,28.404162974056874,57.12828270125747,24.300717298742505
20190910,BTOW3,B2W DIGITAL,41.32,42.08,40.22,41.4,328983104.0,44.019,40.85374999999999,2.076624031552325,4.02724165161623,48.90823330323245,32.79926669676753,52.93547495484869,28.7720250451513,56.96271660646491,24.74478339353507
20190911,BTOW3,B2W DIGITAL,42.49,43.01,42.0,42.75,152404864.0,43.9465,41.00075,2.095200718936293,3.985195286853428,48.971140573706855,33.03035942629314,52.95633586056028,29.045164139439713,56.94153114741371,25.059968852586284
20190912,BTOW3,B2W DIGITAL,43.37,43.5,42.19,43.12,97368488.0,43.9995,41.15574999999999,2.0580457644135692,3.9427543980813144,49.04125879616262,33.27024120383736,52.984013194243936,29.327486805756045,56.92676759232525,25.384732407674733
20190913,BTOW3,B2W DIGITAL,43.02,43.37,41.53,41.75,126078614.0,43.9645,41.29999999999999,2.0914650493448748,3.853069372557857,49.006138745115706,33.593861254884274,52.85920811767356,29.74079188232642,56.712277490231415,25.88772250976856
20190916,BTOW3,B2W DIGITAL,41.48,43.1,40.7,42.78,113369986.0,43.991,41.475999999999985,2.0718638951435926,3.752050242952623,48.98010048590523,33.97189951409474,52.73215072885785,30.219849271142117,56.48420097181048,26.467799028189493
20190917,BTOW3,B2W DIGITAL,42.5,43.41,42.18,43.41,80093624.0,43.983999999999995,41.68574999999999,2.073667993524518,3.6138550249042165,48.91346004980842,34.45803995019156,52.52731507471264,30.844184925287344,56.14117009961686,27.230329900383126
20190918,BTOW3,B2W DIGITAL,43.43,44.99,43.16,44.9,156731346.0,44.028999999999996,41.91175,2.083774156870577,3.521680024123076,48.95511004824615,34.86838995175385,52.476790072369226,31.34670992763077,55.9984700964923,27.825029903507694
20190919,BTOW3,B2W DIGITAL,45.45,47.67,45.24,47.48,214149819.0,44.25,42.211499999999994,2.2063759282682707,3.4709767708225256,49.15345354164504,35.269546458354945,52.62443031246757,31.798569687532417,56.0954070832901,28.32759291670989
20190920,BTOW3,B2W DIGITAL,47.4,47.84,46.33,47.52,162653539.0,44.532,42.4965,2.2475638273237757,3.4257108938445104,49.34792178768902,35.64507821231098,52.77363268153353,32.21936731846647,56.19934357537804,28.793656424621958
20190923,BTOW3,B2W DIGITAL,46.9,47.74,46.43,47.29,76668964.0,44.84349999999999,42.754999999999995,2.171471184534281,3.3863428575260626,49.52768571505212,35.98231428494787,52.91402857257818,32.59597142742181,56.30037143010425,29.209628569895745
20190924,BTOW3,B2W DIGITAL,47.54,49.44,46.64,49.35,138260785.0,45.244499999999995,43.074,2.2282669097422274,3.391700881828276,49.85740176365655,36.29059823634345,53.249102645484825,32.89889735451517,56.6408035273131,29.507196472686893
20190925,BTOW3,B2W DIGITAL,48.8,48.8,46.71,47.5,145388788.0,45.398999999999994,43.312999999999995,2.2740154607629677,3.3573052380649413,50.02761047612988,36.59838952387011,53.38491571419482,33.24108428580517,56.74222095225976,29.88377904774023
20190926,BTOW3,B2W DIGITAL,47.5,48.4,47.35,47.78,81804457.0,45.49999999999999,43.55624999999999,2.334936041048878,3.3184663491221738,50.19318269824434,36.91931730175564,53.51164904736651,33.60085095263347,56.83011539648869,30.282384603511296
20190927,BTOW3,B2W DIGITAL,47.68,48.83,47.2,48.83,73941714.0,45.591499999999996,43.81824999999999,2.430703331180105,3.3105820136692894,50.43941402733857,37.19708597266141,53.74999604100786,33.88650395899212,57.06057805467715,30.575921945322833
20190930,BTOW3,B2W DIGITAL,48.82,49.06,47.56,48.35,107971356.0,45.669,44.114749999999994,2.4951192356277345,3.165337902730351,50.445425805460694,37.78407419453929,53.610763708191044,34.61873629180894,56.7761016109214,31.45339838907859
20191001,BTOW3,B2W DIGITAL,48.01,49.31,47.27,48.61,158953400.0,45.804500000000004,44.402249999999995,2.5804497262053396,3.032261141162642,50.46677228232528,38.33772771767471,53.49903342348792,35.30546657651207,56.531294564650565,32.273205435349425
20191002,BTOW3,B2W DIGITAL,48.03,48.55,47.3,48.11,108753182.0,45.8565,44.72124999999999,2.6175063967145586,2.7095436151802286,50.140337230360444,39.30216276963954,52.849880845540675,36.59261915445931,55.559424460720905,33.883075539279076
20191003,BTOW3,B2W DIGITAL,48.1,48.45,46.85,48.1,87235646.0,45.9315,44.98849999999999,2.661058900829468,2.488064379989834,49.964628759979654,40.01237124002032,52.45269313996949,37.524306860030485,54.94075751995932,35.036242480040656
20191004,BTOW3,B2W DIGITAL,47.83,49.02,47.34,49.0,87857562.0,46.076499999999996,45.11224999999999,2.748303352213688,2.562185052565404,50.2366201051308,39.98787989486918,52.7988051576962,37.42569484230378,55.360990210261605,34.86350978973837
20191007,BTOW3,B2W DIGITAL,48.87,50.0,48.32,48.87,93793867.0,46.345,45.25524999999998,2.745653982109398,2.6090532593751794,50.47335651875034,40.03714348124962,53.08240977812552,37.42809022187444,55.6914630375007,34.81903696249927
20191008,BTOW3,B2W DIGITAL,48.85,49.48,47.26,47.67,110755627.0,46.6585,45.33874999999999,2.498111444566311,2.6320277719483753,50.60280554389674,40.07469445610324,53.234833315845115,37.442666684154865,55.866861087793495,34.810638912206485
