DATA DO PREGAO,CODIGO DE NEGOCIACAO DO PAPEL,NOME RESUMIDO DA EMPRESA EMISSORA,PRECO DE ABERTURA,PRECO MAXIMO,PRECO MINIMO,PRECO FECHAMENTO,VOLUME TOTAL DE TITULOS NEGOCIADOS NESTE PAPEL,MA_20,MA_40,STD_20,STD_40,BANDA_1_40 SUPERIOR,BANDA_1_40 INFERIOR,BANDA_2_40 SUPERIOR,BANDA_2_40 INFERIOR,BANDA_3_40 SUPERIOR,BANDA_3_40 INFERIOR
20190102,CSNA3,SID NACIONAL,8.77,9.32,8.7,9.21,96594832.0,0.0,0.0,0.0,0.0,0.0,0.0,0.0,0.0,0.0,0.0
20190103,CSNA3,SID NACIONAL,9.16,9.48,9.1,9.32,90442776.0,0.0,0.0,0.0,0.0,0.0,0.0,0.0,0.0,0.0,0.0
20190104,CSNA3,SID NACIONAL,9.37,9.88,9.37,9.75,128430554.0,0.0,0.0,0.0,0.0,0.0,0.0,0.0,0.0,0.0,0.0
20190107,CSNA3,SID NACIONAL,9.75,9.92,9.71,9.77,50616414.0,0.0,0.0,0.0,0.0,0.0,0.0,0.0,0.0,0.0,0.0
20190108,CSNA3,SID NACIONAL,9.85,9.88,9.71,9.8,67052663.0,0.0,0.0,0.0,0.0,0.0,0.0,0.0,0.0,0.0,0.0
20190109,CSNA3,SID NACIONAL,9.88,10.04,9.81,9.88,86405980.0,0.0,0.0,0.0,0.0,0.0,0.0,0.0,0.0,0.0,0.0
20190110,CSNA3,SID NACIONAL,9.82,9.99,9.72,9.98,59632655.0,0.0,0.0,0.0,0.0,0.0,0.0,0.0,0.0,0.0,0.0
20190111,CSNA3,SID NACIONAL,9.99,10.02,9.81,9.86,57286670.0,0.0,0.0,0.0,0.0,0.0,0.0,0.0,0.0,0.0,0.0
20190114,CSNA3,SID NACIONAL,9.75,9.86,9.66,9.77,48652541.0,0.0,0.0,0.0,0.0,0.0,0.0,0.0,0.0,0.0,0.0
20190115,CSNA3,SID NACIONAL,9.74,9.92,9.55,9.62,49256108.0,0.0,0.0,0.0,0.0,0.0,0.0,0.0,0.0,0.0,0.0
20190116,CSNA3,SID NACIONAL,9.68,9.94,9.62,9.94,72835605.0,0.0,0.0,0.0,0.0,0.0,0.0,0.0,0.0,0.0,0.0
20190117,CSNA3,SID NACIONAL,9.86,10.02,9.81,9.92,65413061.0,0.0,0.0,0.0,0.0,0.0,0.0,0.0,0.0,0.0,0.0
20190118,CSNA3,SID NACIONAL,9.99,10.14,9.83,9.84,76876981.0,0.0,0.0,0.0,0.0,0.0,0.0,0.0,0.0,0.0,0.0
20190121,CSNA3,SID NACIONAL,9.84,10.04,9.78,9.93,68461082.0,0.0,0.0,0.0,0.0,0.0,0.0,0.0,0.0,0.0,0.0
20190122,CSNA3,SID NACIONAL,9.85,9.92,9.7,9.79,80994942.0,0.0,0.0,0.0,0.0,0.0,0.0,0.0,0.0,0.0,0.0
20190123,CSNA3,SID NACIONAL,9.92,10.34,9.9,10.32,123273399.0,0.0,0.0,0.0,0.0,0.0,0.0,0.0,0.0,0.0,0.0
20190124,CSNA3,SID NACIONAL,10.39,10.49,10.27,10.37,63216997.0,0.0,0.0,0.0,0.0,0.0,0.0,0.0,0.0,0.0,0.0
20190128,CSNA3,SID NACIONAL,10.0,10.21,9.72,9.78,161064530.0,0.0,0.0,0.0,0.0,0.0,0.0,0.0,0.0,0.0,0.0
20190129,CSNA3,SID NACIONAL,9.85,10.16,9.82,10.04,91920657.0,0.0,0.0,0.0,0.0,0.0,0.0,0.0,0.0,0.0,0.0
20190130,CSNA3,SID NACIONAL,10.3,11.11,10.28,10.38,615266313.0,9.863499999999998,0.0,0.2919314086706346,0.0,0.0,0.0,0.0,0.0,0.0,0.0
20190131,CSNA3,SID NACIONAL,10.55,10.65,10.06,10.2,163226801.0,9.912999999999998,0.0,0.2571524225455648,0.0,0.0,0.0,0.0,0.0,0.0,0.0
20190201,CSNA3,SID NACIONAL,10.44,10.49,9.96,10.1,99601291.0,9.951999999999998,0.0,0.2187668790480433,0.0,0.0,0.0,0.0,0.0,0.0,0.0
20190204,CSNA3,SID NACIONAL,10.1,10.1,9.83,9.9,117457799.0,9.959499999999998,0.0,0.2139964338118995,0.0,0.0,0.0,0.0,0.0,0.0,0.0
20190205,CSNA3,SID NACIONAL,9.88,9.95,9.8,9.88,65548442.0,9.964999999999998,0.0,0.2102504771882691,0.0,0.0,0.0,0.0,0.0,0.0,0.0
20190206,CSNA3,SID NACIONAL,9.82,9.83,9.31,9.31,130140871.0,9.940499999999997,0.0,0.2544028094846523,0.0,0.0,0.0,0.0,0.0,0.0,0.0
20190207,CSNA3,SID NACIONAL,9.4,9.7,9.26,9.52,146943574.0,9.922499999999998,0.0,0.2710967005565204,0.0,0.0,0.0,0.0,0.0,0.0,0.0
20190208,CSNA3,SID NACIONAL,9.46,9.85,9.28,9.85,116253220.0,9.915999999999999,0.0,0.2712039434583659,0.0,0.0,0.0,0.0,0.0,0.0,0.0
20190211,CSNA3,SID NACIONAL,10.0,10.08,9.59,9.62,73263879.0,9.904,0.0,0.2790095263417967,0.0,0.0,0.0,0.0,0.0,0.0,0.0
20190212,CSNA3,SID NACIONAL,9.76,9.88,9.53,9.88,85277923.0,9.909499999999998,0.0,0.27730801799101545,0.0,0.0,0.0,0.0,0.0,0.0,0.0
20190213,CSNA3,SID NACIONAL,9.89,9.99,9.79,9.98,85304477.0,9.927499999999998,0.0,0.2690895957229041,0.0,0.0,0.0,0.0,0.0,0.0,0.0
20190214,CSNA3,SID NACIONAL,9.95,10.13,9.81,10.13,84729037.0,9.936999999999998,0.0,0.2728813121602798,0.0,0.0,0.0,0.0,0.0,0.0,0.0
20190215,CSNA3,SID NACIONAL,10.0,10.19,9.93,10.14,65228249.0,9.947999999999997,0.0,0.27656920709975974,0.0,0.0,0.0,0.0,0.0,0.0,0.0
20190218,CSNA3,SID NACIONAL,10.05,10.32,10.04,10.29,52939706.0,9.970499999999998,0.0,0.28548158757108266,0.0,0.0,0.0,0.0,0.0,0.0,0.0
20190219,CSNA3,SID NACIONAL,10.34,10.43,10.11,10.16,73025334.0,9.981999999999996,0.0,0.2883820565262622,0.0,0.0,0.0,0.0,0.0,0.0,0.0
20190220,CSNA3,SID NACIONAL,10.25,10.65,10.25,10.54,175808498.0,10.019499999999997,0.0,0.3100505052237043,0.0,0.0,0.0,0.0,0.0,0.0,0.0
20190221,CSNA3,SID NACIONAL,10.87,11.6,10.72,11.53,376324107.0,10.079999999999997,0.0,0.4556429811988662,0.0,0.0,0.0,0.0,0.0,0.0,0.0
20190222,CSNA3,SID NACIONAL,11.6,12.64,11.6,12.4,374297179.0,10.181499999999996,0.0,0.6896549480489665,0.0,0.0,0.0,0.0,0.0,0.0,0.0
20190225,CSNA3,SID NACIONAL,12.53,13.28,12.5,13.1,382542859.0,10.347499999999997,0.0,0.941504255517678,0.0,0.0,0.0,0.0,0.0,0.0,0.0
20190226,CSNA3,SID NACIONAL,13.2,13.32,12.71,13.19,337555680.0,10.504999999999997,0.0,1.1316336584081035,0.0,0.0,0.0,0.0,0.0,0.0,0.0
20190227,CSNA3,SID NACIONAL,13.08,13.17,12.61,12.68,251759950.0,10.619999999999997,10.24175,1.230784944231677,0.9624218582998485,12.166593716599696,8.316906283400304,13.129015574899546,7.354484425100454,14.091437433199394,6.392062566800606
20190228,CSNA3,SID NACIONAL,12.65,13.25,12.47,13.08,250597640.0,10.764,10.3385,1.342469836963907,1.0468598956047754,12.432219791209551,8.244780208790448,13.479079686814327,7.197920313185674,14.525939582419102,6.151060417580898
20190301,CSNA3,SID NACIONAL,13.23,14.0,13.16,13.85,339672496.0,10.9515,10.45175,1.4977466407907598,1.1714660713867289,12.794682142773459,8.108817857226542,13.966148214160187,6.937351785839814,15.137614285546917,5.765885714453085
20190306,CSNA3,SID NACIONAL,14.21,15.15,14.1,15.15,341444156.0,11.213999999999999,10.58675,1.743639267376383,1.3809424271777182,13.348634854355437,7.824865145644564,14.729577281533155,6.443922718466846,16.110519708710875,5.0629802912891275
20190307,CSNA3,SID NACIONAL,15.35,15.55,14.52,14.74,390876139.0,11.456999999999999,10.711000000000002,1.881172926380607,1.5219585896856553,13.754917179371313,7.667082820628691,15.276875769056968,6.145124230943036,16.798834358742624,4.623165641257381
20190308,CSNA3,SID NACIONAL,14.54,14.6,13.75,13.76,286325527.0,11.679499999999999,10.81,1.877028656932914,1.5885197108613014,13.987039421722603,7.632960578277398,15.575559132583905,6.044440867416096,17.164078843445207,4.455921156554795
20190311,CSNA3,SID NACIONAL,13.93,14.63,13.89,14.56,242001275.0,11.931499999999998,10.927000000000001,1.909880886338206,1.687529221019557,14.302058442039115,7.5519415579608875,15.989587663058671,5.864412336941331,17.67711688407823,4.176883115921774
20190312,CSNA3,SID NACIONAL,14.6,14.86,13.91,14.17,343102017.0,12.147499999999997,11.03175,1.9063657212502294,1.7558968597418478,14.543543719483697,7.519956280516305,16.299440579225546,5.764059420774457,18.055337438967392,4.008162561032609
20190313,CSNA3,SID NACIONAL,14.29,15.66,14.2,15.49,407670547.0,12.440999999999997,11.172500000000001,1.9481648584730935,1.8807687326306302,14.934037465261262,7.410962534738741,16.81480619789189,5.53019380210811,18.695574930522522,3.6494250694774806
20190314,CSNA3,SID NACIONAL,15.6,15.78,15.21,15.4,264129209.0,12.716999999999995,11.31325,1.9572405386962037,1.9811074182295376,15.275464836459076,7.351035163540924,17.256572254688614,5.369927745311387,19.23767967291815,3.3888203270818495
20190315,CSNA3,SID NACIONAL,15.6,15.68,15.35,15.61,158214781.0,12.998499999999996,11.463000000000001,1.9477173549406135,2.074043740111919,15.611087480223839,7.314912519776163,17.68513122033576,5.240868779664244,19.759174960447677,3.166825039552325
20190318,CSNA3,SID NACIONAL,15.7,16.42,15.55,16.3,220168873.0,13.306999999999997,11.622000000000002,1.9580685972608234,2.1945762981052015,16.011152596210405,7.232847403789599,18.205728894315605,5.038271105684397,20.40030519242081,2.8436948075791957
20190319,CSNA3,SID NACIONAL,16.45,17.42,15.54,15.68,569999036.0,13.583999999999998,11.766000000000002,1.8766330432312524,2.2677875810623256,16.301575162124653,7.230424837875351,18.56936274318698,4.962637256813025,20.837150324249304,2.6948496757506994
20190320,CSNA3,SID NACIONAL,15.39,16.5,15.15,15.9,490808921.0,13.864499999999996,11.9175,1.7748698247299342,2.337179705191489,16.59185941038298,7.243140589617022,18.92903911557447,4.905960884425533,21.266218820765957,2.568781179234044
20190321,CSNA3,SID NACIONAL,16.11,16.39,15.37,15.58,378136686.0,14.135499999999993,12.05875,1.582867068927383,2.3842411978957982,16.827232395791597,7.290267604208403,19.211473593687394,4.906026406312606,21.59571479158319,2.521785208416807
20190322,CSNA3,SID NACIONAL,15.25,15.6,14.92,14.96,192377297.0,14.356499999999992,12.187999999999999,1.3451522120876283,2.398190771051998,16.984381542103996,7.391618457896003,19.382572313155993,4.993427686844005,21.78076308420799,2.5952369157920074
20190325,CSNA3,SID NACIONAL,14.9,15.37,14.73,14.9,157431734.0,14.524999999999991,12.302499999999998,1.172440100590949,2.415986022628952,17.1344720452579,7.470527954742095,19.550458067886854,5.054541932113143,21.966444090515807,2.6385559094841913
20190326,CSNA3,SID NACIONAL,15.3,15.99,15.22,15.84,203580340.0,14.696999999999992,12.439249999999998,1.09399364955341,2.4582351262435083,17.355720252487014,7.522779747512981,19.813955378730522,5.064544621269473,22.27219050497403,2.6063094950259647
20190327,CSNA3,SID NACIONAL,15.7,15.7,15.02,15.03,219147860.0,14.79349999999999,12.5705,1.0288945268434724,2.4527597747884955,17.47601954957699,7.664980450423008,19.928779324365486,5.212220675634512,22.381539099153983,2.759460900846017
20190328,CSNA3,SID NACIONAL,15.27,15.99,15.25,15.68,284579169.0,14.917999999999989,12.711499999999997,0.9738291215068329,2.4656382644828603,17.64277652896572,7.780223471034277,20.108414793448578,5.314585206551417,22.574053057931437,2.8489469420685563
20190329,CSNA3,SID NACIONAL,16.12,16.77,16.07,16.25,364295501.0,15.096499999999988,12.858249999999995,0.8628854592525634,2.4977896767403713,17.853829353480737,7.862670646519252,20.35161903022111,5.364880969778881,22.84940870696148,2.8670912930385093
20190401,CSNA3,SID NACIONAL,16.9,17.13,16.75,16.92,222350684.0,15.28849999999999,13.026249999999994,0.8165542171060778,2.5400471300897003,18.106344260179394,7.946155739820593,20.646391390269095,5.406108609730893,23.186438520358795,2.8660614796411927
20190402,CSNA3,SID NACIONAL,17.13,17.39,16.44,16.88,315524489.0,15.439999999999989,13.195749999999993,0.8167006795638388,2.565855570310283,18.32746114062056,8.064038859379426,20.89331671093084,5.498183289069145,23.459172281241123,2.9323277187588612
20190403,CSNA3,SID NACIONAL,17.26,17.49,16.97,17.13,311346242.0,15.53899999999999,13.376499999999993,0.8958671189059673,2.5823389815019673,18.54117796300393,8.211822036996058,21.123516944505894,5.629483055494092,23.705855926007864,3.047144073992124
20190404,CSNA3,SID NACIONAL,17.3,17.4,16.56,16.98,298715571.0,15.650999999999991,13.553999999999993,0.9300871492839772,2.579852708973906,18.713705417947807,8.394294582052181,21.29355812692171,5.814441873078275,23.87341083589562,3.234589164104369
20190405,CSNA3,SID NACIONAL,17.04,17.04,16.61,16.81,185015541.0,15.80349999999999,13.741499999999993,0.8503390964476497,2.5356621044004086,18.812824208800812,8.670175791199176,21.34848631320122,6.134513686798767,23.88414841760163,3.5988515823983587
20190408,CSNA3,SID NACIONAL,16.86,17.29,16.82,17.15,172698767.0,15.93299999999999,13.932249999999993,0.8482123616915476,2.496639266735411,18.925528533470814,8.938971466529171,21.422167800206225,6.442332199793759,23.91880706694164,3.945692933058348
20190409,CSNA3,SID NACIONAL,17.04,17.13,16.42,16.72,190529921.0,16.060499999999987,14.103999999999994,0.7558855037218796,2.444365367796323,18.99273073559264,9.215269264407347,21.437096103388964,6.770903896611024,23.881461471185286,4.326538528814702
20190410,CSNA3,SID NACIONAL,16.85,16.92,16.0,16.11,288557654.0,16.09149999999999,14.266249999999994,0.7438751663807124,2.352776523980736,18.971803047961465,9.560696952038523,21.324579571942202,7.207920428057786,23.67735609592294,4.85514390407705
20190411,CSNA3,SID NACIONAL,15.95,15.96,15.45,15.6,203975668.0,16.10149999999999,14.409249999999995,0.7353858636260902,2.250974019943709,18.911198039887413,9.907301960112576,21.16217205983112,7.656327940168867,23.413146079774833,5.405353920225158
20190412,CSNA3,SID NACIONAL,15.3,16.39,15.23,16.15,324628841.0,16.12849999999999,14.563499999999994,0.726246840739599,2.1487546184374837,18.861009236874963,10.265990763125027,21.009763855312446,8.117236144687542,23.15851847374993,5.968481526250059
20190415,CSNA3,SID NACIONAL,16.32,16.79,15.96,16.22,279848402.0,16.124499999999987,14.715749999999995,0.7254724413497267,2.039542290909963,18.79483458181992,10.636665418180069,20.834376872729884,8.597123127270105,22.873919163639847,6.557580836360142
20190416,CSNA3,SID NACIONAL,16.08,16.77,15.62,15.62,369016104.0,16.121499999999987,14.852749999999995,0.7275284403918415,1.9038355179708109,18.660421035941617,11.045078964058373,20.56425655391243,9.141243446087563,22.468092071883238,7.237407928116752
20190417,CSNA3,SID NACIONAL,15.81,16.02,15.15,15.35,314805686.0,16.093999999999987,14.979249999999997,0.7464893273111891,1.7551935936762242,18.489637187352447,11.468862812647549,20.244830781028668,9.713669218971324,22.000024374704893,7.9584756252951
20190418,CSNA3,SID NACIONAL,15.3,15.71,15.1,15.27,152056389.0,16.078499999999988,15.106999999999996,0.7608048024089089,1.5718194585436385,18.250638917087272,11.96336108291272,19.822458375630912,10.39154162436908,21.39427783417455,8.819722165825443
20190422,CSNA3,SID NACIONAL,15.18,15.28,14.77,14.86,134088940.0,16.07349999999999,15.214999999999998,0.7688287400838923,1.3875915308224762,17.99018306164495,12.439816938355046,19.377774592467425,11.05222540753257,20.7653661232899,9.664633876710093
20190423,CSNA3,SID NACIONAL,15.0,15.28,14.93,15.19,164659084.0,16.08799999999999,15.3065,0.7479839570472339,1.2524592219166695,17.81141844383334,12.80158155616666,19.06387766575001,11.549122334249992,20.31633688766668,10.296663112333322
20190424,CSNA3,SID NACIONAL,15.18,15.26,14.54,14.75,206083030.0,16.033499999999993,15.36525,0.8045742581279515,1.1646656557757666,17.694581311551534,13.035918688448467,18.8592469673273,11.8712530326727,20.023912623103065,10.706587376896934
20190425,CSNA3,SID NACIONAL,14.75,14.93,14.43,14.51,163909704.0,16.007499999999993,15.4005,0.846042645435072,1.114609164570073,17.629718329140147,13.171281670859853,18.74432749371022,12.056672506289779,19.858936658280292,10.942063341719706
20190426,CSNA3,SID NACIONAL,14.48,14.87,14.28,14.83,131835623.0,15.964999999999993,15.4415,0.8838641238752268,1.0600400331095419,17.561580066219083,13.321419933780916,18.621620099328624,12.261379900671374,19.681660132438168,11.201339867561831
20190429,CSNA3,SID NACIONAL,15.0,15.08,14.45,14.45,130577084.0,15.874999999999991,15.485750000000001,0.9429823908608913,0.9753707710535761,17.436491542107152,13.535008457892848,18.41186231316073,12.559637686839274,19.387233084214305,11.584266915785697
20190430,CSNA3,SID NACIONAL,14.5,14.83,14.25,14.54,176487665.0,15.755999999999991,15.52225,0.9542723874626796,0.9080282597545227,17.338306519509047,13.706193480490954,18.246334779263567,12.798165220736431,19.15436303901809,11.89013696098191
20190502,CSNA3,SID NACIONAL,14.2,14.26,13.83,13.89,272125501.0,15.606499999999992,15.523249999999999,1.0019364146229075,0.9061595136081564,17.335569027216312,13.710930972783686,18.241728540824468,12.80477145917553,19.147888054432624,11.898611945567374
20190503,CSNA3,SID NACIONAL,13.58,14.3,13.48,14.3,172413812.0,15.464999999999993,15.501999999999999,0.9749250983375388,0.9249094203744723,17.351818840748944,13.652181159251054,18.276728261123417,12.727271738876581,19.20163768149789,11.802362318502109
20190506,CSNA3,SID NACIONAL,13.93,14.38,13.88,14.24,132113765.0,15.327999999999992,15.489499999999998,0.9428154923587212,0.9387469826507587,17.366993965301514,13.61200603469848,18.305740947952273,12.673259052047722,19.244487930603032,11.734512069396963
20190507,CSNA3,SID NACIONAL,14.5,14.63,14.05,14.18,222469514.0,15.196499999999991,15.499999999999996,0.9080011303030506,0.9210890989503321,17.34217819790066,13.657821802099333,18.26326729685099,12.736732703149,19.184356395801323,11.815643604198668
20190508,CSNA3,SID NACIONAL,14.29,14.52,14.2,14.27,128829177.0,15.052499999999991,15.492749999999997,0.8043426541364053,0.9297779925254318,17.35230598505086,13.633194014949133,18.282083977576292,12.703416022423703,19.211861970101726,11.77363802989827
20190509,CSNA3,SID NACIONAL,13.97,14.28,13.6,14.25,214263325.0,14.928999999999991,15.49475,0.7200431273633525,0.9269414483763013,17.3486328967526,13.640867103247396,18.275574345128902,12.713925654871096,19.202515793505206,11.786984206494795
20190510,CSNA3,SID NACIONAL,14.3,14.58,14.01,14.39,127851878.0,14.84299999999999,15.467249999999998,0.6727250161607341,0.943259453934019,17.353768907868037,13.58073109213196,18.297028361802056,12.63747163819794,19.240287815736075,11.694212184263922
20190513,CSNA3,SID NACIONAL,14.0,14.13,13.71,13.71,129250955.0,14.748499999999988,15.425,0.6932249198302983,0.9833459364685639,17.39169187293713,13.458308127062873,18.375037809405693,12.474962190594308,19.358383745874256,11.491616254125745
20190514,CSNA3,SID NACIONAL,13.98,14.4,13.97,14.33,181700050.0,14.657499999999988,15.393,0.6145591059750738,0.9978905957196145,17.38878119143923,13.397218808560773,18.386671787158843,12.399328212841157,19.384562382878457,11.401437617121543
20190515,CSNA3,SID NACIONAL,14.0,14.44,13.8,14.33,162069112.0,14.562999999999988,15.343750000000004,0.4954115779621907,1.0005887689832373,17.344927537966477,13.342572462033528,18.345516306949715,12.341983693050292,19.346105075932954,11.341394924067053
20190516,CSNA3,SID NACIONAL,14.65,15.25,14.61,14.99,283993198.0,14.531499999999989,15.326500000000005,0.4417938909777995,1.0005909792179386,17.327681958435882,13.325318041564127,18.32827293765382,12.324727062346188,19.32886391687176,11.32413608312825
20190517,CSNA3,SID NACIONAL,15.35,15.64,15.31,15.39,234600034.0,14.533499999999986,15.313750000000004,0.44576693225807756,0.9963360762930763,17.30642215258616,13.321077847413852,18.302758228879235,12.324741771120776,19.29909430517231,11.3284056948277
20190520,CSNA3,SID NACIONAL,15.34,15.67,15.23,15.39,140555148.0,14.539499999999986,15.309000000000003,0.4568712245146486,0.995486738311391,17.299973476622785,13.31802652337722,18.295460214934174,12.32253978506583,19.290946953245566,11.32705304675444
20190521,CSNA3,SID NACIONAL,15.53,16.62,15.53,16.62,247630526.0,14.627499999999987,15.350500000000002,0.6503753976702822,1.014974927061801,17.380449854123604,13.3205501458764,18.395424781185405,12.3055752188146,19.410399708247205,11.2906002917528
20190522,CSNA3,SID NACIONAL,16.85,17.43,16.46,17.14,321552609.0,14.724999999999985,15.406500000000003,0.8535652782362739,1.0506494938724165,17.507798987744835,13.30520101225517,18.55844848161725,12.254551518382755,19.609097975489668,11.203902024510338
20190523,CSNA3,SID NACIONAL,16.9,17.31,16.75,16.95,209028303.0,14.834999999999985,15.434250000000002,0.9881109036412754,1.0767279195881005,17.587705839176202,13.2807941608238,18.664433758764304,12.2040662412357,19.741161678352405,11.1273383216476
20190524,CSNA3,SID NACIONAL,17.22,17.45,17.2,17.23,172884477.0,14.970999999999986,15.489250000000004,1.1194777917921506,1.1111864472323387,17.711622894464682,13.266877105535325,18.82280934169702,12.155690658302987,19.93399578892936,11.044504211070649
20190527,CSNA3,SID NACIONAL,17.7,18.2,17.48,18.2,201239322.0,15.139499999999988,15.552250000000006,1.330810892493365,1.1908593912564138,17.933968782512835,13.170531217487179,19.12482817376925,11.979671826230764,20.315687565025662,10.78881243497435
20190528,CSNA3,SID NACIONAL,18.0,18.27,17.43,17.43,416591869.0,15.288499999999988,15.581750000000005,1.4137865356626833,1.2227750857195354,18.027300171439077,13.136199828560933,19.25007525715861,11.913424742841398,20.472850342878147,10.690649657121863
20190529,CSNA3,SID NACIONAL,17.0,17.2,16.53,16.71,282812113.0,15.396999999999986,15.576500000000006,1.436406700947317,1.2173206180704794,18.011141236140965,13.141858763859048,19.228461854211446,11.924538145788567,20.445782472281923,10.70721752771809
20190530,CSNA3,SID NACIONAL,16.67,17.3,16.67,16.9,203040674.0,15.547499999999985,15.577000000000007,1.4278613930962545,1.2178737250866434,18.012747450173293,13.14125254982672,19.230621175259937,11.923378824740077,20.44849490034658,10.705505099653433
20190531,CSNA3,SID NACIONAL,16.69,16.82,16.51,16.54,136882229.0,15.659499999999985,15.562250000000006,1.41262903462789,1.2020527048046654,17.966355409609335,13.158144590390675,19.168408114414003,11.956091885586009,20.370460819218668,10.754039180781344
20190603,CSNA3,SID NACIONAL,16.53,16.6,15.89,16.08,172425128.0,15.751499999999984,15.539750000000007,1.3747239914366882,1.1831086550877719,17.90596731017555,13.173532689824462,19.089075965263323,11.99042403473669,20.272184620351094,10.80731537964892
20190604,CSNA3,SID NACIONAL,16.36,16.87,16.35,16.79,174516134.0,15.881999999999985,15.539250000000006,1.3411644586937121,1.1825621629456846,17.904374325891375,13.174125674108637,19.08693648883706,11.991563511162951,20.269498651782744,10.809001348217269
20190605,CSNA3,SID NACIONAL,17.0,17.13,16.13,16.18,195456605.0,15.977499999999987,15.515000000000006,1.2872568753585802,1.1583830463414462,17.831766092682898,13.198233907317114,18.990149139024346,12.039850860975667,20.14853218536579,10.88146781463422
20190606,CSNA3,SID NACIONAL,16.38,16.73,16.17,16.6,130928560.0,16.094999999999988,15.512000000000006,1.2271211495975103,1.1553336736354154,17.822667347270837,13.201332652729175,18.97800102090625,12.04599897909376,20.133334694541666,10.890665305458345
20190607,CSNA3,SID NACIONAL,16.71,16.97,16.52,16.59,113761457.0,16.204999999999988,15.524000000000006,1.1631784946973347,1.1641631747465235,17.852326349493055,13.19567365050696,19.016489524239578,12.031510475760435,20.1806526989861,10.867347301013911
20190610,CSNA3,SID NACIONAL,16.65,17.29,16.59,17.24,161053737.0,16.38149999999999,15.565000000000007,1.024177590480356,1.195369270270781,17.955738540541567,13.174261459458444,19.15110781081235,11.978892189187665,20.34647708108313,10.783522918916884
20190611,CSNA3,SID NACIONAL,17.75,18.24,17.73,18.22,295874239.0,16.57599999999999,15.616750000000007,0.9826034162795549,1.2641717416188751,18.14509348323776,13.088406516762257,19.409265224856632,11.824234775143381,20.673436966475506,10.560063033524507
20190612,CSNA3,SID NACIONAL,18.1,18.2,17.07,17.2,332534846.0,16.71949999999999,15.641250000000008,0.8359581644027537,1.2854794326611685,18.212208865322346,13.070291134677671,19.497688297983515,11.784811702016503,20.78316773064468,10.499332269355335
20190613,CSNA3,SID NACIONAL,17.5,17.6,17.09,17.12,192159219.0,16.82599999999999,15.678750000000008,0.7334159443102283,1.3065499440933226,18.291849888186654,13.065650111813362,19.598399832279977,11.75910016772004,20.9049497763733,10.452550223626718
20190614,CSNA3,SID NACIONAL,17.12,17.16,16.52,16.77,166837584.0,16.89499999999999,15.714250000000007,0.6515528011079545,1.3166408063023571,18.347531612604723,13.080968387395293,19.66417241890708,11.764327581092935,20.980813225209435,10.44768677479058
20190617,CSNA3,SID NACIONAL,16.55,16.55,16.31,16.37,112259610.0,16.943999999999992,15.741750000000007,0.5632836062346165,1.3186101608930005,18.378970321786007,13.104529678214005,19.697580482679008,11.785919517321005,21.01619064357201,10.467309356428004
20190618,CSNA3,SID NACIONAL,16.9,17.15,16.71,16.89,221859228.0,16.95749999999999,15.792500000000008,0.5583233829959506,1.3228616029323812,18.43822320586477,13.146776794135246,19.76108480879715,11.823915191202865,21.08394641172953,10.501053588270484
20190619,CSNA3,SID NACIONAL,17.13,17.3,16.45,16.6,257153710.0,16.93049999999999,15.827750000000005,0.5620776777185842,1.325179208974184,18.478108417948373,13.177391582051637,19.803287626922558,11.852212373077453,21.12846683589674,10.527033164103269
20190621,CSNA3,SID NACIONAL,16.78,16.97,16.5,16.5,170917019.0,16.907999999999994,15.871500000000006,0.5702040262739207,1.3175512445636757,18.506602489127356,13.236397510872655,19.824153733691034,11.918846266308979,21.141704978254708,10.601295021745305
20190624,CSNA3,SID NACIONAL,16.6,16.67,16.21,16.44,133769361.0,16.86849999999999,15.919750000000008,0.5740738536754019,1.30165671062216,18.523063421244327,13.316436578755688,19.82472013186649,12.014779868133527,21.126376842488646,10.713123157511369
20190625,CSNA3,SID NACIONAL,16.37,16.42,16.0,16.08,116839475.0,16.762499999999992,15.951000000000008,0.5070957036217332,1.28977398139245,18.530547962784908,13.371452037215107,19.82032194417736,12.081678055822657,21.11009592556981,10.791904074430207
20190626,CSNA3,SID NACIONAL,16.2,16.49,16.11,16.16,139118776.0,16.69899999999999,15.993750000000006,0.49855475336747546,1.2668832895064874,18.527516579012982,13.459983420987031,19.79439986851947,12.193100131480543,21.061283158025955,10.926216841974057
20190627,CSNA3,SID NACIONAL,16.3,16.58,16.22,16.47,117421976.0,16.68699999999999,16.04200000000001,0.5011576073137692,1.2466883310883294,18.535376662176667,13.54862333782335,19.782064993264996,12.30193500673502,21.028753324353325,11.055246675646691
20190628,CSNA3,SID NACIONAL,16.66,16.8,16.47,16.71,170474987.0,16.67749999999999,16.112500000000008,0.498702263247784,1.20076204436162,18.514024088723247,13.710975911276767,19.714786133084868,12.510213866915148,20.91554817744649,11.309451822553527
20190701,CSNA3,SID NACIONAL,17.15,17.25,16.86,16.99,143750356.0,16.699999999999992,16.17975000000001,0.5023104512885684,1.171622778840291,18.52299555768059,13.836504442319427,19.694618336520882,12.664881663479136,20.866241115361174,11.493258884638845
20190702,CSNA3,SID NACIONAL,17.19,17.19,16.17,16.43,201657210.0,16.717499999999994,16.234500000000008,0.485385088574595,1.1290498614957625,18.49259972299153,13.976400277008484,19.621649584487294,12.84735041551272,20.75069944598306,11.718300554016958
20190703,CSNA3,SID NACIONAL,16.6,16.9,16.34,16.85,225708036.0,16.720499999999994,16.30125000000001,0.48604174609534273,1.0824359695636223,18.466121939127255,14.136378060872765,19.548557908690878,13.053942091309143,20.6309938782545,11.97150612174552
20190704,CSNA3,SID NACIONAL,16.85,17.11,16.78,16.92,98207496.0,16.757499999999993,16.36750000000001,0.4706532414466644,1.0349823484187899,18.43746469683759,14.29753530316243,19.47244704525638,13.26255295474364,20.50742939367517,12.22757060632485
20190705,CSNA3,SID NACIONAL,16.4,16.7,16.33,16.7,113320848.0,16.762499999999992,16.42875000000001,0.4694215365185222,0.9773464532823567,18.383442906564724,14.474057093435299,19.360789359847082,13.49671064015294,20.338135813129437,12.519364186870584
20190708,CSNA3,SID NACIONAL,16.7,17.31,16.7,17.24,150268061.0,16.794999999999995,16.50000000000001,0.47924831493544484,0.9275222023743952,18.355044404748803,14.64495559525122,19.282566607123197,13.717433392876824,20.21008880949759,12.78991119050243
20190710,CSNA3,SID NACIONAL,17.42,17.57,17.24,17.24,184344222.0,16.794999999999995,16.58825000000001,0.47924831493544484,0.8165527523901381,18.221355504780284,14.955144495219733,19.03790825717042,14.138591742829595,19.854461009560563,13.322038990439456
20190711,CSNA3,SID NACIONAL,17.32,17.33,16.81,17.18,122207607.0,16.742999999999995,16.65950000000001,0.35743383635081677,0.7346897129802403,18.128879425960488,15.190120574039527,18.86356913894073,14.455430861059288,19.59825885192097,13.720741148079046
20190712,CSNA3,SID NACIONAL,17.29,17.4,16.98,17.07,112082519.0,16.736499999999996,16.72800000000001,0.34978602481793936,0.6325617432111852,17.99312348642238,15.462876513577639,18.625685229633564,14.830314770366453,19.25824697284475,14.197753027155269
20190715,CSNA3,SID NACIONAL,17.25,17.54,17.16,17.3,122440444.0,16.745499999999996,16.785750000000007,0.36226589536887116,0.5724078136505653,17.93056562730114,15.640934372698876,18.502973440951703,15.068526559048312,19.07538125460227,14.496118745397746
20190716,CSNA3,SID NACIONAL,17.42,17.8,17.27,17.6,146284041.0,16.787,16.841000000000008,0.40966096380202033,0.5399705595013686,17.920941119002745,15.761058880997272,18.460911678504115,15.221088321495902,19.00088223800548,14.681117761994534
20190717,CSNA3,SID NACIONAL,17.51,17.56,17.12,17.27,96882405.0,16.831999999999997,16.88800000000001,0.41087326769370924,0.4899356315649431,17.867871263129896,15.908128736870122,18.35780689469484,15.41819310530518,18.847742526259783,14.928257473740237
20190718,CSNA3,SID NACIONAL,17.3,17.63,17.25,17.61,116559595.0,16.868,16.91275000000001,0.4462427944280905,0.5009323998612848,17.914614799722578,15.91088520027744,18.415547199583862,15.409952800416155,18.91647959944515,14.909020400554871
20190719,CSNA3,SID NACIONAL,17.65,17.77,17.44,17.57,83725408.0,16.916499999999996,16.92350000000001,0.4677749683904387,0.5104575624642466,17.944415124928504,15.902584875071518,18.45487268739275,15.392127312607272,18.965330249856997,14.881669750143026
20190722,CSNA3,SID NACIONAL,17.5,17.6,17.24,17.36,93061850.0,16.9595,16.93375000000001,0.4670002254029009,0.5150986338208631,17.963947267641736,15.903552732358284,18.479045901462598,15.388454098537421,18.994144535283464,14.873355464716559
20190723,CSNA3,SID NACIONAL,17.32,17.46,17.06,17.08,96665480.0,16.991499999999995,16.93000000000001,0.4511887806556349,0.513429894348073,17.956859788696157,15.903140211303864,18.47028968304423,15.389710316955792,18.983719577392304,14.876280422607719
20190724,CSNA3,SID NACIONAL,16.89,16.89,16.26,16.41,250360608.0,17.008,16.885250000000006,0.4211338079643705,0.47658500734998555,17.838420014699977,15.932079985300035,18.315005022049963,15.45549497795005,18.79159002939995,14.978909970600064
20190725,CSNA3,SID NACIONAL,16.59,16.65,16.12,16.33,126799081.0,17.016499999999997,16.85775000000001,0.4045045702689479,0.47608169682450346,17.809913393649015,15.905586606351003,18.28599509047352,15.4295049095265,18.762076787298025,14.953423212701995
20190726,CSNA3,SID NACIONAL,16.55,16.63,16.26,16.45,109198600.0,17.015499999999996,16.85125000000001,0.40594885599574687,0.47991018123321616,17.81107036246644,15.891429637533578,18.29098054369966,15.411519456300363,18.770890724932876,14.931609275067146
20190729,CSNA3,SID NACIONAL,16.5,16.57,16.2,16.37,98732976.0,16.9985,16.83800000000001,0.42603774233603037,0.48580992378840754,17.809619847576826,15.866380152423197,18.295429771365235,15.380570228634788,18.78123969515364,14.89476030484638
20190730,CSNA3,SID NACIONAL,16.37,16.48,16.27,16.4,105930616.0,16.968999999999998,16.834500000000013,0.44658823610975673,0.48850871970803705,17.811517439416086,15.85748256058394,18.300026159124123,15.368973840875901,18.78853487883216,14.880465121167864
20190731,CSNA3,SID NACIONAL,17.0,17.15,16.46,16.53,306890357.0,16.973999999999997,16.84575000000001,0.44075772077309944,0.4757013041491972,17.797152608298404,15.894347391701615,18.2728539124476,15.418646087552418,18.7485552165968,14.94294478340322
20190801,CSNA3,SID NACIONAL,16.49,16.68,16.1,16.23,180058047.0,16.942999999999998,16.83175000000001,0.4707228483938766,0.485523178036098,17.802796356072207,15.860703643927813,18.288319534108304,15.375180465891717,18.7738427121444,14.889657287855618
20190802,CSNA3,SID NACIONAL,16.12,16.28,15.76,15.86,162917738.0,16.889999999999997,16.82375000000001,0.5294585118680385,0.49898711508981586,17.821724230179644,15.82577576982038,18.32071134526946,15.326788654730564,18.819698460359273,14.827801539640747
20190805,CSNA3,SID NACIONAL,15.18,15.35,14.85,14.91,250641134.0,16.8005,16.781500000000012,0.6901675997824858,0.5829084899813382,17.94731697996269,15.615683020037336,18.530225469944025,15.032774530055997,19.113133959925364,14.44986604007466
20190806,CSNA3,SID NACIONAL,15.05,15.33,14.63,14.83,247411915.0,16.68,16.73750000000001,0.809470262124064,0.6591710022872869,18.055842004574586,15.419157995425438,18.715013006861874,14.75998699313815,19.374184009149158,14.100815990850863
20190807,CSNA3,SID NACIONAL,14.51,14.73,14.39,14.59,155579676.0,16.547499999999996,16.67125000000001,0.9220393586758702,0.7360573678171864,18.143364735634385,15.199135264365639,18.87942210345157,14.463077896548452,19.615479471268756,13.727020528731266
20190808,CSNA3,SID NACIONAL,14.71,15.23,14.71,14.95,142553465.0,16.435999999999996,16.58950000000001,0.9748489761577589,0.741208126762992,18.071916253525995,15.107083746474029,18.813124380288986,14.365875619711035,19.55433250705198,13.624667492948044
20190809,CSNA3,SID NACIONAL,14.85,14.85,14.52,14.65,132982531.0,16.314999999999994,16.52575000000001,1.040022773030039,0.7950580933459445,18.1158661866919,14.93563381330812,18.910924280037843,14.140575719962175,19.705982373383787,13.345517626616232
20190812,CSNA3,SID NACIONAL,14.39,14.83,14.25,14.52,123232253.0,16.175999999999995,16.46075000000001,1.086197616991463,0.8496375924248852,18.160025184849783,14.76147481515024,19.009662777274666,13.911837222725357,19.859300369699554,13.062199630300471
20190813,CSNA3,SID NACIONAL,14.58,15.09,14.46,14.98,154171195.0,16.044999999999995,16.41600000000001,1.0631655810040208,0.8795447540398336,18.17508950807968,14.656910491920344,19.054634262119514,13.77736573788051,19.934179016159344,12.897820983840678
20190814,CSNA3,SID NACIONAL,14.65,14.74,14.19,14.36,113056184.0,15.899499999999994,16.365750000000013,1.0855824291717113,0.9377329112388718,18.241215822477756,14.49028417752227,19.178948733716627,13.552551266283398,20.1166816449555,12.614818355044525
20190815,CSNA3,SID NACIONAL,14.45,14.65,13.67,13.9,163342110.0,15.713999999999993,16.29100000000001,1.094851107397009,1.0111678954656986,18.313335790931408,14.268664209068614,19.324503686397108,13.257496313602914,20.335671581862805,12.246328418137217
20190816,CSNA3,SID NACIONAL,14.18,14.28,13.95,14.11,109506735.0,15.540999999999993,16.228750000000012,1.0589165267037586,1.0667736825323388,18.36229736506469,14.095202634935335,19.429071047597027,13.028428952402995,20.495844730129367,11.961655269870658
20190819,CSNA3,SID NACIONAL,14.2,14.34,13.72,13.87,77450281.0,15.366499999999993,16.16300000000001,1.0305658895148897,1.128868732574622,18.420737465149255,13.905262534850767,19.549606197723875,12.776393802276145,20.6784749302985,11.647525069701523
20190820,CSNA3,SID NACIONAL,13.77,14.48,13.55,14.37,164477952.0,15.230999999999995,16.11125000000001,0.9697796819788422,1.1627822238063403,18.43681444761269,13.785685552387328,19.59959667141903,12.622903328580989,20.76237889522537,11.460121104774647
20190821,CSNA3,SID NACIONAL,14.37,14.5,13.87,14.05,167818638.0,15.112999999999994,16.060500000000008,0.9623223007528987,1.2076167459621545,18.475733491924316,13.6452665080757,19.683350237886472,12.437649762113544,20.890966983848628,11.23003301615139
20190822,CSNA3,SID NACIONAL,14.08,14.14,13.57,13.76,133290184.0,14.984499999999993,16.00050000000001,0.9628492531079633,1.2609885214711787,18.522477042942366,13.478522957057653,19.783465564413547,12.217534435586472,21.044454085884723,10.956545914115296
20190823,CSNA3,SID NACIONAL,13.61,14.05,13.38,13.62,130505522.0,14.842999999999995,15.929250000000007,0.9439062174646677,1.3132156412839588,18.555681282567924,13.302818717432089,19.868896923851885,11.98960307614813,21.182112565135842,10.676387434864171
20190826,CSNA3,SID NACIONAL,13.75,13.8,13.33,13.53,83567383.0,14.700999999999993,15.849750000000006,0.9152848276845342,1.3601555105283114,18.570061021056627,13.129438978943384,19.93021653158494,11.769283468415072,21.29037204211325,10.40912795788676
20190827,CSNA3,SID NACIONAL,13.43,13.95,13.26,13.36,183268111.0,14.548999999999996,15.759000000000006,0.8695667402732847,1.402563221300063,18.56412644260013,12.95387355739988,19.966689663900194,11.551310336099817,21.369252885200257,10.148747114799754
20190828,CSNA3,SID NACIONAL,13.25,13.57,13.19,13.42,103193146.0,14.393499999999994,15.683750000000007,0.7689177288138453,1.4457216945002722,18.575193389000553,12.792306610999463,20.020915083500824,11.34658491649919,21.466636778001096,9.900863221998918
20190829,CSNA3,SID NACIONAL,13.61,14.41,13.48,14.21,177753143.0,14.292499999999993,15.617750000000006,0.6362048246810141,1.451364499447479,18.520478998894966,12.715021001105049,19.971843498342444,11.263656501657568,21.423207997789923,9.81229200221009
20190830,CSNA3,SID NACIONAL,14.5,14.64,13.97,14.36,120003428.0,14.217499999999992,15.553750000000008,0.5193809574362535,1.4489088511615837,18.451567702323175,12.655932297676841,19.900476553484758,11.207023446515256,21.34938540464634,9.758114595353673
20190902,CSNA3,SID NACIONAL,14.65,14.74,14.34,14.35,94827499.0,14.189499999999992,15.495000000000008,0.49458621727239854,1.4488828587782934,18.392765717556596,12.597234282443422,19.84164857633489,11.148351423665128,21.29053143511318,9.699468564886836
20190903,CSNA3,SID NACIONAL,14.34,14.39,13.88,13.93,181311337.0,14.144499999999994,15.412250000000006,0.4737473788290537,1.4411667059570161,18.294583411914036,12.529916588085973,19.735750117871053,11.088749882128958,21.17691682382807,9.647583176171942
20190904,CSNA3,SID NACIONAL,14.23,14.3,13.96,14.12,108001619.0,14.120999999999995,15.334250000000006,0.46199681019635763,1.4240370340545911,18.18232406810919,12.486175931890823,19.60636110216378,11.062138897836233,21.03039813621837,9.638101863781642
20190905,CSNA3,SID NACIONAL,14.27,14.67,14.21,14.25,147283340.0,14.085999999999995,15.261000000000006,0.42054350798138984,1.4018445723860502,18.064689144772107,12.457310855227906,19.466533717158157,11.055466282841856,20.868378289544207,9.653621710455806
20190906,CSNA3,SID NACIONAL,14.33,14.43,13.91,14.07,85847947.0,14.056999999999997,15.186000000000007,0.3990528259450955,1.382700442185702,17.95140088437141,12.420599115628603,19.334101326557114,11.0378986734429,20.716801768742815,9.655198231257199
20190909,CSNA3,SID NACIONAL,14.13,14.74,14.13,14.52,122570677.0,14.056999999999997,15.116500000000007,0.3990528259450955,1.3430152642468456,17.802530528493698,12.430469471506317,19.145545792740542,11.087454207259471,20.48856105698739,9.744438943012625
20190910,CSNA3,SID NACIONAL,14.6,14.95,14.48,14.95,146972283.0,14.055499999999995,15.050250000000009,0.39544079335933635,1.2813084007953521,17.612866801590712,12.487633198409306,18.894175202386066,11.206324797613952,20.17548360318142,9.9250163968186
20190911,CSNA3,SID NACIONAL,15.1,15.15,14.41,14.49,142569322.0,14.061999999999994,14.98075000000001,0.4017278471277844,1.232276166807618,17.445302333615246,12.516197666384773,18.677578500422864,11.283921499577154,19.909854667230483,10.051645332769537
20190912,CSNA3,SID NACIONAL,14.75,15.01,14.7,14.81,115012129.0,14.107499999999996,14.910750000000007,0.4327497757608692,1.156274715605571,17.22329943121115,12.598200568788865,18.379574146816722,11.441925853183294,19.53584886242229,10.285651137577723
20190913,CSNA3,SID NACIONAL,14.84,14.96,14.52,14.59,57588721.0,14.131499999999994,14.836250000000007,0.4460030091945079,1.0735889666118945,16.983427933223794,12.689072066776218,18.05701689983569,11.615483100164322,19.130605866447585,10.541894133552429
20190916,CSNA3,SID NACIONAL,14.46,14.68,14.27,14.38,68980860.0,14.156999999999993,14.761750000000006,0.4448429646042801,0.9944458255732321,16.75064165114647,12.772858348853543,17.745087476719704,11.77841252328031,18.739533302292934,10.783966697707077
20190917,CSNA3,SID NACIONAL,14.29,14.66,14.21,14.66,63213972.0,14.171499999999995,14.701250000000005,0.45671913515976387,0.9206691755290054,16.542588351058015,12.859911648941994,17.46325752658702,11.939242473412989,18.383926702116028,11.018573297883984
20190918,CSNA3,SID NACIONAL,14.6,14.8,14.15,14.33,92730626.0,14.185499999999994,14.649250000000006,0.45709005216642346,0.8795027368363286,16.408255473672664,12.890244526327349,17.28775821050899,12.01074178949102,18.16726094734532,11.131239052654692
20190919,CSNA3,SID NACIONAL,14.43,14.53,14.16,14.2,96028567.0,14.207499999999992,14.596000000000007,0.44598648787653994,0.8386643838377646,16.273328767675537,12.918671232324478,17.1119931515133,12.080006848486713,17.950657535351066,11.241342464648948
20190920,CSNA3,SID NACIONAL,14.32,14.39,14.18,14.29,133650712.0,14.240999999999994,14.542000000000005,0.4241635732145505,0.783984562904031,16.109969125808068,12.974030874191943,16.8939536887121,12.190046311287912,17.67793825161613,11.40606174838388
20190923,CSNA3,SID NACIONAL,14.33,14.49,14.24,14.47,105047998.0,14.287999999999997,14.494500000000006,0.3921009537029549,0.7257885190322345,15.946077038064475,13.042922961935536,16.67186555709671,12.317134442903303,17.397654076128944,11.591345923871067
20190924,CSNA3,SID NACIONAL,14.22,14.27,13.47,13.6,186498485.0,14.299999999999997,14.424500000000005,0.36493690875060997,0.6701930452852736,15.764886090570553,13.084113909429458,16.435079135855826,12.413920864144185,17.1052721811411,11.743727818858911
20190925,CSNA3,SID NACIONAL,13.54,13.84,13.36,13.84,119664486.0,14.320999999999994,14.357250000000008,0.3210820521464198,0.5827608362851123,15.522771672570233,13.191728327429782,16.105532508855344,12.608967491144671,16.68829334514046,12.026206654859559
20190926,CSNA3,SID NACIONAL,13.87,14.0,13.6,13.64,96333814.0,14.292499999999995,14.292500000000008,0.35496293357272707,0.5085008130997516,15.309501626199511,13.275498373800504,15.818002439299262,12.766997560700753,16.326503252399014,12.258496747601
20190927,CSNA3,SID NACIONAL,13.72,13.83,13.3,13.38,82782409.0,14.243499999999994,14.230500000000006,0.4087242668545869,0.4614967288825166,15.15349345776504,13.307506542234973,15.614990186647557,12.846009813352456,16.076486915530072,12.38451308446994
20190930,CSNA3,SID NACIONAL,13.3,13.38,13.06,13.23,123251217.0,14.187499999999995,14.188500000000008,0.46606838215237856,0.47433921649777666,15.137178432995562,13.239821567004455,15.611517649493338,12.765482350506678,16.085856865991115,12.291143134008902
20191001,CSNA3,SID NACIONAL,13.22,13.4,13.08,13.22,145630781.0,14.151999999999996,14.148250000000008,0.5115363854939753,0.4866572926740676,15.121564585348143,13.174935414651873,15.60822187802221,12.688278121977806,16.094879170696277,12.201620829303737
20191002,CSNA3,SID NACIONAL,13.07,13.16,12.75,12.77,149663131.0,14.084499999999995,14.102750000000006,0.5977807642483105,0.5276507561947142,15.158051512389434,13.047448487610577,15.685702268584148,12.519797731415863,16.21335302477886,11.992146975221148
20191003,CSNA3,SID NACIONAL,12.77,13.16,12.61,13.08,110791008.0,14.025999999999993,14.056000000000006,0.6367136016501824,0.5334685725970665,15.12293714519414,12.989062854805873,15.656405717791205,12.455594282208807,16.18987429038827,11.922125709611741
20191004,CSNA3,SID NACIONAL,13.07,13.45,13.07,13.3,77629822.0,13.987499999999994,14.022250000000005,0.6568735759161526,0.5376133750435113,15.097476750087027,12.947023249912982,15.635090125130539,12.409409874869471,16.172703500174052,11.87179649982596
20191007,CSNA3,SID NACIONAL,13.1,13.28,12.85,12.99,87065857.0,13.910999999999996,13.984000000000005,0.6802700702082107,0.5554245315580191,15.094849063116044,12.873150936883967,15.650273594674063,12.317726405325947,16.205698126232083,11.762301873767928
20191008,CSNA3,SID NACIONAL,12.89,12.93,12.38,12.43,182521286.0,13.784999999999997,13.920250000000005,0.710407592420332,0.583791706356207,15.087833412712419,12.75266658728759,15.671625119068626,12.168874880931384,16.25541682542483,11.585083174575177
