DATA DO PREGAO,CODIGO DE NEGOCIACAO DO PAPEL,NOME RESUMIDO DA EMPRESA EMISSORA,PRECO DE ABERTURA,PRECO MAXIMO,PRECO MINIMO,PRECO FECHAMENTO,VOLUME TOTAL DE TITULOS NEGOCIADOS NESTE PAPEL,MA_20,MA_40,STD_20,STD_40,BANDA_1_40 SUPERIOR,BANDA_1_40 INFERIOR,BANDA_2_40 SUPERIOR,BANDA_2_40 INFERIOR,BANDA_3_40 SUPERIOR,BANDA_3_40 INFERIOR
20190102,ELET3,ELETROBRAS,24.29,29.25,24.16,29.25,464093092.0,0.0,0.0,0.0,0.0,0.0,0.0,0.0,0.0,0.0,0.0
20190103,ELET3,ELETROBRAS,29.64,32.2,29.64,31.0,370699155.0,0.0,0.0,0.0,0.0,0.0,0.0,0.0,0.0,0.0,0.0
20190104,ELET3,ELETROBRAS,31.2,31.24,30.0,30.53,170635502.0,0.0,0.0,0.0,0.0,0.0,0.0,0.0,0.0,0.0,0.0
20190107,ELET3,ELETROBRAS,30.52,30.73,28.88,29.0,139128680.0,0.0,0.0,0.0,0.0,0.0,0.0,0.0,0.0,0.0,0.0
20190108,ELET3,ELETROBRAS,29.2,30.67,28.88,30.48,161643654.0,0.0,0.0,0.0,0.0,0.0,0.0,0.0,0.0,0.0,0.0
20190109,ELET3,ELETROBRAS,31.27,31.33,30.12,30.6,96357494.0,0.0,0.0,0.0,0.0,0.0,0.0,0.0,0.0,0.0,0.0
20190110,ELET3,ELETROBRAS,30.3,31.0,29.91,31.0,122450512.0,0.0,0.0,0.0,0.0,0.0,0.0,0.0,0.0,0.0,0.0
20190111,ELET3,ELETROBRAS,30.9,31.76,30.75,30.96,109734331.0,0.0,0.0,0.0,0.0,0.0,0.0,0.0,0.0,0.0,0.0
20190114,ELET3,ELETROBRAS,30.91,31.49,30.6,30.94,135064460.0,0.0,0.0,0.0,0.0,0.0,0.0,0.0,0.0,0.0,0.0
20190115,ELET3,ELETROBRAS,31.0,31.21,30.01,30.08,113222421.0,0.0,0.0,0.0,0.0,0.0,0.0,0.0,0.0,0.0,0.0
20190116,ELET3,ELETROBRAS,30.01,30.65,29.55,30.65,87643504.0,0.0,0.0,0.0,0.0,0.0,0.0,0.0,0.0,0.0,0.0
20190117,ELET3,ELETROBRAS,30.64,31.69,30.44,30.95,217852684.0,0.0,0.0,0.0,0.0,0.0,0.0,0.0,0.0,0.0,0.0
20190118,ELET3,ELETROBRAS,31.09,32.8,31.06,32.36,149994658.0,0.0,0.0,0.0,0.0,0.0,0.0,0.0,0.0,0.0,0.0
20190121,ELET3,ELETROBRAS,32.02,33.0,31.71,32.49,103250587.0,0.0,0.0,0.0,0.0,0.0,0.0,0.0,0.0,0.0,0.0
20190122,ELET3,ELETROBRAS,32.7,33.57,31.97,32.18,178828283.0,0.0,0.0,0.0,0.0,0.0,0.0,0.0,0.0,0.0,0.0
20190123,ELET3,ELETROBRAS,32.57,33.21,32.33,33.01,141736444.0,0.0,0.0,0.0,0.0,0.0,0.0,0.0,0.0,0.0,0.0
20190124,ELET3,ELETROBRAS,32.94,33.98,32.94,33.98,183589730.0,0.0,0.0,0.0,0.0,0.0,0.0,0.0,0.0,0.0,0.0
20190128,ELET3,ELETROBRAS,33.75,34.68,33.3,34.32,122550732.0,0.0,0.0,0.0,0.0,0.0,0.0,0.0,0.0,0.0,0.0
20190129,ELET3,ELETROBRAS,34.7,38.16,34.44,36.75,433955439.0,0.0,0.0,0.0,0.0,0.0,0.0,0.0,0.0,0.0,0.0
20190130,ELET3,ELETROBRAS,37.38,38.02,35.47,37.3,225285285.0,31.891499999999997,0.0,2.2355083608832547,0.0,0.0,0.0,0.0,0.0,0.0,0.0
20190131,ELET3,ELETROBRAS,38.0,38.37,37.03,37.4,211215419.0,32.29899999999999,0.0,2.460181636426569,0.0,0.0,0.0,0.0,0.0,0.0,0.0
20190201,ELET3,ELETROBRAS,37.35,37.77,36.92,37.6,103102237.0,32.629,0.0,2.7070335288495735,0.0,0.0,0.0,0.0,0.0,0.0,0.0
20190204,ELET3,ELETROBRAS,37.63,37.8,36.72,36.81,96421141.0,32.943,0.0,2.8128990477142186,0.0,0.0,0.0,0.0,0.0,0.0,0.0
20190205,ELET3,ELETROBRAS,37.05,37.55,36.55,36.87,114834968.0,33.336499999999994,0.0,2.782585459982359,0.0,0.0,0.0,0.0,0.0,0.0,0.0
20190206,ELET3,ELETROBRAS,36.65,37.04,35.44,35.56,120240180.0,33.5905,0.0,2.7396397669459303,0.0,0.0,0.0,0.0,0.0,0.0,0.0
20190207,ELET3,ELETROBRAS,35.57,37.01,34.75,35.2,123165445.0,33.820499999999996,0.0,2.6675071646921924,0.0,0.0,0.0,0.0,0.0,0.0,0.0
20190208,ELET3,ELETROBRAS,35.2,35.85,34.67,35.79,113376893.0,34.059999999999995,0.0,2.615468157751207,0.0,0.0,0.0,0.0,0.0,0.0,0.0
20190211,ELET3,ELETROBRAS,35.85,36.22,34.85,35.81,89828757.0,34.302499999999995,0.0,2.53656600648655,0.0,0.0,0.0,0.0,0.0,0.0,0.0
20190212,ELET3,ELETROBRAS,36.2,36.97,35.07,35.74,181117895.0,34.5425,0.0,2.4263593585538956,0.0,0.0,0.0,0.0,0.0,0.0,0.0
20190213,ELET3,ELETROBRAS,36.3,37.13,35.31,36.81,143918256.0,34.87899999999999,0.0,2.233950713304492,0.0,0.0,0.0,0.0,0.0,0.0,0.0
20190214,ELET3,ELETROBRAS,37.1,37.44,36.24,37.13,202558056.0,35.20299999999999,0.0,2.0507151512530704,0.0,0.0,0.0,0.0,0.0,0.0,0.0
20190215,ELET3,ELETROBRAS,37.4,37.59,36.25,36.31,156357538.0,35.47099999999999,0.0,1.8006457905867692,0.0,0.0,0.0,0.0,0.0,0.0,0.0
20190218,ELET3,ELETROBRAS,36.0,36.37,35.0,35.43,122519370.0,35.62449999999999,0.0,1.6456688769711647,0.0,0.0,0.0,0.0,0.0,0.0,0.0
20190219,ELET3,ELETROBRAS,34.79,36.66,33.66,35.7,278800252.0,35.78499999999999,0.0,1.4711560080426394,0.0,0.0,0.0,0.0,0.0,0.0,0.0
20190220,ELET3,ELETROBRAS,36.33,36.56,35.02,35.02,216260524.0,35.92699999999999,0.0,1.2206042507062063,0.0,0.0,0.0,0.0,0.0,0.0,0.0
20190221,ELET3,ELETROBRAS,35.36,36.6,34.75,36.6,195042535.0,36.1065,0.0,1.0158547088406065,0.0,0.0,0.0,0.0,0.0,0.0,0.0
20190222,ELET3,ELETROBRAS,36.55,38.27,36.13,37.89,197225189.0,36.30199999999999,0.0,0.9597620319093066,0.0,0.0,0.0,0.0,0.0,0.0,0.0
20190225,ELET3,ELETROBRAS,37.9,38.3,37.25,37.35,89827904.0,36.45349999999999,0.0,0.8648898621698319,0.0,0.0,0.0,0.0,0.0,0.0,0.0
20190226,ELET3,ELETROBRAS,37.3,37.66,36.57,37.21,100167392.0,36.476499999999994,0.0,0.8791878728630267,0.0,0.0,0.0,0.0,0.0,0.0,0.0
20190227,ELET3,ELETROBRAS,37.2,40.84,36.7,38.98,336682040.0,36.5605,34.226,1.0294274085498314,2.922427687684258,40.07085537536852,28.38114462463148,42.99328306305277,25.458716936947226,45.915710750737034,22.536289249262968
20190228,ELET3,ELETROBRAS,39.28,39.28,36.33,36.98,309860572.0,36.5395,34.41925,1.015591479203876,2.8393429968649646,40.09793599372993,28.74056400627007,42.93727899059489,25.901221009405106,45.776621987459855,23.06187801254014
20190301,ELET3,ELETROBRAS,37.15,38.1,35.41,35.64,177340963.0,36.4415,34.535250000000005,1.0023513146071474,2.790430522338795,40.116111044677595,28.954388955322415,42.90654156701639,26.16395843298362,45.696972089355185,23.373527910644825
20190306,ELET3,ELETROBRAS,35.46,35.54,34.94,35.24,71218738.0,36.363,34.653000000000006,1.0329829060591795,2.7154526467834113,40.08390529356683,29.222094706433182,42.79935794035024,26.50664205964977,45.51481058713365,23.79118941286636
20190307,ELET3,ELETROBRAS,35.16,35.22,33.19,33.19,187588881.0,36.179,34.75775,1.2440972207736776,2.5686407534944964,39.89503150698899,29.62046849301101,42.46367226048349,27.05182773951651,45.03231301397798,24.483186986022016
20190308,ELET3,ELETROBRAS,33.2,34.41,32.02,34.41,225763319.0,36.121500000000005,34.85600000000001,1.2995516433309453,2.47424870752045,39.804497415040906,29.907502584959108,42.27874612256136,27.43325387743866,44.75299483008181,24.959005169918207
20190311,ELET3,ELETROBRAS,34.5,36.05,34.43,35.37,150102108.0,36.13,34.97525,1.293750158911743,2.3768984180531434,39.72904683610629,30.221453163893717,42.10594525415944,27.844554745840572,44.482843672212574,25.46765632778743
20190312,ELET3,ELETROBRAS,35.26,35.78,34.84,34.89,80889262.0,36.085,35.072500000000005,1.3215521177766512,2.287998509502819,39.648497019005646,30.496502980994368,41.93649552850846,28.208504471491548,44.22449403801128,25.92050596198873
20190313,ELET3,ELETROBRAS,34.8,36.0,34.55,35.3,112899275.0,36.0595,35.181000000000004,1.3320165756831592,2.188728468241834,39.55845693648367,30.803543063516337,41.747185404725506,28.614814595274503,43.93591387296734,26.42608612703267
20190314,ELET3,ELETROBRAS,35.16,35.79,34.9,35.09,68811601.0,36.027,35.28475,1.3480555197062472,2.0781056308139023,39.440961261627805,31.1285387383722,41.51906689244171,29.050433107558295,43.59717252325561,26.972327476744393
20190315,ELET3,ELETROBRAS,35.28,36.6,35.26,36.45,129830207.0,36.009,35.444,1.339426035756776,1.9059714529570235,39.25594290591405,31.632057094085955,41.16191435887107,29.726085641128932,43.0678858118281,27.820114188171907
20190318,ELET3,ELETROBRAS,36.5,36.93,36.15,36.52,80857384.0,35.978500000000004,35.59075,1.3193510166984042,1.7467205719319217,39.08419114386384,32.09730885613616,40.830911715795764,30.350588284204235,42.57763228772769,28.60386771227231
20190319,ELET3,ELETROBRAS,36.88,37.17,36.01,36.85,96063550.0,36.005500000000005,35.73825,1.3319573053059355,1.586555513505852,38.91136102701171,32.565138972988294,40.49791654051756,30.978583459482444,42.08447205402341,29.392027945976594
20190320,ELET3,ELETROBRAS,37.05,37.15,35.8,35.95,109620367.0,36.03150000000001,35.828,1.3251902544639653,1.489099194229964,38.80619838845993,32.84980161154007,40.2952975826899,31.36070241731011,41.78439677691986,29.871603223080147
20190321,ELET3,ELETROBRAS,36.62,37.2,34.85,35.35,172170787.0,36.01400000000001,35.8995,1.3320913513798545,1.3900838380914269,38.67966767618286,33.11933232381715,40.06975151427429,31.729248485725723,41.45983535236571,30.339164647634295
20190322,ELET3,ELETROBRAS,34.82,35.35,33.64,33.73,208353697.0,35.949500000000015,35.93825,1.4116115277451922,1.3025908846681011,38.5434317693362,33.33306823066379,39.8460226540043,32.03047734599569,41.1486135386724,30.727886461327593
20190325,ELET3,ELETROBRAS,33.69,35.2,33.34,34.6,166981328.0,35.84950000000001,35.977999999999994,1.4337711591610656,1.233361468840512,38.44472293768102,33.51127706231897,39.67808440652153,32.27791559347846,40.91144587536204,31.044554124637948
20190326,ELET3,ELETROBRAS,35.19,36.38,35.07,36.11,208415898.0,35.760500000000015,36.03124999999999,1.3534380198901506,1.1901092117521592,38.41146842350431,33.651031576495676,39.60157763525647,32.46092236474352,40.79168684700863,31.270813152991355
20190327,ELET3,ELETROBRAS,35.77,35.93,33.23,33.5,170900068.0,35.56800000000001,36.010749999999994,1.3887957676384581,1.2268374759142318,38.464424951828455,33.557075048171534,39.69126242774269,32.330237572257296,40.91809990365692,31.103400096343066
20190328,ELET3,ELETROBRAS,35.31,35.89,33.73,35.89,213749642.0,35.50200000000001,35.98925,1.337057255790913,1.2210722221862158,38.43139444437243,33.54710555562757,39.652466666558645,32.32603333344135,40.87353888874486,31.104961111255136
20190329,ELET3,ELETROBRAS,36.17,37.08,35.73,36.69,166541974.0,35.38750000000001,35.974000000000004,1.1007025268579844,1.2080219050484289,38.39004381009686,33.557956189903145,39.59806571514529,32.34993428485472,40.80608762019372,31.14191237980629
20190401,ELET3,ELETROBRAS,37.4,37.83,37.1,37.25,127615641.0,35.40100000000001,35.97025,1.1226983472631202,1.2037068548062708,38.37766370961254,33.56283629038746,39.58137056441881,32.35912943558119,40.78507741922508,31.155422580774918
20190402,ELET3,ELETROBRAS,37.54,37.75,35.38,35.78,131516554.0,35.40800000000001,35.92475,1.1247015978518478,1.1745680875571265,38.27388617511426,33.57561382488575,39.44845426267138,32.40104573732862,40.62302235022851,31.226477649771496
20190403,ELET3,ELETROBRAS,36.11,36.62,35.24,35.46,126062077.0,35.41900000000001,35.891000000000005,1.1240476670918853,1.1678553651227828,38.22671073024557,33.55528926975444,39.394566095368354,32.387433904631656,40.56242146049114,31.219578539508873
20190404,ELET3,ELETROBRAS,35.85,36.39,35.6,36.16,97813029.0,35.56750000000001,35.873250000000006,1.0038288541484661,1.1579477591067864,38.18914551821358,33.55735448178643,39.34709327732037,32.39940672267964,40.50504103642715,31.24145896357286
20190405,ELET3,ELETROBRAS,36.17,36.4,35.33,35.75,107941421.0,35.63450000000001,35.87800000000001,0.9665319174080022,1.157019158585219,38.19203831717044,33.56396168282957,39.349057475755664,32.40694252424435,40.506076634340886,31.249923365659132
20190408,ELET3,ELETROBRAS,35.9,36.05,34.51,34.65,182169571.0,35.59850000000001,35.86425000000001,0.990025385107808,1.1684942919228685,38.20123858384575,33.527261416154275,39.36973287576862,32.358767124231406,40.53822716769149,31.190272832308537
20190409,ELET3,ELETROBRAS,34.5,34.7,33.0,33.27,161703680.0,35.517500000000005,35.80125000000001,1.110039710053071,1.2384402669776662,38.27813053395534,33.32436946604468,39.51657080093301,32.08592919906701,40.75501106791067,30.847488932089345
20190410,ELET3,ELETROBRAS,33.53,34.36,33.53,33.94,172116872.0,35.449500000000015,35.754500000000014,1.1643903984488924,1.272917001342826,38.300334002685666,33.20866599731436,39.57325100402849,31.935748995971537,40.84616800537132,30.66283199462871
20190411,ELET3,ELETROBRAS,33.95,34.07,32.84,33.04,105319610.0,35.34700000000001,35.68700000000001,1.2819931028634457,1.343344849476599,38.37368969895321,33.00031030104682,39.71703454842981,31.656965451570215,41.06037939790641,30.313620602093614
20190412,ELET3,ELETROBRAS,32.5,33.61,30.92,31.31,205920469.0,35.09,35.54950000000001,1.5387349554610987,1.4980259660205224,38.54555193204105,32.55344806795897,40.04357789806158,31.05542210193844,41.5416038640821,29.55739613591792
20190415,ELET3,ELETROBRAS,31.77,32.95,31.47,31.8,161814676.0,34.854,35.416250000000005,1.6646744584547326,1.5881753560417655,38.59260071208354,32.23989928791647,40.180776068125304,30.65172393187471,41.76895142416707,29.063548575832943
20190416,ELET3,ELETROBRAS,31.95,32.74,31.8,31.92,121398502.0,34.6075,35.306500000000014,1.7177214865231043,1.6741849145793477,38.65486982915871,31.95813017084132,40.329054743738055,30.283945256261973,42.003239658317405,28.609760341682623
20190417,ELET3,ELETROBRAS,32.36,32.63,30.9,31.41,156841194.0,34.3805,35.20600000000001,1.8274499777155668,1.783660597817046,38.773321195634104,31.638678804365917,40.55698179345115,29.855018206548873,42.34064239126819,28.071357608731827
20190418,ELET3,ELETROBRAS,31.65,33.0,31.44,32.35,145144941.0,34.23049999999999,35.12225000000001,1.8663910432478474,1.837699910632418,38.79764982126484,31.446850178735172,40.635349731897264,29.609150268102752,42.47304964252968,27.771450357470336
20190422,ELET3,ELETROBRAS,32.8,32.94,32.13,32.6,84338070.0,34.17399999999999,35.06175,1.8991560452502387,1.8804894173373818,38.82272883467477,31.30077116532524,40.70321825201215,29.420281747987858,42.58370766934953,27.539792330650478
20190423,ELET3,ELETROBRAS,32.8,34.32,32.8,33.7,141806130.0,34.129,34.98925000000001,1.8991934576218628,1.8755599334871982,38.74036986697441,31.238130133025617,40.61592980046161,29.362570199538418,42.491489733948804,27.48701026605122
20190424,ELET3,ELETROBRAS,33.86,34.16,32.16,32.35,119050865.0,33.940999999999995,34.850750000000005,1.8787647117468629,1.8603506527754372,38.57145130555088,31.13004869444913,40.43180195832632,29.269698041673692,42.292152611101756,27.409347388898254
20190425,ELET3,ELETROBRAS,32.41,33.99,32.3,33.23,129318945.0,33.927499999999995,34.74775000000001,1.883065459912586,1.832271236639197,38.412292473278406,31.083207526721615,40.2445637099176,29.25093629008242,42.0768349465568,27.41866505344322
20190426,ELET3,ELETROBRAS,33.35,33.6,32.85,33.25,58280175.0,33.7955,34.64875000000001,1.8300401922534846,1.8025625455914651,38.253875091182934,31.043624908817076,40.056437636774405,29.241062363225613,41.85900018236587,27.438499817634145
20190429,ELET3,ELETROBRAS,33.59,34.17,32.88,33.05,82028763.0,33.6135,34.5005,1.703665630030549,1.67666633532136,37.853832670642724,31.14716732935728,39.53049900596408,29.470500994035923,41.207165341285446,27.793834658714562
20190430,ELET3,ELETROBRAS,32.77,33.22,31.8,32.7,97234316.0,33.386,34.3935,1.481860139717725,1.6507427232798884,37.69498544655978,31.092014553440226,39.34572816983967,29.44127183016034,40.99647089311956,27.79052910688045
20190502,ELET3,ELETROBRAS,32.6,32.6,31.6,32.27,90304937.0,33.2105,34.309250000000006,1.3883063327969947,1.6713626982886558,37.65197539657732,30.966524603422695,39.323338094865974,29.295161905134037,40.99470079315463,27.623799206845383
20190503,ELET3,ELETROBRAS,32.35,32.78,32.2,32.2,74151674.0,33.0475,34.233250000000005,1.298784350642446,1.6968770523432748,37.627004104686556,30.839495895313455,39.32388115702983,29.14261884297018,41.020758209373106,27.445741790626904
20190506,ELET3,ELETROBRAS,31.81,32.62,31.6,32.62,61094985.0,32.87050000000001,34.219,1.074060054186936,1.7082181449595957,37.63543628991919,30.80256371008081,39.343654434878786,29.094345565121216,41.05187257983838,27.386127420161618
20190507,ELET3,ELETROBRAS,32.14,32.51,31.61,32.51,101062149.0,32.7085,34.171499999999995,0.8345201899106286,1.7290601419149505,37.629620283829894,30.713379716170095,39.35868042574484,28.984319574255142,41.08774056765979,27.255259432340193
20190508,ELET3,ELETROBRAS,32.5,33.59,32.48,32.9,114042235.0,32.621,34.109750000000005,0.7013588315023703,1.7292661664298394,37.56828233285968,30.651217667140326,39.297548499289526,28.921951500710488,41.026814665719364,27.192685334280647
20190509,ELET3,ELETROBRAS,32.44,32.86,32.07,32.55,81756877.0,32.585,34.051249999999996,0.6845705530515607,1.7417294492426076,37.53470889848521,30.567791101514782,39.27643834772782,28.826061652272173,41.018167796970424,27.084332203029565
20190510,ELET3,ELETROBRAS,32.51,32.6,31.53,31.7,96561210.0,32.473,33.96125,0.6324730075372549,1.7683560198162875,37.497962039632576,30.424537960367424,39.266318059448864,28.656181940551136,41.03467407926515,26.887825920734848
20190513,ELET3,ELETROBRAS,31.35,31.4,30.1,30.1,81052507.0,32.32600000000001,33.8365,0.8103891203094089,1.8603067709523822,37.55711354190476,30.115886458095236,39.417420312857146,28.255579687142856,41.27772708380953,26.39527291619047
20190514,ELET3,ELETROBRAS,31.15,32.16,31.13,32.16,123370615.0,32.368500000000004,33.72925,0.7758545373702218,1.8291729776189256,37.38759595523785,30.07090404476215,39.21676893285678,28.241731067143224,41.045941910475705,26.412558089524296
20190515,ELET3,ELETROBRAS,31.7,32.28,31.23,31.99,85579393.0,32.37800000000001,33.616,0.7696656827207257,1.791810143330928,37.199620286661855,30.032379713338145,38.99143042999278,28.240569570007217,40.78324057332371,26.44875942667629
20190516,ELET3,ELETROBRAS,31.72,31.93,30.65,31.03,106137162.0,32.33350000000001,33.4705,0.8215215344584798,1.7584564181005433,36.98741283620109,29.953587163798915,38.74586925430163,28.19513074569837,40.504325672402175,26.436674327597828
20190517,ELET3,ELETROBRAS,30.71,31.59,30.39,30.61,80492312.0,32.29350000000001,33.337,0.8858137798835873,1.7680660157068406,36.87313203141368,29.80086796858632,38.641198047120525,28.03280195287948,40.40926406282737,26.26473593717264
20190520,ELET3,ELETROBRAS,31.13,32.1,30.63,32.01,113720810.0,32.27650000000001,33.2535,0.887932400224528,1.7493303480665678,36.75216069613314,29.754839303866866,38.5014910441997,28.0055089558003,40.250821392266275,26.25617860773373
20190521,ELET3,ELETROBRAS,31.95,33.6,31.89,33.6,124093236.0,32.32650000000001,33.25025,0.9340645475273305,1.7485429648710475,36.74733592974209,29.753164070257906,38.49587889461314,28.00462110538686,40.24442185948419,26.25607814051581
20190522,ELET3,ELETROBRAS,33.76,33.98,33.0,33.0,112278592.0,32.291500000000006,33.21025,0.8920601525623385,1.7351235639144889,36.68049712782898,29.740002872171026,38.41562069174347,28.004879308256534,40.150744255657955,26.269755744342046
20190523,ELET3,ELETROBRAS,32.85,33.63,32.46,32.75,71942875.0,32.31150000000001,33.126250000000006,0.8979056039942499,1.6713002576682896,36.468850515336584,29.783649484663428,38.140150773004876,28.112349226995136,39.81145103067316,26.441048969326847
20190524,ELET3,ELETROBRAS,33.24,33.68,33.0,33.03,88523630.0,32.301500000000004,33.11450000000001,0.8881990945610202,1.6702570813945852,36.455014162789176,29.773985837210837,38.125271244183764,28.10372875581625,39.795528325578346,26.433471674421668
20190527,ELET3,ELETROBRAS,33.31,33.92,33.2,33.39,75538217.0,32.3085,33.05200000000001,0.8965799051483688,1.609402182369413,36.27080436473883,29.83319563526118,37.880206547108244,28.22379345289177,39.48960872947766,26.614391270522354
20190528,ELET3,ELETROBRAS,33.7,33.97,32.58,33.45,131942388.0,32.328500000000005,32.971000000000004,0.9181920163818877,1.49938243697455,35.9697648739491,29.972235126050904,37.46914731092365,28.472852689076355,38.9685297478982,26.973470252101805
20190529,ELET3,ELETROBRAS,33.06,34.07,32.86,33.64,126358212.0,32.3755,32.880750000000006,0.9612572633358126,1.334835796105332,35.55042159221067,30.21107840778934,36.885257388316006,28.87624261168401,38.22009318442134,27.54140681557868
20190530,ELET3,ELETROBRAS,33.5,35.05,33.16,33.93,192445624.0,32.4585,32.834500000000006,1.0214503362737457,1.2618605514406525,35.35822110288131,30.310778897118702,36.620081654321964,29.048918345678047,37.88194220576261,27.787057794237395
20190531,ELET3,ELETROBRAS,33.87,34.96,33.76,34.41,181238406.0,32.569,32.80825000000001,1.1078946368296263,1.2159282356944554,35.24010647138892,30.376393528611096,36.456034707083376,29.16046529291664,37.67196294277783,27.944537057222185
20190603,ELET3,ELETROBRAS,34.65,35.13,34.18,34.77,94353302.0,32.6765,32.773500000000006,1.2124758272143015,1.1348411161807714,35.043182232361545,30.503817767638463,36.17802334854232,29.368976651457693,37.31286446472309,28.23413553527692
20190604,ELET3,ELETROBRAS,34.9,35.3,34.5,35.2,100548956.0,32.811,32.75975000000001,1.3359479189344603,1.1006699300298233,34.96108986005966,30.558410139940364,36.06175979008948,29.45774020991054,37.162429720119306,28.357070279880716
20190605,ELET3,ELETROBRAS,35.21,35.45,34.76,34.76,76331922.0,32.904,32.7625,1.4054046055364997,1.1056399701484225,34.97377994029685,30.55122005970316,36.07941991044527,29.445580089554735,37.18505988059369,28.339940119406315
20190606,ELET3,ELETROBRAS,35.18,36.05,35.01,36.05,94083282.0,33.079,32.83200000000001,1.5675589470994755,1.2198364749592803,35.27167294991857,30.392327050081448,36.49150942487785,29.17249057512217,37.71134589983713,27.95265410016289
20190607,ELET3,ELETROBRAS,36.51,36.74,35.86,35.97,99095654.0,33.292500000000004,32.88275,1.6580295058005723,1.3062806615221407,35.495311323044284,30.27018867695572,36.80159198456642,28.963908015433578,38.107872646088566,27.657627353911437
20190610,ELET3,ELETROBRAS,35.75,36.08,35.4,35.42,70014968.0,33.558499999999995,32.94225000000001,1.541551764328813,1.366444924162435,35.675139848324875,30.20936015167514,37.04158477248731,28.842915227512705,38.40802969664975,27.47647030335027
20190611,ELET3,ELETROBRAS,35.42,36.48,35.42,36.48,181864030.0,33.7745,33.07150000000001,1.6351001096021769,1.4500478329864719,35.97159566597295,30.171404334027063,37.421643498959426,28.721356501040592,38.8716913319459,27.271308668054118
20190612,ELET3,ELETROBRAS,36.1,37.15,35.72,36.06,139250225.0,33.977999999999994,33.17800000000001,1.6544727256742522,1.5094882814367634,36.19697656287354,30.159023437126486,37.706464844310304,28.64953515568972,39.21595312574706,27.14004687425296
20190613,ELET3,ELETROBRAS,35.5,36.3,35.19,35.31,227852271.0,34.19199999999999,33.262750000000004,1.5248109460036714,1.5320440301298293,36.32683806025966,30.198661939740347,37.85888209038949,28.666617909610515,39.390926120519325,27.134573879480687
20190614,ELET3,ELETROBRAS,35.36,35.98,35.11,35.3,148082864.0,34.42649999999999,33.36,1.2870417937842331,1.5348816040534115,36.42976320810682,30.290236791893175,37.96464481216023,28.755355187839765,39.49952641621365,27.220473583786355
20190617,ELET3,ELETROBRAS,35.2,35.6,34.43,34.43,103546255.0,34.54749999999999,33.412000000000006,1.1548701225678848,1.535020587851589,36.48204117570319,30.341958824296828,38.01706176355477,28.80693823644524,39.55208235140636,27.27191764859365
20190618,ELET3,ELETROBRAS,34.7,35.48,34.27,34.45,113106950.0,34.58999999999999,33.45825000000001,1.133610905121544,1.5377954375313836,36.53384087506277,30.38265912493724,38.07163631259416,28.844863687405855,39.60943175012554,27.307068249874472
20190619,ELET3,ELETROBRAS,34.52,35.31,34.23,35.31,108238156.0,34.705499999999994,33.49850000000001,1.0794709961730804,1.565112513363563,36.62872502672713,30.368274973272882,38.1938375400907,28.803162459909316,39.75895005345426,27.238049946545754
20190621,ELET3,ELETROBRAS,35.4,35.76,34.5,34.73,132890272.0,34.8045,33.55800000000001,0.9765809045633885,1.5655705931229382,36.689141186245884,30.42685881375413,38.25471177936882,28.86128822063119,39.82028237249176,27.295717627508253
20190624,ELET3,ELETROBRAS,35.0,35.11,34.17,34.33,72220894.0,34.8695,33.58550000000001,0.891843006009674,1.5693179148753584,36.72413582975073,30.44686417024929,38.293453744626085,28.877546255373936,39.86277165950145,27.308228340498577
20190625,ELET3,ELETROBRAS,34.16,34.28,33.03,33.03,98430853.0,34.8515,33.580000000000005,0.9262446817802876,1.5709086052835382,36.72181721056708,30.43818278943293,38.292725815850616,28.86727418414939,39.86363442113416,27.296365578865853
20190626,ELET3,ELETROBRAS,33.43,34.14,33.36,33.89,114196556.0,34.87349999999999,33.60100000000001,0.8959339437586333,1.5692555804976769,36.73951116099537,30.46248883900466,38.308766741493045,28.89323325850698,39.87802232199072,27.323977678009307
20190627,ELET3,ELETROBRAS,33.2,34.1,32.84,34.1,109548216.0,34.896499999999996,33.63600000000001,0.8680727291868148,1.564249307954432,36.76449861590888,30.507501384091146,38.328747923863304,28.943252076136716,39.89299723181774,27.379002768182282
20190628,ELET3,ELETROBRAS,34.3,35.34,34.3,35.25,112220662.0,34.9625,33.71050000000001,0.840462748477823,1.5684811369356966,36.8474622738714,30.573537726128617,38.4159434108071,29.00505658919292,39.9844245477428,27.436575452257223
20190701,ELET3,ELETROBRAS,35.56,35.99,35.3,35.46,71925234.0,35.015,33.79200000000001,0.8369210489079664,1.572672394854846,36.9373447897097,30.646655210290316,38.510017184564546,29.07398281543547,40.082689579419394,27.501310420580623
20190702,ELET3,ELETROBRAS,35.66,35.66,34.57,34.57,78994146.0,35.00500000000001,33.84075000000001,0.8411865053851334,1.565618395886582,36.97198679177317,30.709513208226845,38.53760518765975,29.14389481234026,40.10322358354634,27.57827641645368
20190703,ELET3,ELETROBRAS,34.57,35.2,34.2,35.2,84921425.0,35.00500000000001,33.90800000000001,0.8411865053851334,1.564764584571179,37.03752916914237,30.77847083085765,38.602293753713546,29.21370624628647,40.167058338284725,27.64894166171529
20190704,ELET3,ELETROBRAS,35.51,36.59,35.37,36.21,88664151.0,35.07750000000001,33.990750000000006,0.8805254113311805,1.597275545003639,37.185301090007286,30.79619890999273,38.782576635010926,29.19892336498909,40.37985218001456,27.60164781998545
20190705,ELET3,ELETROBRAS,35.84,36.43,35.65,36.15,58495214.0,35.08250000000001,34.08075000000001,0.8866012869972656,1.6153341918259678,37.31141838365195,30.850081616348074,38.92675257547791,29.234747424522105,40.54208676730388,27.61941323269614
20190708,ELET3,ELETROBRAS,36.01,36.62,35.77,35.77,62772266.0,35.072500000000005,34.18250000000001,0.8771417397313233,1.5895036316006934,37.361507263201396,31.003492736798623,38.951010894802096,29.41398910519793,40.54051452640279,27.82448547359724
20190710,ELET3,ELETROBRAS,36.6,37.54,36.3,36.3,166929292.0,35.11650000000001,34.33750000000001,0.9166717543718149,1.4796946150629,37.296889230125814,31.378110769874212,38.77658384518871,29.898416154811315,40.256278460251615,28.41872153974841
20190711,ELET3,ELETROBRAS,36.85,38.97,36.3,38.97,266730056.0,35.24100000000001,34.50775000000001,1.227873214781919,1.6088656419496732,37.725481283899356,31.29001871610066,39.334346925849026,29.68115307415099,40.9432125677987,28.072287432201314
20190712,ELET3,ELETROBRAS,39.02,39.55,37.86,39.4,172165001.0,35.408,34.69300000000001,1.5340781562468115,1.7333222879332393,38.159644575866494,31.226355424133533,39.89296686379973,29.493033136200296,41.62628915173297,27.759710848267055
20190715,ELET3,ELETROBRAS,39.5,39.5,37.45,37.5,146619687.0,35.517500000000005,34.85475000000001,1.6033119504719735,1.6839133108510937,38.222576621702196,31.486923378297824,39.90648993255329,29.803010067446728,41.59040324340438,28.119096756595635
20190716,ELET3,ELETROBRAS,37.8,38.8,37.04,38.8,119711570.0,35.69250000000001,35.059500000000014,1.761527073756992,1.6521717642126317,38.36384352842528,31.75515647157475,40.01601529263791,30.10298470736212,41.66818705685054,28.450812943149487
20190717,ELET3,ELETROBRAS,39.24,40.45,39.07,40.35,213951184.0,35.98850000000001,35.268000000000015,2.0170673735583553,1.7788518336707464,38.82570366734151,31.710296332658523,40.60455550101226,29.931444498987776,42.383407334683,28.15259266531703
20190718,ELET3,ELETROBRAS,39.95,40.64,39.85,40.59,105364257.0,36.29550000000001,35.44275000000001,2.226922528371459,1.9462534521484922,39.335256904297,31.550243095703028,41.28151035644549,29.603989643554534,43.22776380859398,27.65773619140604
20190719,ELET3,ELETROBRAS,40.29,40.45,39.39,39.41,166821248.0,36.50050000000001,35.603000000000016,2.3182672181473705,2.003030012448426,39.60906002489687,31.59693997510316,41.6120900373453,29.593909962654738,43.61512004979372,27.59087995020631
20190722,ELET3,ELETROBRAS,39.5,39.81,38.44,38.63,127163768.0,36.69550000000001,35.750000000000014,2.325516298079091,2.004045907657782,39.75809181531558,31.74190818468445,41.762137722973364,29.737862277026668,43.76618363063114,27.73381636936889
20190723,ELET3,ELETROBRAS,38.73,39.15,38.34,38.34,86440019.0,36.89600000000001,35.882750000000016,2.2833179920088824,1.995100392692802,39.87295078538562,31.892549214614412,41.868051178078424,29.89744882192161,43.86315157077122,27.90234842922881
20190724,ELET3,ELETROBRAS,38.25,39.11,38.15,38.48,62415903.0,37.16850000000001,36.01000000000001,2.1167907064083433,1.9943561392730982,39.99871227854621,32.02128772145382,41.99306841781931,30.026931582180715,43.9874245570924,28.03257544290762
20190725,ELET3,ELETROBRAS,38.5,38.74,37.58,37.72,66017155.0,37.360000000000014,36.11675000000001,1.972940631859457,1.9679188375748458,40.0525876751497,32.18091232485032,42.020506512724545,30.212993487275472,43.988425350299394,28.245074649700626
20190726,ELET3,ELETROBRAS,38.15,38.6,37.73,38.5,69039212.0,37.58000000000001,36.23825000000001,1.830464421943208,1.9610997536050065,40.16044950721002,32.31605049279,42.12154926081503,30.35495073918499,44.082649014420035,28.39385098557998
20190729,ELET3,ELETROBRAS,38.5,39.05,38.15,38.37,68528665.0,37.73600000000001,36.349250000000005,1.7527404107192548,1.9527369188804828,40.25472383776097,32.44377616223904,42.20746075664145,30.491039243358557,44.160197675521935,28.538302324478074
20190730,ELET3,ELETROBRAS,38.33,39.21,38.3,38.95,71467290.0,37.91050000000001,36.46275000000001,1.6867049004056731,1.9690033760437433,40.400756752087496,32.52474324791252,42.36976012813123,30.555739871868777,44.33876350417498,28.586736495825033
20190731,ELET3,ELETROBRAS,38.82,39.5,38.5,39.39,85382195.0,38.15150000000001,36.57825000000001,1.5204371774348961,2.0023817708943805,40.58301354178877,32.57348645821125,42.585395312683154,30.57110468731687,44.587777083577535,28.568722916422487
20190801,ELET3,ELETROBRAS,40.21,42.18,39.97,42.11,326467407.0,38.49700000000001,36.751000000000005,1.5975939145444151,2.171368232244326,41.09373646448866,32.40826353551135,43.26510469673298,30.236895303267026,45.43647292897731,28.0655270710227
20190802,ELET3,ELETROBRAS,42.88,44.05,41.57,42.95,202429853.0,38.83400000000001,36.95575000000001,1.7891674041296048,2.3570155918024476,41.669781183604904,32.241718816395114,44.02679677540735,29.884703224592666,46.3838123672098,27.52768763279022
20190805,ELET3,ELETROBRAS,41.85,43.12,41.8,42.44,173206610.0,39.148500000000006,37.11550000000001,1.8445146986901648,2.5058965845197063,42.127293169039426,32.1037068309606,44.63318975355913,29.597810246440893,47.13908633807884,27.091913661921186
20190806,ELET3,ELETROBRAS,43.13,43.16,42.01,42.63,114590969.0,39.49150000000001,37.28200000000001,1.8208739226275703,2.6452174550715517,42.572434910143116,31.991565089856906,45.21765236521467,29.346347634785356,47.86286982028622,26.701130179713804
20190807,ELET3,ELETROBRAS,42.2,42.31,41.04,41.75,132949283.0,39.76400000000001,37.440250000000006,1.7233089346400912,2.719276381403951,42.87880276280791,32.001697237192104,45.59807914421186,29.282420855788153,48.31735552561581,26.563144474384202
20190808,ELET3,ELETROBRAS,42.03,43.35,41.16,43.35,214532727.0,39.98300000000001,37.61200000000001,1.8875746064027974,2.8698576753774563,43.35171535075492,31.872284649245096,46.221573026132376,29.002426973867642,49.091430701509836,26.132569298490182
20190809,ELET3,ELETROBRAS,43.62,44.28,42.91,44.28,150297272.0,40.22700000000001,37.81750000000001,2.11049283343958,3.044842423609996,43.90718484722,31.727815152780018,46.95202727083,28.68297272917002,49.996869694439994,25.638130305560026
20190812,ELET3,ELETROBRAS,43.4,43.76,42.24,42.95,162717050.0,40.49950000000001,38.00850000000001,2.0916185498064777,3.1221594679947957,44.2528189359896,31.764181064010423,47.3749784039844,28.642021596015624,50.49713787197919,25.51986212802083
20190813,ELET3,ELETROBRAS,44.16,44.16,42.55,43.57,145452474.0,40.738000000000014,38.21525000000001,2.158514596466214,3.210766333559286,44.63678266711858,31.79371733288144,47.84754900067787,28.582950999322154,51.05831533423716,25.372184665762866
20190814,ELET3,ELETROBRAS,42.79,42.97,40.97,41.09,234669971.0,40.77500000000002,38.381750000000004,2.1578559046569734,3.181996541038232,44.745743082076466,32.01775691792354,47.927739623114704,28.835760376885307,51.109736164152935,25.653763835847077
20190815,ELET3,ELETROBRAS,41.2,41.81,39.5,40.35,158400575.0,40.76300000000002,38.529250000000005,2.159605470791712,3.1314127126462994,44.7920754252926,32.26642457470741,47.923488137938904,29.135011862061106,51.0549008505852,26.003599149414807
20190816,ELET3,ELETROBRAS,41.2,41.4,40.29,41.4,151763237.0,40.86250000000002,38.68150000000001,2.139738978178564,3.1189022970367812,44.919304594073566,32.44369540592645,48.03820689111035,29.324793108889665,51.15710918814713,26.205890811852882
20190819,ELET3,ELETROBRAS,41.62,42.0,40.17,40.65,93037672.0,40.96350000000002,38.82950000000001,2.0755247275656923,3.0666067023122525,44.962713404624516,32.696286595375504,48.029320106936765,29.629679893063255,51.09592680924902,26.563073190751
20190820,ELET3,ELETROBRAS,40.66,40.92,38.83,40.04,108878947.0,41.04850000000001,38.97225000000001,1.9957040045267256,2.9835605020227964,44.939371004045604,33.005128995954415,47.922931506068394,30.02156849393162,50.90649200809119,27.038007991908824
20190821,ELET3,ELETROBRAS,41.1,45.81,40.81,45.0,487755192.0,41.37450000000001,39.27150000000001,2.0845988507194466,2.972545787963273,45.21659157592656,33.32640842407346,48.18913736388983,30.353862636110193,51.161683151853104,27.381316848146916
20190822,ELET3,ELETROBRAS,45.0,47.36,43.95,46.83,356919204.0,41.83000000000001,39.595000000000006,2.2339839324681994,3.0742495436138504,45.743499087227704,33.44650091277231,48.81774863084156,30.372251369158455,51.89199817445541,27.298001825544603
20190823,ELET3,ELETROBRAS,46.3,47.87,45.02,45.2,200150389.0,42.16500000000001,39.87250000000001,2.2105786334660427,3.066486129022415,46.00547225804484,33.73952774195518,49.071958387067255,30.673041612932764,52.13844451608967,27.60655548391035
20190826,ELET3,ELETROBRAS,45.2,46.4,43.73,43.8,151866293.0,42.43650000000001,40.08625000000001,2.047379004843369,3.033827816134,46.15390563226801,34.01859436773201,49.18773344840201,30.984766551598007,52.22156126453601,27.950938735464007
20190827,ELET3,ELETROBRAS,43.51,44.41,42.44,42.69,181411004.0,42.623500000000014,40.26700000000001,1.875782713821997,2.9657482300596976,46.19849646011941,34.33550353988061,49.1642446901791,31.369755309820917,52.1299929202388,28.40400707976122
20190828,ELET3,ELETROBRAS,42.31,44.33,41.64,44.2,161659594.0,42.86400000000002,40.50775000000001,1.7430415038690983,2.8810837415182275,46.269917483036465,34.74558251696355,49.15100122455469,31.864498775445327,52.032084966072915,28.9834150339271
20190829,ELET3,ELETROBRAS,44.31,45.69,43.62,45.47,176234462.0,43.03200000000002,40.76450000000001,1.8264708564533398,2.8534279429557436,46.4713558859115,35.057644114088525,49.32478382886724,32.204216171132785,52.17821177182299,29.350788228177038
20190830,ELET3,ELETROBRAS,45.64,46.96,45.25,45.94,211567101.0,43.181500000000014,41.00775000000001,1.9383478450527807,2.869894563863264,46.74753912772654,35.26796087227348,49.6174336915898,32.398066308410215,52.487328255453065,29.528171744546952
20190902,ELET3,ELETROBRAS,46.26,46.74,45.62,46.11,96681731.0,43.36500000000002,41.256750000000004,2.035726948911866,2.8696943351030715,46.99613867020615,35.51736132979386,49.86583300530922,32.64766699469079,52.73552734041229,29.777972659587718
20190903,ELET3,ELETROBRAS,46.01,46.3,44.47,44.6,154527379.0,43.463500000000025,41.477500000000006,2.0459260546393967,2.774861280894001,47.02722256178801,35.927777438212004,49.80208384268201,33.152916157318,52.57694512357601,30.378054876424002
20190904,ELET3,ELETROBRAS,45.81,45.81,44.59,45.7,126807125.0,43.66100000000002,41.712500000000006,2.062397429666365,2.7226888576156045,47.157877715231216,36.267122284768796,49.88056657284682,33.544433427153194,52.603255430462426,30.821744569537586
20190905,ELET3,ELETROBRAS,45.71,46.25,45.2,46.0,138996491.0,43.79350000000002,41.888250000000006,2.1255247649264115,2.7676435292731867,47.42353705854638,36.35296294145363,50.19118058781957,33.585319412180446,52.95882411709275,30.81767588290726
20190906,ELET3,ELETROBRAS,46.27,46.27,44.54,45.0,128351095.0,43.829500000000024,42.02825,2.140244636779367,2.7801576117467457,47.58856522349349,36.46793477650651,50.368722835240234,33.687777164759765,53.14888044698698,30.907619553013017
20190909,ELET3,ELETROBRAS,44.9,45.59,44.05,44.98,126221280.0,43.931000000000026,42.215250000000005,2.1444712266908468,2.718647842171379,47.65254568434276,36.77795431565725,50.37119352651414,34.05930647348587,53.08984136868552,31.34065863131449
20190910,ELET3,ELETROBRAS,44.74,44.9,43.81,44.59,109153676.0,43.98200000000002,42.36,2.1475606725084493,2.6860904771212653,47.73218095424253,36.98781904575747,50.41827143136379,34.30172856863621,53.10436190848506,31.61563809151494
20190911,ELET3,ELETROBRAS,44.8,45.91,44.74,45.72,105160929.0,44.213500000000025,42.49425000000001,2.067460366831907,2.717072224722497,47.928394449445,37.060105550555015,50.6454666741675,34.343033325832515,53.362538898889994,31.625961101110022
20190912,ELET3,ELETROBRAS,45.9,46.22,44.78,44.82,160150534.0,44.437000000000026,42.60000000000001,1.8589133781239207,2.7233670713158884,48.046734142631784,37.15326585736823,50.770101213947676,34.42989878605234,53.49346828526356,31.706531714736457
20190913,ELET3,ELETROBRAS,44.87,45.4,43.02,43.45,113334369.0,44.539500000000025,42.70100000000001,1.7350306382854266,2.6765398635225117,48.05407972704503,37.34792027295499,50.73061959056754,34.67138040943247,53.407159454090056,31.99484054590996
20190916,ELET3,ELETROBRAS,43.51,44.55,42.54,43.88,157326013.0,44.70100000000003,42.83225,1.4864542763869752,2.5994017926220323,48.03105358524407,37.63344641475594,50.6304553778661,35.034044622133905,53.22985717048813,32.43464282951187
20190917,ELET3,ELETROBRAS,43.67,44.47,43.01,44.47,135635161.0,44.92250000000003,42.98550000000001,1.008609647511005,2.506817320213525,47.99913464042706,37.97186535957296,50.50595196064059,35.46504803935943,53.01276928085411,32.95823071914591
20190918,ELET3,ELETROBRAS,44.37,44.4,43.16,43.6,136058678.0,44.852500000000035,43.1135,1.0506533055298009,2.399272913367702,47.91204582673541,38.314954173264596,50.31131874010311,35.91568125989689,52.710591653470814,33.51640834652919
20190919,ELET3,ELETROBRAS,43.84,44.44,41.26,42.55,224979815.0,44.63850000000003,43.23425,1.0624860370597928,2.23691853925919,47.70808707851838,38.760412921481624,49.945005617777575,36.52349438222243,52.18192415703676,34.286575842963245
20190920,ELET3,ELETROBRAS,41.05,41.9,40.07,40.09,406759793.0,44.383000000000024,43.274,1.4602923283405251,2.163558085594885,47.60111617118977,38.94688382881023,49.76467425678466,36.78332574321534,51.928232342379545,34.61976765762046
20190923,ELET3,ELETROBRAS,40.3,40.88,39.67,40.69,137349772.0,44.227500000000035,43.33200000000001,1.6753848733004264,2.057205223922188,47.446410447844386,39.21758955215563,49.503615671766575,37.16038432823344,51.560820895688764,35.10317910431125
20190924,ELET3,ELETROBRAS,41.2,41.28,39.51,39.54,143412001.0,44.07000000000003,43.34675,1.952650021192441,2.0268725277108945,47.400495055421786,39.293004944578215,49.427367583132686,37.266132416867315,51.45424011084358,35.23925988915642
20190925,ELET3,ELETROBRAS,39.31,39.74,38.46,39.74,154492992.0,43.84700000000002,43.3555,2.178621244345946,2.010038843864854,47.37557768772971,39.33542231227029,49.385616531594565,37.325383468405434,51.39565537545941,35.315344624540586
20190926,ELET3,ELETROBRAS,39.97,40.73,39.52,39.9,189982171.0,43.56850000000002,43.300250000000005,2.312151595375983,2.074491581210257,47.44923316242052,39.15126683757949,49.52372474363078,37.07677525636923,51.59821632484103,35.00228367515898
20190927,ELET3,ELETROBRAS,39.95,40.62,39.4,40.19,121595083.0,43.28100000000002,43.23125,2.35876841191592,2.1315555743789756,47.49436114875795,38.96813885124205,49.62591672313693,36.836583276863074,51.7574722975159,34.7050277024841
20190930,ELET3,ELETROBRAS,40.4,40.56,39.7,40.15,110371807.0,42.98300000000002,43.17400000000001,2.359034369799319,2.183472651652006,47.54094530330402,38.80705469669599,49.724417954956024,36.62358204504399,51.907890606608035,34.44010939339198
20191001,ELET3,ELETROBRAS,40.0,40.09,39.17,39.3,86856209.0,42.71800000000001,43.09075,2.463214844145917,2.2666437263166683,47.62403745263334,38.55746254736666,49.890681178950004,36.290818821049996,52.15732490526668,34.02417509473332
20191002,ELET3,ELETROBRAS,38.83,38.9,37.5,37.55,242316345.0,42.310500000000005,42.98575,2.61348622784924,2.4222821274838413,47.83031425496769,38.14118574503232,50.25259638245153,35.71890361754848,52.67487850993537,33.29662149006464
20191003,ELET3,ELETROBRAS,37.5,38.3,37.05,38.2,118931445.0,41.92050000000001,42.857000000000006,2.6159198341973586,2.5365949314293945,47.930189862858796,37.78381013714122,50.46678479428819,35.247215205711825,53.003379725717586,32.71062027428243
20191004,ELET3,ELETROBRAS,38.34,38.96,37.85,38.85,101257273.0,41.613000000000014,42.721250000000005,2.5962647257773166,2.602918665060922,47.92708733012185,37.51541266987816,50.53000599518277,34.91249400481724,53.132924660243695,32.309575339756314
20191007,ELET3,ELETROBRAS,38.27,38.62,35.6,35.78,188558829.0,41.153000000000006,42.542,2.7770338208428536,2.8242341371667354,48.19046827433347,36.893531725666534,51.01470241150021,34.06929758849979,53.83893654866694,31.24506345133306
20191008,ELET3,ELETROBRAS,36.21,37.85,35.89,35.98,225409283.0,40.72250000000001,42.352250000000005,2.881581939436049,3.0027273820260003,48.357704764052,36.34679523594801,51.360432146078004,33.344067853922006,54.363159528104006,30.341340471896004
