DATA DO PREGAO,CODIGO DE NEGOCIACAO DO PAPEL,NOME RESUMIDO DA EMPRESA EMISSORA,PRECO DE ABERTURA,PRECO MAXIMO,PRECO MINIMO,PRECO FECHAMENTO,VOLUME TOTAL DE TITULOS NEGOCIADOS NESTE PAPEL,MA_20,MA_40,STD_20,STD_40,BANDA_1_40 SUPERIOR,BANDA_1_40 INFERIOR,BANDA_2_40 SUPERIOR,BANDA_2_40 INFERIOR,BANDA_3_40 SUPERIOR,BANDA_3_40 INFERIOR
20190102,ELPL3,ELETROPAULO,31.2,33.54,31.12,33.54,224961.0,0.0,0.0,0.0,0.0,0.0,0.0,0.0,0.0,0.0,0.0
20190103,ELPL3,ELETROPAULO,33.0,33.03,32.1,32.19,525706.0,0.0,0.0,0.0,0.0,0.0,0.0,0.0,0.0,0.0,0.0
20190104,ELPL3,ELETROPAULO,32.01,34.0,31.91,34.0,744954.0,0.0,0.0,0.0,0.0,0.0,0.0,0.0,0.0,0.0,0.0
20190107,ELPL3,ELETROPAULO,33.34,34.18,32.75,33.8,592616.0,0.0,0.0,0.0,0.0,0.0,0.0,0.0,0.0,0.0,0.0
20190108,ELPL3,ELETROPAULO,33.74,33.97,33.2,33.2,264094.0,0.0,0.0,0.0,0.0,0.0,0.0,0.0,0.0,0.0,0.0
20190109,ELPL3,ELETROPAULO,33.0,33.51,30.71,32.4,979412.0,0.0,0.0,0.0,0.0,0.0,0.0,0.0,0.0,0.0,0.0
20190110,ELPL3,ELETROPAULO,31.9,32.23,31.61,31.75,753514.0,0.0,0.0,0.0,0.0,0.0,0.0,0.0,0.0,0.0,0.0
20190111,ELPL3,ELETROPAULO,32.47,32.47,31.82,31.82,265539.0,0.0,0.0,0.0,0.0,0.0,0.0,0.0,0.0,0.0,0.0
20190114,ELPL3,ELETROPAULO,31.71,31.71,31.3,31.3,581203.0,0.0,0.0,0.0,0.0,0.0,0.0,0.0,0.0,0.0,0.0
20190115,ELPL3,ELETROPAULO,31.3,31.67,31.2,31.3,388180.0,0.0,0.0,0.0,0.0,0.0,0.0,0.0,0.0,0.0,0.0
20190116,ELPL3,ELETROPAULO,31.1,31.46,31.1,31.2,121667.0,0.0,0.0,0.0,0.0,0.0,0.0,0.0,0.0,0.0,0.0
20190117,ELPL3,ELETROPAULO,31.25,31.42,31.1,31.2,474212.0,0.0,0.0,0.0,0.0,0.0,0.0,0.0,0.0,0.0,0.0
20190118,ELPL3,ELETROPAULO,31.2,31.49,31.1,31.1,127948.0,0.0,0.0,0.0,0.0,0.0,0.0,0.0,0.0,0.0,0.0
20190121,ELPL3,ELETROPAULO,31.05,32.92,31.05,32.81,648168.0,0.0,0.0,0.0,0.0,0.0,0.0,0.0,0.0,0.0,0.0
20190122,ELPL3,ELETROPAULO,32.8,32.8,31.9,32.5,357066.0,0.0,0.0,0.0,0.0,0.0,0.0,0.0,0.0,0.0,0.0
20190123,ELPL3,ELETROPAULO,31.88,32.66,31.55,32.5,171479.0,0.0,0.0,0.0,0.0,0.0,0.0,0.0,0.0,0.0,0.0
20190124,ELPL3,ELETROPAULO,32.65,32.99,32.65,32.99,157541.0,0.0,0.0,0.0,0.0,0.0,0.0,0.0,0.0,0.0,0.0
20190128,ELPL3,ELETROPAULO,32.49,33.5,32.32,32.7,990375.0,0.0,0.0,0.0,0.0,0.0,0.0,0.0,0.0,0.0,0.0
20190129,ELPL3,ELETROPAULO,33.0,33.19,32.33,32.5,1380919.0,0.0,0.0,0.0,0.0,0.0,0.0,0.0,0.0,0.0,0.0
20190130,ELPL3,ELETROPAULO,32.79,32.79,31.71,32.5,1503404.0,32.365,0.0,0.8847925715877377,0.0,0.0,0.0,0.0,0.0,0.0,0.0
20190131,ELPL3,ELETROPAULO,32.02,33.0,31.99,33.0,6637321.0,32.33800000000001,0.0,0.8547797500249006,0.0,0.0,0.0,0.0,0.0,0.0,0.0
20190201,ELPL3,ELETROPAULO,32.98,33.0,32.55,32.72,160193.0,32.36450000000001,0.0,0.8581588308392384,0.0,0.0,0.0,0.0,0.0,0.0,0.0
20190204,ELPL3,ELETROPAULO,32.7,33.0,32.5,32.5,98300.0,32.28950000000001,0.0,0.7685699297019791,0.0,0.0,0.0,0.0,0.0,0.0,0.0
20190205,ELPL3,ELETROPAULO,32.6,33.3,32.51,33.3,4461610.0,32.26450000000001,0.0,0.7236710142337505,0.0,0.0,0.0,0.0,0.0,0.0,0.0
20190206,ELPL3,ELETROPAULO,33.0,33.14,33.0,33.0,452184.0,32.25450000000001,0.0,0.7113402842521992,0.0,0.0,0.0,0.0,0.0,0.0,0.0
20190207,ELPL3,ELETROPAULO,33.0,33.24,32.9,32.9,448744.0,32.279500000000006,0.0,0.7253708670306808,0.0,0.0,0.0,0.0,0.0,0.0,0.0
20190208,ELPL3,ELETROPAULO,32.9,32.9,32.8,32.8,269074.0,32.33200000000001,0.0,0.7230243498847845,0.0,0.0,0.0,0.0,0.0,0.0,0.0
20190211,ELPL3,ELETROPAULO,33.0,33.0,32.8,32.8,114869.0,32.381,0.0,0.7196994986944567,0.0,0.0,0.0,0.0,0.0,0.0,0.0
20190212,ELPL3,ELETROPAULO,32.8,32.85,32.53,32.53,150310.0,32.4425,0.0,0.673536424990864,0.0,0.0,0.0,0.0,0.0,0.0,0.0
20190213,ELPL3,ELETROPAULO,32.6,32.6,32.5,32.5,91073.0,32.502500000000005,0.0,0.6175237050638541,0.0,0.0,0.0,0.0,0.0,0.0,0.0
20190214,ELPL3,ELETROPAULO,32.5,32.78,32.5,32.52,208177.0,32.5685,0.0,0.5361684240491675,0.0,0.0,0.0,0.0,0.0,0.0,0.0
20190215,ELPL3,ELETROPAULO,32.6,32.75,32.52,32.69,114111.0,32.642999999999994,0.0,0.42876935279324163,0.0,0.0,0.0,0.0,0.0,0.0,0.0
20190218,ELPL3,ELETROPAULO,32.6,33.1,32.25,33.0,409532.0,32.73799999999999,0.0,0.23609988965421747,0.0,0.0,0.0,0.0,0.0,0.0,0.0
20190219,ELPL3,ELETROPAULO,33.3,33.3,33.04,33.12,192439.0,32.753499999999995,0.0,0.2507940022786508,0.0,0.0,0.0,0.0,0.0,0.0,0.0
20190220,ELPL3,ELETROPAULO,33.13,33.13,33.0,33.0,95743.0,32.778499999999994,0.0,0.24910946653185534,0.0,0.0,0.0,0.0,0.0,0.0,0.0
20190221,ELPL3,ELETROPAULO,33.0,33.2,33.0,33.0,135372.0,32.8035,0.0,0.24473992640953177,0.0,0.0,0.0,0.0,0.0,0.0,0.0
20190222,ELPL3,ELETROPAULO,33.23,33.23,33.0,33.0,105663.0,32.803999999999995,0.0,0.2451508665463303,0.0,0.0,0.0,0.0,0.0,0.0,0.0
20190225,ELPL3,ELETROPAULO,32.8,33.06,32.7,33.0,85801.0,32.818999999999996,0.0,0.2476181270466697,0.0,0.0,0.0,0.0,0.0,0.0,0.0
20190226,ELPL3,ELETROPAULO,33.0,33.08,33.0,33.0,118813.0,32.843999999999994,0.0,0.23879962972728733,0.0,0.0,0.0,0.0,0.0,0.0,0.0
20190227,ELPL3,ELETROPAULO,32.8,34.3,31.1,33.5,1908261.0,32.89399999999999,32.62949999999999,0.2661103846942082,0.698316473696486,34.026132947392966,31.23286705260702,34.72444942108945,30.534550578910533,35.42276589478594,29.83623410521405
20190228,ELPL3,ELETROPAULO,33.5,33.6,33.5,33.5,224572.0,32.919,32.628499999999995,0.29815043889037,0.697006603360544,34.02251320672109,31.234486793278908,34.71951981008163,30.537480189918362,35.41652641344217,29.84047358655782
20190301,ELPL3,ELETROPAULO,33.37,34.0,33.37,33.5,359271.0,32.95799999999999,32.661249999999995,0.32089676975952647,0.7065850974935693,34.074420194987134,31.248079805012857,34.78100529248071,30.541494707519288,35.48759038997427,29.83490961002572
20190306,ELPL3,ELETROPAULO,33.51,34.2,33.51,34.0,272081.0,33.032999999999994,32.661249999999995,0.3783635122054103,0.7065850974935693,34.074420194987134,31.248079805012857,34.78100529248071,30.541494707519288,35.48759038997427,29.83490961002572
20190307,ELPL3,ELETROPAULO,34.03,34.06,34.0,34.02,132670.0,33.068999999999996,32.66674999999999,0.4351031335696144,0.7164634923688946,34.09967698473778,31.233823015262203,34.81614047710668,30.517359522893308,35.53260396947557,29.800896030524413
20190308,ELPL3,ELETROPAULO,33.9,34.18,33.9,34.0,163398.0,33.11899999999999,32.686749999999996,0.4817173226565136,0.7424263323551743,34.17160266471034,31.201897335289647,34.91402899706552,30.459471002934475,35.656455329420695,29.7170446705793
20190311,ELPL3,ELETROPAULO,33.99,34.09,33.99,34.0,972417.0,33.17399999999999,32.726749999999996,0.5169078101659107,0.7692000090003569,34.26515001800071,31.18834998199928,35.03435002700107,30.419149972998923,35.803550036001425,29.64994996399857
20190312,ELPL3,ELETROPAULO,34.0,34.09,34.0,34.0,221117.0,33.233999999999995,32.782999999999994,0.5403254379976556,0.7781575873621134,34.33931517472422,31.22668482527577,35.11747276208634,30.448527237913655,35.895630349448446,29.670369650551542
20190313,ELPL3,ELETROPAULO,34.0,34.1,34.0,34.0,187226.0,33.294,32.83749999999999,0.5559950776003132,0.7852902452155904,34.408080490431175,31.26691950956881,35.193370735646766,30.48162926435322,35.97866098086235,29.69633901913763
20190314,ELPL3,ELETROPAULO,34.0,34.15,34.0,34.1,105542.0,33.3725,32.90749999999999,0.5532761278820887,0.769357874114206,34.446215748228404,31.36878425177158,35.21557362234261,30.599426377657373,35.98493149645682,29.830068503543167
20190315,ELPL3,ELETROPAULO,34.02,34.3,34.0,34.3,396898.0,33.4625,32.982499999999995,0.5502714641070449,0.7547210386320481,34.49194207726409,31.473057922735897,35.24666311589614,30.71833688410385,36.00138415452819,29.963615845471804
20190318,ELPL3,ELETROPAULO,34.3,34.3,34.0,34.0,146859.0,33.536500000000004,33.052499999999995,0.5152544082908382,0.7139013434677915,34.48030268693558,31.624697313064413,35.19420403040337,30.91079596959662,35.90810537387116,30.196894626128827
20190319,ELPL3,ELETROPAULO,34.01,34.15,34.0,34.0,153071.0,33.602,33.12249999999999,0.48431829464340864,0.6630649502161278,34.448629900432245,31.79637009956773,35.11169485064837,31.133305149351607,35.7747598008645,30.47024019913548
20190320,ELPL3,ELETROPAULO,34.0,34.4,34.0,34.4,243157.0,33.672,33.205,0.49381010626820354,0.6079768888994742,34.42095377779895,31.98904622220105,35.02893066669842,31.381069333301575,35.636907555597894,30.773092444402103
20190321,ELPL3,ELETROPAULO,34.08,34.38,34.08,34.23,254049.0,33.7275,33.2405,0.49087328196526503,0.6255252152166049,34.49155043043321,31.989449569566787,35.11707564564981,31.363924354350182,35.74260086086642,30.738399139133577
20190322,ELPL3,ELETROPAULO,34.2,34.25,34.06,34.2,578007.0,33.7875,33.283,0.47017214092845266,0.631644983052481,34.546289966104965,32.01971003389504,35.17793494915745,31.38806505084256,35.80957993220993,30.756420067790078
20190325,ELPL3,ELETROPAULO,34.2,34.3,34.2,34.2,171152.0,33.847500000000004,33.3255,0.4399865428563895,0.6347943337442686,34.59508866748853,32.055911332511464,35.22988300123281,31.421116998767193,35.864677334977074,30.786322665022922
20190326,ELPL3,ELETROPAULO,34.1,34.66,34.09,34.5,271885.0,33.9225,33.36325,0.4150570664631926,0.6587765953372099,34.68080319067442,32.045696809325584,35.33957978601163,31.386920213988372,35.99835638134884,30.72814361865116
20190327,ELPL3,ELETROPAULO,34.52,34.6,34.5,34.5,365823.0,33.9975,33.408249999999995,0.37298052721849545,0.6736197188629564,34.755489437725906,32.061010562274085,35.429109156588865,31.387390843411126,36.102728875451824,30.71377112454817
20190328,ELPL3,ELETROPAULO,34.55,34.55,34.5,34.5,106983.0,34.072500000000005,33.45825,0.30678082352745695,0.6786823111641861,34.81561462232837,32.10088537767163,35.494296933492556,31.422203066507443,36.172979244656744,30.743520755343255
20190329,ELPL3,ELETROPAULO,34.11,34.75,34.11,34.5,268859.0,34.1225,33.50825,0.2895709166844036,0.6799467833625723,34.86814356672514,32.148356433274856,35.54809035008771,31.46840964991228,36.228037133450286,30.788462866549708
20190401,ELPL3,ELETROPAULO,34.51,34.72,34.51,34.68,148667.0,34.1815,33.55025,0.2759533713471633,0.6993568015665653,34.94896360313313,32.15153639686687,35.648320404699696,31.4521795953003,36.34767720626626,30.75282279373374
20190402,ELPL3,ELETROPAULO,34.64,34.64,34.5,34.5,107017.0,34.2315,33.59475,0.23326684516364615,0.7017998381451028,34.9983496762902,32.19115032370979,35.7001495144353,31.48935048556469,36.40194935258041,30.787550647419586
20190403,ELPL3,ELETROPAULO,34.45,34.94,34.03,34.94,317837.0,34.278499999999994,33.65575,0.2751128954867899,0.7101963885126348,35.07614277702527,32.23535722297473,35.7863391655379,31.525160834462092,36.49653555405054,30.814964445949457
20190404,ELPL3,ELETROPAULO,34.65,34.65,34.5,34.51,113982.0,34.303,33.686,0.2726883704311357,0.7203517659217925,35.12670353184358,32.24529646815642,35.84705529776538,31.524944702234624,36.56740706368717,30.80459293631283
20190405,ELPL3,ELETROPAULO,34.51,34.62,34.5,34.5,179462.0,34.327999999999996,33.7235,0.26629228105098207,0.7227637483281889,35.169027496656376,32.277972503343626,35.89179124498457,31.555208755015435,36.61455499331276,30.832445006687244
20190408,ELPL3,ELETROPAULO,34.52,34.54,34.5,34.5,100079.0,34.352999999999994,33.7635,0.2571933534378327,0.7202903616793591,35.20408072335872,32.32291927664128,35.924371085038075,31.602628914961922,36.644661446717436,30.882338553282565
20190409,ELPL3,ELETROPAULO,34.51,34.55,34.5,34.5,534825.0,34.378,33.806,0.2450907458150479,0.7120890177714759,35.23017803554295,32.381821964457046,35.942267053314424,31.66973294668557,36.6543560710859,30.957643928914095
20190410,ELPL3,ELETROPAULO,34.5,34.61,34.5,34.61,193217.0,34.4085,33.85125,0.23324428125209776,0.7039856769376128,35.259221353875226,32.443278646124774,35.96320703081284,31.73929296918716,36.66719270775045,31.03530729224955
20190411,ELPL3,ELETROPAULO,34.5,34.68,34.5,34.65,148506.0,34.43599999999999,33.904250000000005,0.22730457193162235,0.6814046107781475,35.2670592215563,32.54144077844371,35.94846383233445,31.860036167665562,36.62986844311259,31.178631556887414
20190412,ELPL3,ELETROPAULO,34.51,34.53,34.5,34.5,324329.0,34.446,33.95425,0.22539789379291247,0.6482951508102445,35.25084030162049,32.65765969837951,35.899135452430734,32.00936454756927,36.54743060324098,31.361069396759024
20190415,ELPL3,ELETROPAULO,34.03,34.31,33.75,34.0,180098.0,34.446,33.99125,0.22539789379291247,0.6051369308910011,35.201523861782,32.780976138218,35.80666079267301,32.175839207326995,36.41179772356401,31.570702276435995
20190416,ELPL3,ELETROPAULO,34.0,34.03,33.95,34.0,666397.0,34.446,34.024,0.22539789379291247,0.5671647886072197,35.15832957721444,32.889670422785564,35.72549436582166,32.32250563417834,36.29265915442888,31.755340845571123
20190417,ELPL3,ELETROPAULO,34.0,34.09,34.0,34.09,71409.0,34.4305,34.051249999999996,0.23897753693152815,0.5423462206717199,35.13594244134344,32.966557558656554,35.678288662015156,32.424211337984836,36.22063488268687,31.881865117313115
20190418,ELPL3,ELETROPAULO,34.0,34.1,34.0,34.1,244821.0,34.424,34.07575,0.2463715636358752,0.5209108762788653,35.11757175255773,33.03392824744227,35.6384826288366,32.5130173711634,36.15939350511546,31.99210649488454
20190422,ELPL3,ELETROPAULO,34.0,34.0,34.0,34.0,27200.0,34.414,34.10075,0.2596434802610503,0.49110230538956795,35.08295461077913,33.11854538922086,35.5740569161687,32.627443083831295,36.06515922155827,32.13634077844173
20190423,ELPL3,ELETROPAULO,34.0,34.08,34.0,34.0,302610.0,34.403999999999996,34.12575,0.2718823274873988,0.4579658900073566,35.04168178001471,33.20981821998528,35.499647670022064,32.75185232997793,35.95761356002942,32.29388643997057
20190424,ELPL3,ELETROPAULO,34.0,34.05,34.0,34.0,166629.0,34.379,34.15075,0.2852496598087681,0.4207160410294107,34.992182082058825,33.30931791794118,35.41289812308823,32.88860187691177,35.83361416411765,32.467885835882356
20190425,ELPL3,ELETROPAULO,34.0,34.02,34.0,34.0,241410.0,34.354,34.17575,0.29580220987745637,0.3781390837597192,34.93202816751944,33.41947183248056,35.31016725127916,33.04133274872084,35.68830633503888,32.66319366496112
20190426,ELPL3,ELETROPAULO,34.0,34.0,33.24,33.24,98449.0,34.291,34.18175,0.38407647264844547,0.36049743055377065,34.90274486110754,33.46075513889246,35.263242291661314,33.10025770833869,35.623739722215085,32.73976027778492
20190429,ELPL3,ELETROPAULO,33.24,33.24,32.61,32.7,75885.0,34.201,34.16175,0.519533191280472,0.41704631422073635,34.99584262844147,33.32765737155852,35.41288894266221,32.91061105733779,35.82993525688294,32.493564743117055
20190430,ELPL3,ELETROPAULO,32.7,32.71,32.65,32.65,150279.0,34.0995,34.1405,0.6112323617086779,0.46993152801829957,35.0803630560366,33.2006369439634,35.5502945840549,32.7307054159451,36.0202261120732,32.2607738879268
20190502,ELPL3,ELETROPAULO,32.65,33.79,32.65,33.03,151371.0,34.025999999999996,34.128750000000004,0.6478255125701753,0.49172739737918414,35.11220479475837,33.14529520524164,35.603932192137556,32.65356780786245,36.09565958951674,32.161840410483265
20190503,ELPL3,ELETROPAULO,32.8,32.95,32.65,32.65,656418.0,33.911500000000004,34.095000000000006,0.6793826532033717,0.5443085474910049,35.18361709498202,33.00638290501799,35.72792564247302,32.462074357526994,36.272234189964024,31.917765810035988
20190506,ELPL3,ELETROPAULO,32.63,32.66,32.63,32.65,264461.0,33.8185,34.060750000000006,0.719277963984476,0.5903079921879749,35.24136598437595,32.88013401562406,35.831673976563934,32.28982602343608,36.42198196875191,31.699518031248108
20190507,ELPL3,ELETROPAULO,32.66,32.79,32.65,32.79,1708117.0,33.733,34.0305,0.7354561778064368,0.6235668697305955,35.277633739461194,32.78336626053881,35.90120060919179,32.15979939080822,36.524767478922385,31.536232521077622
20190508,ELPL3,ELETROPAULO,32.67,32.72,32.64,32.65,173083.0,33.640499999999996,33.996750000000006,0.7501050803580233,0.6606887917069214,35.31812758341385,32.675372416586164,35.97881637512077,32.01468362487924,36.63950516682769,31.35399483317232
20190509,ELPL3,ELETROPAULO,32.65,32.7,32.65,32.65,189381.0,33.547999999999995,33.96300000000001,0.752599704882644,0.6941521299305734,35.35130425986115,32.574695740138864,36.04545638979173,31.88054361020829,36.7396085197223,31.186391480277713
20190510,ELPL3,ELETROPAULO,32.7,32.7,32.65,32.65,189393.0,33.449999999999996,33.92925000000001,0.7344242284731558,0.7244640370823202,35.37817807416465,32.48032192583537,36.10264211124697,31.75585788875305,36.82710614832929,31.031393851670728
20190513,ELPL3,ELETROPAULO,32.67,32.67,32.65,32.65,124074.0,33.349999999999994,33.893000000000015,0.6976728233355665,0.7514744481044041,35.39594889620882,32.39005110379121,36.147423344313225,31.6385766556868,36.89889779241763,30.887102207582398
20190514,ELPL3,ELETROPAULO,32.65,32.7,32.65,32.65,71850.0,33.25749999999999,33.851750000000024,0.6587298384011211,0.7735230343146593,35.398796068629345,32.3047039313707,36.172319102944,31.531180897056046,36.94584213725866,30.757657862741386
20190515,ELPL3,ELETROPAULO,32.65,32.7,32.4,32.4,425621.0,33.177499999999995,33.811750000000025,0.6609632126079477,0.8063335426802333,35.42441708536049,32.19908291463956,36.230750628040724,31.392749371959326,37.03708417072096,30.58641582927909
20190516,ELPL3,ELETROPAULO,32.41,32.41,31.39,31.5,1233463.0,33.052499999999995,33.749250000000025,0.7300171230868258,0.8844711225736208,35.51819224514727,31.980307754852785,36.40266336772089,31.095836632279163,37.287134490294505,30.21136550970554
20190517,ELPL3,ELETROPAULO,31.5,31.89,31.5,31.5,160909.0,32.92299999999999,33.67675000000002,0.7651632092841826,0.9464464916404083,35.569642983280836,31.783857016719203,36.516089474921245,30.837410525078795,37.46253596656165,29.890964033438387
20190520,ELPL3,ELETROPAULO,31.71,32.0,31.0,31.0,122055.0,32.76799999999999,33.59600000000002,0.8257730030895556,1.031960543869067,35.659921087738155,31.532078912261884,36.69188163160722,30.500118368392815,37.723842175476285,29.46815782452375
20190521,ELPL3,ELETROPAULO,31.0,31.5,31.0,31.5,59676.0,32.64299999999999,33.52850000000002,0.8186516513852228,1.078685215839993,35.68587043168001,31.371129568320036,36.76455564752,30.292444352480043,37.843240863359995,29.21375913664005
20190522,ELPL3,ELETROPAULO,32.5,32.5,31.5,31.5,60647.0,32.51799999999999,33.46100000000002,0.7909394813497782,1.1193010639657457,35.69960212793151,31.222397872068527,36.818903191897256,30.103096808102784,37.938204255863,28.983795744137037
20190523,ELPL3,ELETROPAULO,31.51,31.56,31.5,31.56,176430.0,32.39599999999999,33.38750000000002,0.73663102239714,1.1455460012699705,35.67859200253996,31.096407997460076,36.82413800380993,29.950861996190106,37.9696840050799,28.805315994920136
20190524,ELPL3,ELETROPAULO,32.17,32.31,31.6,32.0,38480.0,32.295999999999985,33.32500000000002,0.6363497879559152,1.1514761985805062,35.62795239716103,31.022047602839006,36.779428595741535,29.8705714042585,37.93090479432204,28.71909520567799
20190527,ELPL3,ELETROPAULO,31.61,32.21,31.6,32.1,153195.0,32.23899999999999,33.265000000000015,0.5971943173134999,1.1512089520508553,35.567417904101724,30.962582095898306,36.71862685615258,29.811373143847447,37.86983580820343,28.660164191796593
20190528,ELPL3,ELETROPAULO,32.0,32.05,32.0,32.01,102427.0,32.20449999999998,33.202750000000016,0.5890355632190637,1.150036760839421,35.502823521678856,30.902676478321172,36.652860282518276,29.752639717481753,37.8028970433577,28.602602956642333
20190529,ELPL3,ELETROPAULO,32.01,32.02,32.0,32.0,16003.0,32.17199999999998,33.135750000000016,0.5810389967888819,1.1397883013063639,35.415326602612744,30.856173397387288,36.555114903919105,29.716385096080923,37.69490320522547,28.57659679477456
20190530,ELPL3,ELETROPAULO,32.0,32.56,32.0,32.2,96676.0,32.13049999999999,33.07825000000001,0.5450589055563368,1.1271449921519892,35.33253998430399,30.823960015696034,36.459684976455975,29.696815023544044,37.586829968607965,28.569670031392054
20190531,ELPL3,ELETROPAULO,32.45,33.0,32.45,33.0,186725.0,32.14799999999999,33.029750000000014,0.56776199609562,1.085967576368213,35.20168515273644,30.857814847263587,36.28765272910465,29.771847270895375,37.37362030547287,28.685879694527163
20190603,ELPL3,ELETROPAULO,32.99,33.4,32.99,33.0,211565.0,32.165499999999994,32.99200000000001,0.5890444983637387,1.059105089093412,35.11021017818683,30.873789821813187,36.16931526728025,29.814684732719776,37.22842035637366,28.755579643626362
20190604,ELPL3,ELETROPAULO,33.27,34.64,33.11,34.0,395570.0,32.22599999999999,32.979500000000016,0.7069087635614368,1.0436890931100589,35.06687818622014,30.892121813779898,36.11056727933019,29.84843272066984,37.15425637244025,28.80474362755978
20190605,ELPL3,ELETROPAULO,34.0,34.2,34.0,34.0,105516.0,32.293499999999995,32.96700000000001,0.8069062099023089,1.027886055742424,35.02277211148486,30.911227888515164,36.05065816722728,29.88334183277274,37.07854422296971,28.855455777030315
20190606,ELPL3,ELETROPAULO,34.0,34.2,34.0,34.1,285749.0,32.366,32.95700000000001,0.9003531470893228,1.0144474307442273,34.98589486148846,30.928105138511555,36.00034229223269,29.913657707767328,37.014789722976914,28.899210277023098
20190607,ELPL3,ELETROPAULO,34.1,34.39,33.84,33.91,1293928.0,32.428999999999995,32.93950000000002,0.9631631003598,0.9909667644301204,34.921433528860256,30.957566471139774,35.912400293290375,29.966599706709655,36.9033670577205,28.975632942279535
20190610,ELPL3,ELETROPAULO,34.0,34.23,34.0,34.23,102072.0,32.507999999999996,32.929000000000016,1.0436756907049183,0.9744657971132508,34.87793159422652,30.980068405773515,35.85239739133977,30.005602608660265,36.82686318845302,29.031136811547015
20190611,ELPL3,ELETROPAULO,34.23,34.52,34.0,34.23,95340.0,32.587,32.92225000000001,1.1125177704080298,0.9641855537453645,34.85062110749074,30.993878892509283,35.814806661236105,30.02969333876392,36.77899221498147,29.065507785018553
20190612,ELPL3,ELETROPAULO,34.02,34.24,34.0,34.05,44293.0,32.6695,32.92350000000001,1.1581631327689696,0.965649907362765,34.85479981472554,30.99220018527448,35.820449722088306,30.026550277911717,36.78609962945107,29.06090037054895
20190613,ELPL3,ELETROPAULO,34.06,34.06,34.03,34.03,13615.0,32.796,32.924250000000015,1.161865106764018,0.966518699992851,34.857287399985715,30.991212600014315,35.82380609997857,30.02469390002146,36.790324799971415,29.05817520002861
20190614,ELPL3,ELETROPAULO,34.0,34.2,34.0,34.01,34081.0,32.921499999999995,32.92225000000001,1.1500081235410915,0.9641243868574773,34.85049877371497,30.994001226285057,35.814623160572445,30.02987683942758,36.77874754742992,29.065752452570102
20190617,ELPL3,ELETROPAULO,34.18,34.49,34.05,34.49,34174.0,33.096,32.932000000000016,1.1070796101265135,0.9782092482354204,34.888418496470855,30.975581503529174,35.86662774470628,29.997372255293755,36.8448369929417,29.019163007058335
20190618,ELPL3,ELETROPAULO,34.49,34.49,34.0,34.04,51170.0,33.223,32.933000000000014,1.0590020128205015,0.9793488155729171,34.891697631145846,30.97430236885418,35.871046446718765,29.994953553281263,36.850395262291684,29.015604737708344
20190619,ELPL3,ELETROPAULO,34.04,34.23,34.0,34.0,173458.0,33.348,32.933000000000014,0.9902344220063724,0.9793488155729171,34.891697631145846,30.97430236885418,35.871046446718765,29.994953553281263,36.850395262291684,29.015604737708344
20190621,ELPL3,ELETROPAULO,34.0,34.01,34.0,34.0,139403.0,33.47,32.933000000000014,0.9049920034540457,0.9793488155729171,34.891697631145846,30.97430236885418,35.871046446718765,29.994953553281263,36.850395262291684,29.015604737708344
20190624,ELPL3,ELETROPAULO,34.0,34.1,33.1,34.0,346693.0,33.57,32.933000000000014,0.842340098834931,0.9793488155729171,34.891697631145846,30.97430236885418,35.871046446718765,29.994953553281263,36.850395262291684,29.015604737708344
20190625,ELPL3,ELETROPAULO,34.0,34.8,34.0,34.04,143238.0,33.666999999999994,32.95300000000002,0.7729989446441902,0.993840517567556,34.94068103513513,30.965318964864906,35.934521552702684,29.97147844729735,36.92836207027024,28.977637929729795
20190626,ELPL3,ELETROPAULO,34.05,34.1,34.02,34.1,64679.0,33.771499999999996,32.988000000000014,0.6718574018502964,1.0092347951764473,35.00646959035291,30.96953040964712,36.015704385529354,29.960295614470674,37.0249391807058,28.951060819294224
20190627,ELPL3,ELETROPAULO,45.11,48.2,45.0,46.04,15488874.0,34.473499999999994,33.322750000000006,2.7729734658134104,2.295378844213198,37.9135076884264,28.73199231157361,40.208886532639596,26.436613467360413,42.5042653768528,24.141234623147213
20190628,ELPL3,ELETROPAULO,45.85,46.92,45.71,45.95,11973766.0,35.160999999999994,33.64575000000001,3.7218160536009934,3.0410456092330946,39.727841218466196,27.563658781533817,42.76888682769929,24.522613172300723,45.809932436932385,21.481567563067628
20190701,ELPL3,ELETROPAULO,45.75,46.13,45.75,46.07,7432260.0,35.814499999999995,33.98125,4.40682183486132,3.614566106882766,41.210382213765534,26.75211778623447,44.8249483206483,23.137551679351702,48.439514427531066,19.52298557246894
20190702,ELPL3,ELETROPAULO,46.0,46.23,46.0,46.08,975897.0,36.4685,34.317,4.909101402389986,4.081342287997279,42.479684575994554,26.154315424005443,46.561026863991835,22.072973136008166,50.642369151989115,17.991630848010885
20190703,ELPL3,ELETROPAULO,46.1,46.39,46.1,46.31,5923485.0,37.084,34.655,5.336424389341411,4.490923610104593,43.63684722020919,25.673152779790815,48.12777083031378,21.182229169686224,52.61869444041837,16.69130555958163
20190704,ELPL3,ELETROPAULO,46.49,46.6,46.3,46.31,1021665.0,37.6995,34.9965,5.661979823905746,4.840326090943322,44.67715218188664,25.315847818113355,49.51747827282996,20.47552172717003,54.35780436377328,15.635195636226708
20190705,ELPL3,ELETROPAULO,46.42,47.19,46.42,47.19,18021463.0,38.354,35.36,5.972075721309349,5.192725681181319,45.74545136236264,24.974548637637362,50.93817704354396,19.781822956456043,56.130902724725274,14.589097275274725
20190708,ELPL3,ELETROPAULO,46.99,47.24,46.98,47.23,20569432.0,39.02,35.72449999999999,6.1891722089128285,5.500233071984662,46.72496614396932,24.724033856030665,52.22519921595398,19.223800784046006,57.725432287938645,13.723567712061342
20190710,ELPL3,ELETROPAULO,47.23,47.55,46.5,47.48,9510360.0,39.682500000000005,36.09524999999999,6.356350223036384,5.780362417659222,47.65597483531844,24.534525164681547,53.43633725297766,18.754162747022328,59.216699670636885,12.973800329363105
20190711,ELPL3,ELETROPAULO,47.46,47.46,46.77,47.39,598865.0,40.340500000000006,36.46374999999999,6.442772756311807,6.019968773877613,48.50368754775522,24.423812452244764,54.52365632163283,18.403843678367153,60.54362509551044,12.383874904489538
20190712,ELPL3,ELETROPAULO,46.51,47.48,46.5,47.16,248585.0,40.996,36.83274999999999,6.435995322362628,6.213736225864063,49.26022245172812,24.40527754827186,55.47395867759218,18.1915413224078,61.68769490345625,11.977805096543737
20190715,ELPL3,ELETROPAULO,46.82,47.0,46.82,46.86,309642.0,41.6375,37.21674999999999,6.343872198719342,6.348873264664307,49.9144965293286,24.51900347067138,56.26336979399291,18.17013020600707,62.612243058657214,11.821256941342764
20190716,ELPL3,ELETROPAULO,46.86,47.1,46.73,46.9,896272.0,42.282000000000004,37.601749999999996,6.180858056596142,6.4592898266065255,50.52032965321305,24.683170346786945,56.979619479819576,18.22388052018042,63.4389093064261,11.764590693573894
20190717,ELPL3,ELETROPAULO,46.62,46.99,46.5,46.99,3475839.0,42.907000000000004,38.00149999999999,5.980206914216438,6.534599648341325,51.07069929668264,24.932300703317345,57.60529894502397,18.397701054976018,64.13989859336529,11.863101406634694
20190718,ELPL3,ELETROPAULO,46.7,47.09,46.7,47.0,1432902.0,43.55500000000001,38.388999999999996,5.66255242801336,6.598437965893412,51.585875931786816,25.19212406821317,58.184313897680234,18.593686102319758,64.78275186357365,11.995248136426348
20190719,ELPL3,ELETROPAULO,47.0,47.1,46.9,47.0,827048.0,44.205000000000005,38.77649999999999,5.238247497217486,6.63850599117541,52.05351198235081,25.49948801764917,58.69201797352622,18.860982026473764,65.33052396470163,12.222476035298353
20190722,ELPL3,ELETROPAULO,47.0,47.17,47.0,47.17,268426.0,44.8635,39.16674999999999,4.6866116982876145,6.662181589062327,52.49111317812465,25.842386821875337,59.15329476718698,19.180205232813012,65.8154763562493,12.518023643750684
20190723,ELPL3,ELETROPAULO,46.98,47.1,46.9,47.1,188187.0,45.5185,39.54424999999999,3.945203983786417,6.673475582195072,52.89120116439014,26.197298835609846,59.56467674658521,19.523823253414776,66.23815232878027,12.850347671219701
20190724,ELPL3,ELETROPAULO,46.91,47.1,46.5,47.1,463953.0,46.17150000000001,39.91924999999999,2.88320960590432,6.665878051112824,53.25100610222564,26.587493897774344,59.916884153338465,19.921615846661517,66.58276220445129,13.255737795548693
20190725,ELPL3,ELETROPAULO,47.1,47.13,46.8,47.12,89448.0,46.822500000000005,40.29699999999999,0.4945798323085083,6.634235294946808,53.56547058989361,27.028529410106373,60.19970588484041,20.394294115159568,66.83394117978722,13.760058820212759
20190726,ELPL3,ELETROPAULO,47.0,47.11,47.0,47.11,164736.0,46.87600000000001,40.67474999999999,0.46229860479996726,6.579648103558934,53.83404620711786,27.51545379288212,60.41369431067679,20.93580568932319,66.99334241423573,14.356157585764254
20190729,ELPL3,ELETROPAULO,46.9,47.25,46.9,47.25,822909.0,46.94100000000001,41.05099999999999,0.4141306684203812,6.5125696216565006,54.07613924331299,28.02586075668699,60.58870886496949,21.513291135030485,67.10127848662599,15.000721513373986
20190730,ELPL3,ELETROPAULO,47.02,47.14,46.9,47.12,3217425.0,46.993500000000004,41.40399999999998,0.36105510586845324,6.447338468960145,54.29867693792027,28.509323062079694,60.74601540688042,22.061984593119547,67.19335387584056,15.614646124159403
20190731,ELPL3,ELETROPAULO,47.03,47.19,47.03,47.19,334571.0,47.04900000000001,41.758749999999985,0.2919426764208763,6.362904185942705,54.4845583718854,29.032941628114575,60.8474625578281,22.670037442171868,67.2103667437708,16.307133256229164
20190801,ELPL3,ELETROPAULO,47.0,47.19,47.0,47.19,545551.0,47.093,42.08849999999999,0.2355754432738661,6.291887960108963,54.67227592021791,29.504724079782065,60.96416388032688,23.2128361196731,67.25605184043584,16.920948159564137
20190802,ELPL3,ELETROPAULO,47.2,47.2,47.01,47.15,943228.0,47.135000000000005,42.41724999999999,0.14677229051545138,6.201319540102861,54.81988908020571,30.014610919794265,61.02120862030857,23.813291379691407,67.22252816041143,17.611971839588545
20190805,ELPL3,ELETROPAULO,47.14,47.15,47.0,47.15,720263.0,47.133,42.7435,0.14625500441278455,6.094896793472137,54.933293586944274,30.55370641305572,61.028190380416405,24.458809619583587,67.12308717388855,18.36391282611145
20190806,ELPL3,ELETROPAULO,47.0,47.19,47.0,47.16,550873.0,47.1295,43.074749999999995,0.14464020697468052,5.9610887783253945,54.99692755665078,31.152572443349207,60.95801633497618,25.19148366502381,66.91910511330157,19.230394886698416
20190807,ELPL3,ELETROPAULO,47.01,47.14,47.01,47.11,2341535.0,47.111000000000004,43.39674999999999,0.11880545796426827,5.817204539454168,55.031159078908324,31.762340921091656,60.8483636183625,25.945136381637486,66.66556815781667,20.12793184218332
20190808,ELPL3,ELETROPAULO,47.02,47.12,47.02,47.11,291667.0,47.097,43.718749999999986,0.09905341461737893,5.650882475897927,55.02051495179584,32.41698504820413,60.67139742769376,26.766102572306206,66.32227990359169,21.11522009640828
20190809,ELPL3,ELETROPAULO,47.0,47.17,47.0,47.12,437927.0,47.095000000000006,44.04549999999999,0.0981137900066429,5.4518394684494895,54.94917893689897,33.14182106310101,60.40101840534846,27.68998159465152,65.85285787379794,22.238142126202032
20190812,ELPL3,ELETROPAULO,47.19,47.19,47.0,47.01,174208.0,47.102500000000006,44.36999999999999,0.08390941230683409,5.221861344141179,54.81372268828235,33.926277311717634,60.03558403242353,28.704415967576452,65.2574453765647,23.482554623435274
20190813,ELPL3,ELETROPAULO,47.0,47.3,46.8,47.25,781019.0,47.120000000000005,44.700999999999986,0.07553319242484842,4.961461633275174,54.623923266550335,34.77807673344964,59.58538489982551,29.816615100174463,64.54684653310068,24.85515346689929
20190814,ELPL3,ELETROPAULO,47.12,47.25,47.1,47.25,5599582.0,47.133,45.01999999999999,0.07434627375361348,4.690936159369692,54.40187231873937,35.638127681260606,59.09280847810906,30.94719152189091,63.78374463747876,26.25625536252122
20190815,ELPL3,ELETROPAULO,47.05,47.25,47.05,47.25,622499.0,47.145500000000006,45.35024999999999,0.07178000014661172,4.350774459499816,54.05179891899962,36.648701081000354,58.40257337849944,32.29792662150054,62.75334783799926,27.947152162000723
20190816,ELPL3,ELETROPAULO,47.14,47.25,47.13,47.25,179160.0,47.158,45.681499999999986,0.06669648455973311,3.950436879442773,53.58237375888553,37.78062624111444,57.53281063832831,33.830189361671664,61.483247517771076,29.879752482228895
20190819,ELPL3,ELETROPAULO,47.29,47.79,47.28,47.73,640481.0,47.18600000000001,46.02474999999999,0.1443460753663906,3.4776141154385507,52.979978230877094,39.069521769122886,56.45759234631564,35.59190765368434,59.93520646175419,32.11429353824579
20190820,ELPL3,ELETROPAULO,47.5,47.8,47.22,47.8,591600.0,47.221000000000004,46.36974999999999,0.197481511459724,2.8887673597876273,52.14728471957525,40.59221528042473,55.036052079362875,37.7034479206371,57.9248194391505,34.81468056084948
20190821,ELPL3,ELETROPAULO,47.43,47.8,47.42,47.8,300833.0,47.256,46.71374999999999,0.2336303873530438,2.092376501272403,50.8985030025448,42.52899699745518,52.9908795038172,40.43662049618278,55.0832560050896,38.34424399491038
20190822,ELPL3,ELETROPAULO,47.5,48.0,47.5,47.85,890032.0,47.292500000000004,47.05749999999999,0.2660406577554366,0.4585749945658235,47.974649989131635,46.140350010868346,48.433224983697464,45.68177501630252,48.891799978263286,45.223200021736695
20190823,ELPL3,ELETROPAULO,47.15,47.97,47.15,47.95,320546.0,47.334500000000006,47.10524999999999,0.29986795339562955,0.44925572353418575,48.003761447068364,46.20673855293162,48.45301717060255,45.75748282939743,48.902272894136736,45.308227105863246
20190826,ELPL3,ELETROPAULO,47.44,47.95,47.44,47.95,300456.0,47.3695,47.15524999999999,0.32892928371340063,0.4281863211746087,48.0116226423492,46.298877357650774,48.43980896352382,45.87069103647616,48.867995284698424,45.44250471530155
20190827,ELPL3,ELETROPAULO,47.62,48.15,47.62,47.95,748846.0,47.41100000000001,47.20224999999999,0.34762199676024635,0.4087472261334808,48.019744452266956,46.38475554773303,48.428491678400434,45.97600832159955,48.83723890453392,45.567261095466066
20190828,ELPL3,ELETROPAULO,47.62,47.95,47.61,47.95,258099.0,47.44900000000001,47.248999999999995,0.3633745349244792,0.383243913762395,48.01548782752479,46.482512172475204,48.39873174128718,46.09926825871281,48.78197565504958,45.71602434495041
20190829,ELPL3,ELETROPAULO,48.18,48.18,47.81,48.0,143931.0,47.48950000000001,47.29125,0.37783977389476364,0.3699978343665251,48.03124566873305,46.55125433126695,48.40124350309957,46.181256496900424,48.7712413374661,45.811258662533895
20190830,ELPL3,ELETROPAULO,48.02,48.18,48.01,48.15,389979.0,47.53950000000001,47.33725,0.3962651292147523,0.3590942130502457,48.05543842610049,46.61906157389951,48.414532639150735,46.25996736084926,48.77362685220098,45.90087314779902
20190902,ELPL3,ELETROPAULO,48.15,48.2,48.05,48.15,1097792.0,47.58950000000001,47.36125,0.4074629463295851,0.38044634717256076,48.12214269434512,46.600357305654875,48.50258904151768,46.219910958482316,48.88303538869024,45.83946461130976
20190903,ELPL3,ELETROPAULO,48.15,48.2,48.15,48.16,351569.0,47.63950000000001,47.3845,0.4132983502456772,0.4001278641788513,48.18475572835771,46.5842442716423,48.584883592536556,46.18411640746345,48.985011456715405,45.7839885432846
20190904,ELPL3,ELETROPAULO,48.16,48.19,48.16,48.17,255290.0,47.69250000000001,47.40175000000001,0.4097736859343486,0.41878877547226623,48.23932755094454,46.56417244905548,48.6581163264168,46.14538367358321,49.076905101889075,45.72659489811094
20190905,ELPL3,ELETROPAULO,48.2,48.49,48.2,48.31,1907095.0,47.752500000000005,47.42475,0.4078425263699271,0.4427072164390384,48.31016443287808,46.539335567121924,48.752871649317115,46.09662835068289,49.195578865756154,45.65392113424385
20190906,ELPL3,ELETROPAULO,48.31,48.4,48.31,48.33,96704.0,47.813,47.45399999999999,0.39872296146575037,0.46295483525631503,48.379909670512625,46.52809032948736,48.84286450576894,46.06513549423105,49.305819341025256,45.60218065897473
20190909,ELPL3,ELETROPAULO,48.33,48.45,48.33,48.41,415910.0,47.883,47.49275,0.3723481675727149,0.47662804666932623,48.44600609333865,46.53949390666135,48.92263414000798,46.06286585999202,49.399262186677305,45.5862378133227
20190910,ELPL3,ELETROPAULO,48.36,48.51,48.35,48.35,2249602.0,47.938,47.528999999999996,0.3547512100791995,0.4854487746616897,48.49989754932338,46.558102450676614,48.98534632398506,46.07265367601493,49.470795098646754,45.58720490135324
20190911,ELPL3,ELETROPAULO,48.36,48.6,48.36,48.6,387819.0,48.005500000000005,47.56925,0.3452607710123297,0.5059258458889851,48.58110169177797,46.55739830822203,49.087027537666955,46.05147246233304,49.59295338355594,45.54554661644406
20190912,ELPL3,ELETROPAULO,48.4,48.59,48.37,48.5,106637.0,48.068000000000005,47.60674999999999,0.3129250793132266,0.5180950684961435,48.64294013699228,46.5705598630077,49.161035205488425,46.05246479451156,49.67913027398456,45.53436972601542
20190913,ELPL3,ELETROPAULO,48.37,48.5,48.36,48.5,363355.0,48.130500000000005,47.64424999999999,0.2615636181043221,0.5272565059598097,48.69876301191961,46.589736988080375,49.22601951787942,46.06248048212056,49.753276023839234,45.53522397616075
20190916,ELPL3,ELETROPAULO,48.37,48.58,48.36,48.4,101665.0,48.164,47.675,0.2502293684644964,0.5347033685210107,48.74440673704202,46.605593262957974,49.27911010556303,46.07088989443697,49.81381347408404,45.53618652591595
20190917,ELPL3,ELETROPAULO,48.4,48.41,48.4,48.4,125842.0,48.194,47.707499999999996,0.24005262580928338,0.5383533774152274,48.78420675483045,46.63079324516954,49.32256013224568,46.092439867754315,49.860913509660904,45.55408649033909
20190918,ELPL3,ELETROPAULO,48.4,48.41,48.4,48.41,130689.0,48.224500000000006,47.74025,0.2256796751803593,0.5402918845520858,48.820833769104176,46.65966623089583,49.36112565365626,46.11937434634375,49.90141753820835,45.57908246179166
20190919,ELPL3,ELETROPAULO,48.6,48.6,48.4,48.58,198982.0,48.26100000000001,47.77675000000001,0.2209048378113557,0.5465949960835846,48.869939992167176,46.68356000783284,49.41653498825076,46.136965011749254,49.963129984334344,45.59037001566567
20190920,ELPL3,ELETROPAULO,48.4,48.57,48.4,48.57,101980.0,48.29200000000001,47.813250000000004,0.21845389734037773,0.5496683732150186,48.912586746430044,46.71391325356996,49.46225511964506,46.16424488035495,50.01192349286008,45.61457650713993
20190923,ELPL3,ELETROPAULO,48.4,48.49,48.4,48.49,140532.0,48.319,47.84425,0.20703165280507746,0.5520492708408578,48.94834854168172,46.74015145831829,49.50039781252258,46.188102187477426,50.05244708336343,45.63605291663657
20190924,ELPL3,ELETROPAULO,48.41,48.46,48.41,48.41,401870.0,48.342,47.87650000000001,0.18861266352541392,0.5463048364777675,48.96910967295554,46.783890327044475,49.51541450943331,46.2375854905667,50.06171934591108,45.691280654088935
20190925,ELPL3,ELETROPAULO,48.5,48.55,48.49,48.5,819708.0,48.3695,47.90925000000001,0.1673469449976527,0.5433532519551928,48.99595650391039,46.82254349608962,49.53930975586559,46.279190244134426,50.08266300782078,45.73583699217924
20190926,ELPL3,ELETROPAULO,48.5,48.54,48.5,48.5,155204.0,48.3945,47.94200000000001,0.14511247906019764,0.5383459949293187,49.018691989858645,46.86530801014137,49.55703798478796,46.326962015212054,50.09538397971728,45.78861602028273
20190927,ELPL3,ELETROPAULO,48.5,48.58,48.5,48.5,383390.0,48.412,47.975750000000005,0.1348137116251731,0.5296679535573862,49.03508590711478,46.91641409288523,49.56475386067216,46.38674613932785,50.09442181422955,45.85707818577046
20190930,ELPL3,ELETROPAULO,48.51,48.6,48.51,48.55,1034840.0,48.432,48.01075,0.12305753895957781,0.5198687580929007,49.050487516185804,46.9710124838142,49.5703562742787,46.4511437257213,50.090225032371606,45.9312749676284
20191001,ELPL3,ELETROPAULO,48.55,48.6,48.55,48.58,621619.0,48.453,48.04625,0.10926067333169065,0.5086467087861721,49.06354341757235,47.028956582427654,49.572190126358514,46.52030987364149,50.08083683514469,46.011663164855314
20191002,ELPL3,ELETROPAULO,48.57,48.57,48.5,48.5,1378818.0,48.469500000000004,48.081,0.08690436364824261,0.4901899161000622,49.061379832200124,47.10062016779988,49.55156974830019,46.61043025169982,50.04175966440025,46.12024033559975
20191003,ELPL3,ELETROPAULO,48.5,48.51,48.5,48.5,1653851.0,48.479000000000006,48.115750000000006,0.07853259464137469,0.4683735496922468,49.052497099384496,47.179002900615515,49.52087064907675,46.71062935092326,49.98924419876899,46.24225580123102
20191004,ELPL3,ELETROPAULO,48.5,48.61,48.5,48.5,471053.0,48.487500000000004,48.15025000000001,0.07032817807702026,0.44330048557705765,49.036850971154124,47.26364902884589,49.48015145673118,46.820348543268835,49.92345194230824,46.37704805769177
20191007,ELPL3,ELETROPAULO,48.5,48.84,48.5,48.7,1320323.0,48.50200000000001,48.19250000000001,0.08237270881760222,0.4112130273303484,49.014926054660705,47.370073945339314,49.42613908199105,46.958860918008966,49.8373521093214,46.54764789067862
20191008,ELPL3,ELETROPAULO,48.65,48.65,48.53,48.65,87394.0,48.51700000000001,48.227500000000006,0.08053113160728774,0.3878524038594113,49.00320480771883,47.45179519228118,49.39105721157824,47.06394278842177,49.77890961543765,46.676090384562364
