DATA DO PREGAO,CODIGO DE NEGOCIACAO DO PAPEL,NOME RESUMIDO DA EMPRESA EMISSORA,PRECO DE ABERTURA,PRECO MAXIMO,PRECO MINIMO,PRECO FECHAMENTO,VOLUME TOTAL DE TITULOS NEGOCIADOS NESTE PAPEL,MA_20,MA_40,STD_20,STD_40,BANDA_1_40 SUPERIOR,BANDA_1_40 INFERIOR,BANDA_2_40 SUPERIOR,BANDA_2_40 INFERIOR,BANDA_3_40 SUPERIOR,BANDA_3_40 INFERIOR
20190102,EMBR3,EMBRAER,21.67,21.95,21.38,21.54,77319949.0,0.0,0.0,0.0,0.0,0.0,0.0,0.0,0.0,0.0,0.0
20190103,EMBR3,EMBRAER,21.5,21.9,21.18,21.9,68145582.0,0.0,0.0,0.0,0.0,0.0,0.0,0.0,0.0,0.0,0.0
20190104,EMBR3,EMBRAER,21.75,21.81,20.61,20.8,125770626.0,0.0,0.0,0.0,0.0,0.0,0.0,0.0,0.0,0.0,0.0
20190107,EMBR3,EMBRAER,20.84,21.23,20.55,21.23,65478909.0,0.0,0.0,0.0,0.0,0.0,0.0,0.0,0.0,0.0,0.0
20190108,EMBR3,EMBRAER,21.32,21.48,21.03,21.36,53754263.0,0.0,0.0,0.0,0.0,0.0,0.0,0.0,0.0,0.0,0.0
20190109,EMBR3,EMBRAER,21.42,21.5,21.06,21.28,62646729.0,0.0,0.0,0.0,0.0,0.0,0.0,0.0,0.0,0.0,0.0
20190110,EMBR3,EMBRAER,21.2,21.33,20.93,20.99,57637757.0,0.0,0.0,0.0,0.0,0.0,0.0,0.0,0.0,0.0,0.0
20190111,EMBR3,EMBRAER,22.75,23.09,21.51,21.53,409406168.0,0.0,0.0,0.0,0.0,0.0,0.0,0.0,0.0,0.0,0.0
20190114,EMBR3,EMBRAER,21.7,21.94,21.42,21.62,105736421.0,0.0,0.0,0.0,0.0,0.0,0.0,0.0,0.0,0.0,0.0
20190115,EMBR3,EMBRAER,21.79,21.8,21.51,21.76,72784571.0,0.0,0.0,0.0,0.0,0.0,0.0,0.0,0.0,0.0,0.0
20190116,EMBR3,EMBRAER,21.69,21.72,20.51,21.5,265844955.0,0.0,0.0,0.0,0.0,0.0,0.0,0.0,0.0,0.0,0.0
20190117,EMBR3,EMBRAER,21.3,21.33,20.47,20.47,216239634.0,0.0,0.0,0.0,0.0,0.0,0.0,0.0,0.0,0.0,0.0
20190118,EMBR3,EMBRAER,20.57,20.57,19.64,19.85,169131992.0,0.0,0.0,0.0,0.0,0.0,0.0,0.0,0.0,0.0,0.0
20190121,EMBR3,EMBRAER,19.7,20.35,19.56,20.14,60464329.0,0.0,0.0,0.0,0.0,0.0,0.0,0.0,0.0,0.0,0.0
20190122,EMBR3,EMBRAER,19.99,20.11,19.48,19.48,94800767.0,0.0,0.0,0.0,0.0,0.0,0.0,0.0,0.0,0.0,0.0
20190123,EMBR3,EMBRAER,19.55,19.79,19.42,19.46,58417941.0,0.0,0.0,0.0,0.0,0.0,0.0,0.0,0.0,0.0,0.0
20190124,EMBR3,EMBRAER,19.57,19.87,19.51,19.67,78687283.0,0.0,0.0,0.0,0.0,0.0,0.0,0.0,0.0,0.0,0.0
20190128,EMBR3,EMBRAER,19.79,19.85,19.26,19.26,94519852.0,0.0,0.0,0.0,0.0,0.0,0.0,0.0,0.0,0.0,0.0
20190129,EMBR3,EMBRAER,19.49,19.49,19.16,19.16,55129162.0,0.0,0.0,0.0,0.0,0.0,0.0,0.0,0.0,0.0,0.0
20190130,EMBR3,EMBRAER,19.17,19.75,19.17,19.42,79923314.0,20.621000000000002,0.0,0.9658969107028262,0.0,0.0,0.0,0.0,0.0,0.0,0.0
20190131,EMBR3,EMBRAER,19.44,19.6,19.3,19.34,72807791.0,20.511000000000003,0.0,0.9808852070827073,0.0,0.0,0.0,0.0,0.0,0.0,0.0
20190201,EMBR3,EMBRAER,19.5,19.6,19.17,19.27,66877213.0,20.3795,0.0,0.9609615524375364,0.0,0.0,0.0,0.0,0.0,0.0,0.0
20190204,EMBR3,EMBRAER,19.32,19.5,19.25,19.43,47755406.0,20.311,0.0,0.9780856705561999,0.0,0.0,0.0,0.0,0.0,0.0,0.0
20190205,EMBR3,EMBRAER,19.5,19.75,19.28,19.63,56847309.0,20.231,0.0,0.9642990363880651,0.0,0.0,0.0,0.0,0.0,0.0,0.0
20190206,EMBR3,EMBRAER,19.52,19.6,18.91,18.99,66019637.0,20.1125,0.0,0.9638785411582039,0.0,0.0,0.0,0.0,0.0,0.0,0.0
20190207,EMBR3,EMBRAER,19.03,19.21,18.3,18.4,95388146.0,19.9685,0.0,0.9949095436269592,0.0,0.0,0.0,0.0,0.0,0.0,0.0
20190208,EMBR3,EMBRAER,18.46,18.94,18.27,18.94,91834542.0,19.866,0.0,0.9897176630896224,0.0,0.0,0.0,0.0,0.0,0.0,0.0
20190211,EMBR3,EMBRAER,19.1,19.1,18.65,18.67,41726832.0,19.723000000000003,0.0,0.9421090561523197,0.0,0.0,0.0,0.0,0.0,0.0,0.0
20190212,EMBR3,EMBRAER,18.89,18.91,18.39,18.63,46979840.0,19.573500000000003,0.0,0.858789080164932,0.0,0.0,0.0,0.0,0.0,0.0,0.0
20190213,EMBR3,EMBRAER,18.67,18.83,18.48,18.77,69098305.0,19.424,0.0,0.7045222345301609,0.0,0.0,0.0,0.0,0.0,0.0,0.0
20190214,EMBR3,EMBRAER,18.78,19.38,18.61,19.3,63926646.0,19.314,0.0,0.5075368796555862,0.0,0.0,0.0,0.0,0.0,0.0,0.0
20190215,EMBR3,EMBRAER,19.3,19.33,18.88,19.33,46286890.0,19.256999999999998,0.0,0.4287816276504031,0.0,0.0,0.0,0.0,0.0,0.0,0.0
20190218,EMBR3,EMBRAER,19.33,19.33,18.86,18.89,31019805.0,19.208999999999996,0.0,0.412322050931324,0.0,0.0,0.0,0.0,0.0,0.0,0.0
20190219,EMBR3,EMBRAER,19.01,19.48,18.95,19.28,49696881.0,19.165999999999997,0.0,0.3502991203017982,0.0,0.0,0.0,0.0,0.0,0.0,0.0
20190220,EMBR3,EMBRAER,19.26,19.38,19.01,19.1,53477780.0,19.147,0.0,0.34259228491636207,0.0,0.0,0.0,0.0,0.0,0.0,0.0
20190221,EMBR3,EMBRAER,19.13,19.49,19.1,19.49,55336498.0,19.1485,0.0,0.3440972169850336,0.0,0.0,0.0,0.0,0.0,0.0,0.0
20190222,EMBR3,EMBRAER,19.5,19.75,19.31,19.51,42429256.0,19.140499999999996,0.0,0.3330161209943274,0.0,0.0,0.0,0.0,0.0,0.0,0.0
20190225,EMBR3,EMBRAER,19.41,19.58,19.2,19.4,31640157.0,19.147499999999997,0.0,0.3371064957453168,0.0,0.0,0.0,0.0,0.0,0.0,0.0
20190226,EMBR3,EMBRAER,19.62,20.29,19.6,19.7,101072737.0,19.174499999999995,0.0,0.35907007086288384,0.0,0.0,0.0,0.0,0.0,0.0,0.0
20190227,EMBR3,EMBRAER,19.8,20.0,19.28,19.35,53410903.0,19.170999999999996,19.896,0.3568856517444424,1.0274584026766103,21.95091680535322,17.84108319464678,22.97837520802983,16.81362479197017,24.005833610706443,15.786166389293559
20190228,EMBR3,EMBRAER,19.31,19.45,19.08,19.08,70185882.0,19.157999999999994,19.834500000000002,0.35513674164068265,0.9997818992929653,21.834063798585934,17.83493620141407,22.8338456978789,16.835154302121104,23.833627597171862,15.83537240282814
20190301,EMBR3,EMBRAER,19.21,19.42,18.96,18.96,55657484.0,19.142499999999995,19.761000000000003,0.3567525310646807,0.9509153484932313,21.662830696986465,17.85916930301354,22.613746045479697,16.90825395452031,23.564661393972926,15.957338606027077
20190306,EMBR3,EMBRAER,19.08,19.28,18.96,19.17,45690822.0,19.129499999999997,19.720250000000004,0.35040540430824507,0.9401131614918814,21.600476322983766,17.84002367701624,22.540589484475646,16.89991051552436,23.48070264596753,15.959797354032478
20190307,EMBR3,EMBRAER,19.07,19.23,18.84,19.11,65838631.0,19.103499999999997,19.667250000000003,0.33001236021510005,0.9121599823130468,21.491569964626095,17.84293003537391,22.403729946939144,16.93077005306086,23.31588992925219,16.018610070747815
20190308,EMBR3,EMBRAER,19.11,19.32,19.06,19.29,38904274.0,19.118499999999997,19.615500000000004,0.3313969634266809,0.8714737002666321,21.35844740053327,17.87255259946674,22.2299211007999,17.00107889920011,23.101394801066533,16.129605198933476
20190311,EMBR3,EMBRAER,19.05,19.57,18.9,19.22,52126090.0,19.159499999999998,19.564000000000004,0.2853525059143197,0.8304919765277262,21.224983953055457,17.90301604694455,22.05547592958318,17.072524070416826,22.88596790611091,16.242032093889097
20190312,EMBR3,EMBRAER,19.22,19.29,18.8,18.85,73690650.0,19.154999999999998,19.510500000000004,0.28967313702825886,0.804805917039985,21.120111834079974,17.900888165920033,21.92491775111996,17.096082248880048,22.729723668159945,16.291276331840063
20190313,EMBR3,EMBRAER,18.92,19.01,18.66,18.82,68167267.0,19.162499999999998,19.442750000000007,0.27816835114539956,0.7420622252573259,20.92687445051466,17.958625549485355,21.668936675771985,17.21656332422803,22.41099890102931,16.474501098970705
20190314,EMBR3,EMBRAER,18.65,18.83,18.27,18.79,74636889.0,19.170499999999997,19.372000000000007,0.2639871408351524,0.6594683173121136,20.690936634624233,18.05306336537578,21.350404951936348,17.393595048063666,22.009873269248462,16.73412673075155
20190315,EMBR3,EMBRAER,18.85,19.75,18.79,19.75,103915265.0,19.2195,19.321750000000005,0.27639550228651116,0.5382873481986911,20.39832469639739,18.245175303602622,20.936612044596078,17.706887955403932,21.474899392794768,17.168600607205242
20190318,EMBR3,EMBRAER,19.58,19.85,19.53,19.74,57538282.0,19.2415,19.277750000000005,0.299671311167492,0.4130281389805713,20.103806277961148,18.45169372203886,20.51683441694172,18.03866558305829,20.92986255592229,17.625637444077718
20190319,EMBR3,EMBRAER,19.79,19.92,19.41,19.46,61516158.0,19.247999999999998,19.252500000000005,0.30308241019304094,0.3665273628152729,19.98555472563055,18.51944527436946,20.352082088445822,18.152917911554187,20.718609451261095,17.786390548738915
20190320,EMBR3,EMBRAER,19.46,19.53,19.13,19.22,41085880.0,19.264499999999998,19.236750000000008,0.29132139965120707,0.3534981775603275,19.943746355120663,18.529753644879353,20.297244532680992,18.176255467319024,20.650742710241317,17.822757289758698
20190321,EMBR3,EMBRAER,19.21,19.38,19.0,19.1,53967355.0,19.2555,19.210750000000008,0.2935889536140828,0.3222229479803383,19.855195895960684,18.566304104039332,20.177418843941023,18.244081156058993,20.499641791921363,17.921858208078653
20190322,EMBR3,EMBRAER,18.9,19.11,18.58,18.7,87398589.0,19.2355,19.191250000000007,0.3173985540377664,0.3290404659082832,19.849330931816574,18.53316906818344,20.178371397724856,18.20412860227516,20.50741186363314,17.875088136366873
20190325,EMBR3,EMBRAER,18.61,18.85,18.47,18.55,33732174.0,19.188499999999998,19.168500000000005,0.3460343000948135,0.34121615075853867,19.850932301517084,18.486067698482927,20.19214845227562,18.14485154772439,20.53336460303416,17.803635396965852
20190326,EMBR3,EMBRAER,18.64,18.78,18.49,18.65,30192378.0,19.1455,19.143000000000008,0.35723315399860667,0.34089023724091394,19.824780474481834,18.46121952551818,20.16567071172275,18.120329288277265,20.506560948963664,17.779439051036352
20190327,EMBR3,EMBRAER,18.57,18.65,18.26,18.39,87431872.0,19.095,19.121250000000007,0.38931113250810095,0.3604284309626071,19.84210686192522,18.400393138074794,20.202535292887827,18.039964707112187,20.562963723850437,17.679536276149577
20190328,EMBR3,EMBRAER,18.24,18.77,18.24,18.53,41297874.0,19.036499999999997,19.105500000000006,0.38144151790143566,0.3722623144628582,19.850024628925723,18.36097537107429,20.222286943388582,17.98871305661143,20.59454925785144,17.616450742148572
20190329,EMBR3,EMBRAER,18.74,18.77,18.41,18.45,32624380.0,18.991499999999995,19.081250000000008,0.39534495264129993,0.3826974938445316,19.84664498768907,18.315855012310944,20.229342481533603,17.933157518466412,20.612039975378135,17.55046002462188
20190401,EMBR3,EMBRAER,18.64,18.82,18.48,18.7,28723700.0,18.972499999999997,19.06525000000001,0.39997203849638274,0.3849741083535073,19.835198216707024,18.295301783292995,20.22017232506053,17.910327674939488,20.60514643341404,17.52535356658598
20190402,EMBR3,EMBRAER,18.8,18.84,18.44,18.61,29722319.0,18.955,19.04875000000001,0.4081214989371935,0.3900834065973305,19.82891681319467,18.268583186805348,20.219000219792,17.878499780208017,20.60908362638933,17.488416373610686
20190403,EMBR3,EMBRAER,18.79,18.91,18.4,18.46,37521006.0,18.919499999999996,19.02450000000001,0.41916552439592464,0.3958823316502454,19.8162646633005,18.23273533669952,20.212146994950746,17.836853005049274,20.60802932660099,17.44097067339903
20190404,EMBR3,EMBRAER,18.59,18.87,18.48,18.8,41642880.0,18.903999999999996,19.00375000000001,0.41747864742120283,0.3849321452025942,19.7736142904052,18.233885709594823,20.158546435607793,17.84895356439223,20.543478580810387,17.464021419189635
20190405,EMBR3,EMBRAER,18.9,19.41,18.74,19.38,35223624.0,18.908499999999997,19.01350000000001,0.4223153598413158,0.3894871710470974,19.792474342094206,18.234525657905817,20.181961513141303,17.84503848685872,20.5714486841884,17.455551315811622
20190408,EMBR3,EMBRAER,19.29,19.35,19.07,19.35,26072442.0,18.915,19.03725000000001,0.42831985097219977,0.37996617595755683,19.797182351915126,18.277317648084896,20.17714852787268,17.89735147212734,20.557114703830237,17.517385296169785
20190409,EMBR3,EMBRAER,19.33,19.33,18.87,18.87,34603959.0,18.915999999999997,19.03550000000001,0.42818343339226034,0.38058625492247045,19.79667250984495,18.27432749015507,20.177258764767423,17.893741235232596,20.557845019689893,17.513154980310127
20190410,EMBR3,EMBRAER,19.02,19.05,18.67,18.79,25240652.0,18.914499999999997,19.03850000000001,0.4285897928396349,0.37809610771162516,19.79469221542326,18.28230778457676,20.172788323134885,17.904211676865135,20.55088443084651,17.52611556915351
20190411,EMBR3,EMBRAER,18.8,18.8,18.42,18.6,33819183.0,18.904999999999998,19.03775000000001,0.4335714595384724,0.3789559713279926,19.795661942655993,18.279838057344026,20.174617913983987,17.900882086016033,20.55357388531198,17.52192611468804
20190412,EMBR3,EMBRAER,18.43,18.75,18.41,18.57,38396240.0,18.845999999999997,19.032750000000014,0.3906997770532768,0.38386688063871344,19.80048376127744,18.265016238722588,20.184350641916154,17.881149358083874,20.568217522554868,17.49728247744516
20190415,EMBR3,EMBRAER,18.65,18.7,18.09,18.21,56196263.0,18.769499999999997,19.005500000000016,0.3545564315562509,0.4026384138500781,19.81077682770017,18.20022317229986,20.21341524155025,17.79758475844978,20.61605365540033,17.394946344599703
20190416,EMBR3,EMBRAER,18.11,18.86,18.11,18.7,43912189.0,18.731499999999997,18.989750000000015,0.31519876769731026,0.4019407246769863,19.793631449353988,18.185868550646042,20.195572174030975,17.783927825969055,20.59751289870796,17.38198710129207
20190417,EMBR3,EMBRAER,18.85,19.05,18.53,19.03,94758570.0,18.721999999999998,18.993250000000014,0.30229995560354156,0.40165929879402396,19.796568597588063,18.189931402411965,20.198227896382086,17.788272103617942,20.59988719517611,17.38661280482392
20190418,EMBR3,EMBRAER,18.99,19.71,18.99,19.32,65800828.0,18.732999999999997,18.994250000000015,0.32024825896237014,0.4024405514307822,19.79913110286158,18.18936889713845,20.201571654292362,17.78692834570767,20.604012205723144,17.384487794276886
20190422,EMBR3,EMBRAER,19.32,19.51,19.13,19.51,23429491.0,18.773499999999995,19.004500000000014,0.36407452967476683,0.41034663270748734,19.82519326541499,18.18380673458504,20.235539898122475,17.773460101877554,20.645886530829962,17.363113469170067
20190423,EMBR3,EMBRAER,19.53,19.79,19.1,19.18,40884557.0,18.804999999999996,18.996750000000013,0.37090926681674274,0.4038175997231529,19.80438519944632,18.189114800553707,20.20820279916947,17.785297200830556,20.612020398892625,17.3814796011074
20190424,EMBR3,EMBRAER,19.2,19.33,18.97,19.31,42409445.0,18.837999999999997,18.991750000000014,0.3854675902821161,0.3985028874199859,19.788755774839984,18.194744225160044,20.18725866225997,17.796241337740057,20.585761549679958,17.39773845032007
20190425,EMBR3,EMBRAER,19.18,19.23,18.85,19.17,40303177.0,18.877,18.98600000000001,0.3771234615655246,0.3940961746475214,19.774192349295053,18.19780765070497,20.168288523942575,17.803711476057448,20.562384698590098,17.409615301409925
20190426,EMBR3,EMBRAER,19.14,19.47,19.09,19.23,41729895.0,18.912,18.974250000000012,0.3757042509881026,0.37897897580549117,19.732207951610995,18.21629204838903,20.111186927416487,17.837313072583537,20.49016590322198,17.458334096778046
20190429,EMBR3,EMBRAER,19.31,19.65,19.24,19.57,47410791.0,18.968,18.979750000000013,0.38653113172094833,0.38610140490784245,19.7519528098157,18.20754719018433,20.138054214723542,17.821445785276484,20.524155619631383,17.435344380368644
20190430,EMBR3,EMBRAER,19.54,19.76,19.31,19.64,55636176.0,19.015,18.993750000000013,0.4087400409216518,0.3997415030126142,19.79323300602524,18.194266993974786,20.192974509037857,17.79452549096217,20.59271601205047,17.394783987949555
20190502,EMBR3,EMBRAER,19.6,19.73,19.45,19.71,42992007.0,19.07,19.01250000000001,0.4250572716829186,0.4154006407165336,19.843301281433078,18.181698718566942,20.258701922149612,17.766298077850408,20.674102562866146,17.350897437133874
20190503,EMBR3,EMBRAER,19.65,19.82,19.51,19.51,36670360.0,19.1225,19.02100000000001,0.4103384354151414,0.422130129407817,19.865260258815645,18.176739741184377,20.287390388223464,17.75460961177656,20.70952051763128,17.332479482368743
20190506,EMBR3,EMBRAER,19.3,19.45,19.13,19.3,34932044.0,19.1475,19.02575000000001,0.4048505247229144,0.42422108108984835,19.874192162179707,18.17730783782031,20.298413243269554,17.753086756730465,20.722634324359404,17.328865675640614
20190507,EMBR3,EMBRAER,19.2,19.3,18.96,19.2,43666234.0,19.1385,19.023500000000013,0.4013959195240089,0.4230205789987343,19.86954115799748,18.177458842002544,20.292561736996216,17.75443826300381,20.71558231599495,17.331417684005075
20190508,EMBR3,EMBRAER,19.29,19.55,19.14,19.18,29307437.0,19.13,19.02250000000001,0.3984707609956087,0.4225912130337633,19.86768242606754,18.177317573932484,20.2902736391013,17.754726360898722,20.712864852135066,17.332135147864957
20190509,EMBR3,EMBRAER,19.17,19.39,19.03,19.21,25292660.0,19.147,19.031500000000012,0.39402244125242974,0.4226567377301963,19.876813475460406,18.186186524539618,20.299470213190602,17.76352978680942,20.722126950920796,17.340873049079228
20190510,EMBR3,EMBRAER,19.12,19.33,18.95,19.29,32679062.0,19.171999999999997,19.043250000000008,0.38595881972862517,0.4231589838831728,19.889567967766354,18.19693203223366,20.312726951649527,17.77377304835049,20.7358859355327,17.350614064467315
20190513,EMBR3,EMBRAER,18.91,19.05,18.8,18.91,53178801.0,19.187499999999996,19.046250000000008,0.367564888650179,0.42174051750167146,19.88973103500335,18.202768964996665,20.311471552505022,17.781028447494993,20.733212070006694,17.35928792999332
20190514,EMBR3,EMBRAER,18.95,19.08,18.85,18.93,25887030.0,19.205499999999997,19.02575000000001,0.3437789222282518,0.40630219585794564,19.8383543917159,18.21314560828412,20.244656587573846,17.806843412426172,20.650958783431793,17.400541216568225
20190515,EMBR3,EMBRAER,18.4,18.72,18.05,18.14,79701736.0,19.201999999999998,18.985750000000007,0.35463250066274693,0.41288781303625494,19.811525626072516,18.159974373927497,20.224413439108773,17.74708656089124,20.637301252145026,17.334198747854987
20190516,EMBR3,EMBRAER,18.03,18.03,16.95,17.43,114744711.0,19.1385,18.935000000000006,0.5229901377755846,0.47342180466072914,19.881843609321464,17.988156390678547,20.355265413982192,17.51473458601782,20.828687218642923,17.04131278135709
20190517,EMBR3,EMBRAER,17.6,18.45,17.45,18.15,134820687.0,19.0945,18.908250000000002,0.5677052144610927,0.4869417250449595,19.88213345008992,17.934366549910084,20.36907517513488,17.447424824865124,20.85601690017984,16.960483099820166
20190520,EMBR3,EMBRAER,18.06,18.83,17.96,18.61,74283201.0,19.059,18.896000000000004,0.5750139586406395,0.48815613307263483,19.872312266145276,17.919687733854733,20.360468399217908,17.4315316007821,20.848624532290543,16.943375467709465
20190521,EMBR3,EMBRAER,18.62,19.1,18.49,18.87,57214401.0,19.027,18.900250000000003,0.5663372623594909,0.4871449397332481,19.8745398794665,17.925960120533507,20.36168481919975,17.43881518080026,20.848829758932997,16.95167024106701
20190522,EMBR3,EMBRAER,18.99,19.23,18.8,19.0,62816465.0,19.018,18.911500000000004,0.5652069951517071,0.4840351226925763,19.879570245385157,17.94342975461485,20.36360536807773,17.459394631922276,20.84764049077031,16.975359509229698
20190523,EMBR3,EMBRAER,18.9,19.05,18.59,18.74,27066714.0,18.9895,18.913750000000004,0.5640779621368153,0.48299645642912775,19.87974291285826,17.94775708714175,20.362739369287386,17.46476063071262,20.845735825716513,16.981764174283494
20190524,EMBR3,EMBRAER,18.77,18.93,18.49,18.51,22018844.0,18.9565,18.916750000000004,0.5722097057621643,0.4800234369278414,19.876796873855685,17.956703126144323,20.35682031078353,17.47667968921648,20.83684374771137,16.996656252288638
20190527,EMBR3,EMBRAER,18.54,18.92,18.47,18.82,29566873.0,18.936,18.924000000000007,0.5692321698199221,0.476207237800257,19.87641447560052,17.971585524399494,20.35262171340078,17.495378286599234,20.828828951201036,17.019171048798977
20190528,EMBR3,EMBRAER,18.99,19.31,18.64,19.31,86398927.0,18.923,18.945500000000003,0.5568246440402295,0.47366519604963025,19.892830392099263,17.998169607900742,20.366495588148894,17.52450441185111,20.840160784198524,17.05083921580148
20190529,EMBR3,EMBRAER,19.26,19.44,19.0,19.28,58854418.0,18.905,18.96,0.5379248626850585,0.4748333040833205,19.909666608166642,18.01033339183336,20.38449991224996,17.53550008775004,20.859333216333283,17.06066678366672
20190530,EMBR3,EMBRAER,19.32,19.41,18.95,19.15,43399523.0,18.877000000000002,18.9735,0.5075337686457836,0.4722968970619805,19.918093794123962,18.02890620587604,20.390390691185942,17.55660930881406,20.862687588247923,17.08431241175208
20190531,EMBR3,EMBRAER,19.0,19.08,18.81,18.95,41209465.0,18.849,18.985750000000003,0.4857538904684818,0.4649338938398032,19.915617787679608,18.055882212320398,20.380551681519414,17.590948318480592,20.845485575359216,17.12601442464079
20190603,EMBR3,EMBRAER,18.95,18.95,18.67,18.91,59778136.0,18.829500000000003,18.988500000000002,0.47439129973383865,0.46413166787908444,19.91676333575817,18.060236664241835,20.380895003637256,17.596104996362747,20.84502667151634,17.131973328483664
20190604,EMBR3,EMBRAER,18.93,18.93,18.6,18.68,51074762.0,18.803500000000003,18.971,0.46721205599081145,0.46218433441038986,19.89536866882078,18.04663133117922,20.35755300323117,17.58444699676883,20.81973733764156,17.12226266235844
20190605,EMBR3,EMBRAER,18.8,18.8,18.37,18.46,38888243.0,18.767500000000002,18.94875,0.46440539232555916,0.46488591101089216,19.878521822021785,18.018978177978216,20.343407733032677,17.554092266967324,20.80829364404357,17.08920635595643
20190606,EMBR3,EMBRAER,18.7,18.7,18.35,18.42,39705519.0,18.728,18.9375,0.4583448483402036,0.4722274006754956,19.881954801350993,17.993045198649007,20.354182202026486,17.520817797973514,20.826409602701982,17.048590397298018
20190607,EMBR3,EMBRAER,18.44,18.64,18.34,18.54,40044540.0,18.690500000000004,18.93125,0.440268757632623,0.47586998601483677,19.882989972029673,17.979510027970324,20.35885995804451,17.50364004195549,20.834729944059347,17.02777005594065
20190610,EMBR3,EMBRAER,18.45,18.78,18.39,18.48,33242428.0,18.669000000000004,18.92825,0.43948414736993496,0.4783834289858111,19.88501685797162,17.971483142028376,20.363400286957432,17.493099713042565,20.841783715943244,17.014716284056753
20190611,EMBR3,EMBRAER,18.52,18.8,18.47,18.5,42734255.0,18.6475,18.926499999999997,0.4365519803860162,0.4798533429801738,19.886206685960346,17.96679331403965,20.366060028940517,17.486939971059478,20.84591337192069,17.007086628079303
20190612,EMBR3,EMBRAER,18.48,18.71,18.38,18.63,56027421.0,18.672000000000004,18.936999999999998,0.4200075187296993,0.4682274266603147,19.873454853320627,18.000545146679368,20.34168227998094,17.532317720019055,20.809909706641257,17.06409029335874
20190613,EMBR3,EMBRAER,18.65,19.15,18.52,19.02,83588659.0,18.7515,18.944999999999997,0.30812292488893084,0.46680584005313114,19.87861168010626,18.011388319893733,20.34541752015939,17.544582479840603,20.81222336021252,17.077776639787473
20190614,EMBR3,EMBRAER,18.93,19.09,18.61,18.67,39660058.0,18.777500000000003,18.935999999999996,0.27483727242823813,0.4685919990124445,19.873183998024885,17.998816001975108,20.34177599703733,17.53022400296266,20.810367996049774,17.06163200395022
20190617,EMBR3,EMBRAER,18.84,19.02,18.72,18.77,54084892.0,18.785500000000003,18.922249999999995,0.27201925241463076,0.4650915956107031,19.8524331912214,17.99206680877859,20.317524786832102,17.526975213167887,20.782616382442807,17.061883617557182
20190618,EMBR3,EMBRAER,18.82,18.95,18.61,18.73,42628322.0,18.7785,18.902749999999994,0.27153123305859284,0.4560813439592877,19.814912687918568,17.99058731208142,20.27099403187786,17.53450596812213,20.727075375837146,17.078424624162842
20190619,EMBR3,EMBRAER,18.84,18.87,18.48,18.59,73595640.0,18.758000000000003,18.887999999999998,0.26939698744067164,0.45642535267458645,19.80085070534917,17.975149294650826,20.257276058023756,17.51872394197624,20.713701410698345,17.06229858930165
20190621,EMBR3,EMBRAER,18.7,19.33,18.69,19.13,93381932.0,18.7775,18.883499999999998,0.28185242499167573,0.4530328000804535,19.789565600160905,17.97743439983909,20.24259840024136,17.524401599758637,20.695631200321813,17.071368799678183
20190624,EMBR3,EMBRAER,19.25,19.68,19.19,19.42,58286078.0,18.823,18.88975,0.3085807921163624,0.4587747757580107,19.80729955151602,17.972200448483978,20.26607432727403,17.51342567272597,20.724849103032042,17.054650896967956
20190625,EMBR3,EMBRAER,19.4,19.51,18.93,18.93,44146671.0,18.828500000000002,18.882249999999996,0.30950342230911826,0.4555103505818476,19.793270701163692,17.9712292988363,20.24878105174554,17.515718948254452,20.704291402327385,17.060208597672606
20190626,EMBR3,EMBRAER,18.95,19.21,18.88,19.02,32445415.0,18.814,18.868499999999994,0.2920598352537113,0.44232804858399044,19.753156097167974,17.983843902832014,20.195484145751966,17.541515854248022,20.637812194335957,17.09918780566403
20190627,EMBR3,EMBRAER,18.75,19.12,18.7,18.96,33378219.0,18.798000000000002,18.851499999999994,0.27335344384726906,0.42462985389693403,19.700759707793864,18.002240292206125,20.125389561690795,17.577610438309193,20.55001941558773,17.15298058441226
20190628,EMBR3,EMBRAER,19.17,19.41,18.85,19.41,44364799.0,18.811000000000003,18.843999999999994,0.29620227796843207,0.41152499378876056,19.667049987577514,18.020950012422475,20.078574981366277,17.60942501863371,20.490099975155037,17.19790002484495
20190701,EMBR3,EMBRAER,19.48,19.57,19.37,19.5,26150084.0,18.838500000000003,18.843749999999993,0.333028764365393,0.4111128580466693,19.66597571609333,18.021524283906654,20.07708857414,17.610411425859986,20.48820143218667,17.199298567813315
20190702,EMBR3,EMBRAER,19.45,19.55,19.26,19.45,35866763.0,18.865500000000004,18.847499999999997,0.3599338389496821,0.4160359328662804,19.67957186573256,18.015428134267435,20.095607798598838,17.599392201401155,20.511643731465117,17.183356268534876
20190703,EMBR3,EMBRAER,19.24,19.46,18.95,19.34,48076378.0,18.898500000000002,18.850999999999996,0.37208198021404143,0.41965064835727983,19.690301296714555,18.011698703285436,20.109951945071835,17.592048054928156,20.529602593429114,17.172397406570877
20190704,EMBR3,EMBRAER,19.5,19.54,19.32,19.34,25424944.0,18.942500000000003,18.854999999999997,0.369521383185845,0.4236108518984995,19.702221703796997,18.007778296202996,20.125832555695496,17.584167444304498,20.549443407593994,17.160556592406
20190705,EMBR3,EMBRAER,19.47,19.51,19.26,19.48,34594203.0,18.9955,18.861749999999997,0.3666415860640727,0.43149048478681074,19.724730969573617,17.998769030426377,20.15622145436043,17.567278545639564,20.58771193914724,17.135788060852754
20190708,EMBR3,EMBRAER,19.5,19.5,19.26,19.39,34655424.0,19.038,18.86425,0.36027182719952267,0.434315774877808,19.732881549755614,17.995618450244383,20.167197324633424,17.561302675366573,20.60151309951123,17.126986900488767
20190710,EMBR3,EMBRAER,19.56,19.75,19.42,19.42,80933928.0,19.085,18.877,0.3446203097536967,0.4430905446624302,19.76318108932486,17.990818910675138,20.20627163398729,17.54772836601271,20.64936217864972,17.104637821350277
20190711,EMBR3,EMBRAER,19.46,19.67,19.06,19.2,53688971.0,19.119999999999997,18.88375,0.3164773210466084,0.44596589210733933,19.77568178421468,17.99181821578532,20.221647676322018,17.54585232367798,20.667613568429356,17.099886431570642
20190712,EMBR3,EMBRAER,19.3,19.36,19.08,19.29,43635242.0,19.153,18.9125,0.29647224064603256,0.4336887102933566,19.779877420586715,18.045122579413288,20.21356613088007,17.61143386911993,20.647254841173428,17.177745158826575
20190715,EMBR3,EMBRAER,19.36,19.44,19.23,19.32,28572758.0,19.168,18.959750000000003,0.29697775922395014,0.36565001832004984,19.691050036640103,18.228449963359903,20.056700054960153,17.862799945039853,20.422350073280203,17.497149926719803
20190716,EMBR3,EMBRAER,19.32,19.39,19.15,19.26,35568924.0,19.197499999999998,18.987500000000004,0.2732624533686361,0.34410605103512887,19.67571210207026,18.299287897929748,20.01981815310539,17.955181846894618,20.36392420414052,17.611075795859488
20190717,EMBR3,EMBRAER,19.31,19.49,19.18,19.3,28434952.0,19.224,19.00475,0.2546907309287974,0.34198506115223526,19.68872012230447,18.320779877695532,20.030705183456707,17.978794816543296,20.372690244608943,17.63680975539106
20190718,EMBR3,EMBRAER,19.35,19.44,19.23,19.26,25242254.0,19.2505,19.0145,0.22661060968331595,0.3436004686424307,19.701700937284862,18.32729906271514,20.045301405927294,17.98369859407271,20.388901874569726,17.640098125430278
20190719,EMBR3,EMBRAER,19.26,19.45,19.23,19.33,25636151.0,19.2875,19.022750000000002,0.16517534542670878,0.3471864015711347,19.71712280314227,18.328377196857733,20.064309204713407,17.981190795286597,20.41149560628454,17.634004393715465
20190722,EMBR3,EMBRAER,19.32,19.47,19.19,19.31,21716212.0,19.2965,19.037,0.16099280794655552,0.3469811197110196,19.730962239422038,18.34303776057796,20.07794335913306,17.99605664086694,20.424924478844076,17.649075521155922
20190723,EMBR3,EMBRAER,19.35,19.5,19.27,19.41,27744261.0,19.296,19.0595,0.16060412264483281,0.3410613148875663,19.741622629775133,18.377377370224867,20.082683944662698,18.036316055337302,20.423745259550266,17.695254740449734
20190724,EMBR3,EMBRAER,19.48,19.69,19.4,19.5,46784772.0,19.3245,19.0765,0.1416992738531696,0.3457325926797188,19.767965185359436,18.385034814640562,20.113697778039157,18.039302221960842,20.459430370718874,17.693569629281125
20190725,EMBR3,EMBRAER,19.5,19.53,19.08,19.3,32035196.0,19.338500000000003,19.076249999999998,0.12257221287228945,0.3455629928845055,19.76737598576901,18.385124014230986,20.112938978653514,18.039561021346483,20.45850197153802,17.693998028461976
20190726,EMBR3,EMBRAER,19.38,19.5,19.23,19.37,28618463.0,19.359,19.0785,0.08422401207799701,0.3472127109808645,19.772925421961727,18.38407457803827,20.120138132942593,18.036861867057404,20.467350843923455,17.68964915607654
20190729,EMBR3,EMBRAER,19.42,19.53,19.35,19.5,35246288.0,19.363500000000002,19.08725,0.08934115571925023,0.3534154778727363,19.794080955745475,18.380419044254527,20.14749643361821,18.027003566381794,20.500911911490945,17.673588088509057
20190730,EMBR3,EMBRAER,19.55,19.56,19.35,19.37,30350563.0,19.357000000000003,19.097749999999998,0.08342030549218465,0.35546637837334283,19.808682756746684,18.38681724325331,20.164149135120027,18.03135086487997,20.51961551349337,17.675884486506625
20190731,EMBR3,EMBRAER,19.42,19.48,19.12,19.31,37095145.0,19.35,19.10775,0.08104579602064606,0.3556755039394453,19.81910100787889,18.39639899212111,20.174776511818337,18.040723488181662,20.53045201575778,17.685047984242217
20190801,EMBR3,EMBRAER,19.31,19.55,19.22,19.36,37959012.0,19.351000000000006,19.12475,0.08103930170627828,0.35092542490701323,19.826600849814024,18.422899150185973,20.17752627472104,18.07197372527896,20.52845169962805,17.721048300371947
20190802,EMBR3,EMBRAER,19.28,19.44,19.19,19.41,26290200.0,19.35450000000001,19.1485,0.08204459634529361,0.33663912047756855,19.821778240955137,18.47522175904486,20.158417361432704,18.138582638567293,20.49505648191027,17.801943518089725
20190805,EMBR3,EMBRAER,19.32,19.35,18.89,19.02,51459051.0,19.331500000000005,19.1635,0.10599280015264999,0.3160862426941831,19.795672485388366,18.531327514611633,20.11175872808255,18.21524127191745,20.427844970776732,17.899155029223266
20190806,EMBR3,EMBRAER,19.06,19.47,19.02,19.46,38336775.0,19.335000000000004,19.186500000000002,0.1091353577708823,0.30274428576624735,19.791988571532496,18.58101142846751,20.094732857298744,18.27826714270126,20.397477143064993,17.97552285693501
20190807,EMBR3,EMBRAER,19.33,19.55,19.14,19.5,56630579.0,19.339000000000006,19.212,0.1137818781241661,0.2840927981289391,19.780185596257876,18.643814403742123,20.064278394386818,18.35972160561318,20.348371192515756,18.075628807484243
20190808,EMBR3,EMBRAER,19.5,19.7,19.43,19.6,85394794.0,19.359000000000005,19.2395,0.12285635600372784,0.26607257540871626,19.77164515081743,18.70735484918257,20.03771772622615,18.44128227377385,20.303790301634866,18.175209698365133
20190809,EMBR3,EMBRAER,19.6,19.6,19.46,19.55,48134502.0,19.372000000000007,19.2625,0.12878378453005174,0.25139355192353097,19.76528710384706,18.759712896152937,20.016680655770593,18.508319344229406,20.268074207694124,18.256925792305875
20190812,EMBR3,EMBRAER,19.38,19.5,19.28,19.43,36316614.0,19.377500000000005,19.27275,0.12879502278708121,0.24960468745600684,19.77195937491201,18.773540625087985,20.021564062368018,18.52393593763198,20.271168749824025,18.274331250175972
20190813,EMBR3,EMBRAER,19.3,19.58,19.24,19.5,61661938.0,19.389500000000005,19.2935,0.1284513014418026,0.23209801201108496,19.75769602402217,18.829303975977833,19.989794036033256,18.597205963966747,20.221892048044342,18.36510795195566
20190814,EMBR3,EMBRAER,19.57,19.68,18.16,18.36,121424328.0,19.34250000000001,19.283250000000002,0.2636958974193165,0.26282867091780726,19.808907341835617,18.757592658164388,20.071736012753423,18.494763987246582,20.334564683671232,18.231935316328773
20190815,EMBR3,EMBRAER,18.36,18.46,17.82,18.05,57142687.0,19.282000000000007,19.26625,0.39146956593408705,0.3161198044559085,19.898489608911817,18.634010391088182,20.214609413367725,18.317890586632274,20.530729217823634,18.001770782176365
20190816,EMBR3,EMBRAER,18.1,18.31,17.99,18.0,43475827.0,19.21550000000001,19.2515,0.4847405708754163,0.35929810492840003,19.9700962098568,18.5329037901432,20.3293943147852,18.1736056852148,20.6886924197136,17.8143075802864
20190819,EMBR3,EMBRAER,18.03,18.28,17.85,17.95,60082414.0,19.147500000000008,19.222,0.5602901034285677,0.41383261821350903,20.049665236427018,18.394334763572985,20.46349785464053,17.980502145359473,20.877330472854037,17.566669527145965
20190820,EMBR3,EMBRAER,18.05,18.07,17.67,18.0,32274410.0,19.077000000000005,19.186500000000002,0.6118573965265168,0.45524605913614147,20.096992118272286,18.27600788172772,20.552238177408427,17.820761822591578,21.007484236544567,17.365515763455438
20190821,EMBR3,EMBRAER,18.2,18.2,17.81,18.14,32242420.0,19.009000000000007,19.16675,0.6374117069920543,0.48295239187783934,20.13265478375568,18.20084521624432,20.615607175633517,17.717892824366483,21.09855956751136,17.234940432488642
20190822,EMBR3,EMBRAER,18.19,18.28,18.05,18.15,29318066.0,18.951500000000003,19.145000000000003,0.6612052392571102,0.5086382019793977,20.1622764039588,18.127723596041207,20.670914605938197,17.61908539406181,21.179552807917595,17.11044719208241
20190823,EMBR3,EMBRAER,18.12,18.29,17.6,17.85,84410684.0,18.875500000000006,19.117250000000002,0.6969593735800198,0.547764629876377,20.212779259752757,18.021720740247247,20.760543889629133,17.47395611037087,21.30830851950551,16.926191480494495
20190826,EMBR3,EMBRAER,17.93,17.93,17.44,17.66,54280710.0,18.783500000000007,19.073500000000003,0.7308054316624717,0.5918920119803691,20.25728402396074,17.889715976039266,20.84917603594111,17.297823964058896,21.44106804792148,16.705931952078526
20190827,EMBR3,EMBRAER,17.58,17.68,17.39,17.55,83766399.0,18.692500000000006,19.02475,0.7663781875261028,0.6346248134497819,20.293999626899566,17.755500373100435,20.928624440349346,17.120875559650656,21.56324925379913,16.486250746200874
20190828,EMBR3,EMBRAER,17.47,17.89,17.36,17.72,32883474.0,18.613000000000007,18.9815,0.7812749364441408,0.6632072422356864,20.30791448447137,17.65508551552863,20.97112172670706,16.99187827329294,21.634328968942746,16.328671031057254
20190829,EMBR3,EMBRAER,17.71,18.12,17.62,18.01,40650784.0,18.545500000000008,18.948249999999998,0.771597624890623,0.6779489713041292,20.304147942608257,17.59235205739174,20.982096913912386,16.91440308608761,21.660045885216515,16.23645411478348
20190830,EMBR3,EMBRAER,18.09,18.14,17.89,17.95,74372081.0,18.472500000000004,18.9135,0.754375831225293,0.6928149566100495,20.2991299132201,17.5278700867799,20.99194486983015,16.83505513016985,21.684759826440196,16.142240173559802
20190902,EMBR3,EMBRAER,18.0,18.1,17.71,17.71,15893350.0,18.407000000000004,18.86925,0.7611770663359481,0.7119650938577093,20.29318018771542,17.44531981228458,21.005145281573128,16.733354718426874,21.71711037543084,16.021389624569164
20190903,EMBR3,EMBRAER,17.8,17.98,17.65,17.88,47753820.0,18.328000000000007,18.8315,0.7273788558928646,0.7235827881328263,20.278665576265652,17.384334423734344,21.002248364398476,16.66075163560152,21.725831152531303,15.937168847468694
20190904,EMBR3,EMBRAER,17.95,18.16,17.91,18.05,27471826.0,18.255500000000005,18.79725,0.6747746212430473,0.727426046994592,20.252102093989183,17.342397906010813,20.979528140983774,16.614971859016222,21.706954187978365,15.88754581202163
20190905,EMBR3,EMBRAER,18.12,18.5,18.03,18.4,44874211.0,18.195500000000003,18.77725,0.5979040144758441,0.7270664185087236,20.231382837017446,17.32311716298255,20.95844925552617,16.59605074447383,21.685515674034892,15.868984325965105
20190906,EMBR3,EMBRAER,18.49,18.59,18.01,18.01,37942163.0,18.118500000000004,18.74525,0.5064559522593879,0.7320711311243376,20.209392262248674,17.281107737751324,20.941463393373013,16.549036606626984,21.67353452449735,15.816965475502649
20190909,EMBR3,EMBRAER,18.05,18.38,18.01,18.31,28016637.0,18.062500000000004,18.719999999999995,0.4057076339071571,0.7291512452581874,20.17830249051637,17.26169750948362,20.907453735774556,16.532546264225434,21.636604981032747,15.803395018967246
20190910,EMBR3,EMBRAER,18.39,18.96,18.36,18.85,49709816.0,18.030000000000005,18.709749999999996,0.29558149646527243,0.7242307590179525,20.158211518035902,17.26128848196409,20.882442277053855,16.537057722946138,21.606673036071808,15.812826963928186
20190911,EMBR3,EMBRAER,18.89,18.9,18.55,18.64,43548625.0,18.044000000000004,18.69325,0.317828156150652,0.7179293140693084,20.129108628138617,17.25739137186138,20.847037942207926,16.539462057792072,21.56496725627723,15.821532743722766
20190912,EMBR3,EMBRAER,18.84,19.6,18.76,19.46,89855147.0,18.1145,18.698249999999998,0.4486761227855912,0.7226585089188724,20.143567017837743,17.252932982162253,20.866225526756615,16.53027447324338,21.588884035675488,15.807615964324508
20190913,EMBR3,EMBRAER,19.49,19.55,19.32,19.47,54039082.0,18.188,18.701749999999997,0.5400350865794338,0.7261273728062376,20.154004745612472,17.249495254387522,20.88013211841871,16.523367881581283,21.606259491224947,15.797240508775047
20190916,EMBR3,EMBRAER,19.5,19.5,19.22,19.43,39268547.0,18.262,18.704749999999997,0.6033904208719366,0.7289472123971432,20.162644424794284,17.24685557520571,20.891591637191425,16.51790836280857,21.62053884958857,15.788961150411424
20190917,EMBR3,EMBRAER,19.3,19.53,19.21,19.3,35040011.0,18.327,18.701999999999998,0.6424386106244425,0.7264215065154889,20.154843013030977,17.24915698696902,20.881264519546466,16.52273548045353,21.607686026061955,15.796313973938043
20190918,EMBR3,EMBRAER,19.26,19.5,19.25,19.5,29145645.0,18.395000000000003,18.701999999999998,0.6916912910433909,0.7264215065154889,20.154843013030977,17.24915698696902,20.881264519546466,16.52273548045353,21.607686026061955,15.796313973938043
20190919,EMBR3,EMBRAER,19.49,19.65,19.45,19.49,56649210.0,18.462000000000003,18.70675,0.7305196420141136,0.7310385569823926,20.168827113964785,17.244672886035215,20.89986567094718,16.51363432905282,21.63090422792957,15.78259577207043
20190920,EMBR3,EMBRAER,19.5,19.6,19.39,19.52,101973280.0,18.5455,18.7105,0.7520111631310331,0.7349025750885771,20.180305150177155,17.240694849822845,20.91520772526573,16.50579227473427,21.650110300354307,15.770889699645691
20190923,EMBR3,EMBRAER,19.3,19.39,18.95,19.12,40355953.0,18.6185,18.701,0.7321293745320118,0.7268470724070463,20.154694144814094,17.247305855185907,20.88154121722114,16.52045878277886,21.608388289628184,15.793611710371815
20190924,EMBR3,EMBRAER,19.12,19.13,18.39,18.46,59947241.0,18.663999999999998,18.67825,0.689251310061181,0.7195756851552829,20.117401370310564,17.239098629689433,20.836977055465848,16.51952294453415,21.55655274062113,15.799947259378866
20190925,EMBR3,EMBRAER,18.47,18.69,18.41,18.62,34896803.0,18.708999999999996,18.661,0.652790770058588,0.7122762356680622,20.085552471336126,17.236447528663877,20.79782870700419,16.524171292995813,21.51010494267225,15.811895057327753
20190926,EMBR3,EMBRAER,18.54,18.63,18.03,18.22,52839742.0,18.7195,18.6325,0.6425645574775469,0.706373003810912,20.045246007621824,17.219753992378177,20.751619011432737,16.513380988567263,21.457992015243647,15.807007984756353
20190927,EMBR3,EMBRAER,18.25,18.28,17.99,18.13,25545767.0,18.7285,18.600500000000004,0.6323995655646163,0.699204493032585,19.998908986065175,17.202091013934833,20.69811347909776,16.502886520902248,21.397317972130345,15.803682027869664
20190930,EMBR3,EMBRAER,18.15,18.17,17.89,17.91,48027034.0,18.738500000000002,18.572750000000003,0.6168363683045587,0.7041379071657231,19.98102581433145,17.164474185668556,20.685163721497172,16.460336278502833,21.389301628662896,15.75619837133711
20191001,EMBR3,EMBRAER,17.9,18.19,17.7,17.84,45021343.0,18.7365,18.53225,0.619824041244983,0.6983625078050266,19.928975015610053,17.13552498438995,20.62733752341508,16.437162476584923,21.32570003122011,15.738799968779894
20191002,EMBR3,EMBRAER,17.76,17.79,17.44,17.47,55221652.0,18.707500000000003,18.481500000000004,0.6655181993636321,0.6999910255835223,19.881482051167048,17.08151794883296,20.58147307675057,16.38152692324944,21.281464102334095,15.681535897665915
20191003,EMBR3,EMBRAER,17.47,17.98,17.11,17.95,93378814.0,18.685000000000002,18.440250000000002,0.6838166882709842,0.6807404999007807,19.801730999801563,17.07876900019844,20.482471499702346,16.39802850029766,21.163211999603124,15.71728800039688
20191004,EMBR3,EMBRAER,17.9,17.92,17.66,17.72,37067172.0,18.670500000000004,18.394500000000004,0.7017232547919385,0.6655707017097408,19.725641403419488,17.06335859658052,20.391212105129227,16.39778789487078,21.056782806838967,15.732217193161041
20191007,EMBR3,EMBRAER,17.7,17.7,17.34,17.34,37497145.0,18.622000000000003,18.342250000000007,0.7591241490587786,0.6642307580954371,19.67071151619088,17.013788483809133,20.33494227428632,16.349557725713694,20.999173032381755,15.68532696761826
20191008,EMBR3,EMBRAER,17.38,17.47,16.97,17.01,53551881.0,18.53,18.28000000000001,0.8374899842291952,0.669603786406014,19.619207572812037,16.94079242718798,20.28881135921805,16.271188640781965,20.958415145624066,15.601584854375952
