DATA DO PREGAO,CODIGO DE NEGOCIACAO DO PAPEL,NOME RESUMIDO DA EMPRESA EMISSORA,PRECO DE ABERTURA,PRECO MAXIMO,PRECO MINIMO,PRECO FECHAMENTO,VOLUME TOTAL DE TITULOS NEGOCIADOS NESTE PAPEL,MA_20,MA_40,STD_20,STD_40,BANDA_1_40 SUPERIOR,BANDA_1_40 INFERIOR,BANDA_2_40 SUPERIOR,BANDA_2_40 INFERIOR,BANDA_3_40 SUPERIOR,BANDA_3_40 INFERIOR
20190102,EZTC3,EZTEC,25.01,26.17,24.73,25.78,14855003.0,0.0,0.0,0.0,0.0,0.0,0.0,0.0,0.0,0.0,0.0
20190103,EZTC3,EZTEC,25.77,26.14,25.5,25.86,22152299.0,0.0,0.0,0.0,0.0,0.0,0.0,0.0,0.0,0.0,0.0
20190104,EZTC3,EZTEC,26.0,26.07,25.33,25.76,14094008.0,0.0,0.0,0.0,0.0,0.0,0.0,0.0,0.0,0.0,0.0
20190107,EZTC3,EZTEC,25.71,25.85,25.13,25.23,5226325.0,0.0,0.0,0.0,0.0,0.0,0.0,0.0,0.0,0.0,0.0
20190108,EZTC3,EZTEC,25.16,25.54,24.6,24.86,12835532.0,0.0,0.0,0.0,0.0,0.0,0.0,0.0,0.0,0.0,0.0
20190109,EZTC3,EZTEC,24.86,25.25,24.62,24.9,12002675.0,0.0,0.0,0.0,0.0,0.0,0.0,0.0,0.0,0.0,0.0
20190110,EZTC3,EZTEC,24.7,25.51,24.7,25.51,13241250.0,0.0,0.0,0.0,0.0,0.0,0.0,0.0,0.0,0.0,0.0
20190111,EZTC3,EZTEC,25.41,25.88,25.35,25.62,14790973.0,0.0,0.0,0.0,0.0,0.0,0.0,0.0,0.0,0.0,0.0
20190114,EZTC3,EZTEC,25.68,25.89,25.1,25.59,18159280.0,0.0,0.0,0.0,0.0,0.0,0.0,0.0,0.0,0.0,0.0
20190115,EZTC3,EZTEC,25.59,26.04,25.06,25.5,16313945.0,0.0,0.0,0.0,0.0,0.0,0.0,0.0,0.0,0.0,0.0
20190116,EZTC3,EZTEC,25.52,25.77,25.12,25.3,13385014.0,0.0,0.0,0.0,0.0,0.0,0.0,0.0,0.0,0.0,0.0
20190117,EZTC3,EZTEC,25.3,26.48,25.17,26.45,14836998.0,0.0,0.0,0.0,0.0,0.0,0.0,0.0,0.0,0.0,0.0
20190118,EZTC3,EZTEC,26.45,26.72,26.4,26.72,8714996.0,0.0,0.0,0.0,0.0,0.0,0.0,0.0,0.0,0.0,0.0
20190121,EZTC3,EZTEC,26.72,26.72,26.2,26.64,6557988.0,0.0,0.0,0.0,0.0,0.0,0.0,0.0,0.0,0.0,0.0
20190122,EZTC3,EZTEC,26.11,26.72,26.0,26.3,10397781.0,0.0,0.0,0.0,0.0,0.0,0.0,0.0,0.0,0.0,0.0
20190123,EZTC3,EZTEC,26.59,27.45,26.38,26.96,23198109.0,0.0,0.0,0.0,0.0,0.0,0.0,0.0,0.0,0.0,0.0
20190124,EZTC3,EZTEC,26.96,27.95,26.96,27.8,14041590.0,0.0,0.0,0.0,0.0,0.0,0.0,0.0,0.0,0.0,0.0
20190128,EZTC3,EZTEC,27.77,27.8,27.06,27.8,15381290.0,0.0,0.0,0.0,0.0,0.0,0.0,0.0,0.0,0.0,0.0
20190129,EZTC3,EZTEC,27.75,27.87,26.97,27.46,19351536.0,0.0,0.0,0.0,0.0,0.0,0.0,0.0,0.0,0.0,0.0
20190130,EZTC3,EZTEC,27.5,27.61,27.11,27.57,9749711.0,26.1805,0.0,0.9483419048112636,0.0,0.0,0.0,0.0,0.0,0.0,0.0
20190131,EZTC3,EZTEC,27.6,27.77,27.32,27.69,17973089.0,26.276000000000003,0.0,1.0006177039577535,0.0,0.0,0.0,0.0,0.0,0.0,0.0
20190201,EZTC3,EZTEC,27.65,28.3,27.42,27.86,27094190.0,26.376000000000005,0.0,1.0552994087486578,0.0,0.0,0.0,0.0,0.0,0.0,0.0
20190204,EZTC3,EZTEC,27.84,28.04,27.25,28.0,22134184.0,26.48800000000001,0.0,1.1042148913666183,0.0,0.0,0.0,0.0,0.0,0.0,0.0
20190205,EZTC3,EZTEC,27.8,28.32,27.66,28.32,15206940.0,26.642500000000005,0.0,1.1346869496403909,0.0,0.0,0.0,0.0,0.0,0.0,0.0
20190206,EZTC3,EZTEC,28.15,28.15,27.37,27.85,14160329.0,26.79200000000001,0.0,1.0832825359210705,0.0,0.0,0.0,0.0,0.0,0.0,0.0
20190207,EZTC3,EZTEC,27.98,27.98,26.76,27.12,19385846.0,26.90300000000001,0.0,0.98883291122201,0.0,0.0,0.0,0.0,0.0,0.0,0.0
20190208,EZTC3,EZTEC,27.0,27.17,26.48,27.02,20628311.0,26.97850000000001,0.0,0.9329425717080716,0.0,0.0,0.0,0.0,0.0,0.0,0.0
20190211,EZTC3,EZTEC,27.16,27.84,27.12,27.75,12228496.0,27.085000000000008,0.0,0.8903015456042246,0.0,0.0,0.0,0.0,0.0,0.0,0.0
20190212,EZTC3,EZTEC,27.78,28.09,26.91,27.35,18898682.0,27.17300000000001,0.0,0.8188702101387252,0.0,0.0,0.0,0.0,0.0,0.0,0.0
20190213,EZTC3,EZTEC,27.37,27.55,26.69,27.0,20212739.0,27.248000000000008,0.0,0.7203405627311282,0.0,0.0,0.0,0.0,0.0,0.0,0.0
20190214,EZTC3,EZTEC,27.09,27.09,25.96,26.98,24534873.0,27.332000000000008,0.0,0.5617135437775806,0.0,0.0,0.0,0.0,0.0,0.0,0.0
20190215,EZTC3,EZTEC,26.89,26.89,26.3,26.32,12024123.0,27.32550000000001,0.0,0.5730938657387448,0.0,0.0,0.0,0.0,0.0,0.0,0.0
20190218,EZTC3,EZTEC,26.3,26.48,25.83,26.48,11157156.0,27.31350000000001,0.0,0.5887388394293699,0.0,0.0,0.0,0.0,0.0,0.0,0.0
20190219,EZTC3,EZTEC,26.51,26.57,26.09,26.09,8862215.0,27.28600000000001,0.0,0.6330328003475011,0.0,0.0,0.0,0.0,0.0,0.0,0.0
20190220,EZTC3,EZTEC,26.12,26.44,25.69,26.0,16422912.0,27.271000000000008,0.0,0.6605810839110231,0.0,0.0,0.0,0.0,0.0,0.0,0.0
20190221,EZTC3,EZTEC,25.99,26.33,25.64,26.03,13956486.0,27.22450000000001,0.0,0.7141831918905377,0.0,0.0,0.0,0.0,0.0,0.0,0.0
20190222,EZTC3,EZTEC,26.06,26.32,25.8,26.18,7866229.0,27.14350000000001,0.0,0.7369801468439394,0.0,0.0,0.0,0.0,0.0,0.0,0.0
20190225,EZTC3,EZTEC,26.11,26.55,25.82,25.98,7294543.0,27.05250000000001,0.0,0.7635366120198466,0.0,0.0,0.0,0.0,0.0,0.0,0.0
20190226,EZTC3,EZTEC,25.85,26.1,25.56,25.9,16638712.0,26.97450000000001,0.0,0.7985939947314037,0.0,0.0,0.0,0.0,0.0,0.0,0.0
20190227,EZTC3,EZTEC,25.9,26.67,25.69,26.67,15010369.0,26.929500000000008,26.55500000000001,0.7885661538180402,0.9407116782194552,28.436423356438922,24.67357664356109,29.37713503465837,23.73286496534164,30.317846712877827,22.792153287122183
20190228,EZTC3,EZTEC,26.62,26.87,26.19,26.67,15038199.0,26.87850000000001,26.57725000000001,0.7695472011103999,0.9323996818246288,28.442049363649268,24.712450636350752,29.37444904547389,23.780050954526125,30.306848727298533,22.847651272701487
20190301,EZTC3,EZTEC,26.58,26.87,26.22,26.48,9373427.0,26.809500000000003,26.59275000000001,0.7381375923655198,0.9252968685085872,28.443343737017198,24.742156262982842,29.36864060552577,23.81685939447425,30.293937474034358,22.89156252596566
20190306,EZTC3,EZTEC,26.47,26.53,25.99,26.25,19587395.0,26.721999999999998,26.60500000000001,0.691859432026636,0.917197515288438,28.439395030576893,24.770604969423136,29.356592545865325,23.853407454134693,30.273790061153765,22.936209938846254
20190307,EZTC3,EZTEC,26.3,26.31,25.73,25.87,16603532.0,26.5995,26.62100000000001,0.6055399938984508,0.8979772140333403,28.416954428066692,24.825045571933327,29.314931642100028,23.92706835789999,30.21290885613337,23.029091143866648
20190308,EZTC3,EZTEC,25.89,27.21,25.22,27.2,40236364.0,26.566999999999997,26.679500000000008,0.5497664575933549,0.8555308743248714,28.390561748649755,24.968438251350268,29.246092622974626,24.112907377025397,30.101623497299496,23.25737650270053
20190311,EZTC3,EZTEC,27.23,27.48,26.91,27.4,19493567.0,26.581,26.742000000000008,0.5678574691444735,0.8124297208263943,28.3668594416528,25.117140558347224,29.179289162479197,24.30471083752083,29.991718883305587,23.49228111669444
20190312,EZTC3,EZTEC,27.42,27.45,27.04,27.07,26184381.0,26.583500000000004,26.78100000000001,0.5699979224338947,0.7888739134247331,28.35874782684948,25.20325217315055,29.14762174027421,24.414378259725808,29.936495653698945,23.625504346301078
20190313,EZTC3,EZTEC,27.06,27.4,26.68,27.25,18909155.0,26.5585,26.821750000000016,0.525359776474038,0.7692183428483496,28.36018668569672,25.28331331430332,29.129405028545065,24.51409497145497,29.89862337139341,23.74487662860662
20190314,EZTC3,EZTEC,27.24,27.83,26.93,27.35,18119847.0,26.5585,26.86575000000001,0.525359776474038,0.7469695613885666,28.35968912277714,25.371810877222877,29.106658684165712,24.624841315834317,29.85362824555428,23.87787175444575
20190315,EZTC3,EZTEC,27.44,27.58,27.15,27.42,8372014.0,26.579500000000003,26.91375000000001,0.5516718608967401,0.7180875152007458,28.34992503040151,25.477574969598518,29.06801254560225,24.759487454397775,29.786100060802998,24.04139993919703
20190318,EZTC3,EZTEC,27.38,27.53,27.17,27.2,11176116.0,26.5905,26.96125000000001,0.5621713074743119,0.6698227377448468,28.30089547548971,25.621604524510328,28.97071821323456,24.95178178676548,29.640540950979403,24.281959049020628
20190319,EZTC3,EZTEC,27.03,27.7,27.0,27.35,11946426.0,26.642000000000003,26.98375000000001,0.5828839371697714,0.6673202725482331,28.318390545096477,25.64910945490355,28.98571081764472,24.981789182355318,29.653031090192947,24.314468909807086
20190320,EZTC3,EZTEC,27.35,27.75,26.9,27.75,16574017.0,26.7055,27.00950000000001,0.6314600874998115,0.6766885811785492,28.362877162357112,25.656122837642908,29.03956574353566,24.979434256464373,29.716254324714214,24.302745675285816
20190321,EZTC3,EZTEC,27.8,27.93,27.21,27.4,17261561.0,26.771,27.028500000000008,0.6321966715974966,0.6767173784205727,28.381934756841158,25.67506524315887,29.05865213526173,24.998347864738296,29.735369513682308,24.321630486317726
20190322,EZTC3,EZTEC,26.82,26.82,25.15,25.83,42763498.0,26.7625,27.01675000000001,0.6441385516208579,0.6935615532922298,28.40387310658448,25.62962689341555,29.0974346598767,24.936065340123324,29.79099621316893,24.242503786831087
20190325,EZTC3,EZTEC,25.95,26.32,25.47,26.1,13654196.0,26.766,26.99525000000001,0.6401266322089433,0.708534013804525,28.412318027609054,25.57818197239096,29.120852041413585,24.869647958586434,29.82938605521811,24.16111394478191
20190326,EZTC3,EZTEC,26.12,26.69,25.85,26.69,13847327.0,26.79150000000001,26.96750000000001,0.6255462875717048,0.6978639570604749,28.36322791412096,25.57177208587905,29.06109187118144,24.873908128818588,29.758955828241916,24.176044171758107
20190327,EZTC3,EZTEC,26.68,26.68,25.18,25.75,17481322.0,26.78000000000001,26.91625000000001,0.6431174076325453,0.7103220197874149,28.336894039574844,25.49560596042518,29.047216059362253,24.78528394063777,29.757538079149672,24.074961920850352
20190328,EZTC3,EZTEC,25.6,26.58,25.32,26.3,21294805.0,26.800000000000004,26.88725000000001,0.6201188341125091,0.7112321828690815,28.309714365738174,25.46478563426185,29.020946548607252,24.75355345139277,29.732178731476342,24.042321268523693
20190329,EZTC3,EZTEC,26.33,27.03,26.13,26.8,20134072.0,26.80650000000001,26.86800000000001,0.6193653373031434,0.7026477397343898,28.2732954794688,25.46270452053124,28.97594321920318,24.76005678079684,29.67859095893757,24.05740904106245
20190401,EZTC3,EZTEC,27.0,27.37,26.38,27.18,13365841.0,26.832000000000004,26.85525000000001,0.6239315077120197,0.6918944172454242,28.239038834490856,25.47146116550916,28.930933251736285,24.77956674826374,29.62282766898171,24.087672331018315
20190402,EZTC3,EZTEC,27.18,27.4,26.53,27.06,6895882.0,26.861,26.83525000000001,0.6201773939769204,0.6734221349160364,28.182094269832085,25.48840573016794,28.855516404748126,24.81498359525191,29.528938539664157,24.14156146033587
20190403,EZTC3,EZTEC,27.1,27.36,26.63,26.8,15341672.0,26.8885,26.805250000000008,0.6036317716865788,0.6463903222650763,28.098030644530173,25.512469355469857,28.74442096679524,24.866079033204784,29.39081128906032,24.219688710939714
20190404,EZTC3,EZTEC,26.89,27.13,26.58,26.8,13977372.0,26.934999999999995,26.76725000000001,0.5548968609712921,0.5979194161466311,27.963088832293273,25.571411167706753,28.561008248439908,24.973491751560122,29.15892766458653,24.37557233541349
20190405,EZTC3,EZTEC,26.78,27.68,26.78,27.23,10209489.0,26.936499999999995,26.75175000000001,0.5556908928721584,0.5767943574353259,27.905338714870663,25.59816128512936,28.482133072305988,25.02136692769404,29.05892742974132,24.444572570258714
20190408,EZTC3,EZTEC,27.22,27.6,26.72,26.89,7208391.0,26.910999999999994,26.74600000000002,0.5448988317496279,0.574169634542588,27.894339269085197,25.59766073091485,28.468508903627786,25.023491096372258,29.04267853817037,24.449321461829673
20190409,EZTC3,EZTEC,26.87,26.94,26.09,26.37,18142600.0,26.875999999999994,26.72975000000001,0.5565060173694668,0.5754128395312671,27.880575679062552,25.57892432093748,28.455988518593816,25.003511481406218,29.031401358125088,24.428098641874946
20190410,EZTC3,EZTEC,26.49,26.6,25.72,26.37,20334217.0,26.831999999999994,26.695250000000016,0.5601559933108896,0.5536313107160105,27.802512621432037,25.587987378567995,28.35614393214805,25.03435606785198,28.909775242864054,24.480724757135967
20190411,EZTC3,EZTEC,26.37,26.5,25.94,25.99,13816769.0,26.76399999999999,26.66125000000001,0.5762802680713836,0.5541507130921264,27.769551426184268,25.552948573815765,28.3237021392764,24.998797860723638,28.877852852368523,24.44464714763151
20190412,EZTC3,EZTEC,25.9,26.1,24.77,24.77,10075360.0,26.6315,26.60550000000001,0.7072725596855958,0.6266310000761295,27.858762000152268,25.35223799984776,28.48539300022841,24.725606999771628,29.112024000304537,24.098975999695497
20190415,EZTC3,EZTEC,24.96,25.61,24.94,25.61,6105821.0,26.55199999999999,26.57125000000001,0.7290339678751558,0.6428669260549841,27.85698385210998,25.285516147890053,28.49985077816497,24.64264922183506,29.142717704219947,23.999782295780076
20190416,EZTC3,EZTEC,25.52,26.07,25.15,25.55,13842948.0,26.46199999999999,26.55200000000001,0.7364037794008078,0.661831956361687,27.87566391272339,25.22833608727664,28.537495869085074,24.566504130914954,29.199327825446762,23.904672174553266
20190417,EZTC3,EZTEC,25.58,25.84,24.99,25.16,19142514.0,26.33249999999999,26.51900000000001,0.7256349306859362,0.6974635364055844,27.913927072811184,25.12407292718885,28.61139060921677,24.426609390783266,29.308854145622355,23.72914585437768
20190418,EZTC3,EZTEC,25.4,26.04,25.03,25.5,9940120.0,26.23749999999999,26.50425000000002,0.7025283287039625,0.7128379090756776,27.929925818151368,25.078574181848666,28.64276372722705,24.36573627277299,29.35560163630273,23.65289836369731
20190422,EZTC3,EZTEC,25.57,25.65,25.04,25.46,12933573.0,26.21899999999999,26.49075000000002,0.7185138170300983,0.7275931079726018,27.945936215945224,25.03556378405482,28.673529323917823,24.30797067608221,29.401122431890432,23.580377568109608
20190423,EZTC3,EZTEC,25.46,26.22,25.46,25.99,10355779.0,26.21349999999999,26.489750000000022,0.7198923530639867,0.7282697707404574,27.946289541480926,25.03321045851911,28.674559312221394,24.30494068777865,29.40282908296185,23.576670917038197
20190424,EZTC3,EZTEC,26.06,26.09,25.28,25.6,10786628.0,26.158999999999985,26.47525000000001,0.7231721058896322,0.7402701776361353,27.95579035527229,24.994709644727745,28.696060532908426,24.254439467091608,29.436330710544556,23.514169289455477
20190425,EZTC3,EZTEC,25.66,26.4,25.28,26.23,8583048.0,26.182999999999986,26.48150000000002,0.7168211991696052,0.7370299023262736,27.955559804652573,25.007440195347467,28.69258970697884,24.270410293021197,29.429619609305114,23.533380390694923
20190426,EZTC3,EZTEC,26.48,26.8,26.04,26.62,9836189.0,26.19899999999999,26.49950000000001,0.7231138805268018,0.7312334153280383,27.96196683065609,25.03703316934393,28.69320024598413,24.305799754015894,29.424433661312165,23.57456633868786
20190429,EZTC3,EZTEC,22.2,22.51,21.76,21.78,6317730.0,25.94799999999999,26.37725000000001,1.21050924473089,1.0439102709745476,28.46507054194911,24.289429458050915,29.50898081292365,23.245519187076372,30.5528910838982,22.20160891610182
20190430,EZTC3,EZTEC,21.99,22.04,21.37,21.61,15553907.0,25.669499999999992,26.250750000000004,1.5146737533037833,1.2860302414995075,28.82281048299901,23.67868951700099,30.108840724498528,22.39265927550148,31.394870965998035,21.106629034001973
20190502,EZTC3,EZTEC,21.36,21.59,21.06,21.4,6447128.0,25.38649999999999,26.12375000000001,1.7514483480221372,1.4964328310848825,29.11661566216977,23.13088433783024,30.613048493254656,21.634451506745357,32.10948132433954,20.138018675660483
20190503,EZTC3,EZTEC,21.38,21.5,20.65,20.65,10314811.0,25.078999999999994,25.98375000000001,2.010880665935096,1.7283098124156748,29.44036962483136,22.527130375168657,31.168679437247032,20.798820562752983,32.89698924966271,19.070510750337306
20190506,EZTC3,EZTEC,20.5,21.04,20.41,21.04,14698144.0,24.791,25.86300000000001,2.158483629529619,1.896958699522028,29.656917399044065,22.069082600955955,31.55387609856609,20.172123901433924,33.450834798088124,18.275165201911896
20190507,EZTC3,EZTEC,21.12,21.43,20.97,21.38,12080994.0,24.4985,25.71750000000001,2.2064147508189764,2.0115216207560938,29.7405432415122,21.694456758487824,31.75206486226829,19.682935137731732,33.76358648302439,17.671413516975633
20190508,EZTC3,EZTEC,21.45,22.02,21.32,21.42,9382576.0,24.225,25.568000000000016,2.233228722347035,2.1033931073630905,29.7747862147262,21.36121378527384,31.87817932208929,19.257820677910747,33.981572429452385,17.154427570547654
20190509,EZTC3,EZTEC,21.42,21.84,21.27,21.7,8593903.0,23.991499999999995,25.43375000000001,2.2412761285059246,2.1752143277835554,29.78417865556712,21.083321344432896,31.95939298335068,18.908107016649343,34.13460731113423,16.73289268886579
20190510,EZTC3,EZTEC,21.6,22.0,21.51,21.9,12295611.0,23.767999999999994,25.300000000000008,2.214320853468449,2.2245933076891555,29.749186615378324,20.850813384621702,31.97377992306748,18.626220076932547,34.19837323075663,16.40162676924339
20190513,EZTC3,EZTEC,21.78,21.78,20.98,20.98,9056110.0,23.517499999999995,25.14075000000001,2.2330269166596017,2.3007762207456657,29.74230244149134,20.53919755850868,32.04307866223701,18.23842133776301,34.343854882982676,15.937645117017349
20190514,EZTC3,EZTEC,21.5,21.51,21.09,21.36,3891692.0,23.347,24.98925000000001,2.262351129152794,2.3459199578668364,29.68108991573369,20.29741008426634,32.02700987360052,17.951490126399502,34.37292983146736,15.605570168532667
20190515,EZTC3,EZTEC,21.34,21.35,19.86,20.77,27819754.0,23.105,24.82850000000001,2.2664010422276326,2.409975582385078,29.648451164770172,20.008548835229856,32.058426747155245,17.598573252844783,34.468402329540325,15.1885976704597
20190516,EZTC3,EZTEC,20.7,20.81,20.2,20.2,11928946.0,22.837499999999995,24.649750000000008,2.2783278147753263,2.4822358485229192,29.61422169704585,19.68527830295417,32.09645754556877,17.203042454431255,34.578693394091694,14.720806605908336
20190517,EZTC3,EZTEC,20.1,20.59,19.87,19.97,11222333.0,22.57800000000001,24.45525000000001,2.2953788816938867,2.537278965995273,29.529807931990558,19.380692068009466,32.06708689798583,16.843413102014196,34.6043658639811,14.306134136018922
20190520,EZTC3,EZTEC,20.14,21.02,20.0,20.85,5955251.0,22.345499999999994,24.29150000000001,2.2180277512382744,2.553666594707121,29.398833189414248,19.184166810585765,31.95249978412138,16.630500215878648,34.506166378828496,14.076833621171527
20190521,EZTC3,EZTEC,20.88,21.33,20.66,21.08,9182992.0,22.1265,24.17275000000001,2.107823209904113,2.5904657412153207,29.35368148243066,18.99181851756937,31.944147223645977,16.401352776354052,34.534612964861296,13.81088703513873
20190522,EZTC3,EZTEC,21.2,21.42,20.6,20.77,7256883.0,21.865499999999994,24.03950000000001,1.9189703242268,2.6256339405453257,29.290767881090666,18.78823211890936,31.916401821635986,16.162598178364036,34.542035762181314,13.536964237818706
20190523,EZTC3,EZTEC,20.68,21.0,20.4,20.7,4480038.0,21.6205,23.88975000000001,1.7195148489586884,2.6413589038550485,29.17246780771011,18.60703219228992,31.81382671156516,15.965673288434868,34.45518561542021,13.32431438457982
20190524,EZTC3,EZTEC,20.71,20.81,20.26,20.3,5235111.0,21.323999999999987,23.75350000000001,1.355609787046695,2.6831741153591424,29.11984823071829,18.387151769281726,31.80302234607744,15.703977653922582,34.48619646143658,13.02080353856344
20190527,EZTC3,EZTEC,20.51,20.76,20.35,20.75,4641604.0,21.0305,23.614750000000008,0.5367982567231288,2.6916004080119764,28.99795081602397,18.231549183976053,31.68955122403594,15.53994877596408,34.38115163204792,12.848348367952106
20190528,EZTC3,EZTEC,20.89,21.08,20.66,20.98,18571852.0,20.990499999999987,23.46925000000001,0.5069877502931455,2.672236542865474,28.813723085730963,18.124776914269066,31.48595962859644,15.45254037140359,34.15819617146191,12.780303828538115
20190529,EZTC3,EZTEC,20.95,21.14,20.61,21.0,9825864.0,20.959999999999987,23.31475000000001,0.4856574491291911,2.630520068985088,28.57579013797019,18.05370986202984,31.20631020695528,15.42318979304475,33.83683027594036,12.792669724059662
20190530,EZTC3,EZTEC,21.01,21.75,21.0,21.55,8448789.0,20.967499999999994,23.17700000000001,0.4938982955181418,2.5730070206288027,28.32301404125762,18.030985958742413,30.896021061886426,15.457978938113605,33.46902808251522,12.884971917484805
20190531,EZTC3,EZTEC,21.5,22.0,21.39,22.0,8490579.0,21.035,23.05700000000001,0.538462724116624,2.5108862466447426,28.078772493289502,18.03522750671053,30.589658739934244,15.524341260065787,33.10054498657899,13.013455013421044
20190603,EZTC3,EZTEC,21.88,22.08,21.48,21.7,12024179.0,21.067999999999987,22.92950000000002,0.5586317872124256,2.444557481846409,27.81861496369284,18.0403850363072,30.26317244553925,15.59582755446079,32.70772992738566,13.15127007261438
20190604,EZTC3,EZTEC,21.7,22.07,21.59,22.0,9288921.0,21.099,22.79875000000002,0.5930021744878408,2.3465437622608065,27.491837524521635,18.105662475478407,29.83838128678244,15.7591187132176,32.184925049043244,13.412574950956794
20190605,EZTC3,EZTEC,21.99,22.44,21.9,22.4,15522478.0,21.14799999999999,22.68650000000001,0.6578641677108086,2.251273770500505,27.189047541001027,18.183952458999006,29.44032131150153,15.9326786884985,31.69159508200204,13.681404917997995
20190606,EZTC3,EZTEC,22.45,22.95,22.34,22.9,19001861.0,21.207999999999988,22.59975000000001,0.7579654206804619,2.1711245904322167,26.94199918086445,18.257500819135586,29.113123771296674,16.08637622870337,31.28424836172889,13.915251638271153
20190607,EZTC3,EZTEC,22.9,23.81,22.8,23.58,17297332.0,21.291999999999987,22.53000000000002,0.9154268489559484,2.0902030327096672,26.71040606541935,18.349593934580685,28.800609098129023,16.259390901871015,30.89081213083869,14.16918786916135
20190610,EZTC3,EZTEC,23.37,23.8,23.01,23.23,13231917.0,21.404499999999988,22.46100000000002,1.0085814686713783,2.0173412306859766,26.49568246137197,18.426317538628066,28.51302369205795,16.40897630794209,30.53036492274393,14.391635077256112
20190611,EZTC3,EZTEC,23.2,23.75,23.09,23.6,9258717.0,21.51649999999999,22.43175000000002,1.121438338638541,1.9913181918080327,26.41438638361609,18.449113616383954,28.405704575424124,16.45779542457592,30.397022767232148,14.466477232767888
20190612,EZTC3,EZTEC,23.59,23.92,23.34,23.62,13959227.0,21.658999999999992,22.38200000000002,1.1999162251458957,1.933909551619756,26.24981910323953,18.514180896760507,28.18372865485929,16.58027134514075,30.11763820647905,14.646361793520994
20190613,EZTC3,EZTEC,23.63,24.33,23.63,24.24,12194511.0,21.860999999999994,22.34925000000002,1.2788354077049793,1.8894666015734467,26.12818320314691,18.57031679685313,28.01764980472036,16.680850195279678,29.907116406293806,14.791383593706234
20190614,EZTC3,EZTEC,24.3,25.24,24.01,25.0,41442509.0,22.112499999999994,22.34525000000001,1.378125634025383,1.8835236856378912,26.112297371275808,18.578202628724238,27.99582105691369,16.69467894308635,29.879344742551588,14.811155257448453
20190617,EZTC3,EZTEC,25.13,25.66,24.85,25.18,22589979.0,22.328999999999994,22.33725000000002,1.5037423491514614,1.870414718170462,26.078079436340946,18.596420563659095,27.948494154511405,16.726005845488633,29.81890887268187,14.85559112731817
20190618,EZTC3,EZTEC,25.25,25.43,24.8,25.0,12244845.0,22.524999999999995,22.32575000000002,1.5856179270323287,1.8520465291546584,26.029843058309336,18.621656941690702,27.881889587463995,16.769610412536043,29.733936116618647,14.917563883381385
20190619,EZTC3,EZTEC,25.03,25.2,24.75,25.2,6096053.0,22.746499999999994,22.30600000000002,1.636167778682856,1.8158275643875752,25.937655128775173,18.674344871224868,27.753482693162745,16.858517306837292,29.56931025755032,15.042689742449715
20190621,EZTC3,EZTEC,25.1,25.8,25.1,25.8,15140212.0,23.0015,22.31100000000001,1.6967314553514201,1.825380606606285,25.961761213212586,18.66023878678745,27.787141819818874,16.834858180181165,29.612522426425162,15.009477573574875
20190624,EZTC3,EZTEC,25.81,26.21,25.63,25.88,13922892.0,23.2805,22.30225000000002,1.6878808731972983,1.8068580003235728,25.915966000647174,18.68853399935287,27.72282400097074,16.881675999029298,29.529682001294308,15.074817998705726
20190625,EZTC3,EZTEC,25.67,25.87,25.02,25.14,11404561.0,23.5,22.265250000000016,1.6257888773405451,1.729679068349718,25.724608136699448,18.80589186330058,27.454287205049173,17.076212794950866,29.18396627339889,15.346533726601145
20190626,EZTC3,EZTEC,25.43,25.7,25.0,25.31,13121968.0,23.7165,22.35350000000001,1.5595015229232794,1.7931730220978281,25.93984604419568,18.76715395580436,27.7330190662935,16.973980933706535,29.526192088391326,15.180807911608705
20190627,EZTC3,EZTEC,25.3,25.65,25.1,25.42,17414973.0,23.9375,22.44875000000001,1.4645742151147492,1.852863601466928,26.15447720293387,18.74302279706616,28.0073408044008,16.890159195599228,29.86020440586773,15.037295594132305
20190628,EZTC3,EZTEC,25.7,26.12,25.7,25.7,19150716.0,24.14499999999999,22.55625000000001,1.4011217310652209,1.9141814713156573,26.384612942631332,18.727887057368697,28.298794413946986,16.813705586053043,30.212975885262647,14.899524114737384
20190701,EZTC3,EZTEC,26.12,26.69,25.77,25.96,21667278.0,24.343000000000004,22.68900000000001,1.3612846100186895,1.9621179033551064,26.61323580671023,18.76476419328981,28.575353710065336,16.8026462899347,30.537471613420443,14.840528386579592
20190702,EZTC3,EZTEC,25.75,26.55,25.75,26.4,19214718.0,24.57800000000001,22.82300000000001,1.2845257162819017,2.0285174578797807,26.88003491575957,18.76596508424045,28.90855237363936,16.737447626360677,30.937069831519143,14.708930168480894
20190703,EZTC3,EZTEC,26.57,26.88,26.27,26.87,8764494.0,24.8215,22.96025000000002,1.2305637347424254,2.112374393170644,27.18499878634131,18.735501213658733,29.297373179511947,16.62312682048809,31.4097475726826,14.510752427317446
20190704,EZTC3,EZTEC,26.96,28.03,26.88,28.03,14608199.0,25.10299999999999,23.12550000000002,1.2899902080412022,2.243283936668025,27.612067873336073,18.638932126663967,29.85535181000409,16.395648189995946,32.09863574667212,14.15236425332792
20190705,EZTC3,EZTEC,27.89,29.08,27.47,28.85,26794024.0,25.400499999999994,23.30425000000001,1.4333269175703314,2.405764324945288,28.115778649890593,18.49272135010944,30.521542974835878,16.08695702516415,32.92730729978117,13.681192700218869
20190708,EZTC3,EZTEC,29.37,29.81,29.09,29.5,19473573.0,25.6965,23.49425000000002,1.634713156875926,2.5854215422793283,28.665093084558677,18.32340691544136,31.250514626838,15.737985373162033,33.835936169117325,13.152563830882704
20190710,EZTC3,EZTEC,29.8,30.57,29.53,29.89,40072844.0,26.02949999999999,23.71700000000002,1.7778978568730532,2.7423143884551555,29.20162877691033,18.232371223089707,31.943943165365486,15.490056834634554,34.68625755382064,12.7477424461794
20190711,EZTC3,EZTEC,29.8,29.89,28.87,29.3,34037601.0,26.314499999999992,23.915500000000016,1.8242041523562569,2.852482454607937,29.62046490921589,18.21053509078414,32.47294736382383,15.358052636176204,35.325429818431765,12.505570181568267
20190712,EZTC3,EZTEC,29.36,29.59,28.85,29.08,16900628.0,26.58749999999999,24.12325000000002,1.808223539394726,2.919347826273737,29.961945652547488,18.28455434745255,32.881293478821235,15.365206521178811,35.80064130509497,12.445858694905072
20190715,EZTC3,EZTEC,29.14,29.2,28.62,29.0,11432996.0,26.82549999999999,24.34325000000002,1.7961991303275981,2.9475582136875405,30.238366427375087,18.44813357262494,33.18592464106264,15.5005753589374,36.13348285475018,12.55301714524986
20190716,EZTC3,EZTEC,29.02,29.9,28.63,29.58,47168346.0,27.05449999999999,24.58350000000002,1.8425710726848208,2.9734953531802555,30.53049070636053,18.636509293639506,33.503986059540786,15.663013940459251,36.47748141272104,12.689518587278993
20190717,EZTC3,EZTEC,29.8,29.82,29.23,29.45,10553379.0,27.267999999999994,24.79850000000002,1.8612293616967968,3.007341913486948,30.81318382697392,18.78381617302612,33.820525740460866,15.776474259539174,36.82786765394781,12.769132346052224
20190718,EZTC3,EZTEC,29.7,31.19,29.65,31.19,28700577.0,27.5775,25.05125000000001,1.9753983608909635,3.1099049268178773,31.27105985363577,18.831440146364265,34.380964780453645,15.721535219546384,37.490869707271536,12.611630292728508
20190719,EZTC3,EZTEC,31.25,31.29,30.11,30.3,43136251.0,27.83249999999999,25.28950000000001,1.9815036156786487,3.1384243556118063,31.56634871122364,19.012651288776407,34.70477306683544,15.874226933164598,37.843197422447254,12.735802577552793
20190722,EZTC3,EZTEC,30.29,30.58,30.02,30.3,10510629.0,28.057499999999994,25.52950000000002,1.9940143984066,3.1455144701703777,31.820528940340772,19.238471059659265,34.966043410511155,16.092956589488885,38.11155788068153,12.94744211931851
20190723,EZTC3,EZTEC,30.5,30.65,30.13,30.53,22783471.0,28.289999999999992,25.78525000000002,1.9978462087168831,3.1252372115097247,32.03572442301947,19.534775576980568,35.160961634529194,16.409538365470844,38.28619884603891,13.28430115396112
20190724,EZTC3,EZTEC,30.25,31.01,30.25,31.01,17942803.0,28.583499999999994,26.04175000000001,1.9410991867062857,3.1224159675416288,32.28658193508328,19.79691806491676,35.408997902624904,16.674502097375132,38.53141387016653,13.552086129833505
20190725,EZTC3,EZTEC,30.4,31.26,30.36,31.02,28371437.0,28.869,26.29275000000002,1.852167720039989,3.108596012135803,32.50994202427162,20.075557975728415,35.61853803640743,16.96696196359261,38.72713404854324,13.858365951456806
20190726,EZTC3,EZTEC,31.02,32.26,30.64,32.03,16924747.0,29.1995,26.56850000000001,1.79314036495231,3.1162630069050783,32.80102601381017,20.335973986189863,35.91728902071525,17.219710979284784,39.03355202762033,14.103447972379707
20190729,EZTC3,EZTEC,32.19,32.19,31.32,32.18,15895864.0,29.52349999999999,26.83425000000002,1.711094678853353,3.1305417631408754,33.09533352628177,20.573166473718267,36.22587528942265,17.44262471057739,39.35641705256352,14.312082947436517
20190730,EZTC3,EZTEC,32.18,33.32,32.0,32.79,22119234.0,29.86499999999999,27.10400000000002,1.6426567056545476,3.1679555811441733,33.43991116228837,20.76808883771168,36.60786674343254,17.600133256567503,39.77582232457671,14.432177675423329
20190731,EZTC3,EZTEC,32.8,33.0,32.23,32.85,26528404.0,30.18749999999999,27.382750000000016,1.5575279840352507,3.1708083475547726,33.72436669510956,21.041133304890472,36.895175042664334,17.870324957335697,40.0659833902191,14.699516609780927
20190801,EZTC3,EZTEC,33.0,34.33,32.66,34.25,50420420.0,30.55649999999999,27.68900000000001,1.6037268273750347,3.2286401042972988,34.14628020859461,21.231719791405414,37.37492031289192,18.003079687108112,40.603560417189215,14.774439582810814
20190802,EZTC3,EZTEC,34.34,34.56,33.31,33.84,31298663.0,30.84699999999999,27.97500000000001,1.6476014464414903,3.254700742476469,34.48440148495295,21.465598515047073,37.73910222742942,18.210897772570604,40.99380296990589,14.956197030094135
20190805,EZTC3,EZTEC,33.63,33.63,32.55,32.62,23491462.0,31.035499999999992,28.21800000000001,1.6225725999490967,3.22883022399515,34.67566044799031,21.760339552009707,37.90449067198546,18.53150932801456,41.1333208959806,15.302679104019408
20190806,EZTC3,EZTEC,32.7,33.92,32.7,33.91,49480040.0,31.25599999999999,28.47625000000001,1.7006915002279752,3.261305926489234,34.99886185297848,21.953638147021547,38.260167779467714,18.692332220532307,41.52147370595696,15.431026294043074
20190807,EZTC3,EZTEC,33.9,35.48,33.3,35.43,45775837.0,31.53299999999999,28.78125000000001,1.905344560633893,3.327889288330453,35.437028576660914,22.125471423339103,38.76491786499137,18.797582135008653,42.09280715332182,15.469692846678198
20190808,EZTC3,EZTEC,35.45,35.76,34.96,35.41,32823877.0,31.83849999999999,29.07650000000001,2.0151355576709475,3.3799071069013134,35.836314213802645,22.31668578619739,39.21622132070396,18.93677867929608,42.59612842760527,15.556871572394767
20190809,EZTC3,EZTEC,35.31,35.66,34.98,35.65,25473090.0,32.16699999999999,29.37725000000001,2.076366005663264,3.416950948148252,36.21115189629653,22.54334810370352,39.628102844444776,19.126397155555264,43.04505379259303,15.709446207407018
20190812,EZTC3,EZTEC,35.64,35.64,34.17,35.51,23681248.0,32.492499999999986,29.65900000000002,2.0639942752879428,3.447000033473917,36.55300006694785,22.76499993305219,40.00000010042177,19.31799989957827,43.447000133895685,15.870999866104352
20190813,EZTC3,EZTEC,35.5,35.92,35.16,35.5,28214202.0,32.788499999999985,29.92150000000002,2.048766702189479,3.4827240664567265,36.88694813291347,22.956051867086572,40.3696721993702,19.47332780062984,43.85239626582693,15.990603734173114
20190814,EZTC3,EZTEC,35.45,35.45,33.69,34.48,34656985.0,33.03999999999998,30.15400000000001,1.9221972076931948,3.4684702901778053,37.09094058035564,23.217059419644407,40.559410870533426,19.748589129466602,44.02788116071124,16.280118839288797
20190815,EZTC3,EZTEC,35.7,35.76,33.92,34.3,58877015.0,33.19549999999997,30.38650000000002,1.8901892831978897,3.42556194154836,37.237623883096745,23.5353761169033,40.6631858246451,20.109814175354934,44.08874776619346,16.68425223380658
20190816,EZTC3,EZTEC,34.54,37.18,34.54,35.95,57816853.0,33.47799999999998,30.65525000000001,1.856577496362696,3.42991439490991,37.51507878981984,23.7954212101802,40.944993184729746,20.365506815270287,44.37490757963965,16.935592420360383
20190819,EZTC3,EZTEC,36.05,36.81,35.76,36.0,44838318.0,33.762999999999984,30.91025000000002,1.7789266426697845,3.4388433412473125,37.78793668249465,24.03256331750539,41.22678002374195,20.59371997625808,44.66562336498927,17.15487663501077
20190820,EZTC3,EZTEC,35.91,36.22,35.2,35.32,33206840.0,34.00249999999998,31.14625000000001,1.6375812555172509,3.408566649277092,37.9633832985542,24.32911670144584,41.37194994783129,20.920550052168746,44.78051659710838,17.51198340289165
20190821,EZTC3,EZTEC,35.99,37.41,35.91,36.99,80316641.0,34.30149999999999,31.44250000000001,1.6081021013671584,3.3880580248111367,38.21861604962229,24.666383950377732,41.60667407443342,21.278325925566605,44.994732099244565,17.890267900755468
20190822,EZTC3,EZTEC,37.05,37.34,36.44,37.1,30808806.0,34.60549999999999,31.73725000000001,1.5277933002934283,3.3535407904680827,38.44433158093618,25.030168419063845,41.79787237140426,21.676627628595764,45.15141316187234,18.32308683812768
20190823,EZTC3,EZTEC,36.57,36.66,35.4,36.14,37146376.0,34.81099999999999,32.00525000000001,1.4368419317526009,3.262871149926948,38.53099229985391,25.479507700146108,41.79386344978086,22.216636550219167,45.056734599707795,18.953765400292216
20190826,EZTC3,EZTEC,36.2,36.44,34.45,34.94,23304673.0,34.949,32.23625000000001,1.2965415535186091,3.129384872381016,38.49501974476205,25.97748025523797,41.624404617143064,22.848095382856968,44.75378948952408,19.71871051047595
20190827,EZTC3,EZTEC,34.94,35.76,34.64,35.34,29834189.0,35.0765,32.47075000000001,1.1944136416538764,2.995600524101965,38.461951048203936,26.47954895179608,41.457551572305896,23.48394842769412,44.45315209640787,20.488347903592146
20190828,EZTC3,EZTEC,35.14,36.38,34.83,36.0,22649481.0,35.23399999999999,32.710750000000004,1.0883420514953432,2.879052895818873,38.46885579163775,26.95264420836226,41.347908687456616,24.07359131254339,44.2269615832755,21.194538416724512
20190829,EZTC3,EZTEC,36.05,37.98,36.03,37.32,32122785.0,35.3875,32.97200000000001,1.1566097235593549,2.8087301629393124,38.58946032587863,27.354539674121384,41.398190488817946,24.54580951118207,44.20692065175726,21.73707934824276
20190830,EZTC3,EZTEC,37.63,39.58,37.63,39.06,86994542.0,35.6485,33.24775000000001,1.3600939402542285,2.8522078604981007,38.95216572099621,27.543334279003812,41.80437358149431,24.69112641850571,44.656581441992415,21.838918558007606
20190902,EZTC3,EZTEC,38.71,41.17,38.71,41.05,43464417.0,36.06999999999999,33.55275000000001,1.6479397025250628,3.0173957080526144,39.58754141610524,27.51795858389478,42.60493712415786,24.50056287584217,45.62233283221047,21.483167167789553
20190903,EZTC3,EZTEC,40.99,41.42,38.9,38.9,58993324.0,36.31949999999999,33.78775000000001,1.681113274620652,3.0594188215478124,39.906587643095634,27.668912356904386,42.96600646464345,24.60949353535657,46.02542528619125,21.550074713808762
20190904,EZTC3,EZTEC,39.99,39.99,37.73,38.0,43001231.0,36.44799999999999,33.99050000000001,1.7075578128458904,3.0632142913729976,40.11692858274601,27.864071417254014,43.18014287411901,24.800857125881013,46.243357165492,21.737642834508023
20190905,EZTC3,EZTEC,38.38,39.0,38.09,38.6,28313670.0,36.6075,34.223000000000006,1.7538555272675214,3.0509873979687434,40.32497479593749,28.12102520406252,43.37596219390623,25.070037806093772,46.42694959187498,22.019050408125032
20190906,EZTC3,EZTEC,38.85,39.31,37.37,37.71,43510316.0,36.7105,34.43875000000001,1.75515323967378,2.9823379122891005,40.40342582457821,28.47407417542181,43.38576373686731,25.491736263132715,46.368101649156415,22.509398350843615
20190909,EZTC3,EZTEC,37.73,38.26,34.81,35.35,62201118.0,36.7025,34.59750000000001,1.7612671126509418,2.851547263306673,40.30059452661336,28.894405473386666,43.15214178992004,26.042858210079988,46.0036890532267,23.19131094677332
20190910,EZTC3,EZTEC,35.15,35.74,34.83,35.59,29364443.0,36.70700000000001,34.74775000000001,1.7581452547621392,2.736403673455828,40.220557346911676,29.27494265308836,42.95696102036749,26.53853897963253,45.69336469382332,23.8021353061767
20190911,EZTC3,EZTEC,35.83,36.8,35.42,36.5,33339096.0,36.80800000000001,34.92400000000001,1.6797512347150816,2.6105798550297523,40.14515971005951,29.702840289940504,42.755739565089264,27.09226043491075,45.36631942011901,24.481680579881
20190912,EZTC3,EZTEC,37.0,38.05,36.26,37.72,49249079.0,36.979000000000006,35.087250000000004,1.5822465707110405,2.5750220188254467,40.2372940376509,29.93720596234911,42.81231605647635,27.362183943523664,45.38733807530179,24.787161924698214
20190913,EZTC3,EZTEC,37.76,38.18,37.17,37.5,45849370.0,37.05650000000001,35.26725000000001,1.5670800033318786,2.48176114834524,40.230772296690475,30.30372770330953,42.712533445035724,27.821966554964284,45.19429459338096,25.340205406619052
20190916,EZTC3,EZTEC,37.5,37.88,36.02,36.86,27995451.0,37.099500000000006,35.43125000000001,1.5482502007786283,2.3588015073935407,40.14885301478709,30.713646985212925,42.50765452218064,28.35484547781938,44.866456029574174,25.996043970425845
20190917,EZTC3,EZTEC,36.5,38.11,36.36,38.0,21153457.0,37.23350000000001,35.61800000000001,1.5013968057850653,2.2541985897545205,40.12639717950905,31.10960282049097,42.38059576926357,28.85540423073645,44.634794359018095,26.60120564098193
20190918,EZTC3,EZTEC,38.2,38.45,37.58,38.16,28814848.0,37.292,35.79675000000001,1.5141494051292224,2.1609890749495397,40.11872814989909,31.47477185010093,42.27971722484863,29.31378277515139,44.44070629979817,27.15279370020185
20190919,EZTC3,EZTEC,38.52,40.18,38.52,39.1,33812814.0,37.391999999999996,35.99875000000001,1.5659589293533858,2.0791211006774093,40.156992201354825,31.84050779864519,42.236113302032244,29.761386697967783,44.31523440270965,27.682265597290375
20190920,EZTC3,EZTEC,39.1,39.26,37.7,38.2,31135568.0,37.49500000000001,36.15300000000001,1.5469069308242611,2.0046730023008337,40.16234600460167,32.14365399539834,42.16701900690251,30.138980993097505,44.17169200920335,28.13430799079667
20190923,EZTC3,EZTEC,37.7,37.86,37.23,37.44,20365705.0,37.62000000000001,36.28450000000001,1.4258515461223538,1.9075409731123885,40.09958194622479,32.46941805377523,42.007122919337185,30.561877080662843,43.91466389244956,28.654336107550453
20190924,EZTC3,EZTEC,37.38,38.62,36.93,37.53,51197763.0,37.7295,36.40300000000001,1.3218387313055673,1.830565556436112,40.06413111287223,32.74186888712778,41.894696669308345,30.91130333069167,43.72526222574446,29.080737774255557
20190925,EZTC3,EZTEC,36.5,36.7,35.24,35.27,110891819.0,37.69300000000001,36.46350000000001,1.3808696725731,1.7482688140425782,39.96003762808517,32.966962371914846,41.70830644212774,31.21869355787228,43.45657525617033,29.470424743829692
20190926,EZTC3,EZTEC,35.05,36.0,35.05,35.73,96443293.0,37.6135,36.50050000000001,1.4476306413186928,1.7155771249917242,39.93165424998347,33.06934575001656,41.64723137497518,31.353768625024838,43.362808499966896,29.638191500033113
20190927,EZTC3,EZTEC,35.85,36.3,35.69,36.1,65097256.0,37.4655,36.55700000000001,1.4432655771951135,1.6620919780775498,39.88118395615511,33.232816043844906,41.54327593423265,31.570724065767358,43.20536791231021,29.90863208768981
20190930,EZTC3,EZTEC,36.24,36.5,35.85,36.2,81135656.0,37.223,36.646500000000024,1.1954743608162266,1.5362834774470904,39.7190669548942,33.57393304510584,41.25535043234129,32.03764956765875,42.79163390978839,30.50136609021165
20191001,EZTC3,EZTEC,36.24,36.78,36.2,36.5,83028703.0,37.103,36.711250000000014,1.1373195634799491,1.4711920641927052,39.65363412838543,33.7688658716146,41.12482619257813,32.2976738074219,42.59601825677083,30.826481743229195
20191002,EZTC3,EZTEC,36.37,36.37,35.32,35.5,50303443.0,36.978,36.71300000000001,1.170445709076363,1.4696697692914666,39.652339538582936,33.773660461417066,41.12200930787441,32.30399069212561,42.591679077165885,30.834320922834138
20191003,EZTC3,EZTEC,35.31,36.71,34.39,36.64,71335132.0,36.88,36.74375000000001,1.1078713586734474,1.4544973358518063,39.652744671703616,33.834755328296396,41.10724200755543,32.3802579924446,42.56173934340724,30.925760656592782
20191004,EZTC3,EZTEC,36.58,37.64,36.24,37.64,46564087.0,36.8765,36.79350000000001,1.1052186018590466,1.4501539264010608,39.69380785280213,33.89319214719789,41.14396177920319,32.44303822079683,42.594115705604246,30.992884294395765
20191007,EZTC3,EZTEC,37.6,37.86,36.48,37.43,69983463.0,36.98049999999999,36.84150000000001,1.0505260586965628,1.4383083903116984,39.718116780623404,33.964883219376624,41.15642517093511,32.526574829064906,42.59473356124681,31.088266438753212
20191008,EZTC3,EZTEC,37.47,38.47,37.04,37.88,72025266.0,37.09499999999999,36.901000000000025,1.0151976732587669,1.4305975083052656,39.76219501661055,34.03980498338949,41.192792524915816,32.60920747508422,42.62339003322108,31.17860996677896
20191013,EZTC3,-,37.85,38.22,37.54,37.85,-,37.09499999999999,36.900999999999996,1.0151976732585006,1.4305975083052642,39.76219501661053,34.039804983389466,-,-,-,-
