DATA DO PREGAO,CODIGO DE NEGOCIACAO DO PAPEL,NOME RESUMIDO DA EMPRESA EMISSORA,PRECO DE ABERTURA,PRECO MAXIMO,PRECO MINIMO,PRECO FECHAMENTO,VOLUME TOTAL DE TITULOS NEGOCIADOS NESTE PAPEL,MA_20,MA_40,STD_20,STD_40,BANDA_1_40 SUPERIOR,BANDA_1_40 INFERIOR,BANDA_2_40 SUPERIOR,BANDA_2_40 INFERIOR,BANDA_3_40 SUPERIOR,BANDA_3_40 INFERIOR
20190102,ITUB3,ITAUUNIBANCO,30.05,32.27,30.05,31.96,30924229.0,0.0,0.0,0.0,0.0,0.0,0.0,0.0,0.0,0.0,0.0
20190103,ITUB3,ITAUUNIBANCO,31.31,32.3,31.31,32.25,9006972.0,0.0,0.0,0.0,0.0,0.0,0.0,0.0,0.0,0.0,0.0
20190104,ITUB3,ITAUUNIBANCO,32.25,32.4,31.63,31.71,10750788.0,0.0,0.0,0.0,0.0,0.0,0.0,0.0,0.0,0.0,0.0
20190107,ITUB3,ITAUUNIBANCO,31.95,32.3,31.9,32.12,7150753.0,0.0,0.0,0.0,0.0,0.0,0.0,0.0,0.0,0.0,0.0
20190108,ITUB3,ITAUUNIBANCO,32.12,32.29,31.71,32.2,8564327.0,0.0,0.0,0.0,0.0,0.0,0.0,0.0,0.0,0.0,0.0
20190109,ITUB3,ITAUUNIBANCO,32.39,32.57,32.19,32.5,8459804.0,0.0,0.0,0.0,0.0,0.0,0.0,0.0,0.0,0.0,0.0
20190110,ITUB3,ITAUUNIBANCO,32.5,32.76,32.3,32.5,5022024.0,0.0,0.0,0.0,0.0,0.0,0.0,0.0,0.0,0.0,0.0
20190111,ITUB3,ITAUUNIBANCO,32.5,32.58,32.05,32.13,4082342.0,0.0,0.0,0.0,0.0,0.0,0.0,0.0,0.0,0.0,0.0
20190114,ITUB3,ITAUUNIBANCO,32.35,32.5,32.2,32.5,3639071.0,0.0,0.0,0.0,0.0,0.0,0.0,0.0,0.0,0.0,0.0
20190115,ITUB3,ITAUUNIBANCO,32.5,32.5,31.69,32.06,4973140.0,0.0,0.0,0.0,0.0,0.0,0.0,0.0,0.0,0.0,0.0
20190116,ITUB3,ITAUUNIBANCO,32.07,32.12,31.62,31.99,4381506.0,0.0,0.0,0.0,0.0,0.0,0.0,0.0,0.0,0.0,0.0
20190117,ITUB3,ITAUUNIBANCO,32.1,32.13,31.62,31.91,3179321.0,0.0,0.0,0.0,0.0,0.0,0.0,0.0,0.0,0.0,0.0
20190118,ITUB3,ITAUUNIBANCO,32.0,32.46,31.95,32.3,4805279.0,0.0,0.0,0.0,0.0,0.0,0.0,0.0,0.0,0.0,0.0
20190121,ITUB3,ITAUUNIBANCO,32.3,32.33,31.37,32.09,3272644.0,0.0,0.0,0.0,0.0,0.0,0.0,0.0,0.0,0.0,0.0
20190122,ITUB3,ITAUUNIBANCO,32.08,32.2,31.71,31.99,3021146.0,0.0,0.0,0.0,0.0,0.0,0.0,0.0,0.0,0.0,0.0
20190123,ITUB3,ITAUUNIBANCO,31.99,32.29,31.77,32.26,3344113.0,0.0,0.0,0.0,0.0,0.0,0.0,0.0,0.0,0.0,0.0
20190124,ITUB3,ITAUUNIBANCO,32.2,32.33,31.96,32.2,5128124.0,0.0,0.0,0.0,0.0,0.0,0.0,0.0,0.0,0.0,0.0
20190128,ITUB3,ITAUUNIBANCO,31.5,32.65,31.44,32.41,10214559.0,0.0,0.0,0.0,0.0,0.0,0.0,0.0,0.0,0.0,0.0
20190129,ITUB3,ITAUUNIBANCO,32.65,32.72,32.22,32.3,10666691.0,0.0,0.0,0.0,0.0,0.0,0.0,0.0,0.0,0.0,0.0
20190130,ITUB3,ITAUUNIBANCO,32.49,32.56,31.75,32.25,11451104.0,32.1815,0.0,0.21136834897251766,0.0,0.0,0.0,0.0,0.0,0.0,0.0
20190131,ITUB3,ITAUUNIBANCO,32.44,33.0,32.0,32.87,62009124.0,32.227,0.0,0.2546845313840545,0.0,0.0,0.0,0.0,0.0,0.0,0.0
20190201,ITUB3,ITAUUNIBANCO,32.76,32.99,32.4,32.7,12458318.0,32.2495,0.0,0.2758236469386306,0.0,0.0,0.0,0.0,0.0,0.0,0.0
20190204,ITUB3,ITAUUNIBANCO,32.7,33.47,32.43,33.43,17825567.0,32.335499999999996,0.0,0.3554163607287709,0.0,0.0,0.0,0.0,0.0,0.0,0.0
20190205,ITUB3,ITAUUNIBANCO,32.7,32.82,32.02,32.41,158739421.0,32.349999999999994,0.0,0.3520615974812537,0.0,0.0,0.0,0.0,0.0,0.0,0.0
20190206,ITUB3,ITAUUNIBANCO,32.59,32.68,31.2,31.2,23548052.0,32.3,0.0,0.43558792695076215,0.0,0.0,0.0,0.0,0.0,0.0,0.0
20190207,ITUB3,ITAUUNIBANCO,31.41,31.84,31.2,31.51,28779687.0,32.250499999999995,0.0,0.4667973188034657,0.0,0.0,0.0,0.0,0.0,0.0,0.0
20190208,ITUB3,ITAUUNIBANCO,31.64,32.48,31.5,32.44,22970099.0,32.24749999999999,0.0,0.46529984673156743,0.0,0.0,0.0,0.0,0.0,0.0,0.0
20190211,ITUB3,ITAUUNIBANCO,32.46,32.5,31.6,31.98,41537780.0,32.239999999999995,0.0,0.46849141990682697,0.0,0.0,0.0,0.0,0.0,0.0,0.0
20190212,ITUB3,ITAUUNIBANCO,32.19,32.66,31.94,32.5,20425078.0,32.239999999999995,0.0,0.46849141990682697,0.0,0.0,0.0,0.0,0.0,0.0,0.0
20190213,ITUB3,ITAUUNIBANCO,32.5,32.68,31.8,31.8,17741484.0,32.22699999999999,0.0,0.4772740578700968,0.0,0.0,0.0,0.0,0.0,0.0,0.0
20190214,ITUB3,ITAUUNIBANCO,32.01,32.69,31.57,32.69,14721677.0,32.261999999999986,0.0,0.48458989715124223,0.0,0.0,0.0,0.0,0.0,0.0,0.0
20190215,ITUB3,ITAUUNIBANCO,32.69,32.72,32.2,32.61,13452410.0,32.29699999999999,0.0,0.4831050882735441,0.0,0.0,0.0,0.0,0.0,0.0,0.0
20190218,ITUB3,ITAUUNIBANCO,32.61,32.61,31.99,32.14,374876484.0,32.288999999999994,0.0,0.484375887095961,0.0,0.0,0.0,0.0,0.0,0.0,0.0
20190219,ITUB3,ITAUUNIBANCO,32.4,32.98,32.33,32.8,11959761.0,32.324499999999986,0.0,0.494926629331109,0.0,0.0,0.0,0.0,0.0,0.0,0.0
20190220,ITUB3,ITAUUNIBANCO,32.9,33.36,32.51,32.51,19939593.0,32.35049999999999,0.0,0.49006417410053865,0.0,0.0,0.0,0.0,0.0,0.0,0.0
20190221,ITUB3,ITAUUNIBANCO,32.75,33.37,32.56,33.37,28878830.0,32.40599999999999,0.0,0.5396236505292629,0.0,0.0,0.0,0.0,0.0,0.0,0.0
20190222,ITUB3,ITAUUNIBANCO,31.8,32.05,31.65,31.95,87879342.0,32.39349999999999,0.0,0.5474849192828117,0.0,0.0,0.0,0.0,0.0,0.0,0.0
20190225,ITUB3,ITAUUNIBANCO,32.07,32.11,31.6,31.6,8652489.0,32.352999999999994,0.0,0.5754458225904878,0.0,0.0,0.0,0.0,0.0,0.0,0.0
20190226,ITUB3,ITAUUNIBANCO,31.82,31.82,31.5,31.55,7615123.0,32.31549999999999,0.0,0.6028657439788379,0.0,0.0,0.0,0.0,0.0,0.0,0.0
20190227,ITUB3,ITAUUNIBANCO,31.7,31.7,31.24,31.45,7852328.0,32.275499999999994,32.2285,0.6332163095947867,0.4683717020508921,33.16524340410178,31.291756595898214,33.633615106152675,30.82338489384732,34.10198680820356,30.355013191796427
20190228,ITUB3,ITAUUNIBANCO,31.73,31.79,30.84,31.11,8912026.0,32.18749999999999,32.207249999999995,0.6676106255658435,0.499137653794918,33.20552530758983,31.20897469241016,33.70466296138475,30.70983703861524,34.20380061517967,30.210699384820323
20190301,ITUB3,ITAUUNIBANCO,31.5,31.53,30.7,30.75,9587560.0,32.08999999999999,32.16974999999999,0.7284446299804549,0.5496361850328205,33.269022370065635,31.070477629934352,33.81865855509845,30.52084144490153,34.368294740131276,29.97120525986871
20190306,ITUB3,ITAUUNIBANCO,30.97,30.97,30.37,30.49,4810965.0,31.942999999999994,32.13924999999999,0.7403491352768996,0.6066908455311306,33.35263169106225,30.92586830893773,33.95932253659338,30.319177463406596,34.56601338212451,29.712486617875467
20190307,ITUB3,ITAUUNIBANCO,30.47,31.29,30.4,31.17,11095126.0,31.880999999999993,32.1155,0.7510266657260364,0.6257588214033404,33.36701764280668,30.863982357193315,33.99277646421002,30.238223535789977,34.61853528561336,29.612464714386636
20190308,ITUB3,ITAUUNIBANCO,31.17,31.58,30.8,31.58,9937865.0,31.899999999999995,32.099999999999994,0.7375778281859942,0.6312665331675922,33.36253306633518,30.83746693366481,33.99379959950277,30.206200400497217,34.62506613267036,29.574933867329626
20190311,ITUB3,ITAUUNIBANCO,31.6,32.2,31.58,32.1,16568807.0,31.929499999999997,32.08999999999999,0.7329426989881199,0.6279269923265777,33.34585398465315,30.834146015346835,33.973780976979725,30.206219023020257,34.6017079693063,29.578292030693678
20190312,ITUB3,ITAUUNIBANCO,32.16,32.19,31.85,32.16,13071809.0,31.915499999999998,32.08149999999999,0.7253128181760721,0.6245266925789351,33.33055338515786,30.83244661484212,33.955080077736795,30.207919922263187,34.579606770315735,29.58339322968425
20190313,ITUB3,ITAUUNIBANCO,32.19,32.61,31.8,32.5,17279261.0,31.941499999999998,32.09074999999999,0.7369730052900891,0.6279939061438736,33.34673781228774,30.834762187712247,33.97473171843161,30.206768281568372,34.602725624575484,29.578774375424498
20190314,ITUB3,ITAUUNIBANCO,32.6,32.6,31.8,31.8,11651976.0,31.906499999999994,32.07324999999999,0.7255870581448909,0.6260473788083569,33.325344757616705,30.821155242383274,33.951392136425056,30.19510786357492,34.577439515233415,29.56906048476656
20190315,ITUB3,ITAUUNIBANCO,32.01,32.35,31.37,31.37,24667861.0,31.884999999999998,32.05599999999999,0.7352156862194565,0.6358511356179682,33.32770227123593,30.784297728764052,33.9635534068539,30.148446593146087,34.599404542471866,29.512595457528118
20190318,ITUB3,ITAUUNIBANCO,31.8,32.15,31.73,32.04,15604746.0,31.8525,32.05724999999999,0.7117500670142043,0.6357672025965393,33.32878440519307,30.78571559480691,33.96455160778961,30.149948392210373,34.60031881038615,29.514181189613833
20190319,ITUB3,ITAUUNIBANCO,31.83,32.15,31.7,31.7,12311105.0,31.807,32.051999999999985,0.689516230105524,0.6378778920202504,33.327755784040484,30.776244215959483,33.96563367606073,30.138366323939234,34.60351156808099,29.500488431918985
20190320,ITUB3,ITAUUNIBANCO,31.99,31.99,31.06,31.24,8557368.0,31.762,32.02549999999999,0.6959779185849793,0.6492281413241205,33.323956282648226,30.727043717351744,33.97318442397235,30.077815576027625,34.62241256529647,29.428587434703505
20190321,ITUB3,ITAUUNIBANCO,31.3,31.3,30.07,30.59,17782067.0,31.651500000000006,31.98799999999999,0.6979388828618944,0.6875940961247657,33.363188192249524,30.612811807750457,34.050782288374286,29.92521771162569,34.73837638449905,29.237623615500926
20190322,ITUB3,ITAUUNIBANCO,30.3,30.3,29.46,29.85,21393415.0,31.518500000000007,31.934499999999986,0.7749314061325081,0.7661958978264932,33.46689179565297,30.402108204346998,34.23308769347946,29.635912306520506,34.99928359130596,28.869716408694014
20190325,ITUB3,ITAUUNIBANCO,29.9,30.43,29.5,29.65,13474048.0,31.332500000000003,31.869249999999987,0.7532796712761278,0.8448619595941234,33.55897391918823,30.17952608081174,34.40383587878236,29.334664121217617,35.24869783837648,28.489802161623494
20190326,ITUB3,ITAUUNIBANCO,29.69,30.12,29.39,29.58,20118871.0,31.214000000000006,31.803749999999987,0.8332018141830162,0.9170400754601683,33.63783015092032,29.96966984907965,34.554870226380494,29.052629773619483,35.47191030184066,28.135589698159315
20190327,ITUB3,ITAUUNIBANCO,29.49,29.49,28.65,28.8,14071752.0,31.074,31.713499999999982,0.9861322640017579,1.0269036106865213,33.767307221373024,29.65969277862694,34.79421083205955,28.63278916794042,35.821114442746065,27.6058855572539
20190328,ITUB3,ITAUUNIBANCO,28.8,29.82,28.62,29.61,7837785.0,30.977000000000004,31.64624999999998,1.0312286999395015,1.0744889960181492,33.79522799203628,29.497272007963684,34.86971698805443,28.422783011945533,35.944205984072575,27.348294015927383
20190329,ITUB3,ITAUUNIBANCO,29.96,30.05,29.57,29.85,7243651.0,30.897000000000002,31.58624999999998,1.0544047959318923,1.106444264414795,33.799138528829566,29.373361471170387,34.90558279324436,28.266917206755593,36.01202705765916,27.1604729423408
20190401,ITUB3,ITAUUNIBANCO,30.07,30.2,29.45,29.65,9305478.0,30.824,31.505749999999985,1.0888593742270252,1.1275839555984573,33.7609179111969,29.25058208880307,34.88850186679536,28.122998133204614,36.01608582239381,26.995414177606158
20190402,ITUB3,ITAUUNIBANCO,29.98,29.98,29.26,29.4,5737205.0,30.7565,31.423249999999985,1.1345728386999894,1.1582710092069193,33.73979201841382,29.106707981586148,34.89806302762074,27.948436972379227,36.056334036827664,26.790165963172306
20190403,ITUB3,ITAUUNIBANCO,29.41,29.71,28.84,29.01,6591757.0,30.682499999999997,31.312749999999983,1.1992887146357176,1.172662951335924,33.65807590267183,28.967424097328134,34.830738854007755,27.79476114599221,36.00340180534368,26.62209819465629
20190404,ITUB3,ITAUUNIBANCO,29.02,29.59,29.02,29.45,4078160.0,30.596500000000002,31.238749999999982,1.2239077837638972,1.194831148890485,33.628412297780955,28.849087702219013,34.823243446671434,27.654256553328526,36.01807459556192,26.459425404438043
20190405,ITUB3,ITAUUNIBANCO,29.78,30.0,29.41,29.85,5662499.0,30.51,31.204999999999977,1.2118146462401187,1.2148525287732037,33.634705057546384,28.77529494245357,34.84955758631959,27.560442413680367,36.06441011509279,26.345589884907163
20190408,ITUB3,ITAUUNIBANCO,29.99,30.0,29.5,29.7,7245352.0,30.390000000000004,31.15974999999998,1.1639632839208223,1.2367129457786032,33.63317589155719,28.686324108442776,34.86988883733579,27.449611162664173,36.10660178311439,26.21289821688557
20190409,ITUB3,ITAUUNIBANCO,29.69,29.69,29.13,29.56,4187108.0,30.26,31.08774999999998,1.099267698826889,1.244080316271145,33.57591063254227,28.59958936745769,34.81999094881341,27.355509051186544,36.06407126508456,26.1114287349154
20190410,ITUB3,ITAUUNIBANCO,29.65,29.71,29.16,29.32,5335916.0,30.101000000000006,31.021249999999974,0.9819363255162589,1.2660623136525546,33.55337462730508,28.489125372694865,34.81943694095764,27.22306305904231,36.08549925461019,25.957000745389756
20190411,ITUB3,ITAUUNIBANCO,29.36,29.37,28.76,28.94,11578084.0,29.95800000000001,30.932249999999975,0.9282728727673442,1.2844403899693406,33.501130779938656,28.363369220061294,34.785571169907996,27.078928830091954,36.07001155987734,25.794488440122613
20190412,ITUB3,ITAUUNIBANCO,28.91,29.34,28.33,28.64,7789871.0,29.821500000000007,30.85324999999998,0.9102589278822929,1.3262002546314755,33.505650509262935,28.20084949073703,34.83185076389441,26.874649236105554,36.15805101852588,25.54844898147408
20190415,ITUB3,ITAUUNIBANCO,28.69,29.1,28.45,28.78,6161282.0,29.65850000000001,30.755499999999977,0.7737283284950434,1.3314344491215726,33.41836889824312,28.09263110175683,34.7498033473647,26.76119665263526,36.08123779648626,25.429762203513686
20190416,ITUB3,ITAUUNIBANCO,28.81,29.07,28.58,28.58,5560326.0,29.50250000000001,30.65474999999998,0.6441303807214532,1.339954051068293,33.334658102136565,27.974841897863392,34.674612153204855,26.6348878467951,36.01456620427315,25.294933795726806
20190417,ITUB3,ITAUUNIBANCO,28.78,28.97,28.04,28.43,6385553.0,29.362000000000005,30.561999999999976,0.5438517599880007,1.3627182488104406,33.28743649762086,27.836563502379096,34.6501547464313,26.473845253568655,36.012872995241736,25.111127004758213
20190418,ITUB3,ITAUUNIBANCO,28.44,28.88,28.21,28.82,7598866.0,29.273500000000006,30.462499999999977,0.4728889376675665,1.3402348626936451,33.14296972538727,27.782030274612687,34.48320458808091,26.441795411919042,35.82343945077456,25.101560549225397
20190422,ITUB3,ITAUUNIBANCO,28.47,28.82,28.42,28.62,3769678.0,29.212000000000007,30.365249999999975,0.47394869808977164,1.3289401744169869,33.023130348833945,27.707369651166,34.35207052325094,26.378429476749012,35.68101069766792,25.049489302332027
20190423,ITUB3,ITAUUNIBANCO,28.93,29.26,28.91,29.15,3186270.0,29.187000000000005,30.25974999999998,0.46268211208349286,1.2494131699444875,32.758576339888954,27.760923660111004,34.00798950983344,26.511510490166515,35.257402679777925,25.26209732022203
20190424,ITUB3,ITAUUNIBANCO,29.3,29.3,28.72,29.15,5895027.0,29.1655,30.189749999999982,0.4533556173572906,1.230581450017904,32.65091290003579,27.728587099964173,33.88149435005369,26.498005649946272,35.1120758000716,25.267424199928367
20190425,ITUB3,ITAUUNIBANCO,29.28,29.41,28.66,29.33,8036573.0,29.192000000000007,30.13299999999998,0.4463017624408754,1.2161355356314532,32.565271071262885,27.700728928737075,33.78140660689434,26.484593393105623,34.997542142525795,25.268457857474168
20190426,ITUB3,ITAUUNIBANCO,29.49,29.49,29.15,29.31,8014065.0,29.177000000000003,30.07699999999998,0.4364461744108104,1.2006882641602972,32.478376528320574,27.675623471679387,33.67906479248087,26.47493520751909,34.87975305664117,25.27424694335879
20190429,ITUB3,ITAUUNIBANCO,29.5,29.55,29.06,29.35,3173131.0,29.152000000000005,30.02449999999998,0.4093460767202395,1.1849222629483878,32.394344525896756,27.6546554741032,33.57926678884514,26.469733211154814,34.76418905179353,25.284810948206427
20190430,ITUB3,ITAUUNIBANCO,29.67,29.67,29.08,29.35,6702411.0,29.137000000000008,29.980499999999978,0.39539587091518597,1.176225928934316,32.33295185786861,27.628048142131345,33.50917778680292,26.45182221319703,34.685403715737245,25.275596284262715
20190502,ITUB3,ITAUUNIBANCO,29.35,29.59,29.16,29.46,9087220.0,29.140000000000008,29.94824999999998,0.39771717006983426,1.1722647104139958,32.29277942082797,27.603720579171988,33.46504413124197,26.431455868757993,34.637308841655965,25.259191158343995
20190503,ITUB3,ITAUUNIBANCO,29.7,29.75,29.25,29.29,5892674.0,29.154000000000007,29.91824999999998,0.39782831525796314,1.1733993735056907,32.26504874701136,27.5714512529886,33.43844812051705,26.398051879482907,34.61184749402274,25.224652505977218
20190506,ITUB3,ITAUUNIBANCO,29.12,29.13,28.68,28.68,6828327.0,29.115500000000004,29.855999999999977,0.4048713245879737,1.1713367336465208,32.19867346729302,27.513326532706934,33.37001020093954,26.341989799060414,34.54134693458606,25.170653065413894
20190507,ITUB3,ITAUUNIBANCO,28.7,28.75,28.06,28.51,11838778.0,29.0485,29.77924999999998,0.38742435594433455,1.155955343605544,32.091160687211065,27.46733931278889,33.24711603081661,26.311383969183346,34.403071374422154,25.155428625577805
20190508,ITUB3,ITAUUNIBANCO,28.61,29.25,28.57,28.73,6403502.0,29.0,29.694999999999983,0.3614153464250152,1.1041204876651842,31.903240975330352,27.486759024669613,33.00736146299553,26.38263853700443,34.11148195066072,25.278518049339247
20190509,ITUB3,ITAUUNIBANCO,28.8,28.8,28.25,28.5,8943240.0,28.947000000000003,29.60349999999998,0.35258593577339037,1.0446580841693918,31.692816168338762,27.514183831661196,32.73747425250816,26.469525747491804,33.78213233667755,25.424867663322413
20190510,ITUB3,ITAUUNIBANCO,28.53,28.79,28.11,28.2,9920373.0,28.891000000000002,29.49599999999998,0.37823551560250285,0.9564753672756433,31.40895073455127,27.583049265448693,32.36542610182691,26.62657389817305,33.321901469102556,25.67009853089741
20190513,ITUB3,ITAUUNIBANCO,28.2,28.21,27.73,27.75,7651511.0,28.8315,29.39474999999998,0.45577320075477007,0.9199916039192948,31.23473320783857,27.55476679216139,32.154724811757866,26.634775188242095,33.07471641567716,25.714783584322802
20190514,ITUB3,ITAUUNIBANCO,27.82,28.16,27.55,27.64,8361197.0,28.7815,29.301499999999987,0.5271499836508484,0.9035359314864696,31.108571862972926,27.494428137027047,32.012107794459396,26.590892205540577,32.91564372594586,25.687356274054107
20190515,ITUB3,ITAUUNIBANCO,27.55,27.71,27.19,27.67,5436607.0,28.726,29.19224999999999,0.5828098904625613,0.8246786087272107,30.841607217454413,27.542892782545568,31.66628582618162,26.71821417381836,32.49096443490883,25.89353556509115
20190516,ITUB3,ITAUUNIBANCO,27.7,27.75,27.22,27.44,6377249.0,28.669,29.08574999999999,0.6497440791734711,0.7654657958493783,30.616681591698747,27.554818408301234,31.382147387548127,26.789352612451854,32.1476131833975,26.023886816602477
20190517,ITUB3,ITAUUNIBANCO,27.44,27.82,27.2,27.4,14112583.0,28.6175,28.989749999999994,0.7079018293520143,0.7282556873473641,30.44626137469472,27.533238625305266,31.174517062042085,26.804982937957902,31.90277274938945,26.07672725061054
20190520,ITUB3,ITAUUNIBANCO,27.65,28.09,27.42,28.04,5779408.0,28.5785,28.925999999999995,0.7175783470886328,0.6954533662405542,30.316906732481105,27.535093267518885,31.012360098721658,26.839639901278332,31.70781346496221,26.14418653503778
20190521,ITUB3,ITAUUNIBANCO,27.95,29.09,27.95,29.02,11751624.0,28.598499999999994,28.905249999999995,0.7243383550741376,0.6793737217806463,30.263997443561287,27.546502556438703,30.943371165341933,26.867128834658057,31.62274488712258,26.18775511287741
20190522,ITUB3,ITAUUNIBANCO,29.26,29.27,28.69,29.17,7107692.0,28.599499999999995,28.893249999999995,0.7251531598656152,0.6700569723193537,30.233363944638704,27.553136055361286,30.903420916958055,26.883079083041935,31.57347788927741,26.21302211072258
20190523,ITUB3,ITAUUNIBANCO,29.12,29.12,28.66,28.92,4453304.0,28.587999999999994,28.876749999999998,0.7177494064966158,0.660774167170549,30.198298334341096,27.5552016656589,30.859072501511644,26.89442749848835,31.519846668682195,26.2336533313178
20190524,ITUB3,ITAUUNIBANCO,29.26,29.27,28.52,28.7,8071188.0,28.556499999999993,28.87425,0.6969956203139086,0.6612609845919555,30.19677196918391,27.55172803081609,30.858032953775865,26.890467046224135,31.519293938367824,26.229206061632176
20190527,ITUB3,ITAUUNIBANCO,28.82,28.95,28.51,28.51,7136051.0,28.516499999999997,28.846750000000004,0.6740550891120267,0.6526961341923784,30.15214226838476,27.541357731615246,30.80483840257714,26.888661597422868,31.45753453676952,26.23596546323049
20190528,ITUB3,ITAUUNIBANCO,28.58,29.39,28.57,29.26,8618850.0,28.511999999999993,28.832000000000004,0.6684750910605036,0.635893072772405,30.103786145544813,27.560213854455196,30.73967921831722,26.924320781682788,31.375572291089625,26.288427708910383
20190529,ITUB3,ITAUUNIBANCO,29.28,30.04,29.26,29.79,12353369.0,28.533999999999992,28.835500000000003,0.7038121759015654,0.6408766031871906,30.117253206374386,27.55374679362562,30.758129809561574,26.912870190438433,31.399006412748765,26.27199358725124
20190530,ITUB3,ITAUUNIBANCO,30.0,30.4,29.86,30.15,8668739.0,28.56849999999999,28.85425,0.7657763518499114,0.6682042045470015,30.190658409094002,27.517841590906,30.858862613641005,26.849637386358996,31.527066818188008,26.181433181811993
20190531,ITUB3,ITAUUNIBANCO,30.24,30.44,29.96,30.11,7984022.0,28.60949999999999,28.88175,0.826020740149921,0.6968018056880945,30.27535361137619,27.48814638862381,30.972155417064283,26.791344582935718,31.66895722275238,26.09454277724762
20190603,ITUB3,ITAUUNIBANCO,30.11,30.4,29.95,30.24,15548765.0,28.687499999999993,28.9015,0.9030875401992253,0.7239866481272977,30.349473296254594,27.453526703745403,31.07345994438189,26.729540055618106,31.79744659250919,26.005553407490808
20190604,ITUB3,ITAUUNIBANCO,30.0,30.33,30.0,30.17,8456335.0,28.77049999999999,28.9095,0.9603808181077985,0.7363978509418182,30.38229570188364,27.436704298116364,31.118693552825455,26.700306447174547,31.855091403767275,25.963908596232727
20190605,ITUB3,ITAUUNIBANCO,30.17,30.27,29.59,29.71,5125822.0,28.819499999999994,28.909750000000003,0.9829412093571841,0.7366747447056353,30.383099489411272,27.436400510588733,31.11977423411691,26.699725765883095,31.856448978822545,25.96305102117746
20190606,ITUB3,ITAUUNIBANCO,29.99,30.0,29.64,30.0,4330930.0,28.894499999999994,28.920750000000005,1.0140148187435487,0.7498012984647473,30.4203525969295,27.42114740307051,31.170153895394247,26.671346104605764,31.919955193858996,25.921544806141014
20190607,ITUB3,ITAUUNIBANCO,29.85,30.32,29.83,30.19,5511148.0,28.993999999999993,28.942500000000006,1.03959202524226,0.7739103174703862,30.49032063494078,27.394679365059233,31.264230952411165,26.620769047588848,32.03814126988155,25.846858730118463
20190610,ITUB3,ITAUUNIBANCO,30.17,30.17,29.46,29.65,7312193.0,29.08899999999999,28.96025000000001,1.0062065289727082,0.7819518232257591,30.524153646451527,27.39634635354849,31.306105469677288,26.61439453032273,32.088057292903045,25.832442707096973
20190611,ITUB3,ITAUUNIBANCO,29.85,30.0,29.52,29.97,3434909.0,29.205499999999994,28.993500000000004,0.9635923739620579,0.7961334445546157,30.585766889109237,27.40123311089077,31.38190033366385,26.60509966633616,32.17803377821847,25.808966221781542
20190612,ITUB3,ITAUUNIBANCO,29.97,30.13,29.61,29.86,4785262.0,29.314999999999998,29.020500000000006,0.9024090565054752,0.8069472387670602,30.634394477534126,27.406605522465885,31.441341716301185,26.599658283698826,32.24828895506825,25.792711044931764
20190613,ITUB3,ITAUUNIBANCO,29.73,29.89,29.13,29.48,7750185.0,29.416999999999994,29.043000000000006,0.787267760241544,0.8068971910491537,30.656794382098315,27.429205617901697,31.463691573147468,26.622308426852545,32.270588764196624,25.815411235803392
20190614,ITUB3,ITAUUNIBANCO,29.15,29.32,28.98,29.27,4656964.0,29.510499999999997,29.064000000000004,0.6305592755641222,0.8014467687107243,30.66689353742145,27.461106462578556,31.468340306132177,26.65965969386783,32.2697870748429,25.858212925157105
20190617,ITUB3,ITAUUNIBANCO,29.01,29.59,29.01,29.42,5281793.0,29.579499999999996,29.079000000000008,0.5284084843336097,0.8023772371953042,30.683754474390618,27.474245525609398,31.48613171158592,26.671868288414096,32.28850894878123,25.86949105121879
20190618,ITUB3,ITAUUNIBANCO,29.42,29.85,29.42,29.85,7283514.0,29.621,29.10975000000001,0.5145657341261624,0.8078857735329066,30.72552154706582,27.493978452934197,31.533407320598727,26.68609267940129,32.341293094131636,25.87820690586838
20190619,ITUB3,ITAUUNIBANCO,29.68,30.42,29.68,30.31,9739149.0,29.677999999999997,29.138750000000005,0.5250122805580819,0.829887812930894,30.798525625861792,27.478974374138218,31.628413438792688,26.649086561207323,32.45830125172358,25.819198748276428
20190621,ITUB3,ITAUUNIBANCO,30.45,30.98,30.42,30.98,32617952.0,29.781,29.184500000000003,0.5687280360131086,0.8794839687464422,30.943467937492887,27.42553206250712,31.82295190623933,26.546048093760678,32.702435874985774,25.666564125014233
20190624,ITUB3,ITAUUNIBANCO,30.98,31.2,30.56,30.94,17830650.0,29.893,29.224750000000007,0.5651930271108269,0.9221212654554012,31.06899253091081,27.380507469089206,31.99111379636621,26.458386203633804,32.91323506182161,25.5362649381784
20190625,ITUB3,ITAUUNIBANCO,30.95,30.95,30.46,30.6,38238158.0,29.997500000000002,29.257000000000005,0.48330958804342394,0.9473910193735673,31.15178203874714,27.36221796125287,32.099173058120705,26.414826941879305,33.046564077494274,25.467435922505736
20190626,ITUB3,ITAUUNIBANCO,30.89,31.2,30.67,31.2,10774805.0,30.094500000000004,29.30325000000001,0.5207330359568242,0.9959594974258564,31.29516899485172,27.311331005148297,32.29112849227758,26.31537150772244,33.28708798970344,25.319412010296585
20190627,ITUB3,ITAUUNIBANCO,30.57,31.18,30.57,31.0,10699230.0,30.15500000000001,29.34450000000001,0.5527967171811776,1.0314812600059853,31.407462520011983,27.28153747998804,32.438943780017965,26.250056219982056,33.470425040023954,25.21857495997607
20190628,ITUB3,ITAUUNIBANCO,31.0,31.26,30.92,31.13,14033255.0,30.204000000000008,29.38625000000001,0.5942124376454969,1.0693772151140466,31.525004430228105,27.247495569771917,32.59438164534215,26.178118354657872,33.6637588604562,25.108741139543824
20190701,ITUB3,ITAUUNIBANCO,31.42,31.42,30.9,31.11,8747365.0,30.25400000000001,29.43175000000001,0.6270515801834005,1.1033559239301436,31.6384618478603,27.225038152139724,32.741817771790444,26.12168222820958,33.84517369572059,25.018326304279437
20190702,ITUB3,ITAUUNIBANCO,31.12,31.2,30.66,30.8,9569470.0,30.282000000000004,29.48475000000001,0.6387866788315215,1.1171506509522444,31.719051301904496,27.25044869809552,32.83620195285674,26.133298047143278,33.95335260380899,25.01614739619103
20190703,ITUB3,ITAUUNIBANCO,30.79,31.28,30.5,31.22,9027474.0,30.33450000000001,29.55250000000001,0.6714122978350825,1.1384914670355537,31.829482934071116,27.275517065928902,32.96797440110667,26.13702559889335,34.10646586814222,24.998534131857795
20190704,ITUB3,ITAUUNIBANCO,31.29,31.86,31.29,31.53,18460773.0,30.425500000000007,29.62250000000001,0.7048215526305999,1.1722031634534194,31.966906326906848,27.27809367309317,33.13910949036027,26.10589050963975,34.31131265381369,24.933687346186332
20190705,ITUB3,ITAUUNIBANCO,31.62,31.86,31.31,31.8,11526780.0,30.515500000000003,29.705000000000005,0.7603633134370917,1.2067927402618337,32.11858548052367,27.291414519476337,33.32537822078551,26.084621779214505,34.53217096104734,24.87782903895267
20190708,ITUB3,ITAUUNIBANCO,31.79,31.86,31.59,31.86,8058023.0,30.599,29.7965,0.812636385314382,1.2283166508973746,32.25313330179475,27.339866698205253,33.481449952692124,26.11155004730788,34.7097666035895,24.883233396410503
20190710,ITUB3,ITAUUNIBANCO,31.9,32.09,31.57,31.57,23204394.0,30.695000000000004,29.892000000000003,0.808022276920621,1.2135352043956706,32.31907040879135,27.464929591208662,33.532605613187016,26.25139438681299,34.746140817582685,25.03785918241732
20190711,ITUB3,ITAUUNIBANCO,31.72,31.84,31.22,31.55,10840429.0,30.774,29.989749999999997,0.8106423703653581,1.184616106809616,32.35898221361923,27.620517786380766,33.54359832042884,26.43590167957115,34.72821442723846,25.25128557276153
20190712,ITUB3,ITAUUNIBANCO,31.77,31.84,31.05,31.38,7919509.0,30.85,30.0825,0.7914676573502976,1.142834420561642,32.368168841123286,27.796831158876714,33.51100326168493,26.653996738315072,34.65383768224657,25.51116231775343
20190715,ITUB3,ITAUUNIBANCO,31.38,31.41,30.84,31.05,7577634.0,30.928499999999996,30.172749999999997,0.723364034436176,1.068958245568639,32.310666491137276,28.034833508862718,33.379624736705914,26.96587526329408,34.44858298227455,25.896917017725443
20190716,ITUB3,ITAUUNIBANCO,31.05,31.24,30.88,31.16,9826240.0,31.022999999999996,30.266749999999995,0.6098412217860214,0.9805450799662941,32.22784015993258,28.305659840067406,33.208385239898874,27.325114760101112,34.18893031986517,26.344569680134818
20190717,ITUB3,ITAUUNIBANCO,31.31,31.46,31.0,31.0,28594897.0,31.101999999999997,30.340749999999996,0.479710438976633,0.917877673264186,32.176505346528366,28.504994653471623,33.09438301979255,27.587116980207437,34.01226069305674,26.669239306943254
20190718,ITUB3,ITAUUNIBANCO,31.0,31.73,31.0,31.73,11142887.0,31.195999999999998,30.408499999999997,0.39884570291886035,0.9179060618938578,32.244312123787715,28.57268787621228,33.16221818568157,27.654781814318422,34.08012424757543,26.736875752424567
20190719,ITUB3,ITAUUNIBANCO,31.74,31.76,31.09,31.11,17987220.0,31.236,30.456999999999994,0.34127315807290026,0.901901694569103,32.2608033891382,28.653196610861787,33.1627050837073,27.751294916292686,34.064606778276406,26.84939322172358
20190722,ITUB3,ITAUUNIBANCO,31.12,31.65,31.12,31.55,7217132.0,31.264499999999998,30.52274999999999,0.3425673195461752,0.8826387811266118,32.28802756225321,28.757472437746767,33.17066634337983,27.874833656620154,34.05330512450644,26.992194875493546
20190723,ITUB3,ITAUUNIBANCO,31.55,31.76,31.3,31.57,13663174.0,31.296,30.59449999999999,0.3401145317931028,0.8465827234784921,32.28766544695697,28.901334553043004,33.13424817043546,28.054751829564513,33.98083089391396,27.20816910608602
20190724,ITUB3,ITAUUNIBANCO,31.56,31.9,31.43,31.68,11152464.0,31.349999999999994,30.67374999999999,0.30801572071978073,0.7931329875231449,32.26001597504628,29.087484024953703,33.05314896256942,28.294351037430555,33.84628195009257,27.50121804990741
20190725,ITUB3,ITAUUNIBANCO,31.67,31.83,30.5,30.74,15632105.0,31.32699999999999,30.71074999999999,0.33573329013558195,0.7592890990244684,32.229328198048925,29.192171801951055,32.9886172970734,28.432882702926584,33.74790639609786,27.673593603902116
20190726,ITUB3,ITAUUNIBANCO,30.8,31.3,30.53,31.1,16846888.0,31.331999999999994,30.74349999999999,0.3313227080085291,0.746704039815559,32.23690807963111,29.250091920368874,32.98361211944667,28.503387880553312,33.73031615926222,27.756683840737754
20190729,ITUB3,ITAUUNIBANCO,31.24,31.38,30.89,31.12,9712367.0,31.331499999999995,30.767749999999985,0.33165097379783515,0.7426753008980812,32.25310060179615,29.28239939820382,32.99577590269423,28.539724097305744,33.73845120359231,27.797048796407662
20190730,ITUB3,ITAUUNIBANCO,31.28,31.28,30.18,30.37,14905364.0,31.294499999999992,30.774249999999984,0.3932251932818881,0.7378933544653017,32.25003670893059,29.298463291069382,32.987930063395886,28.56056993660408,33.72582341786119,27.822676582138776
20190731,ITUB3,ITAUUNIBANCO,30.51,30.51,29.77,29.9,24379271.0,31.249499999999994,30.765749999999986,0.49190793961129586,0.7461177727203552,32.2579855454407,29.273514454559276,33.00410331816105,28.527396681838923,33.75022109088141,27.781278909118566
20190801,ITUB3,ITAUUNIBANCO,30.11,30.9,29.95,29.99,16837038.0,31.187999999999995,30.761249999999983,0.5669549318392431,0.7503339000327884,32.26191780006556,29.260582199934404,33.012251700098346,28.51024829990162,33.76258560013114,27.75991439986883
20190802,ITUB3,ITAUUNIBANCO,30.24,30.24,29.72,29.96,17711850.0,31.109499999999997,30.767499999999984,0.6230272022446854,0.7423515996048304,32.252203199209646,29.282796800790322,32.99455479881448,28.54044520118549,33.73690639841931,27.79809360158066
20190805,ITUB3,ITAUUNIBANCO,29.96,29.96,29.48,29.67,20719640.0,31.002999999999997,30.759249999999987,0.6783734416350523,0.7528591229269336,32.26496824585386,29.25353175414612,33.017827368780786,28.500672631219185,33.77068649170772,27.747813508292253
20190806,ITUB3,ITAUUNIBANCO,30.0,30.6,29.96,30.6,6416764.0,30.939999999999998,30.769499999999983,0.6526141763384323,0.7476834308853351,32.264866861770656,29.274133138229313,33.01255029265599,28.52644970734398,33.760233723541326,27.778766276458644
20190807,ITUB3,ITAUUNIBANCO,30.56,31.8,30.11,31.8,23271222.0,30.951499999999992,30.82324999999998,0.6661853306226714,0.7424021562053914,32.30805431241076,29.338445687589196,33.050456468616154,28.596043531383806,33.79285862482155,27.853641375178416
20190808,ITUB3,ITAUUNIBANCO,31.82,32.24,31.71,31.81,14463555.0,30.964499999999994,30.869249999999976,0.6808545327284221,0.7451772719740045,32.35960454394799,29.378895456051968,33.10478181592199,28.633718184077964,33.849959087895996,27.88854091210396
20190809,ITUB3,ITAUUNIBANCO,31.97,31.97,31.24,31.81,11350926.0,30.98599999999999,30.917999999999978,0.7011524348115046,0.7412332066675233,32.400466413335025,29.43553358666493,33.14169962000255,28.694300379997408,33.88293282667007,27.953067173329885
20190812,ITUB3,ITAUUNIBANCO,31.52,31.53,30.53,30.66,16900483.0,30.96649999999999,30.94749999999998,0.7046931022942174,0.705137738863255,32.35777547772649,29.53722452227347,33.06291321658975,28.832086783410215,33.768050955453,28.12694904454696
20190813,ITUB3,ITAUUNIBANCO,30.79,31.1,30.56,30.95,14308587.0,30.955999999999996,30.989499999999982,0.7032211600911877,0.6505813967876021,32.29066279357519,29.688337206424777,32.94124419036279,29.037755809637176,33.59182558715039,28.387174412849575
20190814,ITUB3,ITAUUNIBANCO,30.95,30.95,30.4,30.4,13096901.0,30.925999999999995,31.01399999999998,0.713961520413793,0.606950342242816,32.22790068448561,29.80009931551435,32.83485102672843,29.193148973271533,33.44180136897125,28.58619863102872
20190815,ITUB3,ITAUUNIBANCO,30.9,30.9,30.16,30.19,10769765.0,30.848999999999997,31.022499999999987,0.7056829465508057,0.5924384637523857,32.20737692750476,29.837623072495216,32.79981539125714,29.24518460874283,33.39225385500953,28.652746144990445
20190816,ITUB3,ITAUUNIBANCO,29.8,30.08,29.42,29.52,18190744.0,30.769499999999994,31.002749999999985,0.7620434785219865,0.6288491217682278,32.26044824353644,29.74505175646353,32.88929736530467,29.116202634695302,33.5181464870729,28.487353512927072
20190819,ITUB3,ITAUUNIBANCO,29.8,29.93,29.21,29.4,6922535.0,30.661999999999995,30.963249999999988,0.7969917122992423,0.6780151556432975,32.31928031128658,29.607219688713393,32.99729546692988,28.929204533070095,33.67531062257318,28.251189377426797
20190820,ITUB3,ITAUUNIBANCO,29.66,29.66,28.81,29.16,4176759.0,30.541499999999992,30.91874999999999,0.8338198404426355,0.7355520776765659,32.38985415535312,29.447645844646857,33.125406233029686,28.71209376697029,33.86095831070625,27.976541689293725
20190821,ITUB3,ITAUUNIBANCO,29.22,29.59,29.1,29.55,7029292.0,30.43499999999999,30.89249999999999,0.8166007850261074,0.7653514359513375,32.42320287190267,29.361797128097315,33.188554307854005,28.596445692145977,33.95390574380534,27.831094256194643
20190822,ITUB3,ITAUUNIBANCO,29.55,29.55,29.0,29.14,6979643.0,30.35499999999999,30.84099999999999,0.8622461487606793,0.8120149044987774,32.46502980899754,29.216970191002435,33.27704471349632,28.404955286503657,34.0890596179951,27.59294038200488
20190823,ITUB3,ITAUUNIBANCO,29.1,29.3,28.6,28.88,14637002.0,30.24399999999999,30.787999999999993,0.9032129783226746,0.8685862371014204,32.52517247420283,29.050827525797153,33.39375871130425,28.18224128869573,34.262344948405676,27.31365505159431
20190826,ITUB3,ITAUUNIBANCO,29.49,29.49,28.45,28.76,9431495.0,30.125999999999987,30.72874999999999,0.9362995472097866,0.9237415209006524,32.576233041801295,28.881266958198687,33.49997456270195,27.957525437298035,34.4237160836026,27.033783916397383
20190827,ITUB3,ITAUUNIBANCO,28.98,29.32,28.77,29.01,6762751.0,30.057999999999986,30.676249999999992,0.9665434888247199,0.9604637968857326,32.597177593771455,28.755322406228526,33.55764139065719,27.794858609342796,34.51810518754292,26.834394812457063
20190828,ITUB3,ITAUUNIBANCO,29.22,29.37,28.81,29.24,10528663.0,30.024999999999988,30.637249999999995,0.9833428486009975,0.9866259195501392,32.61050183910027,28.663998160899716,33.597127758650416,27.677372241349577,34.58375367820055,26.690746321799438
20190829,ITUB3,ITAUUNIBANCO,29.3,29.64,28.98,29.47,5023007.0,29.998999999999988,30.593499999999995,0.9911604044595449,0.9988468992819075,32.59119379856381,28.59580620143618,33.590040697845716,27.59695930215427,34.58888759712762,26.598112402872367
20190830,ITUB3,ITAUUNIBANCO,29.49,29.9,29.33,29.9,13636276.0,29.995999999999988,30.552749999999996,0.9913754400618779,0.9928926595223103,32.53853531904462,28.566964680955376,33.531427978566924,27.574072021433064,34.524320638089236,26.581179361910756
20190902,ITUB3,ITAUUNIBANCO,29.77,29.8,29.26,29.32,10840268.0,29.97849999999999,30.49075,1.0004802794026835,0.990439911326614,32.47162982265323,28.50987017734677,33.46206973397984,27.519430266020155,34.452509645306456,26.52899035469354
20190903,ITUB3,ITAUUNIBANCO,29.35,29.48,28.65,28.89,11950103.0,29.89299999999999,30.416500000000003,1.0174948596792375,0.9964669639563384,32.40943392791268,28.423566072087326,33.40590089186902,27.42709910813099,34.402367855825354,26.43063214417465
20190904,ITUB3,ITAUUNIBANCO,28.92,29.1,28.73,28.88,51488109.0,29.746999999999993,30.349250000000005,0.9356624447557468,1.007335626344326,32.363921252688655,28.334578747311355,33.371256879032984,27.327243120967026,34.37859250537731,26.3199074946227
20190905,ITUB3,ITAUUNIBANCO,29.01,30.1,28.97,29.8,12894343.0,29.646499999999993,30.305500000000006,0.8006134161411784,0.9917297760569156,32.28895955211384,28.322040447886174,33.28068932817075,27.33031067182926,34.272419104227666,26.338580895772342
20190906,ITUB3,ITAUUNIBANCO,29.95,30.68,29.95,30.68,11349364.0,29.589999999999993,30.288000000000004,0.6689426063021406,0.9783691296469371,32.244738259293875,28.33126174070613,33.22310738894082,27.352892611059193,34.201476518587754,26.374523481412254
20190909,ITUB3,ITAUUNIBANCO,30.8,31.58,30.8,31.19,21227768.0,29.616499999999995,30.291500000000006,0.7219584111071817,0.9814106801318572,32.254321360263724,28.328678639736292,33.235732040395575,27.347267959604434,34.217142720527434,26.36585727947258
20190910,ITUB3,ITAUUNIBANCO,31.1,31.39,30.55,30.89,10031464.0,29.613499999999995,30.28475000000001,0.7162275072246587,0.9761987699549153,32.23714753990984,28.332352460090178,33.213346309864754,27.356153690135265,34.18954507981967,26.37995492018035
20190911,ITUB3,ITAUUNIBANCO,30.94,31.14,30.55,30.8,7616725.0,29.63349999999999,30.279750000000007,0.7443773448855985,0.9729481697529383,32.225646339505886,28.333853660494132,33.198594509258825,27.360905490741192,34.17154267901176,26.387957320988253
20190912,ITUB3,ITAUUNIBANCO,30.83,31.04,30.68,30.73,4994065.0,29.660499999999992,30.25475000000001,0.7747969173647254,0.9472361617642127,32.149222323528434,28.360277676471583,33.096458485292644,27.41304151470737,34.04369464705686,26.465805352943157
20190913,ITUB3,ITAUUNIBANCO,30.76,31.45,30.76,31.0,24409759.0,29.73449999999999,30.25200000000001,0.8294225956080835,0.9448462091654442,32.1416924183309,28.36230758166912,33.08653862749634,27.417461372503677,34.031384836661786,26.472615163338233
20190916,ITUB3,ITAUUNIBANCO,31.0,31.0,30.3,30.31,8070303.0,29.77999999999999,30.22100000000001,0.8350480603880727,0.921213803519478,32.06342760703897,28.378572392961054,32.984641410558446,27.457358589441576,33.905855214077924,26.536144785922097
20190917,ITUB3,ITAUUNIBANCO,30.3,30.81,30.27,30.63,7895800.0,29.85349999999999,30.197500000000012,0.8422668348288561,0.897605789779737,31.992711579559487,28.402288420440538,32.89031736933922,27.504682630660803,33.78792315911896,26.607076840881064
20190918,ITUB3,ITAUUNIBANCO,30.63,30.94,30.38,30.74,6056050.0,29.912999999999993,30.174000000000014,0.8615109126595946,0.8696677821340763,31.913335564268166,28.43466443573186,32.78300334640224,27.564996653597785,33.65267112853632,26.69532887146371
20190919,ITUB3,ITAUUNIBANCO,30.79,31.09,29.8,29.8,354170262.0,29.94599999999999,30.15050000000001,0.8427798613735563,0.8666763806161449,31.8838527612323,28.417147238767722,32.750529141848446,27.550470858151577,33.617205522464594,26.683794477535432
20190920,ITUB3,ITAUUNIBANCO,29.92,30.3,29.92,30.14,15446200.0,30.008999999999993,30.126500000000014,0.8051537937431184,0.8528911614815139,31.832282322963042,28.420717677036986,32.685173484444555,27.567826515555474,33.53806464592607,26.71493535407396
20190923,ITUB3,ITAUUNIBANCO,30.19,30.19,29.72,30.05,17576678.0,30.07349999999999,30.099750000000018,0.7495842707443625,0.8375742982733879,31.774898596546794,28.42460140345324,32.61247289482018,27.587027105179853,33.45004719309357,26.749452806906465
20190924,ITUB3,ITAUUNIBANCO,30.03,30.1,29.63,29.74,10969680.0,30.109999999999992,30.08400000000002,0.7118988692223003,0.8382851849352967,31.760570369870614,28.40742963012943,32.59885555480591,27.56914444519413,33.43714073974121,26.730859260258836
20190925,ITUB3,ITAUUNIBANCO,29.72,30.01,29.59,29.89,8004857.0,30.14249999999999,30.08375000000002,0.6843965840143534,0.8383429550347301,31.76043591006948,28.40706408993056,32.59877886510421,27.56872113489583,33.43712182013894,26.7303781798611
20190926,ITUB3,ITAUUNIBANCO,29.9,30.58,29.87,30.55,17187564.0,30.196499999999986,30.09775000000002,0.6710186678711476,0.8414075127808497,31.780565025561717,28.41493497443832,32.62197253834257,27.57352746165747,33.463380051123416,26.73211994887662
20190927,ITUB3,ITAUUNIBANCO,30.6,30.6,30.13,30.53,12721603.0,30.227999999999987,30.112000000000016,0.6711545433449906,0.8438379963609822,31.79967599272198,28.424324007278052,32.64351398908296,27.58048601091707,33.487351985443944,26.73664801455609
20190930,ITUB3,ITAUUNIBANCO,30.53,30.62,30.12,30.12,7649929.0,30.267999999999983,30.123250000000013,0.6371697286892136,0.8407883586863683,31.804826717372748,28.441673282627278,32.645615076059116,27.60088492394091,33.48640343474548,26.76009656525454
20191001,ITUB3,ITAUUNIBANCO,30.17,30.32,29.61,29.63,27526824.0,30.304999999999986,30.099000000000018,0.5709871415272553,0.8406737224942034,31.780347444988426,28.41765255501161,32.62102116748263,27.57697883251741,33.46169488997683,26.736305110023203
20191002,ITUB3,ITAUUNIBANCO,29.5,29.5,28.76,28.96,14003342.0,30.308999999999987,30.02800000000002,0.5606659574019681,0.812795744991863,31.653591489983746,28.402408510016294,32.466387234975606,27.58961276502443,33.27918297996747,26.776817020032567
20191003,ITUB3,ITAUUNIBANCO,28.96,29.07,28.61,28.79,15709589.0,30.258499999999987,29.952500000000022,0.6476619894911004,0.7827294453483531,31.51795889069673,28.387041109303315,32.300688336045084,27.604311663954963,33.083417781393436,26.821582218606608
20191004,ITUB3,ITAUUNIBANCO,28.85,29.04,28.51,29.04,15396482.0,30.176499999999987,29.88325000000002,0.6936727197355056,0.7352738457235404,31.353797691447102,28.41270230855294,32.08907153717064,27.6774284628294,32.82434538289418,26.94215461710586
20191007,ITUB3,ITAUUNIBANCO,29.05,29.1,28.28,28.28,13579833.0,30.030999999999985,29.823750000000018,0.7708020429874798,0.7664426233396415,31.3566352466793,28.290864753320736,32.123077870018946,27.524422129981094,32.88952049335858,26.75797950664145
20191008,ITUB3,ITAUUNIBANCO,28.3,28.55,28.04,28.08,16354987.0,29.890499999999985,29.752000000000017,0.8572383750036707,0.7922095035000879,31.336419007000192,28.16758099299984,32.12862851050028,27.375371489499752,32.92083801400037,26.583161985999666
