DATA DO PREGAO,CODIGO DE NEGOCIACAO DO PAPEL,NOME RESUMIDO DA EMPRESA EMISSORA,PRECO DE ABERTURA,PRECO MAXIMO,PRECO MINIMO,PRECO FECHAMENTO,VOLUME TOTAL DE TITULOS NEGOCIADOS NESTE PAPEL,MA_20,MA_40,STD_20,STD_40,BANDA_1_40 SUPERIOR,BANDA_1_40 INFERIOR,BANDA_2_40 SUPERIOR,BANDA_2_40 INFERIOR,BANDA_3_40 SUPERIOR,BANDA_3_40 INFERIOR
20190102,JBSS3,JBS,11.58,12.04,11.38,12.04,79447516.0,0.0,0.0,0.0,0.0,0.0,0.0,0.0,0.0,0.0,0.0
20190103,JBSS3,JBS,11.85,12.23,11.84,12.23,71469129.0,0.0,0.0,0.0,0.0,0.0,0.0,0.0,0.0,0.0,0.0
20190104,JBSS3,JBS,12.07,12.89,11.99,12.55,95035734.0,0.0,0.0,0.0,0.0,0.0,0.0,0.0,0.0,0.0,0.0
20190107,JBSS3,JBS,12.57,12.67,12.02,12.11,79883697.0,0.0,0.0,0.0,0.0,0.0,0.0,0.0,0.0,0.0,0.0
20190108,JBSS3,JBS,12.2,12.35,12.04,12.3,88525027.0,0.0,0.0,0.0,0.0,0.0,0.0,0.0,0.0,0.0,0.0
20190109,JBSS3,JBS,12.22,12.55,12.12,12.2,76329759.0,0.0,0.0,0.0,0.0,0.0,0.0,0.0,0.0,0.0,0.0
20190110,JBSS3,JBS,12.27,12.32,11.93,12.16,72514832.0,0.0,0.0,0.0,0.0,0.0,0.0,0.0,0.0,0.0,0.0
20190111,JBSS3,JBS,12.25,12.51,12.23,12.48,60321393.0,0.0,0.0,0.0,0.0,0.0,0.0,0.0,0.0,0.0,0.0
20190114,JBSS3,JBS,12.58,12.71,12.5,12.69,51736161.0,0.0,0.0,0.0,0.0,0.0,0.0,0.0,0.0,0.0,0.0
20190115,JBSS3,JBS,12.62,12.78,12.48,12.62,55606480.0,0.0,0.0,0.0,0.0,0.0,0.0,0.0,0.0,0.0,0.0
20190116,JBSS3,JBS,12.66,13.15,12.58,13.15,72971930.0,0.0,0.0,0.0,0.0,0.0,0.0,0.0,0.0,0.0,0.0
20190117,JBSS3,JBS,13.12,13.5,12.84,13.4,77350636.0,0.0,0.0,0.0,0.0,0.0,0.0,0.0,0.0,0.0,0.0
20190118,JBSS3,JBS,13.36,13.81,13.26,13.53,85462439.0,0.0,0.0,0.0,0.0,0.0,0.0,0.0,0.0,0.0,0.0
20190121,JBSS3,JBS,13.42,13.72,13.2,13.7,64704971.0,0.0,0.0,0.0,0.0,0.0,0.0,0.0,0.0,0.0,0.0
20190122,JBSS3,JBS,13.92,14.13,13.37,13.6,93408687.0,0.0,0.0,0.0,0.0,0.0,0.0,0.0,0.0,0.0,0.0
20190123,JBSS3,JBS,13.69,14.1,13.63,14.08,58874574.0,0.0,0.0,0.0,0.0,0.0,0.0,0.0,0.0,0.0,0.0
20190124,JBSS3,JBS,14.12,14.47,13.97,14.47,78927654.0,0.0,0.0,0.0,0.0,0.0,0.0,0.0,0.0,0.0,0.0
20190128,JBSS3,JBS,14.18,14.8,14.08,14.8,73945154.0,0.0,0.0,0.0,0.0,0.0,0.0,0.0,0.0,0.0,0.0
20190129,JBSS3,JBS,14.81,14.88,14.58,14.7,71286811.0,0.0,0.0,0.0,0.0,0.0,0.0,0.0,0.0,0.0,0.0
20190130,JBSS3,JBS,14.73,15.65,14.68,15.3,135903093.0,13.2055,0.0,1.0278156449480633,0.0,0.0,0.0,0.0,0.0,0.0,0.0
20190131,JBSS3,JBS,15.31,15.78,15.09,15.09,164000422.0,13.357999999999999,0.0,1.071141054154279,0.0,0.0,0.0,0.0,0.0,0.0,0.0
20190201,JBSS3,JBS,15.06,15.42,14.85,14.87,117565930.0,13.489999999999998,0.0,1.0873628165138098,0.0,0.0,0.0,0.0,0.0,0.0,0.0
20190204,JBSS3,JBS,14.87,15.09,14.62,15.02,81594991.0,13.613499999999997,0.0,1.1149003967784954,0.0,0.0,0.0,0.0,0.0,0.0,0.0
20190205,JBSS3,JBS,15.11,15.23,14.9,14.98,90958982.0,13.756999999999996,0.0,1.0957338324515462,0.0,0.0,0.0,0.0,0.0,0.0,0.0
20190206,JBSS3,JBS,14.8,14.92,14.03,14.03,125935401.0,13.843499999999995,0.0,1.0416094580781712,0.0,0.0,0.0,0.0,0.0,0.0,0.0
20190207,JBSS3,JBS,14.17,14.58,14.0,14.33,283065417.0,13.949999999999994,0.0,0.9712390350258286,0.0,0.0,0.0,0.0,0.0,0.0,0.0
20190208,JBSS3,JBS,14.22,14.42,13.95,14.25,121296256.0,14.054499999999994,0.0,0.8763048916660822,0.0,0.0,0.0,0.0,0.0,0.0,0.0
20190211,JBSS3,JBS,14.29,14.48,14.13,14.35,68931491.0,14.147999999999993,0.0,0.7955044741678471,0.0,0.0,0.0,0.0,0.0,0.0,0.0
20190212,JBSS3,JBS,14.47,14.69,14.46,14.55,72453329.0,14.240999999999994,0.0,0.7213503419209594,0.0,0.0,0.0,0.0,0.0,0.0,0.0
20190213,JBSS3,JBS,14.72,14.77,13.9,14.38,616083816.0,14.328999999999994,0.0,0.6123028146612729,0.0,0.0,0.0,0.0,0.0,0.0,0.0
20190214,JBSS3,JBS,14.47,14.55,14.19,14.5,77406544.0,14.396499999999994,0.0,0.5463493676933836,0.0,0.0,0.0,0.0,0.0,0.0,0.0
20190215,JBSS3,JBS,14.54,15.0,14.46,14.82,103108259.0,14.467499999999996,0.0,0.500366970595753,0.0,0.0,0.0,0.0,0.0,0.0,0.0
20190218,JBSS3,JBS,14.9,15.09,14.67,15.0,60571596.0,14.540999999999997,0.0,0.46189426905893416,0.0,0.0,0.0,0.0,0.0,0.0,0.0
20190219,JBSS3,JBS,14.97,14.97,14.55,14.79,100042133.0,14.595499999999998,0.0,0.41983047957355507,0.0,0.0,0.0,0.0,0.0,0.0,0.0
20190220,JBSS3,JBS,14.85,14.87,14.23,14.23,98988139.0,14.626999999999999,0.0,0.36067334689148944,0.0,0.0,0.0,0.0,0.0,0.0,0.0
20190221,JBSS3,JBS,14.38,14.52,13.77,13.92,136800711.0,14.619,0.0,0.374937187721965,0.0,0.0,0.0,0.0,0.0,0.0,0.0
20190222,JBSS3,JBS,14.07,14.21,13.8,14.21,67277155.0,14.605999999999998,0.0,0.38475419357519425,0.0,0.0,0.0,0.0,0.0,0.0,0.0
20190225,JBSS3,JBS,14.24,14.29,13.75,13.97,70652147.0,14.564499999999999,0.0,0.4068553991155669,0.0,0.0,0.0,0.0,0.0,0.0,0.0
20190226,JBSS3,JBS,14.0,14.03,13.68,13.7,53864535.0,14.514499999999998,0.0,0.44862919866494444,0.0,0.0,0.0,0.0,0.0,0.0,0.0
20190227,JBSS3,JBS,13.69,13.76,13.48,13.76,52527137.0,14.437499999999996,13.8215,0.43876471335355016,0.9988160940551535,15.819132188110308,11.823867811889693,16.81794828216546,10.82505171783454,17.816764376220615,9.826235623779386
20190228,JBSS3,JBS,13.76,13.87,13.43,13.43,76344474.0,14.354499999999998,13.85625,0.4650577213750338,0.958617293493404,15.773484586986807,11.939015413013191,16.73210188048021,10.980398119519787,17.690719173973616,10.021780826026383
20190301,JBSS3,JBS,13.47,14.13,13.44,14.12,102919089.0,14.316999999999998,13.9035,0.45133836064474475,0.9222952138759397,15.74809042775188,12.058909572248119,16.670385641627817,11.13661435837218,17.592680855503758,10.21431914449624
20190306,JBSS3,JBS,13.9,13.97,13.31,13.4,100859190.0,14.235999999999999,13.92475,0.46373086568556665,0.8998290079730412,15.724408015946082,12.125091984053917,16.62423702391912,11.225262976080876,17.524066031892165,10.325433968107834
20190307,JBSS3,JBS,13.41,13.54,12.86,13.07,116497714.0,14.140499999999998,13.94875,0.4978635936627095,0.8622010816092782,15.673152163218557,12.224347836781444,16.535353244827835,11.362146755172166,17.397554326437113,10.499945673562888
20190308,JBSS3,JBS,13.05,13.22,12.8,13.15,97342927.0,14.096499999999997,13.970000000000002,0.5448155168205393,0.8304123164938124,15.630824632987627,12.309175367012378,16.46123694948144,11.478763050518566,17.291649265975252,10.648350734024753
20190311,JBSS3,JBS,13.15,13.49,13.09,13.25,153387793.0,14.042499999999999,13.99625,0.5732352782327133,0.788567957171053,15.573385914342106,12.419114085657894,16.36195387151316,11.630546128486841,17.150521828684212,10.841978171315787
20190312,JBSS3,JBS,13.37,13.74,13.34,13.7,134970128.0,14.014999999999997,14.034750000000003,0.5759431624004223,0.7321972114193424,15.499144422838688,12.570355577161317,16.23134163425803,11.838158365741975,16.963538845677373,11.105961154322634
20190313,JBSS3,JBS,13.8,14.12,13.75,14.12,197242204.0,14.003499999999997,14.075750000000003,0.5711786060419365,0.6874549402483044,15.450659880496612,12.700840119503393,16.138114820744917,12.013385179255089,16.825569760993222,11.325930239006786
20190314,JBSS3,JBS,14.1,14.45,14.0,14.4,110644877.0,13.995999999999995,14.118500000000001,0.5645715655535519,0.6512888602511059,15.421077720502213,12.815922279497789,16.072366580753318,12.164633419246684,16.723655441004425,11.513344558995577
20190315,JBSS3,JBS,14.16,15.01,14.16,14.85,335215404.0,14.019499999999997,14.17425,0.5905793319854926,0.6141113550572583,15.402472710114518,12.946027289885484,16.016584065171777,12.331915934828226,16.630695420229035,11.717804579770966
20190318,JBSS3,JBS,14.99,15.55,14.85,15.55,158932521.0,14.071999999999997,14.23425,0.6760302079828041,0.6285469099030907,15.49134381980618,12.977156180193818,16.119890729709272,12.348609270290726,16.748437639612362,11.720062360387637
20190319,JBSS3,JBS,15.56,15.6,14.99,14.99,115344423.0,14.080499999999997,14.274000000000001,0.686911279033303,0.6247001331921281,15.523400266384257,13.024599733615744,16.148100399576386,12.399899600423616,16.772800532768514,11.775199467231488
20190320,JBSS3,JBS,14.98,15.29,14.7,14.98,124769107.0,14.0795,14.310250000000002,0.6855153651009466,0.6224866902088639,15.55522338041773,13.065276619582274,16.177710070626592,12.44278992937341,16.80019676083546,11.820303239164545
20190321,JBSS3,JBS,14.82,14.88,14.16,14.65,114133028.0,14.072499999999996,14.334,0.6785578748151808,0.6167025630577986,15.567405126115597,13.100594873884402,16.184107689173395,12.483892310826604,16.800810252231194,11.867189747768805
20190322,JBSS3,JBS,14.35,14.75,14.11,14.29,123355273.0,14.075499999999996,14.351249999999999,0.6794229362597349,0.6051877754794378,15.561625550958874,13.140874449041123,16.166813326438312,12.535686673561685,16.77200110191775,11.930498898082247
20190325,JBSS3,JBS,14.07,14.75,13.98,14.44,71935479.0,14.101499999999996,14.360249999999999,0.6830987830236791,0.6037255595732702,15.56770111914654,13.152798880853458,16.17142667871981,12.549073321280188,16.77515223829308,11.945347761706918
20190326,JBSS3,JBS,14.71,15.38,14.25,15.12,143232337.0,14.146999999999997,14.376499999999998,0.7200153507135584,0.6153904326648177,15.607280865329633,13.145719134670363,16.222671297994452,12.530328702005544,16.83806173065927,11.914938269340727
20190327,JBSS3,JBS,14.84,14.89,14.46,14.62,143935382.0,14.179499999999996,14.372,0.7262482901510882,0.6128671584007098,15.59773431680142,13.14626568319858,16.21060147520213,12.533398524797871,16.82346863360284,11.92053136639716
20190328,JBSS3,JBS,14.68,15.55,14.63,15.47,160780403.0,14.267999999999997,14.39125,0.7711959270475616,0.6351223887708225,15.661494777541645,13.121005222458354,16.296617166312465,12.485882833687532,16.93173955508329,11.850760444916709
20190329,JBSS3,JBS,15.6,16.21,15.25,15.92,206734746.0,14.376,14.406749999999999,0.8441089977011332,0.6647435885072872,15.736237177014573,13.077262822985425,16.40098076552186,12.412519234478138,17.065724354029147,11.747775645970851
20190401,JBSS3,JBS,16.11,16.3,15.66,16.23,106591313.0,14.516,14.43525,0.9086797826343629,0.7171595949406185,15.869569189881236,13.000930810118764,16.586728784821855,12.283771215178145,17.303888379762473,11.566611620237525
20190402,JBSS3,JBS,16.02,16.19,15.75,15.86,94189804.0,14.603,14.459999999999999,0.951077505281585,0.7489274382023371,15.957854876404673,12.962145123595326,16.70678231460701,12.213217685392987,17.455709752809348,11.46429024719065
20190403,JBSS3,JBS,15.91,15.98,15.4,15.6,131851922.0,14.713000000000003,14.4745,0.9316431437886679,0.7654794040003465,16.005458808000693,12.943541191999309,16.77093821200104,12.178061787998962,17.536417616001387,11.412582383998615
20190404,JBSS3,JBS,15.62,15.93,15.57,15.78,119415458.0,14.848500000000001,14.494499999999999,0.8754864813047541,0.7891116394320815,16.07272327886416,12.916276721135835,16.861834918296243,12.127165081703755,17.650946557728325,11.338053442271672
20190405,JBSS3,JBS,15.91,16.72,15.9,16.6,255151512.0,15.021000000000004,14.55875,0.8630051533663368,0.8524089168576726,16.263567833715346,12.853932166284654,17.11597675057302,12.001523249426981,17.96838566743069,11.14911433256931
20190408,JBSS3,JBS,16.53,17.25,16.43,17.25,194418651.0,15.221000000000004,14.63175,0.8939204014958712,0.9515813761232539,16.53491275224651,12.728587247753492,17.486494128369763,11.777005871630239,18.438075504493014,10.825424495506985
20190409,JBSS3,JBS,17.06,17.17,16.87,16.9,190538888.0,15.381000000000004,14.697999999999999,0.8937319744225763,1.0144903987868885,16.726980797573777,12.669019202426222,17.741471196360663,11.654528803639334,18.755961595147554,10.640038404852444
20190410,JBSS3,JBS,17.08,17.17,16.6,17.11,192766900.0,15.530500000000004,14.767,0.9213461261711258,1.0818388903230445,16.93067778064609,12.60332221935391,18.012516670969134,11.521483329030866,19.094355561292176,10.439644438707822
20190411,JBSS3,JBS,17.15,17.3,16.75,16.89,151552847.0,15.655000000000005,14.8255,0.9287484504485275,1.131912268957006,17.089324537914013,12.561675462085988,18.22123680687102,11.42976319312898,19.353149075828025,10.297850924171975
20190412,JBSS3,JBS,16.72,17.77,16.61,17.64,263516509.0,15.794500000000003,14.907,1.0076521695192528,1.2134401192794544,17.33388023855891,12.480119761441092,18.547320357838363,11.266679642161638,19.760760477117817,10.053239522882183
20190415,JBSS3,JBS,17.53,18.06,17.34,17.93,142734264.0,15.913500000000003,14.992749999999997,1.1123530062558071,1.3019098151049793,17.596569630209956,12.388930369790039,18.898479445314933,11.08702055468506,20.200389260419914,9.78511073958008
20190416,JBSS3,JBS,18.21,19.98,18.2,19.45,403783092.0,16.1365,15.108499999999998,1.3410258249407103,1.479822494552854,18.068144989105704,12.14885501089429,19.54796748365856,10.669032516341435,21.027789978211413,9.189210021788583
20190417,JBSS3,JBS,19.66,19.9,18.8,19.1,402527200.0,16.3425,15.210999999999999,1.4647574794771419,1.608512292421731,18.42802458484346,11.993975415156537,20.036536877265192,10.385463122734805,21.64504916968692,8.776950830313075
20190418,JBSS3,JBS,19.1,19.35,18.24,18.24,280517627.0,16.522000000000002,15.29725,1.4664012519017322,1.6764216890410353,18.65009337808207,11.94440662191793,20.326515067123104,10.267984932876894,22.00293675616414,8.591563243835859
20190422,JBSS3,JBS,18.2,19.37,18.11,18.99,225347247.0,16.757,15.41625,1.4664855948832296,1.7653076836485864,18.94686536729717,11.885634632702827,20.712173050945758,10.120326949054242,22.477480734594344,8.355019265405655
20190423,JBSS3,JBS,19.3,20.08,19.23,19.72,289130983.0,17.021,15.561250000000001,1.5022435852662854,1.874105855177417,19.309461710354835,11.813038289645167,21.18356756553225,9.93893243446775,23.05767342070967,8.064826579290333
20190424,JBSS3,JBS,19.77,19.98,18.97,19.02,253362450.0,17.216,15.6815,1.4956019735069603,1.9383928711891574,19.558285742378313,11.804714257621685,21.49667861356747,9.866321386432528,23.43507148475663,7.92792851524337
20190425,JBSS3,JBS,19.02,20.49,18.94,20.49,568651944.0,17.5095,15.8445,1.5348014615303864,2.0610365204094667,19.966573040818933,11.722426959181067,22.027609561228402,9.6613904387716,24.08864608163787,7.600353918362133
20190426,JBSS3,JBS,20.18,20.33,19.05,19.32,383068705.0,17.701999999999998,15.985,1.5067203840757897,2.102243002372862,20.189486004745724,11.780513995254275,22.291729007118583,9.678270992881414,24.39397200949145,7.5760279905085515
20190429,JBSS3,JBS,19.49,19.8,19.25,19.35,152922951.0,17.8735,16.12475,1.4883062609274382,2.13606994447568,20.396889888951357,11.852610111048639,22.53295983342704,9.716540166572958,24.66902977790272,7.580470222097279
20190430,JBSS3,JBS,19.55,19.77,19.38,19.77,174913941.0,18.050499999999996,16.283250000000002,1.4930557679858485,2.1659975939328984,20.6152451878658,11.951254812134206,22.781242781798696,9.785257218201307,24.947240375731596,7.619259624268409
20190502,JBSS3,JBS,19.5,19.7,19.21,19.52,559720830.0,18.233499999999996,16.41825,1.4335538284094502,2.195789546101643,20.809829092203287,12.026670907796714,23.00561863830493,9.830881361695072,25.201408184406574,7.635091815593428
20190503,JBSS3,JBS,19.7,20.74,19.6,20.52,250203993.0,18.479499999999994,16.59625,1.3789564131885055,2.233115206531238,21.062480413062477,12.130019586937525,23.295595619593715,9.896904380406287,25.528710826124954,7.663789173875049
20190506,JBSS3,JBS,20.0,20.58,19.94,20.3,184366356.0,18.705499999999994,16.776999999999997,1.280096521854185,2.2329803012210063,21.24296060244201,12.311039397557984,23.475940903663016,10.078059096336979,25.70892120488402,7.845078795115972
20190507,JBSS3,JBS,20.26,20.29,19.7,19.77,193122668.0,18.863999999999994,16.9425,1.199383174802792,2.202383033362057,21.347266066724114,12.537733933275884,23.54964910008617,10.335350899913829,25.752032133448225,8.132967866551772
20190508,JBSS3,JBS,19.97,20.22,19.62,20.16,225703206.0,19.009499999999996,17.115249999999996,1.1694149459407037,2.1761716413970067,21.46759328279401,12.762906717205983,23.643764924191018,10.586735075808976,25.819936565588023,8.41056343441197
20190509,JBSS3,JBS,19.82,20.89,19.81,20.8,186253663.0,19.204499999999996,17.292749999999995,1.1233993291041278,2.1800164519492187,21.652782903898434,12.932717096101557,23.83279935584765,10.752700644152338,26.01281580779687,8.57268419220312
20190510,JBSS3,JBS,20.6,20.71,20.03,20.03,171908556.0,19.350499999999993,17.440499999999993,1.0220385974790138,2.1596497223107627,21.759799444621517,13.121200555378469,23.91944916693228,10.961550833067705,26.079098889243042,8.801901110756942
20190513,JBSS3,JBS,19.6,20.27,19.56,19.74,206351994.0,19.492999999999995,17.573999999999995,0.8441195974131098,2.131747567679561,21.837495135359116,13.310504864640873,23.969242703038677,11.178757296961312,26.10099027071824,9.04700972928175
20190514,JBSS3,JBS,20.35,21.39,20.01,21.39,455576572.0,19.680499999999995,17.737499999999994,0.8271732142156323,2.1679598704773184,22.07341974095463,13.401580259045357,24.24137961143195,11.233620388568038,26.409339481909267,9.06566051809072
20190515,JBSS3,JBS,21.05,22.01,20.71,22.01,415231818.0,19.884499999999996,17.898999999999994,0.8744951927285229,2.2402367091047646,22.37947341820952,13.418526581790465,24.61971012731429,11.1782898726857,26.859946836419052,8.938053163580935
20190516,JBSS3,JBS,21.61,23.77,21.61,22.69,524983193.0,20.046499999999995,18.091499999999996,1.0683793678671656,2.3134883750601594,22.718476750120317,13.464523249879678,25.031965125180474,11.15103487481952,27.345453500240634,8.837546499759359
20190517,JBSS3,JBS,22.5,23.75,22.44,23.57,399782724.0,20.269999999999992,18.30625,1.3019701670120982,2.4137678679841725,23.133785735968345,13.478714264031654,25.547553603952515,11.064946396047482,27.96132147193669,8.651178528063308
20190520,JBSS3,JBS,23.97,24.78,23.66,24.01,381819693.0,20.55849999999999,18.540249999999997,1.4583598393581303,2.502302004257851,23.5448540085157,13.535645991484294,26.04715601277355,11.033343987226443,28.5494580170314,8.531041982968592
20190521,JBSS3,JBS,24.3,24.37,22.24,22.44,582123229.0,20.73099999999999,18.744,1.467080523747056,2.479050479932049,23.702100959864097,13.785899040135902,26.181151439796146,11.306848560203852,28.660201919728195,8.827798080271803
20190522,JBSS3,JBS,22.47,23.19,22.42,22.65,385810173.0,20.87749999999999,18.94925,1.5065711330526057,2.4533037771700763,23.85585755434015,14.042642445659848,26.30916133151023,11.58933866848977,28.762465108680303,9.136034891319694
20190523,JBSS3,JBS,22.65,23.32,22.19,22.27,267772441.0,21.039999999999992,19.127999999999997,1.470517273829731,2.427489153373014,23.982978306746023,14.27302169325397,26.410467460119037,11.845532539880955,28.837956613492054,9.418043386507941
20190524,JBSS3,JBS,22.76,23.26,22.76,23.22,284307742.0,21.176499999999994,19.342999999999996,1.5417566024028169,2.3986579581090846,24.140315916218164,14.545684083781827,26.53897387432725,12.147026125672742,28.937631832436335,9.748368167563658
20190527,JBSS3,JBS,23.5,23.72,22.31,22.51,214235524.0,21.33599999999999,19.519,1.5041360520770526,2.3652373437580714,24.24947468751614,14.788525312483856,26.614712031274212,12.423287968725784,28.979949375032284,10.058050624967713
20190528,JBSS3,JBS,22.79,23.0,22.12,22.6,458699004.0,21.498499999999993,19.686,1.4529725429361573,2.340303289571575,24.366606579143152,15.00539342085685,26.706909868714725,12.665090131285275,29.0472131582863,10.3247868417137
20190529,JBSS3,JBS,22.35,22.35,20.83,21.17,386421448.0,21.568499999999993,19.809499999999996,1.3979996046984027,2.2828905990387574,24.37528119807751,15.243718801922482,26.658171797116267,12.960828202883725,28.941062396155026,10.677937603844967
20190530,JBSS3,JBS,21.35,22.53,21.35,22.27,361771904.0,21.705999999999996,19.969749999999998,1.3189166208034633,2.222728154479985,24.415206308959966,15.524293691040029,26.637934463439954,13.301565536560043,28.860662617919935,11.078837382080058
20190531,JBSS3,JBS,22.7,22.7,21.5,21.86,287762951.0,21.772999999999996,20.126249999999995,1.2891984453834076,2.1254196418228104,24.377089283645617,15.875410716354374,26.502508925468426,13.749991074531565,28.627928567291235,11.624571432708754
20190603,JBSS3,JBS,21.92,22.3,20.68,21.22,347037741.0,21.818999999999996,20.262249999999998,1.2496816436702443,2.0111579615121973,24.28456592302439,16.239934076975604,26.295723884536592,14.228776115463406,28.30688184604879,12.217618153951209
20190604,JBSS3,JBS,21.55,22.43,21.15,22.37,266998355.0,21.948999999999998,20.406499999999998,1.1571193815496923,1.9476725755471616,24.30184515109432,16.511154848905676,26.249517726641482,14.563482273358513,28.197190302188645,12.61580969781135
20190605,JBSS3,JBS,22.45,22.81,22.0,22.07,238237765.0,22.044499999999996,20.526999999999997,1.0777973396066658,1.8957891259991084,24.318578251998215,16.73542174800178,26.214367377997323,14.839632622002672,28.110156503996432,12.943843496003563
20190606,JBSS3,JBS,22.45,22.6,21.41,21.99,176968873.0,22.103999999999996,20.654249999999998,1.0375751082515454,1.8152076768944272,24.284665353788853,17.023834646211142,26.099873030683277,15.208626969316716,27.915080707577708,13.393419292422289
20190607,JBSS3,JBS,21.95,22.33,21.55,21.65,202463574.0,22.184999999999995,20.76775,0.9241810030052763,1.7277426914018075,24.223235382803615,17.312264617196384,25.950978074205423,15.584521925794578,27.67872076560723,13.85677923439277
20190610,JBSS3,JBS,21.7,22.21,21.47,22.02,143056241.0,22.298999999999996,20.895999999999997,0.7261064152834886,1.6195279464185928,24.135055892837183,17.65694410716281,25.754583839255776,16.03741616074422,27.37411178567437,14.417888214325625
20190611,JBSS3,JBS,22.23,22.4,21.8,21.8,192542648.0,22.319499999999998,20.999999999999996,0.7045601464744146,1.5365212123161502,24.0730424246323,17.926957575367695,25.609563636948447,16.390436363051545,27.146084849264597,14.853915150735396
20190612,JBSS3,JBS,21.83,22.13,21.69,22.13,137398806.0,22.325499999999998,21.104999999999997,0.7022930487452073,1.4631017280649772,24.03120345612995,18.178796543870043,25.49430518419493,16.715694815805065,26.957406912259906,15.252593087740088
20190613,JBSS3,JBS,22.21,22.29,20.92,21.55,730375556.0,22.268499999999996,21.157499999999995,0.7172555516103294,1.439682568289258,24.036865136578513,18.278134863421478,25.47654770486777,16.83845229513222,26.916230273157026,15.398769726842964
20190614,JBSS3,JBS,21.7,21.92,21.05,21.13,247818624.0,22.146499999999996,21.208249999999996,0.6912709500013996,1.4005418136546046,24.009333627309204,18.40716637269079,25.40987544096381,17.006624559036183,26.810417254618415,15.606082745381578
20190617,JBSS3,JBS,21.24,21.65,20.83,20.88,245442387.0,21.99,21.274249999999995,0.5947489519028354,1.3167771213001633,23.90780424260032,18.64069575739967,25.224581363900484,17.323918636099506,26.541358485200647,16.007141514799343
20190618,JBSS3,JBS,21.21,21.29,20.4,20.59,270110303.0,21.897499999999997,21.314249999999994,0.6612259347924522,1.269045446843376,23.852340893686748,18.77615910631324,25.121386340530123,17.507113659469866,26.390431787373497,16.23806821262649
20190619,JBSS3,JBS,20.64,21.4,20.6,21.25,214832898.0,21.827499999999997,21.352499999999996,0.6514023334315333,1.2425423688798691,23.837584737759734,18.867415262240257,25.0801271066396,17.62487289336039,26.322669475519472,16.38233052448052
20190621,JBSS3,JBS,21.6,22.41,21.5,22.07,313135933.0,21.8175,21.428749999999997,0.6457625031901142,1.1881275669660538,23.805005133932106,19.05249486606789,24.99313270089816,17.864367299101836,26.18126026786421,16.676239732135784
20190624,JBSS3,JBS,22.3,22.55,21.73,21.79,172000343.0,21.746,21.461249999999996,0.5551045420743959,1.1795396483591984,23.82032929671839,19.1021707032816,24.99986894507759,17.9226310549224,26.17940859343679,16.743091406563202
20190625,JBSS3,JBS,22.02,22.38,21.52,21.9,284418219.0,21.7155,21.525749999999995,0.5269622477240292,1.1289020931407185,23.78355418628143,19.26794581371856,24.912456279422152,18.13904372057784,26.04135837256287,17.01014162743712
20190626,JBSS3,JBS,22.12,22.16,21.23,21.24,216438127.0,21.647499999999997,21.572999999999993,0.49350385270190505,1.073704825025068,23.72040965005013,19.425590349949857,24.794114475075197,18.35188552492479,25.867819300100265,17.27818069989972
20190627,JBSS3,JBS,21.29,21.44,20.66,21.09,228109749.0,21.643499999999996,21.605999999999995,0.49788262197349553,1.036509923017084,23.679019846034162,19.532980153965827,24.715529769051248,18.49647023094874,25.75203969206833,17.45996030793166
20190628,JBSS3,JBS,21.25,21.55,20.97,21.22,215672620.0,21.590999999999998,21.648499999999995,0.4834949518051835,0.9822150529575849,23.612930105915165,19.684069894084825,24.59514515887275,18.70185484112724,25.577360211830335,17.719639788169655
20190701,JBSS3,JBS,22.0,22.57,21.85,22.39,375023441.0,21.617499999999996,21.695249999999994,0.5126594745463599,0.9715702001637428,23.63839040032748,19.752109599672508,24.609960600491224,18.780539399508765,25.581530800654967,17.80896919934502
20190702,JBSS3,JBS,22.47,23.1,22.12,23.1,216684949.0,21.711499999999994,21.765249999999998,0.600730038326214,0.969332277448052,23.7039145548961,19.826585445103895,24.673246832344155,18.85725316765584,25.642579109792205,17.88792089020779
20190703,JBSS3,JBS,22.89,23.58,22.7,23.1,305060288.0,21.747999999999998,21.848499999999998,0.6619079280860779,0.9360022737207002,23.720504547441397,19.9764954525586,24.656506821162097,19.0404931788379,25.5925090948828,18.104490905117196
20190704,JBSS3,JBS,23.35,23.68,23.19,23.48,144968639.0,21.818499999999997,21.9315,0.7650612290598537,0.9296140638417499,23.7907281276835,20.0722718723165,24.720342191525248,19.142657808474752,25.649956255366998,18.213043744633
20190705,JBSS3,JBS,23.52,24.35,23.21,24.29,199764733.0,21.9335,22.01875,0.9441079052958693,0.9829421755692891,23.984634351138578,20.052865648861424,24.967576526707866,19.069923473292135,25.950518702277158,18.086981297722843
20190708,JBSS3,JBS,24.39,25.2,24.34,24.51,194255612.0,22.0765,22.13075,1.102257372753535,1.0055012463494635,24.141752492698927,20.11974750730107,25.147253739048388,19.11424626095161,26.152754985397852,18.108745014602146
20190710,JBSS3,JBS,24.61,25.52,24.61,25.37,242569031.0,22.244,22.2715,1.3252066373132163,1.0550842717588444,24.381668543517687,20.161331456482312,25.436752815276535,19.106247184723465,26.49183708703538,18.05116291296462
20190711,JBSS3,JBS,25.5,25.85,24.23,24.4,238480697.0,22.374,22.34675,1.4045130266769759,1.0971043180187816,24.540958636037562,20.15254136396244,25.638062954056345,19.055437045943656,26.735167272075127,17.958332727924873
20190712,JBSS3,JBS,24.63,24.91,23.85,23.85,194534177.0,22.46,22.39275,1.440971894243624,1.1209382230970948,24.63462644619419,20.15087355380581,25.755564669291285,19.029935330708714,26.87650289238838,17.90899710761162
20190715,JBSS3,JBS,24.13,24.86,24.13,24.61,211899009.0,22.613,22.44075,1.5004879907971194,1.1738527132088443,24.78845542641769,20.09304457358231,25.962308139626536,18.919191860373466,27.136160852835378,17.745339147164625
20190716,JBSS3,JBS,24.9,25.17,23.63,23.85,223323875.0,22.749000000000002,22.44775,1.4821531279651592,1.1815688994310223,24.810887798862044,20.084612201137954,25.992456698293065,18.903043301706933,27.17402559772409,17.72147440227591
20190717,JBSS3,JBS,24.05,24.09,23.34,23.49,194293268.0,22.8795,22.43475,1.4226383014815016,1.1667069315396377,24.768163863079277,20.101336136920725,25.934870794618913,18.93462920538109,27.101577726158553,17.76792227384145
20190718,JBSS3,JBS,23.7,23.9,23.41,23.8,136350394.0,23.040000000000003,22.468749999999996,1.3287192091793414,1.1865122072481142,24.841774414496225,20.095725585503768,26.02828662174434,18.909213378255654,27.214798828992453,17.72270117100754
20190719,JBSS3,JBS,23.76,24.1,23.5,23.9,90673419.0,23.172500000000003,22.499999999999996,1.2717326556192905,1.2076805486933961,24.91536109738679,20.084638902613204,26.123041646080186,18.876958353919807,27.330722194773582,17.66927780522641
20190722,JBSS3,JBS,24.4,25.07,24.15,24.85,181795825.0,23.311500000000002,22.5645,1.2965714911176411,1.2627238567721821,25.089947713544362,20.039052286455636,26.352671570316545,18.776328429683453,27.61539542708873,17.51360457291127
20190723,JBSS3,JBS,25.09,25.7,24.7,25.62,234911598.0,23.503000000000004,22.624499999999998,1.3420647878313932,1.3487581182475008,25.322016236495,19.926983763504996,26.6707743547425,18.578225645257497,28.01953247299,17.229467527009994
20190724,JBSS3,JBS,25.9,26.44,25.62,25.94,297690537.0,23.705000000000005,22.71025,1.3912300502187496,1.4467656013080648,25.603781202616126,19.81671879738387,27.050546803924192,18.369953196075805,28.497312405232258,16.92318759476774
20190725,JBSS3,JBS,26.07,26.49,25.04,25.39,219981824.0,23.9125,22.779999999999998,1.3114229916994689,1.5073018856085387,25.794603771217076,19.76539622878292,27.301905656825614,18.25809434317438,28.80920754243415,16.750792457565844
20190726,JBSS3,JBS,25.45,25.67,24.79,25.22,181788585.0,24.119000000000003,22.88125,1.1600131578201527,1.5322000061918952,25.94565001238379,19.816849987616212,27.477850018575687,18.284649981424316,29.010050024767583,16.75244997523242
20190729,JBSS3,JBS,25.47,25.47,24.46,25.06,177818633.0,24.311,22.951,0.9545177895285208,1.5667749007894134,26.084549801578827,19.817450198421174,27.651324702368242,18.25067529763176,29.218099603157654,16.683900396842347
20190730,JBSS3,JBS,25.07,25.72,24.66,25.3,147264795.0,24.456500000000002,23.037,0.8637572453805925,1.599424896642568,26.235849793285134,19.838150206714865,27.8352746899277,18.238725310072297,29.43469958657027,16.639300413429726
20190731,JBSS3,JBS,25.35,25.5,24.62,24.9,197692329.0,24.5465,23.128999999999998,0.806880118924672,1.5980674226013052,26.32513484520261,19.932865154797387,27.923202267803912,18.334797732196083,29.52126969040522,16.736730309594776
20190801,JBSS3,JBS,25.1,27.15,25.01,26.1,392560348.0,24.696500000000004,23.222249999999995,0.8026618544765203,1.6602586877521541,26.542767375504305,19.901732624495686,28.20302606325646,18.24147393674353,29.863284751008614,16.581215248991377
20190802,JBSS3,JBS,26.24,26.64,25.32,26.26,189499537.0,24.835500000000003,23.326999999999995,0.8214010815930406,1.716908671017618,26.76081734203523,19.893182657964758,28.47772601305285,18.17627398694714,30.194634684070465,16.459365315929524
20190805,JBSS3,JBS,25.6,26.65,25.45,25.86,242495693.0,24.914,23.423749999999995,0.8413047510923972,1.7483863439447271,26.92052268788945,19.92697731211054,28.668909031834175,18.178590968165814,30.417295375778902,16.430204624221087
20190806,JBSS3,JBS,26.12,26.82,25.93,26.82,175210368.0,25.029500000000002,23.552999999999997,0.9361425611182086,1.804108132525947,27.16121626505189,19.944783734948103,28.965324397577838,18.140675602422156,30.769432530103785,16.33656746989621
20190807,JBSS3,JBS,26.84,26.84,25.87,26.74,218372784.0,25.098000000000003,23.671,1.009609617103307,1.8549128115525129,27.380825623105025,19.961174376894974,29.235738434657538,18.10626156534246,31.09065124621005,16.251348753789948
20190808,JBSS3,JBS,26.82,27.1,26.22,26.8,251558118.0,25.218,23.796,1.0634729600898303,1.8936625752013116,27.583325150402622,20.008674849597377,29.476987725603934,18.115012274396065,31.370650300805245,16.221349699194754
20190809,JBSS3,JBS,26.81,27.98,26.81,27.42,259779417.0,25.396499999999996,23.92825,1.1198838050629316,1.9579592823350978,27.844168564670195,20.012331435329802,29.80212784700529,18.054372152994706,31.76008712934039,16.096412870659606
20190812,JBSS3,JBS,27.42,29.04,27.35,29.0,355059263.0,25.615999999999996,24.1145,1.3617264583493085,2.0766688685834627,28.267837737166925,19.961162262833074,30.34450660575039,17.88449339424961,32.42117547433385,15.807824525666149
20190813,JBSS3,JBS,28.73,29.25,27.7,27.97,575136977.0,25.821999999999996,24.2855,1.3918091218191813,2.1060206125565237,28.497541225113046,20.07345877488695,30.60356183766957,17.967438162330428,32.709582450226094,15.861417549773904
20190814,JBSS3,JBS,28.04,28.09,26.76,27.35,308534294.0,26.014999999999997,24.44725,1.317036146249013,2.0861250884392155,28.619500176878432,20.27499982312157,30.705625265317646,18.188874734682354,32.79175035375686,16.10274964624314
20190815,JBSS3,JBS,29.5,30.43,27.76,28.62,751852012.0,26.256,24.648,1.3313088138726026,2.091780250261667,28.831560500523334,20.464439499476665,30.923340750785,18.372659249214998,33.015121001046666,16.280878998953334
20190816,JBSS3,JBS,29.21,29.97,28.61,29.1,463910539.0,26.516000000000002,24.84425,1.3545416781682584,2.1326495949573974,29.109549189914794,20.578950810085203,31.24219878487219,18.446301215127807,33.37484837982959,16.31365162017041
20190819,JBSS3,JBS,29.5,29.73,28.53,28.9,245100637.0,26.7185,25.014999999999997,1.3945128370265107,2.1777782138496358,29.37055642769927,20.659443572300724,31.548334641548905,18.48166535845109,33.72611285539854,16.303887144601454
20190820,JBSS3,JBS,28.88,28.89,28.2,28.64,215097877.0,26.8695,25.18625,1.4322983921692698,2.186983272303083,29.560216544606167,20.812283455393835,31.74719981690925,18.62530018309075,33.93418308921233,16.43831691078767
20190821,JBSS3,JBS,28.29,29.54,28.16,29.25,293175481.0,27.034999999999997,25.37,1.5084516285879455,2.2124183311017487,29.794836662203497,20.945163337796505,32.007254993305246,18.732745006694756,34.219673324407,16.520326675593004
20190822,JBSS3,JBS,29.42,29.75,28.97,29.06,577328450.0,27.218499999999995,25.565500000000004,1.5209805528360372,2.183430551760041,29.932361103520087,21.19863889647992,32.11579165528013,19.01520834471988,34.29922220704017,16.83177779295984
20190823,JBSS3,JBS,28.66,29.19,27.65,27.65,455700824.0,27.339999999999993,25.72950000000001,1.4482512140328156,2.082691737102508,29.894883474205024,21.564116525794994,31.97757521130753,19.481424788692486,34.06026694841004,17.39873305158998
20190826,JBSS3,JBS,28.03,28.58,27.13,27.73,285373765.0,27.473499999999994,25.892250000000008,1.3465053208017885,1.9727209992864774,29.837691998572964,21.94680800142705,31.81041299785944,19.974087002140575,33.78313399714592,18.0013660028541
20190827,JBSS3,JBS,28.06,28.28,27.15,27.85,414397609.0,27.601,26.028750000000002,1.2469115530192154,1.9121422909987225,29.85303458199745,22.204465418002556,31.76517687299617,20.292323127003833,33.677319163994895,18.380180836005113
20190828,JBSS3,JBS,27.93,28.69,27.76,28.69,248254847.0,27.7905,26.168500000000005,1.0933602237814994,1.8968172397534377,29.96213447950688,22.37486552049313,31.858951719260318,20.478048280739692,33.75576895901376,18.581231040986253
20190829,JBSS3,JBS,29.3,29.67,28.75,29.45,283260860.0,27.958000000000006,26.32725000000001,1.077236229773677,1.8991441898514103,30.12553837970283,22.52896162029719,32.024682569554244,20.62981743044578,33.92382675940565,18.73067324059437
20190830,JBSS3,JBS,29.88,30.64,29.61,29.64,365592982.0,28.127000000000002,26.48125000000001,1.0618509162877896,1.9120537857203186,30.30535757144065,22.65714242855937,32.21741135716097,20.745088642839054,34.12946514288129,18.833034857118736
20190902,JBSS3,JBS,29.99,30.19,29.02,29.16,151549315.0,28.292,26.603000000000016,0.9405015459290338,1.9239598588488704,30.450919717697758,22.755080282302274,32.374879576546626,20.831120423453406,34.2988394353955,18.907160564604535
20190903,JBSS3,JBS,29.2,29.25,28.42,28.95,237327427.0,28.398500000000002,26.714000000000016,0.8839401920707426,1.9281860746467834,30.570372149293583,22.85762785070645,32.498558223940364,20.929441776059665,34.42674429858715,19.001255701412884
20190904,JBSS3,JBS,29.7,29.96,29.09,29.9,258939112.0,28.5565,26.82725000000002,0.8537920059791209,1.979571291972137,30.786392583944295,22.868107416055746,32.765963875916434,20.888536124083608,34.74553516788857,18.908964832111472
20190905,JBSS3,JBS,30.6,30.87,30.01,30.24,306410379.0,28.728500000000004,26.973250000000018,0.8274073330210534,2.011072411324362,30.99539482264874,22.951105177351295,33.006467233973105,20.94003276602693,35.01753964529747,18.928960354702568
20190906,JBSS3,JBS,30.4,30.78,29.62,30.06,270333489.0,28.860500000000002,27.12850000000002,0.818203905868897,2.0034669309948665,31.135433861989753,23.121566138010287,33.13890079298462,21.11809920701542,35.14236772397949,19.114632276020554
20190909,JBSS3,JBS,30.35,30.49,27.98,29.0,558523976.0,28.860500000000002,27.238250000000022,0.818203905868897,1.9820940590634466,31.202438118126913,23.27406188187313,33.18453217719036,21.29196782280968,35.166626236253805,19.309873763746236
20190910,JBSS3,JBS,29.05,29.35,28.05,29.0,294610830.0,28.912,27.367000000000026,0.7911723479815873,1.9227360313246593,31.212472062649343,23.521527937350708,33.135208093974,21.598791906026047,35.05794412529866,19.67605587470139
20190911,JBSS3,JBS,29.0,29.2,28.15,28.6,379364563.0,28.9745,27.49475000000002,0.7060824090863786,1.825854190684811,31.146458381369644,23.843041618630398,32.972312572054456,22.017187427945586,34.798166762739264,20.19133323726078
20190912,JBSS3,JBS,28.7,29.45,28.6,29.1,274633448.0,28.9985,27.62725000000002,0.7015417232594622,1.7412005694569452,31.10965113891391,24.144848861086132,32.850851708370854,22.403648291629185,34.592052277827804,20.66244772217224
20190913,JBSS3,JBS,29.21,30.04,29.19,29.83,326294319.0,29.035000000000004,27.775500000000015,0.7256757286543803,1.6665640224803588,31.10862804496073,24.4423719550393,32.77519206744109,22.77580793255894,34.44175608992145,21.10924391007858
20190916,JBSS3,JBS,29.9,31.07,29.21,29.74,520183946.0,29.077000000000005,27.89775000000002,0.7415850733751338,1.6253038966330375,31.148357793266094,24.647142206733946,32.77366168989913,23.021838310100907,34.39896558653217,21.39653441346787
20190917,JBSS3,JBS,29.95,30.32,29.33,29.55,501590518.0,29.122500000000002,27.99600000000002,0.7412782345737682,1.6027105245930433,31.201421049186106,24.790578950813934,32.80413157377915,23.187868426220888,34.406842098372195,21.585157901627845
20190918,JBSS3,JBS,29.4,29.79,29.0,29.46,332589241.0,29.133000000000003,28.08400000000002,0.7446588763356239,1.583447715166798,31.250895430333617,24.917104569666424,32.83434314550041,23.333656854499626,34.41779086066721,21.750209139332828
20190919,JBSS3,JBS,29.6,30.16,29.29,29.64,357144619.0,29.162000000000006,28.19025000000002,0.7529143377570723,1.5400374412698903,31.2703248825398,25.11017511746024,32.81036232380969,23.57013767619035,34.35039976507958,22.03010023492046
20190920,JBSS3,JBS,30.27,31.2,29.97,30.9,730878451.0,29.324500000000008,28.332250000000023,0.7600933114463209,1.52088619156484,31.374022383129702,25.290477616870344,32.89490857469454,23.769591425305503,34.41579476625938,22.248705233740665
20190923,JBSS3,JBS,31.0,31.13,30.53,30.7,271423595.0,29.473000000000006,28.473250000000025,0.7213153190345079,1.4703399005254616,31.413929801050948,25.532570198949102,32.88426970157641,24.06223029842364,34.354609602101874,22.59189039789818
20190924,JBSS3,JBS,30.95,32.88,30.89,32.88,552404152.0,29.724500000000006,28.662750000000027,0.962291535866429,1.5377939368810118,31.738337873762053,25.587162126238002,33.276131810643065,24.04936818935699,34.813925747524074,22.51157425247598
20190925,JBSS3,JBS,33.0,34.25,32.71,33.2,514451607.0,29.950000000000006,28.870250000000027,1.2049459476849058,1.5765403334761987,32.023330666952425,25.71716933304763,33.59987100042862,24.140628999571433,35.176411333904824,22.56408866609523
20190926,JBSS3,JBS,33.35,33.49,32.15,32.8,336839992.0,30.1175,29.037750000000027,1.3552505109272566,1.6296932029979647,32.29713640599596,25.778363594004098,33.92682960899392,24.148670391006135,35.55652281199188,22.51897718800817
20190927,JBSS3,JBS,32.8,32.85,32.2,32.45,171119117.0,30.258000000000003,29.19250000000003,1.445776425898687,1.6528898547075692,32.49827970941517,25.886720290584893,34.15116956412274,24.233830435877323,35.804059418830306,22.580940581169756
20190930,JBSS3,JBS,32.36,33.1,32.25,32.79,280515882.0,30.439500000000002,29.36575000000003,1.5262905669422877,1.6578142661426172,32.681378532285265,26.050121467714796,34.33919279842788,24.39230720157218,35.9970070645705,22.73449293542956
20191001,JBSS3,JBS,33.0,33.44,32.36,32.95,203079110.0,30.639500000000005,29.519000000000034,1.5818991750425075,1.6992619815824845,32.917523963165,26.120476036835065,34.61678594474749,24.42121405525258,36.31604792632997,22.721952073670096
20191002,JBSS3,JBS,32.6,32.65,31.32,31.5,346288879.0,30.719500000000004,29.638000000000034,1.582990092065997,1.6660042786291434,32.97000855725832,26.305991442741746,34.63601283588746,24.639987164112604,36.30201711451661,22.97398288548346
20191003,JBSS3,JBS,31.75,32.03,31.25,31.9,208351959.0,30.802500000000002,29.76550000000004,1.5999535355095904,1.638161805977805,33.04182361195565,26.489176388044427,34.67998541793345,24.851014582066625,36.31814722391126,23.21285277608882
20191004,JBSS3,JBS,32.01,32.1,31.26,31.55,475956044.0,30.877000000000002,29.868750000000034,1.598249371228327,1.616549328282189,33.101848656564414,26.635651343435654,34.718397984846604,25.019102015153468,36.334947313128794,23.402552686871278
20191007,JBSS3,JBS,31.67,31.8,30.9,31.08,256115177.0,30.981000000000005,29.920750000000034,1.5361500063813516,1.6213343467967771,33.163418693593584,26.67808130640648,34.78475304039036,25.056746959609704,36.40608738718714,23.435412612812925
20191008,JBSS3,JBS,31.21,31.59,30.37,30.65,343572801.0,31.063500000000005,29.987750000000034,1.4669060709714152,1.5937948384845078,33.17533967696905,26.80016032303102,34.76913451545356,25.20636548454651,36.362929353938064,23.612570646062004
