DATA DO PREGAO,CODIGO DE NEGOCIACAO DO PAPEL,NOME RESUMIDO DA EMPRESA EMISSORA,PRECO DE ABERTURA,PRECO MAXIMO,PRECO MINIMO,PRECO FECHAMENTO,VOLUME TOTAL DE TITULOS NEGOCIADOS NESTE PAPEL,MA_20,MA_40,STD_20,STD_40,BANDA_1_40 SUPERIOR,BANDA_1_40 INFERIOR,BANDA_2_40 SUPERIOR,BANDA_2_40 INFERIOR,BANDA_3_40 SUPERIOR,BANDA_3_40 INFERIOR
20190102,MULT3,MULTIPLAN,24.36,24.95,24.02,24.92,60218907.0,0.0,0.0,0.0,0.0,0.0,0.0,0.0,0.0,0.0,0.0
20190103,MULT3,MULTIPLAN,24.75,25.1,24.38,25.1,64043130.0,0.0,0.0,0.0,0.0,0.0,0.0,0.0,0.0,0.0,0.0
20190104,MULT3,MULTIPLAN,24.88,24.94,24.32,24.59,78548433.0,0.0,0.0,0.0,0.0,0.0,0.0,0.0,0.0,0.0,0.0
20190107,MULT3,MULTIPLAN,24.36,24.43,24.01,24.24,45496627.0,0.0,0.0,0.0,0.0,0.0,0.0,0.0,0.0,0.0,0.0
20190108,MULT3,MULTIPLAN,24.19,24.47,23.6,24.07,107138977.0,0.0,0.0,0.0,0.0,0.0,0.0,0.0,0.0,0.0,0.0
20190109,MULT3,MULTIPLAN,24.12,24.51,24.07,24.37,93523814.0,0.0,0.0,0.0,0.0,0.0,0.0,0.0,0.0,0.0,0.0
20190110,MULT3,MULTIPLAN,24.29,24.4,23.94,24.17,91448272.0,0.0,0.0,0.0,0.0,0.0,0.0,0.0,0.0,0.0,0.0
20190111,MULT3,MULTIPLAN,23.74,23.95,23.63,23.69,66944707.0,0.0,0.0,0.0,0.0,0.0,0.0,0.0,0.0,0.0,0.0
20190114,MULT3,MULTIPLAN,23.64,24.01,23.38,23.71,70762920.0,0.0,0.0,0.0,0.0,0.0,0.0,0.0,0.0,0.0,0.0
20190115,MULT3,MULTIPLAN,23.64,24.15,23.5,24.15,65495890.0,0.0,0.0,0.0,0.0,0.0,0.0,0.0,0.0,0.0,0.0
20190116,MULT3,MULTIPLAN,24.23,24.33,23.94,24.2,41446776.0,0.0,0.0,0.0,0.0,0.0,0.0,0.0,0.0,0.0,0.0
20190117,MULT3,MULTIPLAN,24.07,24.5,24.07,24.35,44564393.0,0.0,0.0,0.0,0.0,0.0,0.0,0.0,0.0,0.0,0.0
20190118,MULT3,MULTIPLAN,24.35,24.65,24.04,24.28,64109684.0,0.0,0.0,0.0,0.0,0.0,0.0,0.0,0.0,0.0,0.0
20190121,MULT3,MULTIPLAN,24.25,24.34,23.77,24.26,33094174.0,0.0,0.0,0.0,0.0,0.0,0.0,0.0,0.0,0.0,0.0
20190122,MULT3,MULTIPLAN,24.06,24.44,23.91,24.44,42434477.0,0.0,0.0,0.0,0.0,0.0,0.0,0.0,0.0,0.0,0.0
20190123,MULT3,MULTIPLAN,24.51,25.06,24.34,24.96,65742403.0,0.0,0.0,0.0,0.0,0.0,0.0,0.0,0.0,0.0,0.0
20190124,MULT3,MULTIPLAN,24.86,25.1,24.73,25.1,72755629.0,0.0,0.0,0.0,0.0,0.0,0.0,0.0,0.0,0.0,0.0
20190128,MULT3,MULTIPLAN,25.02,25.26,24.66,25.06,48715864.0,0.0,0.0,0.0,0.0,0.0,0.0,0.0,0.0,0.0,0.0
20190129,MULT3,MULTIPLAN,25.24,25.53,25.09,25.35,80361242.0,0.0,0.0,0.0,0.0,0.0,0.0,0.0,0.0,0.0,0.0
20190130,MULT3,MULTIPLAN,25.35,25.7,25.28,25.7,56450992.0,24.535500000000003,0.0,0.5414451908890168,0.0,0.0,0.0,0.0,0.0,0.0,0.0
20190131,MULT3,MULTIPLAN,25.8,26.14,25.46,26.03,116678086.0,24.591,0.0,0.6322133217597746,0.0,0.0,0.0,0.0,0.0,0.0,0.0
20190201,MULT3,MULTIPLAN,26.0,26.19,25.7,26.12,88635008.0,24.641999999999996,0.0,0.7115927279886427,0.0,0.0,0.0,0.0,0.0,0.0,0.0
20190204,MULT3,MULTIPLAN,26.03,26.67,25.51,26.65,113525751.0,24.744999999999997,0.0,0.840992521401133,0.0,0.0,0.0,0.0,0.0,0.0,0.0
20190205,MULT3,MULTIPLAN,26.5,26.5,25.88,26.35,101228514.0,24.850499999999993,0.0,0.904273334317616,0.0,0.0,0.0,0.0,0.0,0.0,0.0
20190206,MULT3,MULTIPLAN,25.92,26.06,25.47,25.55,66387116.0,24.92449999999999,0.0,0.897572603719261,0.0,0.0,0.0,0.0,0.0,0.0,0.0
20190207,MULT3,MULTIPLAN,25.45,25.8,25.15,25.38,68757330.0,24.974999999999994,0.0,0.8931346335711183,0.0,0.0,0.0,0.0,0.0,0.0,0.0
20190208,MULT3,MULTIPLAN,25.2,25.49,25.1,25.34,67866658.0,25.033499999999997,0.0,0.8757810048300079,0.0,0.0,0.0,0.0,0.0,0.0,0.0
20190211,MULT3,MULTIPLAN,25.35,25.54,24.9,25.17,35025853.0,25.107499999999995,0.0,0.8168287522647093,0.0,0.0,0.0,0.0,0.0,0.0,0.0
20190212,MULT3,MULTIPLAN,25.45,25.51,24.86,25.11,75264571.0,25.177499999999995,0.0,0.7478381122310291,0.0,0.0,0.0,0.0,0.0,0.0,0.0
20190213,MULT3,MULTIPLAN,25.19,25.47,25.0,25.3,82458294.0,25.234999999999996,0.0,0.7078172526562919,0.0,0.0,0.0,0.0,0.0,0.0,0.0
20190214,MULT3,MULTIPLAN,25.3,25.78,24.7,25.73,93054127.0,25.3115,0.0,0.6718339002117191,0.0,0.0,0.0,0.0,0.0,0.0,0.0
20190215,MULT3,MULTIPLAN,25.62,25.73,25.37,25.47,52048639.0,25.367499999999996,0.0,0.6330284353802808,0.0,0.0,0.0,0.0,0.0,0.0,0.0
20190218,MULT3,MULTIPLAN,25.3,25.42,24.89,25.4,37690341.0,25.423499999999997,0.0,0.5789943641212899,0.0,0.0,0.0,0.0,0.0,0.0,0.0
20190219,MULT3,MULTIPLAN,25.39,25.63,25.17,25.63,48623094.0,25.491999999999997,0.0,0.5111658501071799,0.0,0.0,0.0,0.0,0.0,0.0,0.0
20190220,MULT3,MULTIPLAN,25.6,25.62,24.65,25.02,92012254.0,25.520999999999994,0.0,0.46247503488809355,0.0,0.0,0.0,0.0,0.0,0.0,0.0
20190221,MULT3,MULTIPLAN,25.27,25.27,24.62,24.85,84610582.0,25.515499999999996,0.0,0.47008929722811976,0.0,0.0,0.0,0.0,0.0,0.0,0.0
20190222,MULT3,MULTIPLAN,25.2,25.68,24.85,25.45,80002339.0,25.532999999999994,0.0,0.4602184835831625,0.0,0.0,0.0,0.0,0.0,0.0,0.0
20190225,MULT3,MULTIPLAN,25.44,25.52,25.18,25.35,70749175.0,25.547499999999992,0.0,0.4489622537175754,0.0,0.0,0.0,0.0,0.0,0.0,0.0
20190226,MULT3,MULTIPLAN,25.4,25.49,25.19,25.25,53036053.0,25.54249999999999,0.0,0.45182524567755794,0.0,0.0,0.0,0.0,0.0,0.0,0.0
20190227,MULT3,MULTIPLAN,25.28,25.33,24.74,25.33,58597527.0,25.523999999999994,25.02975,0.45261113784933527,0.7022618676599436,26.434273735319888,23.625226264680112,27.13653560297983,22.92296439702017,27.838797470639776,22.220702529360224
20190228,MULT3,MULTIPLAN,25.47,25.47,24.86,25.17,43009608.0,25.480999999999995,25.036000000000005,0.44275334704076047,0.7023725361139778,26.440745072227962,23.631254927772048,27.14311760834194,22.92888239165807,27.845490144455916,22.226509855544094
20190301,MULT3,MULTIPLAN,25.12,25.33,24.55,24.64,48303921.0,25.406999999999993,25.024500000000003,0.4538733883271692,0.7050584627514497,26.4346169255029,23.614383074497105,27.139675388254354,22.909324611745653,27.844733851005802,22.204266148994204
20190306,MULT3,MULTIPLAN,24.3,24.63,24.21,24.21,27570145.0,25.284999999999997,25.015,0.4294488511912449,0.7135717310716678,26.442143462143335,23.587856537856666,27.155715193215002,22.874284806785,27.869286924286673,22.16071307571333
20190307,MULT3,MULTIPLAN,23.98,24.45,23.71,23.71,63339120.0,25.153,25.001749999999998,0.48677348022734096,0.7329878702602922,26.46772574052058,23.535774259479414,27.200713610780873,22.802786389219122,27.933701481041165,22.06979851895883
20190308,MULT3,MULTIPLAN,23.6,24.68,23.42,24.33,67895365.0,25.092,25.008249999999997,0.5102795931231232,0.7256293024784665,26.45950860495693,23.556991395043063,27.185137907435397,22.831362092564596,27.910767209913864,22.10573279008613
20190311,MULT3,MULTIPLAN,24.21,24.95,24.21,24.88,52487842.0,25.067,25.020999999999994,0.507668561584286,0.7185733729464887,26.45814674589297,23.583853254107016,27.17672011883946,22.86527988116053,27.89529349178595,22.146706508214038
20190312,MULT3,MULTIPLAN,24.95,24.95,24.65,24.7,58400488.0,25.035000000000004,25.034249999999993,0.5097212860708189,0.7072767836695547,26.4488035673391,23.619696432660884,27.156080351008658,22.912419648991328,27.86335713467821,22.205142865321776
20190313,MULT3,MULTIPLAN,24.68,24.92,24.19,24.77,82168610.0,25.015000000000008,25.061249999999994,0.5119878699221044,0.6744995770845088,26.410249154169012,23.712250845830976,27.08474873125352,23.03775126874647,27.75924830833803,22.363251691661958
20190314,MULT3,MULTIPLAN,24.7,24.84,24.17,24.4,81420000.0,24.97950000000001,25.0785,0.5293737611058694,0.6473319997873733,26.373163999574746,23.78383600042525,27.02049599936212,23.136504000637878,27.66782799914949,22.489172000850505
20190315,MULT3,MULTIPLAN,24.51,24.8,24.38,24.65,66636984.0,24.947000000000006,25.091,0.528613877588314,0.6336253038200318,26.358250607640066,23.823749392359936,26.991875911460095,23.190124088539907,27.625501215280128,22.556498784719874
20190318,MULT3,MULTIPLAN,24.96,24.96,24.34,24.52,44080776.0,24.886500000000005,25.099,0.5028997493484588,0.6240348445235163,26.347069689047032,23.85093031095297,26.97110453357055,23.22689546642945,27.595139378094064,22.602860621905936
20190319,MULT3,MULTIPLAN,24.18,24.55,24.08,24.22,81643419.0,24.824000000000005,25.095750000000002,0.5042388740520403,0.6283592288753486,26.3524684577507,23.839031542249305,26.98082768662605,23.210672313373955,27.609186915501397,22.582313084498608
20190320,MULT3,MULTIPLAN,24.22,24.49,23.91,24.23,76154677.0,24.76550000000001,25.0945,0.5017597978483813,0.6300710175682495,26.3546420351365,23.8343579648635,26.98471305270475,23.20428694729525,27.614784070272997,22.574215929727004
20190321,MULT3,MULTIPLAN,24.22,24.37,23.46,23.99,104705750.0,24.68350000000001,25.08775,0.486829430844982,0.6405986282877172,26.368947256575435,23.806552743424565,27.00954588486315,23.16595411513685,27.65014451315087,22.52535548684913
20190322,MULT3,MULTIPLAN,23.55,23.72,23.25,23.51,73155725.0,24.60800000000001,25.0645,0.5454558692169014,0.6803541687031812,26.42520833740636,23.703791662593638,27.105562506109543,23.023437493890455,27.785916674812725,22.343083325187273
20190325,MULT3,MULTIPLAN,23.61,23.81,23.31,23.36,68916139.0,24.53350000000001,25.024499999999996,0.6087456905715897,0.7317486958281205,26.487997391656236,23.561002608343756,27.219746087484356,22.829253912515636,27.951494783312476,22.097505216687516
20190326,MULT3,MULTIPLAN,23.6,23.76,23.12,23.55,66059992.0,24.43850000000001,24.985749999999992,0.606441518853618,0.7678003463107272,26.521350692621446,23.45014930737854,27.289151038932175,22.68234896106781,28.0569513852429,21.914548614757084
20190327,MULT3,MULTIPLAN,23.15,23.38,22.67,22.75,85876562.0,24.308500000000006,24.927999999999994,0.6755058533386276,0.8450586385358727,26.61811727707174,23.237882722928248,27.46317591560761,22.392824084392377,28.308234554143485,21.547765445856502
20190328,MULT3,MULTIPLAN,22.6,23.6,22.6,23.54,62479357.0,24.223000000000006,24.882749999999994,0.6580601476269085,0.8699749112209192,26.62269982244183,23.142800177558158,27.492674733662753,22.272825266337236,28.36264964488367,21.402850355116318
20190329,MULT3,MULTIPLAN,23.63,23.81,23.08,23.39,85645384.0,24.12600000000001,24.824999999999992,0.6286192052929751,0.8907559451646414,26.606511890329276,23.043488109670708,27.497267835493915,22.15273216450607,28.388023780658557,21.261976219341427
20190401,MULT3,MULTIPLAN,23.45,23.61,23.15,23.21,28886338.0,24.028000000000006,24.754499999999993,0.6097937528809606,0.9044305475737842,26.563361095147563,22.945638904852423,27.467791642721345,22.04120835727864,28.37222219029513,21.136777809704856
20190402,MULT3,MULTIPLAN,23.46,23.5,23.0,23.37,40087207.0,23.964500000000008,24.68574999999999,0.6088338724237847,0.90248911492832,26.490728229856632,22.88077177014335,27.39321734478495,21.978282655215033,28.295706459713273,21.07579354028671
20190403,MULT3,MULTIPLAN,23.52,23.77,23.01,23.33,68516917.0,23.920500000000008,24.602749999999993,0.6218180051903955,0.8692643146465572,26.341278629293107,22.86422137070688,27.210542943939664,21.994957056060322,28.07980725858622,21.125692741413765
20190404,MULT3,MULTIPLAN,23.35,23.79,23.07,23.66,56658271.0,23.91800000000001,24.535499999999992,0.6228085791925195,0.8339616605588359,26.203423321117665,22.86757667888232,27.0373849816765,22.033615018323484,27.871346642235334,21.19965335776465
20190405,MULT3,MULTIPLAN,23.99,24.02,23.47,23.83,56040070.0,23.893000000000008,24.492499999999996,0.6153911892361551,0.8246016909502117,26.14170338190042,22.843296618099572,26.96630507285063,22.01869492714936,27.790906763800844,21.194093236199148
20190408,MULT3,MULTIPLAN,23.9,23.9,23.02,23.32,48773766.0,23.81500000000001,24.440999999999995,0.5816446735901618,0.8320465963283178,26.105093192656632,22.77690680734336,26.93713978898495,21.94486021101504,27.769186385313265,21.112813614686726
20190409,MULT3,MULTIPLAN,23.0,23.1,22.63,22.87,85123837.0,23.72350000000001,24.379249999999995,0.5790307236644576,0.8549565516025974,26.08916310320519,22.6693368967948,26.94411965480779,21.814380345192202,27.799076206410383,20.959423793589607
20190410,MULT3,MULTIPLAN,22.98,23.18,22.77,23.0,38187884.0,23.635000000000012,24.324999999999996,0.544923944475902,0.8721679443071287,26.069335888614255,22.580664111385737,26.94150383292138,21.70849616707861,27.81367177722851,20.83632822277148
20190411,MULT3,MULTIPLAN,22.7,22.73,22.29,22.4,86893288.0,23.53500000000001,24.257249999999996,0.5795597240010987,0.9138843205143916,26.08501864102878,22.429481358971213,26.99890296154317,21.51559703845682,27.91278728205756,20.60171271794243
20190412,MULT3,MULTIPLAN,22.21,22.37,21.76,21.8,96475587.0,23.392500000000013,24.169749999999997,0.6383686033039462,0.9768696406746371,26.123489281349272,22.216010718650722,27.100358922023908,21.239141077976086,28.077228562698544,20.26227143730145
20190415,MULT3,MULTIPLAN,22.07,22.2,21.72,22.05,122547721.0,23.269000000000013,24.077749999999995,0.6476183086388413,0.9991932322552103,26.076136464510416,22.079363535489573,27.075329696765625,21.080170303234365,28.074522929020837,20.080977070979152
20190416,MULT3,MULTIPLAN,22.2,22.54,21.9,22.24,66386446.0,23.170000000000016,23.996999999999993,0.6459265071442751,1.0141971689153433,26.02539433783068,21.968605662169306,27.03959150674602,20.954408493253965,28.053788675661366,19.94021132433862
20190417,MULT3,MULTIPLAN,22.25,22.49,21.86,22.3,85723652.0,23.073500000000017,23.919499999999992,0.6229917208202302,1.0226460149019663,25.964792029803924,21.87420797019606,26.98743804470589,20.851561955294095,28.010084059607856,19.82891594039213
20190418,MULT3,MULTIPLAN,22.29,23.1,22.07,23.1,113270619.0,23.029000000000018,23.856249999999996,0.5846897512896767,0.9919178199520676,25.84008563990413,21.87241436009586,26.8320034598562,20.880496540143792,27.823921279808268,19.888578720191724
20190422,MULT3,MULTIPLAN,23.06,23.36,22.77,23.36,73086342.0,23.021500000000017,23.814749999999997,0.5791307006376701,0.9765874322458353,25.76792486449167,21.861575135508325,26.744512296737504,20.88498770326249,27.721099728983337,19.908400271016657
20190423,MULT3,MULTIPLAN,23.49,23.78,23.28,23.41,67125716.0,23.02400000000002,23.778749999999995,0.5807744375990107,0.9639054839823682,25.70656096796473,21.85093903203526,26.6704664519471,20.88703354805289,27.63437193592947,19.92312806407052
20190424,MULT3,MULTIPLAN,23.32,23.62,23.03,23.49,82188067.0,23.02100000000002,23.729749999999992,0.5780630087674605,0.9258356931816963,25.581421386363385,21.8780786136366,26.50725707954508,20.952242920454903,27.433092772726777,20.026407227273207
20190425,MULT3,MULTIPLAN,23.31,23.85,23.17,23.78,78906543.0,23.07250000000002,23.690499999999993,0.5981803547778298,0.8878870048228743,25.46627400964574,21.914725990354246,26.354161014468616,21.02683898553137,27.24204801929149,20.138951980708494
20190426,MULT3,MULTIPLAN,23.89,24.14,23.26,24.14,78140593.0,23.102500000000017,23.662749999999992,0.6366679296396228,0.8546193859676929,25.371988771935378,21.953511228064606,26.226608157903073,21.09889184209691,27.081227543870764,20.24427245612922
20190429,MULT3,MULTIPLAN,24.15,24.38,23.83,24.15,69705660.0,23.140500000000017,23.63324999999999,0.6761849248775093,0.8150425110825795,25.263335022165148,22.00316497783483,26.07837753324773,21.18812246675225,26.89342004433031,20.37307995566967
20190430,MULT3,MULTIPLAN,23.89,24.08,23.34,23.96,107412583.0,23.17800000000002,23.60299999999999,0.700598240603604,0.7781641775226416,25.159328355045275,22.046671644954706,25.937492532567916,21.268507467432066,26.715656710090556,20.490343289909426
20190502,MULT3,MULTIPLAN,23.71,23.96,23.28,23.31,70007122.0,23.17500000000002,23.569749999999992,0.6998608884327786,0.7609423560498992,25.09163471209979,22.047865287900194,25.85257706814969,21.286922931850295,26.613519424199588,20.525980575800396
20190503,MULT3,MULTIPLAN,23.4,24.26,23.4,24.17,96453436.0,23.21700000000002,23.568749999999987,0.7340235189119024,0.7601052137023127,25.08896042740461,22.048539572595363,25.849065641106925,21.28843435889305,26.60917085480924,20.528329145190735
20190506,MULT3,MULTIPLAN,24.03,24.15,23.63,24.08,65564978.0,23.238000000000017,23.57799999999999,0.7531240199819058,0.7641090001449835,25.106218000289957,22.04978199971002,25.87032700043494,21.285672999565037,26.634436000579925,20.521563999420053
20190507,MULT3,MULTIPLAN,23.96,23.96,23.5,23.78,105342505.0,23.235500000000016,23.564249999999987,0.7511358066288827,0.7551256899962484,25.074501379992483,22.05399862000749,25.82962706998873,21.298872930011242,26.58475275998498,20.543747240014994
20190508,MULT3,MULTIPLAN,24.07,24.6,23.8,24.3,109618292.0,23.284500000000016,23.549749999999985,0.787998630776275,0.7344996116317437,25.018749223263473,22.080750776736497,25.753248834895217,21.346251165104754,26.48774844652696,20.61175155347301
20190509,MULT3,MULTIPLAN,24.15,24.32,23.75,24.21,58241149.0,23.351500000000016,23.537499999999987,0.8076233814816215,0.7187408862298462,24.974981772459678,22.100018227540296,25.693722658689527,21.381277341310447,26.412463544919373,20.662536455080602
20190510,MULT3,MULTIPLAN,24.01,24.08,23.52,23.92,56837833.0,23.397500000000015,23.516249999999985,0.8127333672957002,0.6934887184115588,24.9032274368231,22.12927256317687,25.59671615523466,21.43578384476531,26.29020487364622,20.74229512635375
20190513,MULT3,MULTIPLAN,23.36,23.61,23.07,23.19,60704091.0,23.43700000000002,23.485999999999986,0.7802502972225044,0.6802141442599431,24.846428288519874,22.1255717114801,25.526642432779816,21.445357567220157,26.20685657703976,20.765143422960215
20190514,MULT3,MULTIPLAN,23.24,23.41,22.87,22.99,67522390.0,23.49650000000002,23.444499999999987,0.6888684466878423,0.6576412785721841,24.759782557144355,22.12921744285562,25.41742383571654,21.471576164283434,26.075065114288723,20.81393488571125
20190515,MULT3,MULTIPLAN,22.51,22.81,22.42,22.66,85853699.0,23.52700000000002,23.39799999999999,0.6326643743141623,0.6452874533383587,24.688574906676706,22.107425093323272,25.333862360015065,21.462137639984913,25.979149813353423,20.816850186646555
20190516,MULT3,MULTIPLAN,22.44,22.6,22.19,22.19,82267831.0,23.524500000000018,23.34724999999999,0.6380931708903148,0.6586699399119392,24.66458987982387,22.02991012017611,25.323259819735807,21.37124018026417,25.981929759647745,20.712570240352232
20190517,MULT3,MULTIPLAN,21.86,22.38,21.51,21.57,108375067.0,23.488000000000017,23.28074999999999,0.7265679958762252,0.7002284883503703,24.681206976700732,21.88029302329925,25.3814354650511,21.18006453494888,26.08166395340147,20.47983604659851
20190520,MULT3,MULTIPLAN,21.74,22.95,21.73,22.95,149245578.0,23.480500000000013,23.25474999999999,0.7315410914098184,0.6924834071880558,24.6397168143761,21.86978318562388,25.332200221564158,21.177299778435824,26.024683628752214,20.484816371247767
20190521,MULT3,MULTIPLAN,23.05,23.47,22.89,23.3,62462371.0,23.477500000000013,23.24949999999999,0.7321840076460611,0.6912936590747326,24.632087318149456,21.866912681850526,25.32338097722419,21.17561902277579,26.01467463629892,20.48432536370106
20190522,MULT3,MULTIPLAN,23.47,23.47,22.88,22.88,49592064.0,23.451000000000015,23.23749999999999,0.7442474121730838,0.6934889494987883,24.624477898997565,21.850522101002415,25.317966848496354,21.157033151503626,26.011455797995144,20.463544202004837
20190523,MULT3,MULTIPLAN,22.8,23.33,22.77,23.03,31650860.0,23.428000000000015,23.22449999999999,0.7500638569306622,0.6923536594426288,24.609207318885247,21.83979268111473,25.301560978327874,21.147439021672103,25.993914637770505,20.45508536222947
20190524,MULT3,MULTIPLAN,23.18,23.19,22.74,22.76,52841060.0,23.377000000000017,23.22474999999999,0.7594880547205306,0.692179713954596,24.609109427909182,21.840390572090797,25.301289141863776,21.148210858136203,25.993468855818374,20.456031144181605
20190527,MULT3,MULTIPLAN,22.82,23.37,22.82,23.16,35937509.0,23.328000000000017,23.21524999999999,0.7390078697679521,0.6903473206125544,24.5959446412251,21.83455535877488,25.286291961837655,21.144208038162326,25.976639282450208,20.453860717549773
20190528,MULT3,MULTIPLAN,23.32,23.53,23.03,23.48,77911751.0,23.29450000000002,23.21749999999999,0.7145663020322328,0.6910777536127694,24.599655507225528,21.835344492774453,25.290733260838298,21.144266739161683,25.98181101445107,20.453188985548913
20190529,MULT3,MULTIPLAN,23.4,23.84,23.31,23.84,48703658.0,23.28850000000002,23.23324999999999,0.7091675995211193,0.6980463121069859,24.62934262421396,21.83715737578602,25.32738893632095,21.13911106367903,26.025435248427936,20.441064751572046
20190530,MULT3,MULTIPLAN,23.75,24.59,23.51,24.51,86024064.0,23.34850000000002,23.26174999999999,0.7600226797170131,0.7264662891220613,24.714682578244112,21.808817421755865,25.441148867366174,21.082351132633804,26.167615156488235,20.355884843511742
20190531,MULT3,MULTIPLAN,24.48,25.07,24.24,24.84,124942638.0,23.382000000000016,23.299499999999988,0.8111823729009902,0.7681411128372038,24.835782225674397,21.76321777432558,25.6039233385116,20.995076661488376,26.372064451348802,20.226935548651173
20190603,MULT3,MULTIPLAN,24.95,25.02,24.44,24.76,79162639.0,23.416000000000018,23.32699999999999,0.8550432429815691,0.8003915708368468,24.927783141673686,21.726216858326296,25.72817471251053,20.925825287489452,26.528566283347377,20.125433716652605
20190604,MULT3,MULTIPLAN,24.95,25.5,24.6,25.19,97889434.0,23.486500000000017,23.36099999999999,0.9404941310430022,0.8496750510093257,25.060350102018642,21.661649897981338,25.910025153027966,20.811974846972014,26.759700204037294,19.962299795962686
20190605,MULT3,MULTIPLAN,25.23,25.38,24.67,24.85,80457333.0,23.514000000000017,23.399249999999988,0.9730116026787059,0.881619685142509,25.162489370285005,21.63601062971497,26.044109055427516,20.75439094457246,26.925728740570023,19.872771259429953
20190606,MULT3,MULTIPLAN,25.09,25.21,24.81,25.21,28199976.0,23.564000000000018,23.45774999999999,1.0344151665758385,0.922297820246137,25.302345640492263,21.613154359507718,26.224643460738402,20.690856539261578,27.14694128098454,19.76855871901544
20190607,MULT3,MULTIPLAN,25.16,26.34,25.01,26.1,93357084.0,23.67300000000002,23.53524999999999,1.1786973184075142,1.009015736453234,25.55328147290646,21.517218527093522,26.56229720935969,20.50820279064029,27.571312945812927,19.499187054187054
20190610,MULT3,MULTIPLAN,26.03,26.29,25.79,26.14,62739680.0,23.820500000000017,23.62874999999999,1.2940124257111087,1.0724120608260301,25.77357412165205,21.48392587834793,26.84598618247808,20.4115138175219,27.91839824330411,19.339101756695868
20190611,MULT3,MULTIPLAN,26.16,26.19,25.78,26.0,83142863.0,23.971000000000018,23.733749999999993,1.3654068219668787,1.0941585866868275,25.922067173373648,21.54543282662634,27.016225760060475,20.45127423993951,28.110384346747303,19.357115653252684
20190612,MULT3,MULTIPLAN,25.95,26.3,25.87,26.18,61311387.0,24.147000000000016,23.836999999999993,1.413540161959924,1.1256091228467808,26.088218245693554,21.58578175430643,27.213827368540336,20.46017263145965,28.339436491387115,19.33456350861287
20190613,MULT3,MULTIPLAN,26.28,27.26,26.27,27.0,162169088.0,24.387500000000017,23.955999999999992,1.4710679078389564,1.2015007709377894,26.35900154187557,21.552998458124414,27.560502312813362,20.351497687186622,28.76200308375115,19.149996916248835
20190614,MULT3,MULTIPLAN,26.93,27.26,26.74,27.2,120773245.0,24.66900000000002,24.078499999999995,1.4419245180623939,1.2758256250918554,26.630151250183705,21.526848749816285,27.90597687527556,20.25102312472443,29.181802500367418,18.97519749963257
20190617,MULT3,MULTIPLAN,27.04,27.2,26.53,26.53,99291693.0,24.84800000000002,24.164249999999992,1.4395050318918978,1.3227765815191097,26.80980316303821,21.518696836961773,28.132579744557322,20.195920255442662,29.45535632607643,18.873143673923554
20190618,MULT3,MULTIPLAN,26.79,27.43,26.71,27.06,117214636.0,25.036000000000023,24.25674999999999,1.4718602622460233,1.3926186134631757,27.04198722692634,21.471512773073638,28.434605840389516,20.078894159610464,29.827224453852693,18.686275546147286
20190619,MULT3,MULTIPLAN,27.25,27.49,26.57,27.44,101577992.0,25.26400000000002,24.357499999999995,1.4734899496022793,1.4732325351295013,27.303965070258997,21.411034929740993,28.777197605388498,19.93780239461149,30.250430140518,18.46456985948199
20190621,MULT3,MULTIPLAN,27.65,28.0,27.53,27.99,122454473.0,25.51200000000002,24.46999999999999,1.4949479836048427,1.5736809698511915,27.617361939702374,21.32263806029761,29.191042909553566,19.748957090446417,30.76472387940476,18.175276120595225
20190624,MULT3,MULTIPLAN,28.01,28.13,27.47,27.96,103302888.0,25.772000000000027,24.574499999999993,1.4423978573706135,1.6629414008208745,27.900382801641744,21.248617198358243,29.563324202462617,19.58567579753737,31.22626560328349,17.922734396716496
20190625,MULT3,MULTIPLAN,27.7,27.96,27.21,27.39,70196037.0,25.983500000000028,24.655749999999994,1.3461534869866354,1.7195987717771328,28.09494754355426,21.21655245644573,29.81454631533139,19.496953684668597,31.534145087108527,17.77735491289146
20190626,MULT3,MULTIPLAN,27.4,27.62,27.26,27.42,43321214.0,26.180500000000023,24.737499999999994,1.2449961953017143,1.7718724703776052,28.281244940755204,21.193755059244783,30.05311741113281,19.421882588867177,31.824989881510415,17.650010118489572
20190627,MULT3,MULTIPLAN,27.17,27.6,26.9,27.21,69134925.0,26.349000000000025,24.818749999999994,1.1347241723733446,1.8094228963812475,28.43759579276249,21.1999042072375,30.247018689143736,19.390481310856252,32.056441585524986,17.581058414475002
20190628,MULT3,MULTIPLAN,27.47,27.78,27.13,27.76,117751197.0,26.511500000000023,24.929999999999996,1.0893082063497914,1.850613203986509,28.631226407973013,21.22877359202698,30.481839611959522,19.37816038804047,32.332452815946034,17.527547184053958
20190701,MULT3,MULTIPLAN,27.96,27.97,27.09,27.09,59638363.0,26.624000000000024,25.002999999999993,1.0216828223444039,1.8772650592188846,28.757530118437764,21.248469881562222,30.63479517765665,19.371204822343337,32.512060236875534,17.493939763124455
20190702,MULT3,MULTIPLAN,27.15,27.38,26.87,27.26,76117277.0,26.749000000000024,25.082499999999996,0.9304888358729237,1.9043146017830355,28.891129203566067,21.273870796433926,30.7954438053491,19.36955619465089,32.69975840713214,17.465241592867855
20190703,MULT3,MULTIPLAN,27.04,27.84,27.04,27.84,58181637.0,26.881500000000024,25.183999999999997,0.8843390335814217,1.9409577334596695,29.065915466919336,21.30208453308066,31.006873200379005,19.36112679962099,32.947830933838674,17.42016906616132
20190704,MULT3,MULTIPLAN,28.0,28.2,27.8,28.02,39669026.0,27.04000000000002,25.276999999999997,0.7788588143120081,1.986111004721764,29.249222009443525,21.30477799055647,31.235333014165292,19.318666985834703,33.221444018887055,17.33255598111294
20190705,MULT3,MULTIPLAN,27.93,28.35,27.69,28.2,99122963.0,27.18950000000002,25.376749999999998,0.6911277968500986,2.0308409114680246,29.438431822936046,21.31506817706395,31.469272734404072,19.284227265595923,33.5001136458721,17.253386354127898
20190708,MULT3,MULTIPLAN,28.13,28.68,27.99,28.62,81675553.0,27.31550000000002,25.494249999999997,0.7114586573038184,2.0797717915983402,29.653793583196677,21.334706416803318,31.73356537479502,19.254934625204974,33.81333716639336,17.175162833606635
20190710,MULT3,MULTIPLAN,28.82,29.54,28.66,29.54,119397512.0,27.48550000000002,25.653,0.8145355473487026,2.1408304164026704,29.93466083280534,21.37133916719466,32.075491249208014,19.230508750791987,34.21632166561068,17.08967833438932
20190711,MULT3,MULTIPLAN,29.46,29.47,28.85,28.99,77019449.0,27.63500000000002,25.802999999999997,0.8018301434513906,2.1595764067080867,30.12215281341617,21.483847186583823,32.281729220124255,19.32427077987574,34.441305626832346,17.16469437316765
20190712,MULT3,MULTIPLAN,29.19,29.19,28.37,28.37,57548421.0,27.744500000000023,25.945749999999993,0.7398113201848089,2.135073273828169,30.21589654765633,21.675603452343655,32.3509698214845,19.54053017851549,34.48604309531267,17.40545690468732
20190715,MULT3,MULTIPLAN,28.49,28.59,27.96,27.96,65653068.0,27.792500000000025,26.089999999999993,0.7198382493748591,2.0687057765046086,30.227411553009212,21.952588446990774,32.29611732951382,19.883882670486166,34.36482310601843,17.81517689398156
20190716,MULT3,MULTIPLAN,27.89,28.19,27.69,28.0,118519298.0,27.83250000000002,26.250749999999993,0.7072993485229253,1.9551790363295392,30.161108072659072,22.340391927340914,32.11628710898861,20.385212891011378,34.07146614531815,18.430033854681838
20190717,MULT3,MULTIPLAN,28.14,28.99,28.02,28.88,159619208.0,27.950000000000024,26.398999999999994,0.6739436178196938,1.9230395278415267,30.245079055683046,22.55292094431694,32.168118583524574,20.629881416475413,34.0911581113661,18.70684188863389
20190718,MULT3,MULTIPLAN,28.99,29.07,28.37,28.37,151214804.0,28.015500000000024,26.525749999999995,0.6459711171642439,1.880149867867176,30.28604973573435,22.765450264265642,32.16619960360153,20.885300396398467,34.0463494714687,19.005150528531292
20190719,MULT3,MULTIPLAN,28.21,28.47,27.89,28.07,60004429.0,28.047000000000025,26.65549999999999,0.6316319714583128,1.7994542619987788,30.254408523997547,23.05659147600243,32.05386278599632,21.257137214003652,33.853317047995105,19.457682952004873
20190722,MULT3,MULTIPLAN,28.15,28.41,27.95,28.18,66120690.0,28.05650000000002,26.784249999999993,0.6321581664174835,1.7156906174691633,30.21563123493832,23.352868765061665,31.931321852407482,21.637178147592504,33.64701246987664,19.92148753012334
20190723,MULT3,MULTIPLAN,28.33,28.38,27.5,27.7,66818012.0,28.043500000000023,26.907749999999993,0.6369026613226656,1.5919194791838713,30.091588958367737,23.72391104163225,31.68350843755161,22.131991562448377,33.27542791673548,20.54007208326451
20190724,MULT3,MULTIPLAN,27.8,28.16,27.61,27.65,95511341.0,28.05650000000002,27.019999999999992,0.6254116539064483,1.4748785260714126,29.969757052142818,24.070242947857167,31.444635578214232,22.595364421785753,32.91951410428564,21.120485895714342
20190725,MULT3,MULTIPLAN,27.62,27.85,27.24,27.3,98093858.0,28.05050000000002,27.11549999999999,0.6323762620797837,1.3588965168803901,29.83329303376077,24.39770696623921,31.19218955064116,23.03881044935882,32.55108606752155,21.679913932478428
20190726,MULT3,MULTIPLAN,27.38,27.74,27.25,27.6,45346631.0,28.07000000000002,27.20949999999999,0.6107372593840116,1.2523801954063563,29.714260390812704,24.70473960918728,30.96664058621906,23.452359413780922,32.21902078162542,22.199979218374565
20190729,MULT3,MULTIPLAN,27.51,28.17,27.43,28.17,60830007.0,28.09050000000002,27.300999999999995,0.6066515083896782,1.1818082624650559,29.664616524930107,24.937383475069883,30.84642478739516,23.75557521260483,32.02823304986022,22.57376695013977
20190730,MULT3,MULTIPLAN,28.21,28.69,27.37,28.6,121150782.0,28.166000000000018,27.394999999999992,0.5683345938144239,1.1294155511499693,29.653831102299932,25.136168897700053,30.7832466534499,24.006753346550084,31.91266220459987,22.877337795400116
20190731,MULT3,MULTIPLAN,28.69,28.69,27.85,28.39,104633775.0,28.222500000000018,27.485749999999996,0.5282829684333299,1.0556924753752863,29.59713495075057,25.374365049249423,30.652827426125853,24.31867257387414,31.70851990150114,23.26298009849885
20190801,MULT3,MULTIPLAN,28.47,29.04,28.19,28.27,130480863.0,28.244000000000018,27.562749999999994,0.5205907575456877,0.9945028071017331,29.55175561420346,25.573744385796527,30.546258421305193,24.579241578694795,31.540761228406925,23.584738771593063
20190802,MULT3,MULTIPLAN,28.3,28.77,28.0,28.41,76718469.0,28.263500000000015,27.65175,0.5190606393941928,0.9003471908671976,29.452444381734395,25.851055618265605,30.352791572601593,24.950708427398407,31.25313876346879,24.05036123653121
20190805,MULT3,MULTIPLAN,27.97,28.11,27.41,27.5,72138533.0,28.228500000000015,27.708999999999996,0.5464456923947071,0.8093073961964942,29.327614792392986,26.090385207607007,30.13692218858948,25.281077811410512,30.94622958478597,24.47177041521402
20190806,MULT3,MULTIPLAN,27.48,27.98,27.38,27.85,91403185.0,28.190000000000015,27.75275,0.5445326339840193,0.7662529123213245,29.285255824642647,26.22024417535735,30.051508736963974,25.453991263036023,30.8177616492853,24.6877383507147
20190807,MULT3,MULTIPLAN,27.43,28.49,27.43,28.29,120710960.0,28.127500000000015,27.806499999999993,0.4438571960960053,0.7244929261213555,29.255485852242703,26.357514147757282,29.97997877836406,25.633021221635925,30.704471704485414,24.90852829551457
20190808,MULT3,MULTIPLAN,28.38,28.57,28.04,28.11,134573767.0,28.083500000000015,27.859249999999992,0.3947587537776757,0.6638674083710672,29.186984816742125,26.53151518325786,29.850852225113194,25.86764777488679,30.514719633484262,25.203780366515723
20190809,MULT3,MULTIPLAN,28.23,28.6,27.79,28.0,92086704.0,28.065000000000015,27.90474999999999,0.3892570521281183,0.605640104267638,29.116030208535264,26.693469791464715,29.721670312802903,26.087829687197075,30.327310417070542,25.482189582929436
20190812,MULT3,MULTIPLAN,27.65,28.06,27.33,27.95,147027001.0,28.064500000000017,27.928499999999993,0.38940541720328203,0.5876094551611217,29.103718910322236,26.75328108967775,29.691328365483358,26.165671634516627,30.27893782064448,25.578062179355506
20190813,MULT3,MULTIPLAN,27.75,28.39,27.53,28.23,85588527.0,28.076000000000015,27.95424999999999,0.39079406341434264,0.5773453283824213,29.108940656764833,26.79955934323515,29.686285985147254,26.222214014852728,30.263631313529675,25.644868686470307
20190814,MULT3,MULTIPLAN,27.94,27.94,27.22,27.53,88399316.0,28.008500000000016,27.97924999999999,0.3599894004286065,0.5341246733362384,29.047499346672467,26.911000653327513,29.581624020008704,26.376875979991276,30.115748693344944,25.842751306655035
20190815,MULT3,MULTIPLAN,27.78,27.78,26.83,26.94,62292779.0,27.93700000000002,27.976249999999993,0.4212150344693973,0.5397277922651995,29.055705584530394,26.896794415469593,29.59543337679559,26.357066623204396,30.13516116906079,25.817338830939196
20190816,MULT3,MULTIPLAN,27.2,27.5,26.84,26.9,85901574.0,27.878500000000013,27.962749999999993,0.4790481241619238,0.559862563263045,29.082475126526084,26.8430248734739,29.642337689789127,26.28316231021086,30.202200253052172,25.723299746947813
20190819,MULT3,MULTIPLAN,27.04,27.57,26.58,27.0,91748415.0,27.819500000000016,27.937999999999995,0.5115248103258042,0.5801423344361332,29.09828466887226,26.77771533112773,29.678427003308396,26.197572996691594,30.25856933774453,25.61743066225546
20190820,MULT3,MULTIPLAN,27.22,27.22,26.47,26.55,77647666.0,27.76200000000001,27.90274999999999,0.5850200176511369,0.6202232331783757,29.14319646635674,26.66230353364324,29.763419699535117,26.042080300464864,30.383642932713492,25.42185706728649
20190821,MULT3,MULTIPLAN,26.95,27.06,26.54,26.79,63770054.0,27.719000000000012,27.88774999999999,0.6239930836323103,0.6398857570310198,29.16752151406203,26.60797848593795,29.807407271093048,25.96809272890693,30.44729302812407,25.32820697187591
20190822,MULT3,MULTIPLAN,26.92,27.03,26.31,26.31,54477388.0,27.66950000000001,27.859999999999985,0.6942885415641519,0.6832876782746281,29.22657535654924,26.49342464345073,29.90986303482387,25.8101369651761,30.5931507130985,25.12684928690147
20190823,MULT3,MULTIPLAN,26.27,26.52,25.61,25.8,86493371.0,27.579500000000007,27.824749999999984,0.8106818118102275,0.7507226860045807,29.326195372009146,26.323304627990822,30.076918058013725,25.572581941986243,30.827640744018307,24.82185925598166
20190826,MULT3,MULTIPLAN,26.0,26.41,25.46,25.57,99004876.0,27.44950000000001,27.769999999999982,0.9130139504323733,0.8311191096099622,29.432238219219904,26.10776178078006,30.26335732882987,25.276642671170094,31.09447643843983,24.445523561560133
20190827,MULT3,MULTIPLAN,25.57,26.34,25.57,25.83,91367348.0,27.311000000000014,27.73849999999998,0.9390302948982889,0.8799928612763396,29.498485722552658,25.978514277447303,30.378478583829,25.09852141617096,31.25847144510534,24.218528554894622
20190828,MULT3,MULTIPLAN,25.69,26.37,25.64,26.15,69346708.0,27.199000000000012,27.710749999999983,0.9371451609177257,0.9123747191834131,29.53549943836681,25.886000561633157,30.447874157550224,24.973625842449742,31.360248876733635,24.06125112326633
20190829,MULT3,MULTIPLAN,26.15,26.82,26.02,26.26,77406982.0,27.098500000000012,27.671249999999986,0.9239291098346963,0.9404068609396941,29.552063721879374,25.7904362781206,30.492470582819067,24.850029417180906,31.432877443758763,23.90962255624121
20190830,MULT3,MULTIPLAN,26.31,26.67,25.99,25.99,128874319.0,26.977500000000013,27.620499999999986,0.9013199385228787,0.975234225646168,29.570968451292323,25.670031548707648,30.54620267693849,24.694797323061483,31.521436902584657,23.719563097415314
20190902,MULT3,MULTIPLAN,26.2,26.51,26.04,26.2,102715591.0,26.912500000000016,27.57049999999999,0.9085029617887269,0.995814188207712,29.562128376415412,25.578871623584565,30.557942564623126,24.58305743537685,31.553756752830836,23.58724324716914
20190903,MULT3,MULTIPLAN,26.21,26.66,25.72,26.04,71741762.0,26.822000000000013,27.50599999999999,0.9003133957274323,1.009553849162521,29.52510769832503,25.48689230167495,30.534661547487552,24.477338452512427,31.544215396650074,23.467784603349905
20190904,MULT3,MULTIPLAN,26.4,26.41,25.9,26.3,98624613.0,26.722500000000014,27.42499999999999,0.837294358099475,0.9714329885699482,29.367865977139886,25.482134022860095,30.339298965709833,24.510701034290147,31.31073195427978,23.5392680457202
20190905,MULT3,MULTIPLAN,26.5,26.66,26.29,26.57,76357974.0,26.645500000000016,27.364499999999985,0.7711814244868951,0.9465049067286604,29.257509813457308,25.471490186542663,30.204014720185967,24.524985279814004,31.150519626914626,23.578480373085345
20190906,MULT3,MULTIPLAN,26.72,26.87,26.09,26.3,81036673.0,26.56050000000001,27.312749999999987,0.704866355380454,0.9467081631388519,29.20616632627769,25.419333673722285,30.152874489416543,24.47262551058343,31.099582652555394,23.52591734744458
20190909,MULT3,MULTIPLAN,26.21,26.43,25.31,25.54,124485322.0,26.44000000000001,27.252249999999986,0.6593537505929675,0.9809897866636307,29.21422957332725,25.290270426672723,30.19521935999088,24.309280640009092,31.176209146654507,23.328290853345464
20190910,MULT3,MULTIPLAN,25.49,26.07,25.26,26.07,138162625.0,26.33200000000001,27.203999999999986,0.5109186772244746,0.990684301185438,29.18536860237086,25.22263139762911,30.1760529035563,24.231947096443673,31.16673720474174,23.241262795258233
20190911,MULT3,MULTIPLAN,26.52,27.1,26.37,27.05,116194349.0,26.30800000000001,27.15824999999998,0.4604642965757696,0.9528335273116325,29.063917054623246,25.252582945376716,30.01675058193488,24.299749418065083,30.96958410924651,23.34691589075345
20190912,MULT3,MULTIPLAN,27.29,27.46,26.73,26.86,89504736.0,26.30400000000001,27.120499999999982,0.4550002891843701,0.9333066388123357,28.987113277624655,25.25388672237531,29.92041991643699,24.320580083562973,30.853726555249324,23.38727344475064
20190913,MULT3,MULTIPLAN,26.89,26.94,25.85,25.95,63511764.0,26.25650000000001,27.067499999999985,0.438805495815472,0.9381863299704852,28.943872659940954,25.191127340059015,29.882058989911442,24.252941010088527,30.820245319881927,23.314754680118043
20190916,MULT3,MULTIPLAN,26.01,26.33,25.55,26.33,49094382.0,26.223000000000013,27.02124999999998,0.40318599599736804,0.9274757236438143,28.87620144728761,25.16629855271235,29.803677170931422,24.23882282906854,30.73115289457524,23.311347105424723
20190917,MULT3,MULTIPLAN,25.85,27.0,25.85,26.96,83367670.0,26.24350000000002,27.00274999999998,0.4302052753597243,0.9209470808037371,28.844644161607455,25.160855838392507,29.765591242411194,24.23990875758877,30.68653832321493,23.318961676785033
20190918,MULT3,MULTIPLAN,26.76,27.49,26.76,27.21,76325038.0,26.26450000000002,26.99174999999998,0.46696641375897097,0.9156303349367089,28.823010669873398,25.16048933012656,29.738641004810106,24.24485899518985,30.654271339746813,23.329228660253143
20190919,MULT3,MULTIPLAN,28.0,28.53,27.87,28.17,95858218.0,26.357500000000023,27.013499999999983,0.6324128814560496,0.9333027925405568,28.880105585081097,25.14689441491887,29.813408377621652,24.213591622378313,30.74671117016221,23.280288829837755
20190920,MULT3,MULTIPLAN,28.32,28.7,27.94,28.7,138848126.0,26.502500000000026,27.040999999999986,0.8063881460594655,0.96663784218735,28.974275684374685,25.107724315625287,29.940913526562035,24.141086473437937,30.907551368749388,23.174448631250584
20190923,MULT3,MULTIPLAN,28.4,28.72,28.31,28.7,60704836.0,26.659000000000027,27.054249999999985,0.9126185575468543,0.9859497243644104,29.026149448728805,25.082350551271166,30.012099173093215,24.096400826906756,30.99804889745763,23.110451102542342
20190924,MULT3,MULTIPLAN,28.8,28.86,28.38,28.57,77148644.0,26.796000000000028,27.053499999999985,0.9844549654236693,0.9847544272818376,29.02300885456366,25.08399114543631,30.0077632818455,24.099236718154472,30.992517709127334,23.114482290872637
20190925,MULT3,MULTIPLAN,28.43,28.69,28.06,28.43,74134819.0,26.910000000000025,27.054499999999983,1.036354948339281,0.986165716557171,29.026831433114324,25.082168566885642,30.012997149671495,24.09600285032847,30.999162866228666,23.1098371337713
20190926,MULT3,MULTIPLAN,28.35,28.74,28.3,28.7,58795018.0,27.03200000000003,27.065249999999985,1.097617515588311,1.0019723817780866,29.06919476355616,25.06130523644381,30.071167145334243,24.059332854665726,31.073139527112332,23.057360472887638
20190927,MULT3,MULTIPLAN,28.75,28.81,28.16,28.58,47470204.0,27.16150000000003,27.069499999999984,1.1207529189179448,1.0081639823880402,29.085827964776065,25.053172035223902,30.093991947164106,24.04500805283586,31.102155929552143,23.036844070447824
20190930,MULT3,MULTIPLAN,28.68,28.85,28.54,28.85,48297929.0,27.29400000000003,27.10324999999998,1.1571534947993052,1.044873658170383,29.192997316340747,25.013502683659215,30.237870974511132,23.96862902548883,31.282744632681514,22.92375536731845
20191001,MULT3,MULTIPLAN,28.74,28.8,27.9,27.99,60388924.0,27.39150000000003,27.106749999999984,1.1277097190883134,1.0476699115607169,29.20208982312142,25.01141017687855,30.249759734682137,23.96374026531783,31.29742964624285,22.916070353757117
20191002,MULT3,MULTIPLAN,27.92,28.06,27.27,27.27,67290767.0,27.440000000000033,27.081249999999983,1.098784016897497,1.0304024294743117,29.142054858948605,25.02044514105136,30.17245728842292,23.990042711577047,31.20285971789723,22.959640282102736
20191003,MULT3,MULTIPLAN,27.16,27.6,27.08,27.5,63617874.0,27.486500000000028,27.065999999999985,1.0795382784953784,1.019240038661234,29.104480077322453,25.027519922677516,30.123720115983687,24.008279884016282,31.14296015464492,22.989039845355048
20191004,MULT3,MULTIPLAN,27.45,28.04,27.23,28.02,62169970.0,27.57250000000003,27.066499999999984,1.0480953903955212,1.0197147665539135,29.105929533107812,25.027070466892155,30.125644299661722,24.007355700338245,31.145359066215637,22.98764093378433
20191007,MULT3,MULTIPLAN,27.79,27.88,27.06,27.06,42507457.0,27.64850000000003,27.044249999999984,0.9427746005108206,1.0096023271438397,29.063454654287664,25.025045345712304,30.073056981431503,24.015443018568465,31.082659308575344,23.005840691424623
20191008,MULT3,MULTIPLAN,27.06,27.54,27.0,27.05,38531636.0,27.697500000000026,27.01474999999998,0.8797779325069653,0.9911376201371737,28.99702524027433,25.032474759725634,29.988162860411503,24.04133713958846,30.979300480548677,23.050199519451287
