DATA DO PREGAO,CODIGO DE NEGOCIACAO DO PAPEL,NOME RESUMIDO DA EMPRESA EMISSORA,PRECO DE ABERTURA,PRECO MAXIMO,PRECO MINIMO,PRECO FECHAMENTO,VOLUME TOTAL DE TITULOS NEGOCIADOS NESTE PAPEL,MA_20,MA_40,STD_20,STD_40,BANDA_1_40 SUPERIOR,BANDA_1_40 INFERIOR,BANDA_2_40 SUPERIOR,BANDA_2_40 INFERIOR,BANDA_3_40 SUPERIOR,BANDA_3_40 INFERIOR
20190102,NATU3,NATURA,45.0,46.89,44.8,46.4,101358738.0,0.0,0.0,0.0,0.0,0.0,0.0,0.0,0.0,0.0,0.0
20190103,NATU3,NATURA,46.42,46.79,46.01,46.76,84816109.0,0.0,0.0,0.0,0.0,0.0,0.0,0.0,0.0,0.0,0.0
20190104,NATU3,NATURA,46.78,47.34,45.67,47.3,78869659.0,0.0,0.0,0.0,0.0,0.0,0.0,0.0,0.0,0.0,0.0
20190107,NATU3,NATURA,47.0,47.07,44.25,45.47,148198736.0,0.0,0.0,0.0,0.0,0.0,0.0,0.0,0.0,0.0,0.0
20190108,NATU3,NATURA,45.5,45.89,44.36,44.36,93567305.0,0.0,0.0,0.0,0.0,0.0,0.0,0.0,0.0,0.0,0.0
20190109,NATU3,NATURA,45.19,45.32,44.58,45.27,71546784.0,0.0,0.0,0.0,0.0,0.0,0.0,0.0,0.0,0.0,0.0
20190110,NATU3,NATURA,45.19,46.07,45.05,45.54,46160538.0,0.0,0.0,0.0,0.0,0.0,0.0,0.0,0.0,0.0,0.0
20190111,NATU3,NATURA,45.28,45.78,44.4,44.71,61869530.0,0.0,0.0,0.0,0.0,0.0,0.0,0.0,0.0,0.0,0.0
20190114,NATU3,NATURA,44.31,44.9,43.49,44.0,68000664.0,0.0,0.0,0.0,0.0,0.0,0.0,0.0,0.0,0.0,0.0
20190115,NATU3,NATURA,44.01,44.29,43.5,43.72,60817336.0,0.0,0.0,0.0,0.0,0.0,0.0,0.0,0.0,0.0,0.0
20190116,NATU3,NATURA,43.76,44.05,43.06,43.29,98054094.0,0.0,0.0,0.0,0.0,0.0,0.0,0.0,0.0,0.0,0.0
20190117,NATU3,NATURA,43.05,44.17,42.9,43.52,64920755.0,0.0,0.0,0.0,0.0,0.0,0.0,0.0,0.0,0.0,0.0
20190118,NATU3,NATURA,43.66,46.05,43.36,46.05,150778343.0,0.0,0.0,0.0,0.0,0.0,0.0,0.0,0.0,0.0,0.0
20190121,NATU3,NATURA,45.95,46.49,45.71,45.82,49085286.0,0.0,0.0,0.0,0.0,0.0,0.0,0.0,0.0,0.0,0.0
20190122,NATU3,NATURA,45.97,46.35,45.08,45.08,46881753.0,0.0,0.0,0.0,0.0,0.0,0.0,0.0,0.0,0.0,0.0
20190123,NATU3,NATURA,45.08,45.79,44.74,45.37,43229504.0,0.0,0.0,0.0,0.0,0.0,0.0,0.0,0.0,0.0,0.0
20190124,NATU3,NATURA,45.41,46.45,45.32,46.45,56030975.0,0.0,0.0,0.0,0.0,0.0,0.0,0.0,0.0,0.0,0.0
20190128,NATU3,NATURA,45.75,47.66,45.75,47.57,68762368.0,0.0,0.0,0.0,0.0,0.0,0.0,0.0,0.0,0.0,0.0
20190129,NATU3,NATURA,47.78,48.45,47.44,47.91,61124857.0,0.0,0.0,0.0,0.0,0.0,0.0,0.0,0.0,0.0,0.0
20190130,NATU3,NATURA,47.92,49.15,47.91,48.6,66358278.0,45.65950000000001,0.0,1.4962144336888812,0.0,0.0,0.0,0.0,0.0,0.0,0.0
20190131,NATU3,NATURA,48.95,48.95,47.43,47.43,60302066.0,45.711000000000006,0.0,1.5401261055681845,0.0,0.0,0.0,0.0,0.0,0.0,0.0
20190201,NATU3,NATURA,47.5,48.1,47.23,48.09,68097238.0,45.77750000000001,0.0,1.6147115597073747,0.0,0.0,0.0,0.0,0.0,0.0,0.0
20190204,NATU3,NATURA,48.04,48.4,47.69,48.23,34005877.0,45.82400000000001,0.0,1.6731954930296482,0.0,0.0,0.0,0.0,0.0,0.0,0.0
20190205,NATU3,NATURA,48.23,48.23,46.84,47.65,58167575.0,45.93300000000001,0.0,1.7192933064733895,0.0,0.0,0.0,0.0,0.0,0.0,0.0
20190206,NATU3,NATURA,47.1,47.1,45.56,45.56,79204553.0,45.99300000000001,0.0,1.6820448082147201,0.0,0.0,0.0,0.0,0.0,0.0,0.0
20190207,NATU3,NATURA,45.85,46.86,45.15,45.5,64090164.0,46.004500000000014,0.0,1.6776219855246826,0.0,0.0,0.0,0.0,0.0,0.0,0.0
20190208,NATU3,NATURA,45.39,45.82,44.85,45.13,49462573.0,45.984000000000016,0.0,1.686080475072599,0.0,0.0,0.0,0.0,0.0,0.0,0.0
20190211,NATU3,NATURA,45.4,45.46,44.4,44.76,53424304.0,45.986500000000014,0.0,1.6841279955107769,0.0,0.0,0.0,0.0,0.0,0.0,0.0
20190212,NATU3,NATURA,45.43,46.23,44.92,45.5,65472690.0,46.06150000000001,0.0,1.623308107084513,0.0,0.0,0.0,0.0,0.0,0.0,0.0
20190213,NATU3,NATURA,45.57,45.98,44.83,45.2,64014983.0,46.135500000000015,0.0,1.5426821311905843,0.0,0.0,0.0,0.0,0.0,0.0,0.0
20190214,NATU3,NATURA,45.12,45.91,44.34,45.38,78132719.0,46.240000000000016,0.0,1.4043728699653524,0.0,0.0,0.0,0.0,0.0,0.0,0.0
20190215,NATU3,NATURA,45.3,46.86,44.8,46.7,87199102.0,46.399000000000015,0.0,1.251958045370692,0.0,0.0,0.0,0.0,0.0,0.0,0.0
20190218,NATU3,NATURA,46.47,47.16,45.76,46.12,125072611.0,46.40250000000002,0.0,1.2510285242235828,0.0,0.0,0.0,0.0,0.0,0.0,0.0
20190219,NATU3,NATURA,46.49,47.67,46.32,47.67,159647519.0,46.49500000000002,0.0,1.273877214606933,0.0,0.0,0.0,0.0,0.0,0.0,0.0
20190220,NATU3,NATURA,47.71,48.23,45.59,45.59,87829713.0,46.52050000000001,0.0,1.2489215347650866,0.0,0.0,0.0,0.0,0.0,0.0,0.0
20190221,NATU3,NATURA,45.88,47.22,45.4,46.85,71154490.0,46.59450000000002,0.0,1.2206921030818105,0.0,0.0,0.0,0.0,0.0,0.0,0.0
20190222,NATU3,NATURA,46.79,50.0,46.77,49.63,194144031.0,46.75350000000002,0.0,1.3954711522787133,0.0,0.0,0.0,0.0,0.0,0.0,0.0
20190225,NATU3,NATURA,49.68,52.09,49.64,49.87,150768141.0,46.86850000000001,0.0,1.5522624405075638,0.0,0.0,0.0,0.0,0.0,0.0,0.0
20190226,NATU3,NATURA,49.97,50.5,49.1,49.1,80518917.0,46.92800000000001,0.0,1.6157924567090494,0.0,0.0,0.0,0.0,0.0,0.0,0.0
20190227,NATU3,NATURA,48.82,49.39,48.02,48.2,76718939.0,46.908000000000015,46.283750000000005,1.5963662684853577,1.6528246025113071,49.589399205022616,42.978100794977394,51.242223807533925,41.325276192466085,52.895048410045234,39.672451589954775
20190228,NATU3,NATURA,48.31,48.47,47.31,48.38,69743966.0,46.955500000000015,46.33325000000001,1.6265639437654658,1.6857173585214418,49.70468471704289,42.961815282957126,51.39040207556433,41.27609792443568,53.076119434085776,39.59038056591424
20190301,NATU3,NATURA,48.49,49.04,47.26,47.5,74684851.0,46.926000000000016,46.35175,1.6101729230443647,1.6945582398386676,49.74086647967734,42.96263352032267,51.43542471951601,41.268075280484,53.12998295935467,39.573517040645335
20190306,NATU3,NATURA,48.16,48.16,46.29,47.13,42606236.0,46.871000000000016,46.34750000000001,1.581824063674916,1.6923307399362952,49.7321614798726,42.96283852012742,51.4244922198089,41.270507780191124,53.11682295974519,39.57817704025483
20190307,NATU3,NATURA,46.83,47.79,46.18,46.68,59246394.0,46.82250000000001,46.377750000000006,1.57151912760266,1.6870494460250203,49.75184889205005,43.00365110794996,51.43889833807506,41.31660166192495,53.125947784100084,39.62955221589993
20190308,NATU3,NATURA,46.3,48.7,46.3,48.09,75174322.0,46.94900000000001,46.47100000000001,1.5663632031589916,1.675708499220246,49.8224169984405,43.11958300155952,51.49812549766075,41.44387450233927,53.173833996880994,39.76816600311903
20190311,NATU3,NATURA,48.41,48.99,47.21,47.99,83427307.0,47.07350000000001,46.53900000000001,1.5439262151717947,1.68090299297576,49.90080598595153,43.17719401404849,51.58170897892729,41.49629102107273,53.26261197190305,39.81538802809697
20190312,NATU3,NATURA,47.99,49.86,47.99,49.15,85550340.0,47.27450000000001,46.62925000000001,1.5392598187030166,1.7222933242835816,50.07383664856717,43.18466335143285,51.79612997285076,41.46237002714927,53.51842329713434,39.740076702865686
20190313,NATU3,NATURA,49.0,49.31,47.82,48.7,97603909.0,47.47150000000001,46.72900000000001,1.4500499991379452,1.7238296661644716,50.17665933232896,43.28134066767107,51.90048899849343,41.5575110015066,53.6243186646579,39.83368133534213
20190314,NATU3,NATURA,48.6,48.78,47.17,47.23,50557895.0,47.558000000000014,46.809750000000015,1.3759612907651735,1.667446208719896,50.144642417439805,43.474857582560226,51.81208862615971,41.807411373840324,53.4795348348796,40.13996516512043
20190315,NATU3,NATURA,47.25,47.76,46.46,46.66,205684172.0,47.631000000000014,46.88325000000002,1.2796335824223701,1.5907946530602635,50.06483930612055,43.70166069387949,51.65563395918081,42.110866040819225,53.246428612241075,40.52007138775896
20190318,NATU3,NATURA,46.98,46.98,45.73,46.48,131619460.0,47.686000000000014,46.963000000000015,1.1988828132890843,1.482299322691364,49.927598645382744,43.998401354617286,51.409897968074105,42.516102031925925,52.89219729076547,41.03380270923456
20190319,NATU3,NATURA,46.37,46.85,46.16,46.65,39963299.0,47.68350000000001,47.04125000000002,1.2010971957690022,1.3745865345716275,49.79042306914327,44.292076930856766,51.1650096037149,42.91749039628514,52.53959613828653,41.54290386171351
20190320,NATU3,NATURA,46.3,46.9,45.66,46.09,61437148.0,47.68200000000001,47.04225000000002,1.2031694984935466,1.373861276727859,49.78997255345573,44.2945274465443,51.16383383018359,42.92066616981644,52.53769510691146,41.54680489308858
20190321,NATU3,NATURA,46.01,46.46,44.57,45.0,98899404.0,47.54850000000001,47.02175000000002,1.3444085962549344,1.3984641529833657,49.81867830596675,44.22482169403329,51.217142458950114,42.82635754104992,52.61560661193348,41.42789338806656
20190322,NATU3,NATURA,44.58,44.58,40.85,41.5,324423273.0,47.34400000000001,46.932250000000025,1.8673578294365158,1.6225280804333917,50.177306160866806,43.68719383913324,51.7998342413002,42.064665758699846,53.422362321733594,40.442137678266455
20190325,NATU3,NATURA,41.64,42.68,39.68,40.1,186056890.0,47.00650000000001,46.80050000000002,2.4730851710278534,1.9362664973391301,50.67303299467828,42.92796700532176,52.60929949201741,40.99170050798263,54.54556598935654,39.0554340106435
20190326,NATU3,NATURA,40.35,44.38,40.31,44.0,247460662.0,46.72500000000001,46.73925000000002,2.479158388604781,1.9857561854883201,50.71076237097666,42.76773762902338,52.69651855646498,40.78198144353506,54.6822747419533,38.79622525804674
20190327,NATU3,NATURA,43.98,44.87,43.2,43.68,147132060.0,46.41550000000001,46.642000000000024,2.4521043057577674,2.0385794450661345,50.71915889013229,42.56484110986776,52.757738335198425,40.52626166480162,54.79631778026456,38.48768221973549
20190328,NATU3,NATURA,44.09,45.32,43.55,44.58,67518029.0,46.18950000000001,46.55875000000002,2.399391315356985,2.0534101561136695,50.66557031222736,42.451929687772676,52.71898046834103,40.398519531659005,54.772390624454694,38.34510937554534
20190329,NATU3,NATURA,45.44,45.44,44.4,45.39,88973829.0,46.04900000000001,46.478500000000025,2.357371194226404,2.034225802457684,50.54695160491539,42.41004839508466,52.581177407373076,40.375822592626974,54.61540320983076,38.34159679016929
20190401,NATU3,NATURA,45.69,46.15,45.15,45.48,66913099.0,45.90400000000001,46.42975000000003,2.2948051172846453,2.034204295390364,50.498158590780754,42.3613414092193,52.53236288617112,40.32713711382893,54.56656718156148,38.29293281843857
20190402,NATU3,NATURA,45.51,45.99,44.95,45.59,81208698.0,45.80850000000001,46.36725000000003,2.264432716226251,2.020243686113644,50.40773737222732,42.32676262777274,52.42798105834096,40.30651894165909,54.448224744454606,38.28627525554545
20190403,NATU3,NATURA,46.0,46.36,45.1,45.28,47117238.0,45.71600000000001,46.29350000000002,2.2453141850248244,2.0042820186431856,50.30206403728639,42.284935962713654,52.30634605592958,40.280653944070465,54.31062807457276,38.276371925427284
20190404,NATU3,NATURA,45.8,46.2,45.24,45.88,40367605.0,45.67600000000001,46.249250000000025,2.2343358839049405,1.9930731167516014,50.23539623350323,42.26310376649682,52.22846935025483,40.27003064974522,54.22154246700643,38.27695753299362
20190405,NATU3,NATURA,46.25,46.5,45.85,46.11,84552893.0,45.57700000000001,46.26300000000002,2.164520367437701,1.990091094423207,50.24318218884643,42.282817811153606,52.23327328326964,40.2927267167304,54.223364377692846,38.30263562230719
20190408,NATU3,NATURA,46.11,46.36,45.09,45.43,34158417.0,45.449000000000005,46.261250000000025,2.088681024247753,1.9908098951084032,50.24286979021683,42.27963020978322,52.233679685325235,40.288820314674815,54.22448958043364,38.29801041956641
20190409,NATU3,NATURA,45.4,45.59,44.03,44.6,40527349.0,45.221500000000006,46.24800000000002,1.9039772085102116,2.000273314658106,50.24854662931623,42.24745337068381,52.24881994397434,40.2471800560257,54.24909325863244,38.246906741367596
20190410,NATU3,NATURA,44.45,46.46,44.45,46.46,105467254.0,45.10950000000001,46.29050000000002,1.7480891070868823,1.9858550441586238,50.26221008831727,42.31878991168278,52.248065132475894,40.33293486752415,54.23392017663452,38.347079823365526
20190411,NATU3,NATURA,46.53,47.1,45.18,45.51,66301228.0,45.023500000000006,46.29075000000002,1.6792300083826095,1.9857536029917873,50.262257205983595,42.31924279401644,52.24801080897538,40.333489191024654,54.233764411967165,38.34773558803287
20190412,NATU3,NATURA,45.24,46.3,44.35,46.1,130890529.0,44.99550000000001,46.31325000000002,1.6550003180155608,1.9781620419223895,50.269574083844795,42.35692591615524,52.24773612576719,40.378763874232845,54.22589816768958,38.40060183231046
20190415,NATU3,NATURA,46.0,46.19,45.45,46.0,419727967.0,44.971500000000006,46.328750000000014,1.6357077174245207,1.973084514155436,50.27491902831088,42.382580971689144,52.24800354246632,40.409496457533706,54.22108805662176,38.43641194337827
20190416,NATU3,NATURA,46.0,46.77,45.61,45.96,74576767.0,44.93700000000001,46.31025000000001,1.6054384546219698,1.972983537301194,50.2562170746024,42.364282925397625,52.22920061190359,40.39129938809643,54.20218414920478,38.41831585079524
20190417,NATU3,NATURA,46.15,46.29,45.5,45.6,183624658.0,44.91250000000001,46.29725000000001,1.5905870316531534,1.975980104098942,50.249210208197894,42.34528979180213,52.22519031229684,40.369309687703186,54.20117041639578,38.39332958360424
20190418,NATU3,NATURA,45.65,46.01,44.55,46.0,373937652.0,44.96250000000001,46.25550000000001,1.6090921762220394,1.9638370996205738,50.18317419924116,42.327825800758866,52.147011298861734,40.36398870113829,54.110848398482304,38.40015160151772
20190422,NATU3,NATURA,45.8,45.89,44.45,44.55,92529961.0,45.11500000000001,46.229500000000016,1.3937926297469325,1.9796942913438635,50.188888582687746,42.270111417312286,52.16858287403161,40.290417125968425,54.14827716537547,38.31072283462456
20190423,NATU3,NATURA,44.49,44.84,43.55,43.85,125980991.0,45.30250000000001,46.15450000000001,0.8161970543802347,2.012145111247681,50.17879022249537,42.13020977750465,52.190935333743056,40.11806466625697,54.20308044499074,38.10591955500929
20190424,NATU3,NATURA,43.74,45.18,43.35,44.78,119784079.0,45.34150000000001,46.03325000000001,0.7678903087784175,1.942259307597395,49.9177686151948,42.14873138480522,51.8600279227922,40.20647207720782,53.80228723038959,38.26421276961043
20190425,NATU3,NATURA,44.65,50.0,44.65,49.28,443283620.0,45.62150000000001,46.01850000000001,1.085469944309845,1.9144156904646992,49.84733138092941,42.18966861907061,51.76174707139411,40.27525292860591,53.676162761858805,38.360837238141215
20190426,NATU3,NATURA,48.88,50.1,48.17,50.1,180289163.0,45.89750000000001,46.04350000000001,1.4479636335939297,1.9616353068098749,49.96677061361976,42.12022938638026,51.92840592042963,40.158594079570385,53.89004122723951,38.19695877276051
20190429,NATU3,NATURA,50.1,52.35,50.1,52.35,299195215.0,46.24550000000001,46.14725000000001,2.0363860532558014,2.1765851724250327,50.50042034485007,41.79407965514994,52.677005517275106,39.61749448272491,54.85359068970014,37.44090931029987
20190430,NATU3,NATURA,52.35,52.53,51.05,52.24,199843033.0,46.58350000000001,46.243750000000006,2.4263211810649064,2.356264631322321,50.95627926264465,41.53122073735536,53.31254389396697,39.174956106033044,55.66880852528929,36.81869147471072
20190502,NATU3,NATURA,51.5,51.5,50.32,50.47,137885938.0,46.82750000000001,46.318000000000005,2.562695692142612,2.4420978791363077,51.20219575827262,41.43380424172739,53.64429363740893,38.99170636259108,56.086391516545234,36.549608483454776
20190503,NATU3,NATURA,50.0,50.49,49.46,49.99,138456003.0,47.06300000000001,46.389500000000005,2.628569953415731,2.5074739050716737,51.40444781014335,41.37455218985666,53.91192171521503,38.86707828478498,56.4193956202867,36.35960437971331
20190506,NATU3,NATURA,49.49,51.37,49.22,50.93,64131276.0,47.31550000000001,46.49575,2.748753736743822,2.608122310624924,51.71199462124985,41.27950537875015,54.32011693187477,38.67138306812523,56.9282392424997,36.0632607575003
20190507,NATU3,NATURA,50.6,51.29,50.02,51.29,61719073.0,47.57450000000001,46.575750000000006,2.8705317222460742,2.7055355292437033,51.986821058487415,41.1646789415126,54.69235658773111,38.4591434122689,57.397892116974816,35.7536078830252
20190508,NATU3,NATURA,51.37,51.79,50.86,51.2,83004187.0,47.863000000000014,46.656000000000006,2.932932967095163,2.794697176384646,52.245394352769296,41.066605647230716,55.04009152915394,38.27190847084607,57.83478870553859,35.47721129446142
20190509,NATU3,NATURA,50.84,51.33,50.49,51.0,62198355.0,48.18300000000001,46.70225000000001,2.9072090070248233,2.8517547342123537,52.40575946842471,40.9987405315753,55.25751420263707,38.146985797362944,58.10926893684942,35.295231063150595
20190510,NATU3,NATURA,50.69,53.5,50.54,52.99,186999763.0,48.50950000000001,46.8095,3.0658723752062094,3.005347328363658,52.82019465672732,40.79880534327268,55.82554198509097,37.79345801490903,58.830889313454634,34.788110686545366
20190513,NATU3,NATURA,51.64,52.02,51.05,51.9,55026718.0,48.82900000000001,46.92625,3.0697915238660625,3.1109547446205217,53.148159489241046,40.70434051075896,56.25911423386157,37.59338576613844,59.37006897848209,34.48243102151792
20190514,NATU3,NATURA,52.0,52.49,51.48,52.27,77073590.0,49.1375,47.066500000000005,3.0910599016824936,3.2230798696516754,53.51265973930336,40.62034026069665,56.73573960895503,37.39726039104498,59.958819478606706,34.1741805213933
20190515,NATU3,NATURA,51.24,52.25,50.9,52.0,65440047.0,49.4375,47.2045,3.0615473813777494,3.314208688475915,53.83291737695183,40.57608262304817,57.14712606542775,37.26187393457226,60.461334753903664,33.94766524609634
20190516,NATU3,NATURA,51.4,52.95,51.22,52.2,186865107.0,49.7495,47.34325,3.0059580747855277,3.405322671935806,54.15389534387161,40.532604656128385,57.55921801580742,37.12728198419258,60.964540687743224,33.72195931225677
20190517,NATU3,NATURA,51.8,54.3,51.8,53.8,121400399.0,50.159499999999994,47.536,2.9691935375043808,3.547789344192979,54.63157868838596,40.440421311614045,58.179368032578935,36.89263196742107,61.72715737677191,33.34484262322809
20190520,NATU3,NATURA,53.6,58.0,53.6,56.0,171614990.0,50.6595,47.811,3.0720822271752737,3.765799400951297,55.3425988019026,40.2794011980974,59.10839820285389,36.51360179714611,62.874197603805186,32.747802396194814
20190521,NATU3,NATURA,56.2,56.67,55.22,56.2,94089641.0,51.242000000000004,48.1785,2.9549344992295015,3.8504508893481657,55.879401778696334,40.477598221303666,59.7298526680445,36.6271473319555,63.58030355739266,32.77669644260734
20190522,NATU3,NATURA,55.5,61.5,52.84,61.5,673291181.0,52.12450000000001,48.7135,3.2518002706193143,4.172449658635344,57.05839931727069,40.368600682729316,61.230848975906035,36.19615102409397,65.40329863454139,32.02370136545863
20190523,NATU3,NATURA,59.22,61.33,55.84,56.25,507006086.0,52.698000000000015,49.01975,2.878321148096366,4.266128664497982,57.55200732899597,40.487492671004034,61.81813599349395,36.22136400650606,66.08426465799192,31.955235342008073
20190524,NATU3,NATURA,56.0,58.89,55.26,58.38,196336932.0,53.15300000000002,49.38725000000001,3.025086514639286,4.424562552620467,58.23637510524094,40.53812489475908,62.66093765786141,36.11356234213861,67.08550021048188,31.688999789518142
20190527,NATU3,NATURA,59.0,61.5,59.0,61.35,143339936.0,53.71550000000002,49.80650000000001,3.444398159941784,4.740605581785027,59.28771116357006,40.325288836429955,64.02831674535508,35.58468325464493,68.76892232714012,30.8440776728599
20190528,NATU3,NATURA,61.39,62.65,60.08,61.36,240042113.0,54.16600000000002,50.20575000000001,3.824632627696668,5.023182609227053,60.252115218454115,40.1593847815459,65.27529782768117,35.136202172318846,70.29848043690822,30.113019563091797
20190529,NATU3,NATURA,61.4,62.18,60.43,60.95,149838120.0,54.60150000000002,50.59250000000001,4.081076064239072,5.240829230726862,61.074158461453735,40.11084153854628,66.3149876921806,34.87001230781942,71.55581692290745,29.62918307709256
20190530,NATU3,NATURA,60.93,61.47,59.13,60.4,193937667.0,55.09800000000003,50.962750000000014,4.155348614167402,5.399107232705839,61.76096446541169,40.16453553458834,67.16007169811753,34.765428301882494,72.55917893082338,29.366321069176657
20190531,NATU3,NATURA,59.98,61.2,59.22,59.98,135675005.0,55.597500000000025,51.33025,4.109192358858983,5.501698799415258,62.33364759883052,40.32685240116948,67.83534639824578,34.825153601754224,73.33704519766103,29.32345480233897
20190603,NATU3,NATURA,60.03,60.44,57.32,57.65,139827642.0,55.93350000000002,51.6245,3.980168305089861,5.51745386745438,62.659407734908754,40.58959226509124,68.17686160236315,35.072138397636856,73.69431546981752,29.554684530182477
20190604,NATU3,NATURA,58.01,58.25,56.5,57.41,102306753.0,56.239500000000035,51.907,3.8370650447828645,5.5171519036732395,62.94130380734647,40.87269619265352,68.45845571101972,35.355544288980276,73.97560761469296,29.83839238530704
20190605,NATU3,NATURA,57.45,58.08,56.19,56.19,45919430.0,56.48900000000003,52.176,3.6497958126015764,5.455220412008105,63.08644082401621,41.265559175983796,68.54166123602431,35.810338763975686,73.99688164803243,30.355118351967583
20190606,NATU3,NATURA,56.79,57.45,55.56,56.7,196951920.0,56.774000000000036,52.4785,3.4135186353210387,5.358980744076691,63.196461488153375,41.76053851184662,68.55544223223006,36.40155776776992,73.91442297630675,31.042577023693234
20190607,NATU3,NATURA,56.52,58.02,56.52,57.17,94389018.0,56.98300000000004,52.746249999999996,3.295568156431301,5.317963118598077,63.38217623719615,42.110323762803844,68.70013935579422,36.792360644205765,74.01810247439231,31.47439752560769
20190610,NATU3,NATURA,57.3,57.54,55.75,55.83,77753008.0,57.17950000000003,53.00424999999999,3.0871115353318124,5.207076490404499,63.41840298080899,42.59009701919099,68.62547947121348,37.383020528786496,73.83255596161798,32.175944038382
20190611,NATU3,NATURA,56.49,58.26,56.2,58.26,114694953.0,57.47900000000003,53.30825,2.8685699719913265,5.1482876852157125,63.60482537043143,43.011674629568574,68.75311305564713,37.86338694435287,73.90140074086285,32.71509925913715
20190612,NATU3,NATURA,58.26,58.5,55.87,56.65,350206399.0,57.711500000000036,53.5745,2.574488758651092,5.034779016361087,63.64405803272217,43.50494196727783,68.67883704908326,38.47016295091674,73.71361606544434,33.43538393455565
20190613,NATU3,NATURA,57.37,57.98,55.75,56.91,93821030.0,57.94700000000004,53.84824999999999,2.2371083309062856,4.906192783432517,63.660635566865025,44.03586443313496,68.56682835029754,39.129671649702445,73.47302113373006,34.22347886626993
20190614,NATU3,NATURA,56.79,57.48,55.92,57.15,78810933.0,58.11450000000004,54.137,2.0256889016617436,4.745554572979684,63.62810914595937,44.64589085404063,68.37366371893906,39.900336281060945,73.11921829191874,35.15478170808126
20190617,NATU3,NATURA,56.75,57.37,56.39,57.0,58511405.0,58.16450000000005,54.412,1.9826337480601754,4.577683436087061,63.56736687217412,45.25663312782588,68.14505030826118,40.678949691738815,72.72273374434825,36.10126625565175
20190618,NATU3,NATURA,57.4,57.59,56.32,56.71,92691701.0,58.19000000000004,54.715999999999994,1.9591781305864435,4.301393214964635,63.31878642992926,46.11321357007073,67.6201796448939,41.81182035510609,71.92157285985853,37.51042714014146
20190619,NATU3,NATURA,57.11,59.7,57.03,59.7,354115431.0,58.100000000000044,55.112249999999996,1.8366330751217979,3.9937999946712552,63.09984998934251,47.12465001065748,67.09364998401377,43.130850015986226,71.08744997868502,39.13705002131498
20190621,NATU3,NATURA,59.5,59.5,58.45,59.17,238906272.0,58.24600000000005,55.471999999999994,1.7974730800999439,3.674584365123556,62.82116873024711,48.12283126975288,66.49575309537066,44.44824690462933,70.17033746049422,40.77366253950577
20190624,NATU3,NATURA,59.48,59.48,58.1,58.22,53528913.0,58.23800000000004,55.69549999999998,1.7972013330672545,3.558351642299654,62.81220328459929,48.57879671540067,66.37055492689895,45.020445073101016,69.9289065691986,41.46209343080137
20190625,NATU3,NATURA,58.35,58.64,56.5,56.75,95988703.0,58.00800000000005,55.86174999999999,1.6676538830596654,3.443721814534048,62.74919362906808,48.97430637093189,66.19291544360213,45.53058455639784,69.63663725813618,42.0868627418638
20190626,NATU3,NATURA,57.13,57.68,56.18,56.3,90817278.0,57.75500000000005,55.96049999999999,1.5085981642082185,3.396752559242164,62.754005118484315,49.16699488151566,66.15075767772649,45.770242322273496,69.54751023696865,42.37348976303133
20190627,NATU3,NATURA,56.42,56.8,55.01,56.47,79971766.0,57.53100000000005,56.06624999999999,1.3314254332144562,3.34337974825264,62.75300949650527,49.37949050349471,66.09638924475792,46.03611075524207,69.43976899301055,42.69273100698943
20190628,NATU3,NATURA,56.91,57.2,56.16,56.49,76480158.0,57.335500000000046,56.21674999999999,1.1645937850642623,3.218157131109832,62.65306426221966,49.78043573778032,65.87122139332949,46.562278606670496,69.08937852443933,43.34412147556066
20190701,NATU3,NATURA,56.7,58.05,56.51,57.74,112219786.0,57.223500000000044,56.41049999999999,0.9917728676730435,3.063227684347688,62.53695536869537,50.28404463130462,65.60018305304305,47.22081694695693,68.66341073739075,44.157589262609235
20190702,NATU3,NATURA,57.9,57.98,56.81,57.11,75761965.0,57.196500000000036,56.565,0.9868891848417815,2.9327933652197835,62.430586730439565,50.69941326956043,65.36338009565935,47.766619904340644,68.29617346087913,44.833826539120864
20190703,NATU3,NATURA,57.0,57.59,56.0,57.1,108784444.0,57.181000000000026,56.710249999999995,0.9857932952969465,2.8059757546881436,62.322201509376285,51.098298490623705,65.12817726406442,48.292322735935564,67.93415301875257,45.48634698124742
20190704,NATU3,NATURA,57.45,58.65,57.2,58.5,36528785.0,57.29650000000002,56.89275,0.9988112671411963,2.672627620420804,62.23800524084161,51.54749475915839,64.91063286126241,48.874867138737585,67.58326048168321,46.20223951831679
20190705,NATU3,NATURA,58.5,58.65,57.25,57.61,159284942.0,57.34200000000002,57.05800000000001,0.9909038935818001,2.4975487469897395,62.053097493979486,52.06290250602053,64.55064624096923,49.565353759030785,67.04819498795896,47.06780501204105
20190708,NATU3,NATURA,57.61,57.94,56.45,56.45,74729777.0,57.30600000000002,57.14450000000001,1.0103693957109228,2.4114789057383006,61.967457811476606,52.32154218852341,64.37893671721491,49.9100632827851,66.7904156229532,47.498584377046804
20190710,NATU3,NATURA,56.61,58.25,56.2,58.25,159803783.0,57.42700000000002,57.303250000000006,0.9683360660648194,2.2617401826572467,61.826730365314496,52.779769634685515,64.08847054797175,50.518029452028266,66.35021073062899,48.25628926937102
20190711,NATU3,NATURA,58.19,58.74,56.03,56.03,147560143.0,57.31550000000002,57.39725000000001,0.9953813075240097,2.120941962358375,61.63913392471676,53.155366075283254,63.76007588707513,51.03442411292488,65.8810178494335,48.91348215056651
20190712,NATU3,NATURA,56.65,57.09,55.09,55.09,96117831.0,57.23750000000001,57.47450000000001,1.1053262200053724,1.9702387594479653,61.414977518895945,53.53402248110408,63.38521627834391,51.563783721656115,65.35545503779187,49.59354496220815
20190715,NATU3,NATURA,55.8,55.8,54.51,55.2,59119519.0,57.15200000000001,57.54950000000001,1.194529636564687,1.815317942061258,61.18013588412253,53.91886411587749,62.995453826183784,52.103546173816234,64.81077176824505,50.28822823175498
20190716,NATU3,NATURA,55.34,56.48,55.08,55.25,124356722.0,57.057,57.585750000000004,1.267990951320774,1.7518940482833276,61.089538096566656,54.08196190343335,62.84143214484999,52.33006785515002,64.59332619313332,50.578173806866694
20190717,NATU3,NATURA,55.4,56.69,55.38,56.16,90669439.0,57.01500000000001,57.58975,1.2837916702609353,1.7483596524626346,61.086469304925274,54.09303069507473,62.834828957387906,52.3446710426121,64.58318860985054,50.59631139014947
20190718,NATU3,NATURA,57.1,57.23,55.54,56.2,61022026.0,56.98950000000001,57.58975,1.2951832831077952,1.7483596524626346,61.086469304925274,54.09303069507473,62.834828957387906,52.3446710426121,64.58318860985054,50.59631139014947
20190719,NATU3,NATURA,56.19,56.8,55.91,56.78,77208013.0,56.843500000000006,57.47175000000001,1.1272522484247816,1.633168836562294,60.738087673124596,54.20541232687542,62.37125650968689,52.57224349031313,64.00442534624918,50.93907465375083
20190722,NATU3,NATURA,56.39,56.84,55.92,56.2,31276455.0,56.69500000000001,57.4705,0.9921719927299241,1.6341467623888404,60.738793524777684,54.20220647522232,62.37294028716652,52.56805971283348,64.00708704955537,50.933912950444636
20190723,NATU3,NATURA,56.46,56.53,55.15,55.48,64271738.0,56.55800000000001,57.398,0.9591366732090411,1.6569329095249918,60.71186581904999,54.08413418095002,62.36879872857498,52.42720127142503,64.02573163809997,50.77026836190004
20190724,NATU3,NATURA,55.15,55.71,54.81,55.65,50184421.0,56.50300000000001,57.255500000000005,0.9788828218674268,1.5499924731000965,60.3554849462002,54.15551505379981,61.9054774193003,52.60552258069971,63.45546989240039,51.05553010759962
20190725,NATU3,NATURA,55.58,56.3,55.1,55.7,69967410.0,56.47300000000001,57.114,0.9945011973741985,1.4184531119390298,59.95090622387806,54.27709377612194,61.36935933581709,52.85864066418291,62.78781244775612,51.44018755224388
20190726,NATU3,NATURA,55.56,58.2,55.56,57.58,83633240.0,56.52850000000001,57.02975,1.0248351600442518,1.2778858492017307,59.58552169840346,54.47397830159654,60.86340754760519,53.19609245239481,62.14129339680692,51.91820660319308
20190729,NATU3,NATURA,57.6,58.49,57.25,57.31,51866936.0,56.569500000000005,56.9525,1.0395113983830058,1.1565637654664906,59.26562753093298,54.63937246906702,60.422191296399475,53.482808703600526,61.57875506186596,52.32624493813404
20190730,NATU3,NATURA,57.19,59.89,56.7,59.74,105333523.0,56.669500000000006,56.94649999999999,1.2357204376394257,1.1409724821959948,59.22844496439198,54.664555035608004,60.369417446587974,53.52358255341201,61.51038992878397,52.382610071216014
20190731,NATU3,NATURA,59.75,61.45,59.23,61.17,177822874.0,56.87250000000002,57.034499999999994,1.5935622954479896,1.3185480553848852,59.67159611076976,54.397403889230226,60.99014416615465,53.07885583384534,62.30869222153954,51.76030777846045
20190801,NATU3,NATURA,61.5,63.86,61.18,63.15,189094964.0,57.175000000000026,57.178,2.1247228921487236,1.6348672023228858,60.44773440464577,53.90826559535422,62.08260160696865,52.27339839303134,63.71746880929154,50.638531190708456
20190802,NATU3,NATURA,62.9,64.39,62.32,63.83,110327602.0,57.44150000000002,57.36899999999999,2.5842382059831377,1.9351840832070024,61.239368166413996,53.49863183358599,63.174552249621,51.563447750378984,65.109736332828,49.628263667171986
20190805,NATU3,NATURA,62.95,63.68,62.6,63.42,102143124.0,57.73200000000003,57.537,2.910179231232078,2.154843322283556,61.846686644567114,53.227313355432884,64.00152996685067,51.07247003314933,66.15637328913422,48.917626710865775
20190806,NATU3,NATURA,63.61,66.33,63.61,66.13,132193404.0,58.21600000000002,57.761,3.44208841135418,2.5459296825949917,62.852859365189985,52.66914063481002,65.39878904778497,50.123210952215025,67.94471873037998,47.57728126962004
20190807,NATU3,NATURA,65.8,65.8,63.98,65.51,190771590.0,58.57900000000002,58.00300000000001,3.8091122048941384,2.804594399122632,63.61218879824527,52.393811201754744,66.4167831973679,49.58921680263211,69.22137759649054,46.78462240350948
20190808,NATU3,NATURA,66.0,67.08,64.9,65.13,133370935.0,59.03400000000003,58.17475,4.025936177494988,3.0226172964027573,64.21998459280552,52.12951540719449,67.24260188920827,49.10689811079173,70.26521918561103,46.084280814388976
20190809,NATU3,NATURA,65.12,66.65,64.66,65.85,70892940.0,59.572000000000024,58.40475,4.1868774949709895,3.2454346534391787,64.89561930687836,51.91388069312164,68.14105396031754,48.668446039682465,71.38648861375671,45.42301138624329
20190812,NATU3,NATURA,64.71,65.55,64.08,64.08,84457276.0,60.01600000000002,58.584,4.169651506326439,3.3568527690115944,65.2977055380232,51.87029446197681,68.65455830703479,48.513441692965216,72.01141107604639,45.15658892395363
20190813,NATU3,NATURA,63.88,66.16,63.1,66.1,116885325.0,60.558500000000016,58.80775,4.222421698504287,3.551457979767123,65.91066595953424,51.704834040465755,69.46212393930136,48.15337606069863,73.01358191906849,44.601918080931505
20190814,NATU3,NATURA,66.1,66.31,64.0,64.0,132213908.0,60.95050000000001,58.982749999999996,4.155984239623609,3.631654978741191,66.24605995748237,51.71944004251761,69.87771493622357,48.08778506377642,73.50936991496476,44.456130085035234
20190815,NATU3,NATURA,66.07,66.12,63.26,64.19,229845483.0,61.35000000000001,59.16975,4.058175633666444,3.703494875772355,66.57673975154471,51.762760248455294,70.28023462731707,48.05926537268294,73.98372950308942,44.35577049691058
20190816,NATU3,NATURA,64.86,65.81,62.55,63.5,141675666.0,61.686000000000014,59.26475000000001,3.936246408632661,3.7656613050170704,66.79607261003414,51.73342738996587,70.56173391505122,47.96776608494879,74.32739522006828,44.20210477993172
20190819,NATU3,NATURA,63.46,64.57,63.02,63.3,90283747.0,62.04100000000001,59.36800000000001,3.730210802565828,3.8192355255993706,67.00647105119874,51.72952894880127,70.82570657679813,47.9102934232019,74.6449421023975,44.091057897602525
20190820,NATU3,NATURA,63.13,63.56,61.4,62.36,92446173.0,62.385000000000005,59.47150000000001,3.3955334438672393,3.843347599324197,67.1581951986484,51.78480480135162,71.0015427979726,47.94145720202742,74.84489039729681,44.098109602703225
20190821,NATU3,NATURA,62.55,63.51,61.9,62.87,73396261.0,62.745999999999995,59.62450000000001,3.002909816897757,3.8540301583587495,67.3325603167175,51.91643968328251,71.18659047507626,48.062409524923766,75.04062063343501,44.20837936656501
20190822,NATU3,NATURA,62.98,63.83,61.23,61.5,85949444.0,63.03599999999999,59.75450000000001,2.529367301790764,3.8266192818472855,67.40773856369458,52.101261436305435,71.23435784554187,48.27464215445815,75.06097712738915,44.44802287261086
20190823,NATU3,NATURA,61.34,62.28,59.8,61.11,98683372.0,63.21249999999999,59.870500000000014,2.234593746193296,3.7946953190082167,67.45989063801645,52.28110936198358,71.25458595702466,48.48641404297536,75.04928127603289,44.69171872396715
20190826,NATU3,NATURA,61.11,61.38,60.1,60.5,61784955.0,63.37199999999999,59.970750000000024,1.8762240916546034,3.755868152228375,67.48248630445677,52.45901369554328,71.23835445668514,48.7031455433149,74.99422260891352,44.94727739108652
20190827,NATU3,NATURA,60.75,64.01,60.75,63.04,203844659.0,63.53699999999999,60.103250000000024,1.6742385543410452,3.7686189999344557,67.64048799986894,52.56601200013111,71.40910699980338,48.79739300019666,75.17772599973785,45.0287740002622
20190828,NATU3,NATURA,62.88,66.14,62.25,65.76,134462526.0,63.766499999999986,60.319500000000026,1.647071643857636,3.8399578990748036,67.99941579814963,52.63958420185042,71.83937369722443,48.799626302775614,75.67933159629924,44.95966840370081
20190829,NATU3,NATURA,66.09,67.08,65.41,66.94,87746616.0,63.95599999999998,60.56550000000003,1.7846845512213974,3.9422464960854176,68.44999299217086,52.681007007829194,72.39223948825628,48.73876051174378,76.3344859843417,44.79651401565836
20190830,NATU3,NATURA,67.39,68.12,65.8,65.98,191306490.0,64.06349999999999,60.75250000000003,1.8405727798418186,4.018427904107916,68.78935580821586,52.7156441917842,72.80778371232378,48.697216287676284,76.82621161643169,44.678788383568374
20190902,NATU3,NATURA,66.91,66.91,64.9,66.27,43981676.0,64.20599999999999,60.96900000000003,1.8975729651042779,4.077629276040286,69.1242585520806,52.813741447919455,73.20188782812089,48.73611217187917,77.27951710416117,44.65848289583889
20190903,NATU3,NATURA,66.1,67.01,64.4,64.4,54795871.0,64.11949999999999,61.167750000000034,1.8439245189483358,4.045338239796432,69.2584264795929,53.07707352040717,73.30376471938933,49.03173528061074,77.34910295918576,44.98639704081431
20190904,NATU3,NATURA,65.3,65.61,64.24,64.86,78051668.0,64.08699999999999,61.33300000000004,1.8237442687763654,4.058081016744474,69.44916203348899,53.21683796651109,73.50724305023346,49.15875694976662,77.56532406697794,45.100675933022146
20190905,NATU3,NATURA,65.01,65.96,64.11,64.72,72721768.0,64.06649999999999,61.55025000000003,1.813679815646663,3.9990861055355515,69.54842221107113,53.552077788928926,73.54750831660668,49.55299168339337,77.54659442214223,45.55390557785782
20190906,NATU3,NATURA,65.0,65.12,63.75,65.0,110538249.0,64.024,61.79800000000002,1.7793209822554896,3.894195680753643,69.58639136150731,54.009608638492736,73.48058704226095,50.115412957739096,77.37478272301459,46.22121727698545
20190909,NATU3,NATURA,64.87,65.6,64.39,64.78,92632261.0,64.059,62.03750000000004,1.7873470490322003,3.770635361002356,69.57877072200475,54.496229277995326,73.34940608300711,50.72559391699297,77.12004144400946,46.954958555990615
20190910,NATU3,NATURA,64.36,64.95,63.57,64.1,99503476.0,63.959,62.258750000000035,1.7218958340032635,3.6187391114047727,69.49622822280958,55.02127177719049,73.11496733421436,51.402532665785714,76.73370644561912,47.78379355438094
20190911,NATU3,NATURA,64.1,67.67,63.78,67.55,153712277.0,64.1365,62.54350000000004,1.9000977121688711,3.574392220166961,69.69228444033396,55.39471555966612,73.26667666050092,51.820323339499154,76.84106888066788,48.24593111933219
20190912,NATU3,NATURA,68.15,69.72,67.85,68.9,119734020.0,64.372,62.86100000000005,2.1785548082688897,3.5604946357609397,69.98198927152193,55.74001072847817,73.54248390728287,52.17951609271723,77.1029785430438,48.61902145695629
20190913,NATU3,NATURA,69.26,70.0,68.05,69.26,168450217.0,64.66,63.173000000000044,2.424102655460461,3.5607642510116335,70.29452850202331,56.05147149797678,73.85529275303495,52.490707246965144,77.41605700404658,48.92994299595351
20190916,NATU3,NATURA,69.61,71.5,68.63,71.5,120848292.0,65.07000000000001,63.55550000000005,2.8397850178082806,3.613885578481889,70.78327115696383,56.327728843036276,74.39715673544572,52.713843264554384,78.0110423139276,49.0999576860725
20190917,NATU3,NATURA,70.83,72.58,70.72,72.35,214071586.0,65.5695,63.97725000000005,3.194464743896851,3.6316316792657495,71.24051335853154,56.71398664146855,74.8721450377973,53.0823549622028,78.50377671706305,49.45072328293705
20190918,NATU3,NATURA,36.47,37.56,35.84,36.15,123393676.0,64.23350000000002,63.48975000000005,7.3140429276405206,5.569761992567237,74.62927398513452,52.35022601486558,80.19903597770175,46.78046402229834,85.76879797026899,41.2107020297311
20190919,NATU3,NATURA,36.25,37.1,36.21,36.55,219711863.0,62.98600000000001,63.01100000000006,9.581199463422864,6.916664306456222,76.8443286129125,49.177671387087614,83.76099291936873,42.261007080631394,90.67765722582494,35.344342774175175
20190920,NATU3,NATURA,36.7,37.23,35.87,35.87,318311659.0,61.72400000000001,62.468250000000054,11.341803161198321,8.10369427863236,78.67563855726478,46.26086144273533,86.77933283589714,38.15716716410297,94.8830271145295,30.05347288547061
20190923,NATU3,NATURA,35.9,36.44,35.2,36.06,129521596.0,60.50200000000001,61.937000000000054,12.714207800724342,9.08735898560928,80.11171797121861,43.7622820287815,89.1990769568279,34.674923043172214,98.28643594243718,25.587564057562936
20190924,NATU3,NATURA,36.03,37.37,35.79,36.42,264329965.0,59.171000000000014,61.35400000000006,13.78298069512197,9.939971830946021,81.23394366189211,41.47405633810802,91.17391549283812,31.534084507162,101.11388732378416,21.59411267621598
20190925,NATU3,NATURA,36.45,36.98,35.6,35.6,121015659.0,57.66300000000001,60.71475000000006,14.646961998635527,10.741970880496572,82.1986917609932,39.23080823900692,92.94066264148978,28.488837358510345,103.68263352198635,17.74686647801377
20190926,NATU3,NATURA,35.82,36.44,35.3,35.35,69725841.0,56.0835,60.01975000000006,15.283371175028226,11.455965524116419,82.93168104823289,37.10781895176722,94.38764657234931,25.651853427650806,105.84361209646573,14.195887903534384
20190927,NATU3,NATURA,35.34,35.64,34.83,34.85,140768465.0,54.527,59.29525000000005,15.798924380442697,12.106714599652388,83.50867919930482,35.081820800695276,95.61539379895721,22.97510620104289,107.7221083986096,10.868391601390499
20190930,NATU3,NATURA,35.0,35.13,33.86,33.86,187118171.0,52.906499999999994,58.556250000000055,16.188398469274198,12.734389677119133,84.02502935423831,33.08747064576179,96.75941903135745,20.353080968642658,109.49380870847659,7.618691291523525
20191001,NATU3,NATURA,34.08,34.26,33.62,33.75,145494114.0,51.37399999999999,57.746750000000056,16.491019055039725,13.258958536565357,84.26466707313077,31.22883292686934,97.52362560969613,17.969874390303985,110.78258414626148,4.710915853738626
20191002,NATU3,NATURA,33.66,33.83,32.92,33.2,110888971.0,49.79099999999999,56.93900000000004,16.647150506918564,13.74900999699383,84.4370199939877,29.44098000601238,98.18602999098152,15.691970009018554,111.93503998797536,1.9429600120247201
20191003,NATU3,NATURA,33.27,34.03,32.46,33.62,101323877.0,48.23599999999999,56.15125000000004,16.631755422114995,14.164090599117207,84.47943119823445,27.823068801765626,98.64352179735167,13.65897820264842,112.80761239646887,-0.5051123964687889
20191004,NATU3,NATURA,33.69,34.73,33.69,34.55,76673849.0,46.71349999999999,55.36875000000005,16.408606943982296,14.47570293010026,84.32015586020057,26.41734413979953,98.79585879030083,11.94164120969927,113.27156172040108,-2.5340617204009916
20191007,NATU3,NATURA,34.61,35.09,33.19,33.19,114670778.0,45.13399999999999,54.59650000000005,16.095431650005498,14.818949502544868,84.23439900508978,24.958600994910313,99.05334850763465,10.139651492365445,113.87229801017952,-4.679298010179423
20191008,NATU3,NATURA,33.3,33.59,32.45,32.45,95105548.0,43.55149999999999,53.755250000000046,15.683185858881133,15.101603071214434,83.95845614242891,23.552043857571178,99.06005921364334,8.450440786356744,114.16166228485778,-6.651162284857691
