DATA DO PREGAO,CODIGO DE NEGOCIACAO DO PAPEL,NOME RESUMIDO DA EMPRESA EMISSORA,PRECO DE ABERTURA,PRECO MAXIMO,PRECO MINIMO,PRECO FECHAMENTO,VOLUME TOTAL DE TITULOS NEGOCIADOS NESTE PAPEL,MA_20,MA_40,STD_20,STD_40,BANDA_1_40 SUPERIOR,BANDA_1_40 INFERIOR,BANDA_2_40 SUPERIOR,BANDA_2_40 INFERIOR,BANDA_3_40 SUPERIOR,BANDA_3_40 INFERIOR
20190102,PCAR4,P.ACUCAR-CBD,80.99,83.03,80.25,82.77,113975613.0,0.0,0.0,0.0,0.0,0.0,0.0,0.0,0.0,0.0,0.0
20190103,PCAR4,P.ACUCAR-CBD,81.85,84.2,80.82,84.2,123098614.0,0.0,0.0,0.0,0.0,0.0,0.0,0.0,0.0,0.0,0.0
20190104,PCAR4,P.ACUCAR-CBD,83.19,84.68,82.44,83.0,89946739.0,0.0,0.0,0.0,0.0,0.0,0.0,0.0,0.0,0.0,0.0
20190107,PCAR4,P.ACUCAR-CBD,83.81,83.84,81.46,83.5,89144756.0,0.0,0.0,0.0,0.0,0.0,0.0,0.0,0.0,0.0,0.0
20190108,PCAR4,P.ACUCAR-CBD,83.68,84.73,83.44,84.01,84116829.0,0.0,0.0,0.0,0.0,0.0,0.0,0.0,0.0,0.0,0.0
20190109,PCAR4,P.ACUCAR-CBD,83.63,85.68,83.6,85.11,94778398.0,0.0,0.0,0.0,0.0,0.0,0.0,0.0,0.0,0.0,0.0
20190110,PCAR4,P.ACUCAR-CBD,85.15,86.12,84.62,85.76,131176183.0,0.0,0.0,0.0,0.0,0.0,0.0,0.0,0.0,0.0,0.0
20190111,PCAR4,P.ACUCAR-CBD,86.19,88.87,86.19,88.87,139272489.0,0.0,0.0,0.0,0.0,0.0,0.0,0.0,0.0,0.0,0.0
20190114,PCAR4,P.ACUCAR-CBD,88.85,90.79,88.31,90.11,101253777.0,0.0,0.0,0.0,0.0,0.0,0.0,0.0,0.0,0.0,0.0
20190115,PCAR4,P.ACUCAR-CBD,90.0,90.85,89.38,90.47,92114096.0,0.0,0.0,0.0,0.0,0.0,0.0,0.0,0.0,0.0,0.0
20190116,PCAR4,P.ACUCAR-CBD,90.45,91.15,89.95,90.53,107537872.0,0.0,0.0,0.0,0.0,0.0,0.0,0.0,0.0,0.0,0.0
20190117,PCAR4,P.ACUCAR-CBD,90.21,91.08,89.65,89.75,131729837.0,0.0,0.0,0.0,0.0,0.0,0.0,0.0,0.0,0.0,0.0
20190118,PCAR4,P.ACUCAR-CBD,89.33,90.19,88.85,89.65,107991143.0,0.0,0.0,0.0,0.0,0.0,0.0,0.0,0.0,0.0,0.0
20190121,PCAR4,P.ACUCAR-CBD,89.66,90.43,88.34,90.0,40982389.0,0.0,0.0,0.0,0.0,0.0,0.0,0.0,0.0,0.0,0.0
20190122,PCAR4,P.ACUCAR-CBD,90.0,90.98,88.81,89.9,99576665.0,0.0,0.0,0.0,0.0,0.0,0.0,0.0,0.0,0.0,0.0
20190123,PCAR4,P.ACUCAR-CBD,89.76,93.85,89.76,93.59,181222543.0,0.0,0.0,0.0,0.0,0.0,0.0,0.0,0.0,0.0,0.0
20190124,PCAR4,P.ACUCAR-CBD,94.59,95.3,93.03,94.78,178736868.0,0.0,0.0,0.0,0.0,0.0,0.0,0.0,0.0,0.0,0.0
20190128,PCAR4,P.ACUCAR-CBD,94.79,98.42,94.05,97.92,205525454.0,0.0,0.0,0.0,0.0,0.0,0.0,0.0,0.0,0.0,0.0
20190129,PCAR4,P.ACUCAR-CBD,97.88,98.35,95.99,95.99,178448598.0,0.0,0.0,0.0,0.0,0.0,0.0,0.0,0.0,0.0,0.0
20190130,PCAR4,P.ACUCAR-CBD,97.0,98.14,96.44,98.14,109989370.0,89.4025,0.0,4.868702274950205,0.0,0.0,0.0,0.0,0.0,0.0,0.0
20190131,PCAR4,P.ACUCAR-CBD,98.15,98.5,96.4,97.28,193669181.0,90.12799999999999,0.0,4.909276503668717,0.0,0.0,0.0,0.0,0.0,0.0,0.0
20190201,PCAR4,P.ACUCAR-CBD,97.28,97.95,95.21,96.6,158003811.0,90.748,0.0,4.9042222410361616,0.0,0.0,0.0,0.0,0.0,0.0,0.0
20190204,PCAR4,P.ACUCAR-CBD,96.17,97.17,95.33,96.15,133977478.0,91.4055,0.0,4.687500147368429,0.0,0.0,0.0,0.0,0.0,0.0,0.0
20190205,PCAR4,P.ACUCAR-CBD,95.21,97.94,95.2,97.07,99912016.0,92.084,0.0,4.459542577439991,0.0,0.0,0.0,0.0,0.0,0.0,0.0
20190206,PCAR4,P.ACUCAR-CBD,96.15,96.4,94.5,94.5,202939106.0,92.6085,0.0,4.058833479033901,0.0,0.0,0.0,0.0,0.0,0.0,0.0
20190207,PCAR4,P.ACUCAR-CBD,94.2,95.92,92.9,93.98,117705433.0,93.052,0.0,3.6615219728816153,0.0,0.0,0.0,0.0,0.0,0.0,0.0
20190208,PCAR4,P.ACUCAR-CBD,93.6,95.12,92.51,93.58,119665087.0,93.443,0.0,3.2344853979379518,0.0,0.0,0.0,0.0,0.0,0.0,0.0
20190211,PCAR4,P.ACUCAR-CBD,92.62,93.86,92.2,93.0,109733906.0,93.64950000000002,0.0,3.0539628698670294,0.0,0.0,0.0,0.0,0.0,0.0,0.0
20190212,PCAR4,P.ACUCAR-CBD,94.63,96.83,93.74,96.39,152881025.0,93.96350000000002,0.0,2.9931276987547286,0.0,0.0,0.0,0.0,0.0,0.0,0.0
20190213,PCAR4,P.ACUCAR-CBD,97.05,97.06,94.21,94.99,117795327.0,94.18950000000002,0.0,2.884122551962206,0.0,0.0,0.0,0.0,0.0,0.0,0.0
20190214,PCAR4,P.ACUCAR-CBD,94.15,97.0,94.1,97.0,103733097.0,94.51300000000002,0.0,2.814053266992973,0.0,0.0,0.0,0.0,0.0,0.0,0.0
20190215,PCAR4,P.ACUCAR-CBD,96.17,97.48,95.59,96.65,103171403.0,94.85800000000003,0.0,2.6153305114670813,0.0,0.0,0.0,0.0,0.0,0.0,0.0
20190218,PCAR4,P.ACUCAR-CBD,96.5,96.86,95.4,96.56,90356764.0,95.20350000000002,0.0,2.3322143870940675,0.0,0.0,0.0,0.0,0.0,0.0,0.0
20190219,PCAR4,P.ACUCAR-CBD,96.83,98.29,96.7,98.1,109816646.0,95.60850000000002,0.0,2.069554427000148,0.0,0.0,0.0,0.0,0.0,0.0,0.0
20190220,PCAR4,P.ACUCAR-CBD,98.11,99.38,96.61,96.97,176832493.0,95.96200000000002,0.0,1.5918463295312848,0.0,0.0,0.0,0.0,0.0,0.0,0.0
20190221,PCAR4,P.ACUCAR-CBD,97.99,98.6,95.57,96.0,169959347.0,96.0825,0.0,1.4908523701137566,0.0,0.0,0.0,0.0,0.0,0.0,0.0
20190222,PCAR4,P.ACUCAR-CBD,97.0,97.0,94.46,95.33,118641540.0,96.11,0.0,1.4704957989525045,0.0,0.0,0.0,0.0,0.0,0.0,0.0
20190225,PCAR4,P.ACUCAR-CBD,94.78,96.68,94.64,95.84,101139265.0,96.006,0.0,1.4079712915733973,0.0,0.0,0.0,0.0,0.0,0.0,0.0
20190226,PCAR4,P.ACUCAR-CBD,96.01,96.57,94.69,94.8,97594528.0,95.9465,0.0,1.4335942133048594,0.0,0.0,0.0,0.0,0.0,0.0,0.0
20190227,PCAR4,P.ACUCAR-CBD,94.8,95.17,93.22,94.08,91081860.0,95.7435,92.573,1.3935349786934799,4.775365847174336,102.12373169434866,83.02226830565131,106.899097541523,78.24690245847698,111.67446338869732,73.47153661130265
20190228,PCAR4,P.ACUCAR-CBD,93.69,94.5,92.79,93.11,117490340.0,95.535,92.8315,1.4618283432959205,4.503210564099295,101.83792112819859,83.82507887180141,106.34113169229788,79.32186830770209,110.84434225639716,74.81865774360281
20190301,PCAR4,P.ACUCAR-CBD,93.8,95.08,92.59,93.45,97855198.0,95.3775,93.06275,1.5099455375330375,4.280600237984856,101.62395047596969,84.50154952403028,105.90455071395456,80.22094928604542,110.18515095193943,75.94034904806055
20190306,PCAR4,P.ACUCAR-CBD,93.0,93.01,90.82,91.89,69879000.0,95.1645,93.285,1.6855000039033043,3.9638061221960754,101.21261224439215,85.35738775560785,105.17641836658821,81.39358163341177,109.1402244887843,77.42977551121571
20190307,PCAR4,P.ACUCAR-CBD,92.31,92.43,90.35,90.78,82228354.0,94.85,93.467,1.8861266352529684,3.658367437490722,100.78373487498145,86.15026512501854,104.44210231247216,82.49189768752781,108.10046974996288,78.83353025003711
20190308,PCAR4,P.ACUCAR-CBD,90.13,92.77,90.11,92.3,126005109.0,94.74,93.67425,1.9699051540085981,3.328861272536753,100.33197254507351,87.01652745492649,103.66083381761023,83.68766618238975,106.989695090147,80.35880490985298
20190311,PCAR4,P.ACUCAR-CBD,92.73,94.44,92.65,93.82,113550320.0,94.732,93.892,1.97347569424851,3.0253189702566927,99.94263794051338,87.84136205948661,102.96795691077007,84.81604308922992,105.99327588102676,81.79072411897323
20190312,PCAR4,P.ACUCAR-CBD,93.84,94.2,91.92,92.6,119265540.0,94.68299999999999,94.06299999999999,2.0153074729495954,2.733082414999525,99.52916482999905,88.59683517000093,102.26224724499858,85.8637527550014,104.99532965999808,83.13067034000188
20190313,PCAR4,P.ACUCAR-CBD,92.8,93.55,91.5,93.55,87521492.0,94.7105,94.18,1.9947812833544487,2.6021105831958105,99.3842211663916,88.97577883360837,101.98633174958742,86.37366825041256,104.58844233278325,83.77155766721675
20190314,PCAR4,P.ACUCAR-CBD,93.43,93.96,92.64,93.8,127841149.0,94.581,94.27225,1.9638412949062665,2.5181764744374866,99.308602948875,89.23589705112501,101.82677942331246,86.71772057668754,104.34495589774994,84.19954410225006
20190315,PCAR4,P.ACUCAR-CBD,93.8,94.11,92.45,93.07,109396207.0,94.485,94.33725,1.9895556234866985,2.4501522584818574,99.23755451696371,89.43694548303628,101.68770677544558,86.98679322455446,104.13785903392744,84.53664096607258
20190318,PCAR4,P.ACUCAR-CBD,94.06,95.31,92.97,95.25,122722685.0,94.39749999999998,94.45525,1.9100175667420802,2.374585510389972,99.20442102077995,89.70607897922007,101.57900653116992,87.33149346883009,103.9535920415599,84.95690795844011
20190319,PCAR4,P.ACUCAR-CBD,95.7,98.0,95.31,96.7,183003348.0,94.39999999999998,94.62899999999999,1.9131511619370885,2.273591759129078,99.17618351825813,90.08181648174185,101.44977527738723,87.80822472261275,103.72336703651631,85.53463296348367
20190320,PCAR4,P.ACUCAR-CBD,96.15,96.26,95.07,95.5,123320361.0,94.34699999999998,94.77525,1.8642201699652967,2.1286338311648767,99.03251766232977,90.51798233767023,101.16115149349464,88.38934850650537,103.2897853246595,86.2607146753405
20190321,PCAR4,P.ACUCAR-CBD,95.51,95.51,92.1,93.65,108217005.0,94.12449999999998,94.8665,1.6454353927089118,1.9925650907877064,98.85163018157542,90.88136981842459,100.84419527236312,88.88880472763687,102.83676036315084,86.89623963684917
20190322,PCAR4,P.ACUCAR-CBD,91.85,92.2,89.95,91.69,175480223.0,93.8605,94.91125,1.5874125752968955,1.8959216519298985,98.7030933038598,91.11940669614019,100.5990149557897,89.2234850442103,102.4949366077196,87.32756339228041
20190325,PCAR4,P.ACUCAR-CBD,91.51,92.12,90.74,91.7,61827547.0,93.6455,94.86399999999999,1.5735226153610984,1.9524039094514247,98.76880781890283,90.95919218109717,100.72121172835426,89.00678827164572,102.67361563780571,87.05438436219428
20190326,PCAR4,P.ACUCAR-CBD,92.23,93.46,90.72,93.06,111069143.0,93.532,94.82099999999998,1.5267978186215658,1.9731320929959144,98.7672641859918,90.87473581400816,100.74039627898772,88.90160372101224,102.71352837198364,86.92847162801633
20190327,PCAR4,P.ACUCAR-CBD,91.35,92.04,87.82,88.04,154415881.0,93.142,94.57399999999998,1.864972414075705,2.182532990909968,98.93906598181992,90.20893401818005,101.12159897272987,88.02640102727007,103.30413196363985,85.84386803636009
20190328,PCAR4,P.ACUCAR-CBD,87.9,91.87,86.93,91.24,144211754.0,92.964,94.45524999999998,1.8682848875513718,2.2321715165926044,98.9195930331852,89.9909069668148,101.1517645497778,87.75873545022215,103.38393606637041,85.52656393362956
20190329,PCAR4,P.ACUCAR-CBD,92.7,93.9,90.38,91.46,138226722.0,92.833,94.28824999999998,1.8777452884833088,2.199064938232665,98.68637987646532,89.89012012353464,100.88544481469799,87.69105518530199,103.08450975293064,85.49199024706931
20190401,PCAR4,P.ACUCAR-CBD,92.5,92.5,90.52,91.59,102375257.0,92.757,94.146,1.8966094401381817,2.1845621517530494,98.51512430350607,89.77687569649389,100.69968645525913,87.59231354474085,102.8842486070122,85.40775139298779
20190402,PCAR4,P.ACUCAR-CBD,92.35,92.54,91.34,92.54,74243737.0,92.7115,94.0445,1.8900132970849999,2.1618201614048558,98.3681403228097,89.7208596771903,100.52996048421456,87.55903951578541,102.69178064561942,85.39721935438055
20190403,PCAR4,P.ACUCAR-CBD,92.96,93.5,90.8,91.62,99671949.0,92.698,93.93124999999998,1.8971407849432136,2.1673405510216104,98.26593110204321,89.59656889795677,100.4332716530648,87.42922834693516,102.60061220408642,85.26188779591354
20190404,PCAR4,P.ACUCAR-CBD,92.0,93.35,91.38,93.35,105671590.0,92.82649999999998,93.83824999999996,1.8467589675457745,2.1082097004391493,98.05466940087828,89.62183059912168,100.16287910131744,87.51362089868252,102.27108880175658,85.40541119824339
20190405,PCAR4,P.ACUCAR-CBD,94.25,94.25,92.5,93.0,124140396.0,92.8615,93.80074999999997,1.8428846809739965,2.1094772563059023,98.01970451261177,89.58179548738815,100.12918176891769,87.47231823108227,102.23865902522355,85.36284097477636
20190408,PCAR4,P.ACUCAR-CBD,92.5,93.46,91.87,92.82,103857361.0,92.8115,93.77174999999997,1.8290241142550647,2.114916361927534,98.00158272385504,89.5419172761449,100.11649908578258,87.42700091421736,102.23141544771009,85.31208455228983
20190409,PCAR4,P.ACUCAR-CBD,92.07,92.77,90.57,91.55,150427700.0,92.759,93.72099999999998,1.850359566764255,2.1437946227695086,98.008589245539,89.43341075446097,100.1523838683085,87.28961613169146,102.296178491078,85.14582150892194
20190410,PCAR4,P.ACUCAR-CBD,91.4,92.03,90.73,91.85,71378447.0,92.67399999999999,93.69224999999996,1.8511572482895544,2.161351058351228,98.01495211670245,89.36954788329751,100.17630317505365,87.20819682494628,102.33765423340489,85.04684576659506
20190411,PCAR4,P.ACUCAR-CBD,91.1,91.84,89.98,91.46,80603829.0,92.557,93.569,1.8501923086391845,2.1440649148228745,97.85712982964571,89.28087017035423,100.00119474446859,87.13680525553137,102.14525965929148,84.99274034070851
20190412,PCAR4,P.ACUCAR-CBD,90.57,91.12,89.95,91.09,76659223.0,92.458,93.4715,1.8741162127647264,2.1663481619939144,97.8041963239878,89.13880367601216,99.97054448598172,86.97245551401825,102.13689264797566,84.80610735202433
20190415,PCAR4,P.ACUCAR-CBD,91.2,92.0,89.91,91.8,107759463.0,92.28549999999998,93.3415,1.7588347667823574,2.1043124828886683,97.55012496577731,89.13287503422266,99.654437448666,87.02856255133398,101.75874993155466,84.92425006844533
20190416,PCAR4,P.ACUCAR-CBD,91.8,93.79,91.56,92.86,103792541.0,92.09349999999998,93.24675,1.4305217119713023,2.035730055526616,97.31821011105322,89.17528988894676,99.35394016657983,87.13955983342017,101.38967022210646,85.10382977789351
20190417,PCAR4,P.ACUCAR-CBD,92.63,92.64,89.92,91.5,181354713.0,91.8935,93.12025,1.1883082844731998,1.9810454213718798,97.08234084274376,89.15815915725624,99.06338626411564,87.17711373588436,101.04443168548752,85.19606831451247
20190418,PCAR4,P.ACUCAR-CBD,91.41,94.21,90.75,93.8,93324699.0,91.90099999999998,93.01275,1.200389848954894,1.813475184167064,96.63970036833412,89.3857996316659,98.45317555250121,87.57232444749881,100.26665073666828,85.75884926333174
20190422,PCAR4,P.ACUCAR-CBD,93.21,97.09,93.03,96.03,151657682.0,92.11799999999997,92.98925,1.51205889609612,1.76635854231241,96.52196708462485,89.45653291537519,98.28832562693724,87.6901743730628,100.05468416924965,85.92381583075037
20190423,PCAR4,P.ACUCAR-CBD,96.5,97.87,95.82,96.64,154066404.0,92.36499999999998,93.00525000000002,1.8135992129639344,1.7969632325048783,96.5991764650098,89.41132353499027,98.39613969751464,87.61436030248537,100.1931029300195,85.8173970699805
20190424,PCAR4,P.ACUCAR-CBD,96.2,96.96,94.9,96.35,121030604.0,92.52949999999996,93.03075,2.017680990381681,1.8375769825143893,96.7059039650288,89.35559603497124,98.54348094754316,87.51801905245684,100.38105793005757,85.68044206994246
20190425,PCAR4,P.ACUCAR-CBD,96.8,98.43,96.1,98.43,196330292.0,93.04899999999998,93.0955,2.135075248273391,1.9792720106917399,97.05404402138348,89.13695597861653,99.03331603207522,87.15768396792478,101.01258804276695,85.17841195723305
20190426,PCAR4,P.ACUCAR-CBD,98.43,99.3,96.73,97.51,110890635.0,93.36249999999998,93.16325,2.3087337039575764,2.0827870719733985,97.3288241439468,88.9976758560532,99.4116112159202,86.91488878407979,101.4943982878936,84.83210171210641
20190429,PCAR4,P.ACUCAR-CBD,97.97,98.8,96.5,98.38,103331789.0,93.7085,93.27075,2.517687483219088,2.2366061600971814,97.74396232019436,88.79753767980564,99.98056848029155,86.56093151970846,102.21717464038872,84.32432535961128
20190430,PCAR4,P.ACUCAR-CBD,98.0,98.75,95.87,96.5,199711935.0,93.95399999999998,93.3555,2.5395324890928364,2.29385349273965,97.94320698547928,88.7677930145207,100.23706047821895,86.47393952178106,102.5309139709586,84.1800860290414
20190502,PCAR4,P.ACUCAR-CBD,96.0,96.47,94.8,95.73,224739570.0,94.1135,93.4125,2.5462175765964243,2.324386602293845,98.06127320458769,88.76372679541231,100.38565980688156,86.43934019311848,102.71004640917542,84.11495359082463
20190503,PCAR4,P.ACUCAR-CBD,95.76,96.94,94.85,95.4,131100414.0,94.30249999999998,93.50025000000002,2.491082780851083,2.331678703621734,98.16360740724348,88.83689259275656,100.49528611086521,86.50521388913481,102.82696481448696,84.1735351855131
20190506,PCAR4,P.ACUCAR-CBD,95.03,95.05,93.97,94.99,91936841.0,94.3845,93.6055,2.485063750108917,2.3005506029911915,98.2066012059824,89.00439879401762,100.50715180897356,86.70384819102644,102.80770241196475,84.40329758803523
20190507,PCAR4,P.ACUCAR-CBD,94.23,94.83,92.7,94.83,165679405.0,94.47599999999998,93.66875,2.465012864277336,2.2985158952056173,98.26578179041124,89.07171820958875,100.56429768561684,86.77320231438317,102.86281358082249,84.47468641917753
20190508,PCAR4,P.ACUCAR-CBD,95.11,95.5,87.01,87.78,298509231.0,94.22399999999999,93.51775,2.867912132545232,2.479590006949567,98.47693001389914,88.55856998610088,100.95652002084871,86.0789799791513,103.43611002779829,83.59938997220173
20190509,PCAR4,P.ACUCAR-CBD,85.95,85.95,80.8,83.99,597257053.0,93.846,93.3025,3.634630800044449,2.8994639203896075,99.10142784077921,87.50357215922077,102.0008917611688,84.60410823883117,104.90035568155842,81.70464431844157
20190510,PCAR4,P.ACUCAR-CBD,83.7,84.87,82.5,83.74,196930071.0,93.4405,93.05724999999998,4.266509080834388,3.2692938055762943,99.59583761115258,86.51866238884739,102.86513141672887,83.24936858327109,106.13442522230517,79.98007477769481
20190513,PCAR4,P.ACUCAR-CBD,83.2,83.2,80.2,80.41,211588096.0,92.888,92.72249999999998,5.158668330816457,3.8289114406725115,100.38032288134501,85.06467711865496,104.20923432201752,81.23576567798243,108.03814576269005,77.40685423730994
20190514,PCAR4,P.ACUCAR-CBD,80.99,84.46,80.81,82.9,245058367.0,92.4785,92.46824999999998,5.613887174723637,4.130986650320747,100.73022330064148,84.20627669935848,104.86120995096222,80.07529004903775,108.99219660128296,75.944303398717
20190515,PCAR4,P.ACUCAR-CBD,81.7,82.98,81.05,82.4,109986096.0,92.0085,92.14699999999998,6.050213806574397,4.400001282051097,100.94700256410215,83.3469974358978,105.34700384615326,78.9469961538467,109.74700512820436,74.54699487179559
20190516,PCAR4,P.ACUCAR-CBD,82.54,82.54,79.8,80.04,171443162.0,91.36750000000002,91.73049999999998,6.608602746659707,4.733815044105004,101.19813008821,82.26286991178998,105.93194513231501,77.52905486768496,110.66576017642001,72.79523982357995
20190517,PCAR4,P.ACUCAR-CBD,79.46,80.89,78.34,79.14,112185966.0,90.74950000000004,91.3215,7.1512041496152285,5.092909878020717,101.50731975604143,81.13568024395855,106.60022963406216,76.04277036593783,111.69313951208284,70.94986048791712
20190520,PCAR4,P.ACUCAR-CBD,78.5,81.86,77.96,81.12,175103090.0,90.11550000000004,91.00824999999998,7.423424146081915,5.326025066859943,101.66030013371986,80.3561998662801,106.9863252005798,75.03017479942014,112.31235026743977,69.70414973256021
20190521,PCAR4,P.ACUCAR-CBD,82.01,83.34,81.1,83.34,145508009.0,89.48100000000002,90.79949999999998,7.4336064067535075,5.460556442952184,101.72061288590434,79.87838711409562,107.18116932885651,74.41783067114343,112.64172577180872,68.95727422819124
20190522,PCAR4,P.ACUCAR-CBD,83.5,85.26,82.5,84.74,218833331.0,88.88600000000002,90.62549999999996,7.305574223621483,5.5414174572844965,101.70833491456897,79.54266508543098,107.24975237185345,74.00124762814649,112.79116982913796,68.45983017086199
20190523,PCAR4,P.ACUCAR-CBD,82.46,84.42,78.44,84.07,460730602.0,88.27200000000002,90.40075,7.159827695662763,5.621871842440064,101.64449368488012,79.15700631511986,107.26636552732019,73.5351344726798,112.88823736976023,67.91326263023973
20190524,PCAR4,P.ACUCAR-CBD,85.0,86.4,82.58,83.0,212334265.0,87.50050000000002,90.27474999999998,6.8314454623647425,5.731548315223688,101.73784663044736,78.81165336955259,107.46939494567104,73.08010505432894,113.20094326089476,67.34855673910522
20190527,PCAR4,P.ACUCAR-CBD,84.01,84.2,82.63,83.76,69439575.0,86.81300000000002,90.08775,6.452467581843207,5.820579532120791,101.72890906424158,78.44659093575842,107.54948859636238,72.62601140363763,113.37006812848317,66.80543187151683
20190528,PCAR4,P.ACUCAR-CBD,84.05,86.5,83.66,85.86,189501503.0,86.18700000000004,89.94775,5.8504503650304525,5.853978479501051,101.65570695900207,78.23979304099791,107.50968543850315,72.38581456149684,113.3636639180042,66.53183608199579
20190529,PCAR4,P.ACUCAR-CBD,85.67,86.15,84.28,85.16,96893121.0,85.62000000000002,89.78699999999998,5.324197987540198,5.895859999033643,101.57871999806729,77.99528000193271,107.47457999710093,72.09942000289905,113.37043999613456,66.20356000386542
20190530,PCAR4,P.ACUCAR-CBD,85.17,87.06,84.93,86.75,112972940.0,85.17100000000002,89.64224999999998,4.77728936576081,5.897612940625705,101.43747588125143,77.84702411874858,107.33508882187712,71.94941117812287,113.2327017625028,66.05179823749717
20190531,PCAR4,P.ACUCAR-CBD,86.96,87.8,85.73,87.21,117340202.0,84.76150000000001,89.53200000000002,4.166272188344065,5.900912228478322,101.33382445695663,77.73017554304334,107.23473668543495,71.82926331456503,113.13564891391329,65.9283510860867
20190603,PCAR4,P.ACUCAR-CBD,87.3,89.38,86.83,87.76,169192939.0,84.4,89.39225,3.490994429280004,5.874306282010809,101.14086256402165,77.64363743597838,107.01516884603242,71.76933115396756,112.88947512804323,65.89502487195676
20190604,PCAR4,P.ACUCAR-CBD,88.48,89.85,88.11,89.45,144677596.0,84.13100000000001,89.3035,2.779854028731278,5.845146814413745,100.99379362882748,77.61320637117251,106.83894044324123,71.76805955675877,112.684087257655,65.92291274234503
20190605,PCAR4,P.ACUCAR-CBD,90.0,90.19,87.27,88.07,151798623.0,84.14550000000001,89.18475,2.8005685043164545,5.820070484858223,100.82489096971644,77.54460903028355,106.64496145457466,71.72453854542533,112.46503193943286,65.90446806056711
20190606,PCAR4,P.ACUCAR-CBD,89.21,89.25,87.19,88.0,74127202.0,84.34600000000002,89.09599999999998,2.929428541362332,5.810136500448679,100.71627300089735,77.47572699910262,106.52640950134601,71.66559049865396,112.3365460017947,65.85545399820528
20190607,PCAR4,P.ACUCAR-CBD,88.21,88.56,86.92,87.25,126886474.0,84.52150000000002,88.98100000000002,2.995606036567,5.799743495654309,100.58048699130863,77.38151300869137,106.38023048696293,71.58176951303706,112.17997398261723,65.78202601738276
20190610,PCAR4,P.ACUCAR-CBD,87.0,87.7,86.87,87.0,74911820.0,84.85100000000001,88.86949999999999,2.8797530961416937,5.793731338309765,100.45696267661951,77.28203732338045,106.25069401492928,71.48830598507071,112.04442535323903,65.69457464676093
20190611,PCAR4,P.ACUCAR-CBD,86.78,87.64,85.78,86.85,105427459.0,85.0485,88.7635,2.8743516889169585,5.7908502320692286,100.34520046413846,77.18179953586153,106.13605069620769,71.3909493037923,111.92690092827692,65.60009907172308
20190612,PCAR4,P.ACUCAR-CBD,87.8,89.91,86.68,87.2,174087066.0,85.2885,88.64849999999998,2.841779048042888,5.774655301068081,100.19781060213612,77.09918939786381,105.97246590320421,71.32453409679573,111.74712120427229,65.54987879572765
20190613,PCAR4,P.ACUCAR-CBD,88.0,88.8,87.13,88.2,97932908.0,85.6965,88.53199999999997,2.626176478216503,5.734378199363308,100.00075639872658,77.06324360127336,105.73513459808987,71.32886540191005,111.46951279745319,65.59448720254674
20190614,PCAR4,P.ACUCAR-CBD,88.29,88.5,85.34,86.36,118680779.0,86.05749999999998,88.40349999999998,2.126095692751766,5.723744314201919,99.8509886284038,76.95601137159616,105.57473294260572,71.23226705739422,111.29847725680766,65.5085227431923
20190617,PCAR4,P.ACUCAR-CBD,86.5,88.91,85.68,87.11,98444192.0,86.35700000000001,88.23624999999996,1.7891518131581408,5.659393682981786,99.55503736596356,76.91746263403641,105.21443104894531,71.25806895105461,110.87382473192713,65.59867526807281
20190618,PCAR4,P.ACUCAR-CBD,87.31,87.99,86.22,86.77,91840422.0,86.5285,88.00474999999996,1.6431717564069102,5.520090108656932,99.04493021731385,76.96456978268611,104.56502032597078,71.44447967402917,110.08511043462771,65.92438956537225
20190619,PCAR4,P.ACUCAR-CBD,86.89,87.67,86.27,87.37,90539223.0,86.66,87.77299999999997,1.5970993443709778,5.339911264027903,98.45282252805578,77.09317747194416,103.79273379208368,71.75326620791625,109.13264505611158,66.41335494388835
20190621,PCAR4,P.ACUCAR-CBD,87.38,88.11,86.72,88.11,144700792.0,86.86200000000002,87.56699999999998,1.5051161871572647,5.156332029650512,97.87966405930099,77.25433594069895,103.0359960889515,72.09800391104844,108.19232811860205,66.94167188139792
20190624,PCAR4,P.ACUCAR-CBD,87.99,88.02,87.02,87.3,69804408.0,87.07700000000001,87.28874999999998,1.2007545873108605,4.846072259691717,96.98089451938341,77.59660548061655,101.82696677907515,72.75053322092482,106.67303903876685,67.90446096123311
20190625,PCAR4,P.ACUCAR-CBD,87.5,87.5,85.85,85.9,74793125.0,87.184,86.99849999999998,0.9610378162232892,4.557262758076778,96.11302551615351,77.88397448384643,100.6702882742303,73.32671172576964,105.22755103230708,68.76944896769287
20190626,PCAR4,P.ACUCAR-CBD,86.2,86.65,84.08,84.61,117816626.0,87.1215,86.65424999999998,1.0844026975838001,4.179937361510762,95.01412472302151,78.29437527697846,99.19406208453226,74.11443791546769,103.37399944604302,69.93450055395694
20190627,PCAR4,P.ACUCAR-CBD,91.0,94.31,90.29,94.14,726082573.0,87.57050000000002,86.59524999999998,1.8313425475089231,4.052101694309426,94.69945338861885,78.49104661138112,98.75155508292826,74.43894491707171,102.80365677723768,70.38684322276227
20190628,PCAR4,P.ACUCAR-CBD,94.2,94.68,92.19,94.68,183252614.0,87.96700000000001,86.56899999999996,2.4110493456935065,3.994398513816464,94.5577970276329,78.58020297236705,98.55219554144935,74.58580445855058,102.54659405526584,70.59140594473412
20190701,PCAR4,P.ACUCAR-CBD,95.5,95.54,93.5,93.7,140229829.0,88.29150000000001,86.52649999999996,2.7206641507274063,3.906096188766621,94.3386923775332,78.71430762246673,98.24478856629985,74.80821143370011,102.15088475506646,70.90211524493348
20190702,PCAR4,P.ACUCAR-CBD,93.51,93.8,91.05,91.5,145365738.0,88.47850000000004,86.43924999999996,2.8092971119407304,3.7479781814623236,93.93520636292463,78.94329363707533,97.68318454438696,75.195315455613,101.43116272584926,71.44733727415068
20190703,PCAR4,P.ACUCAR-CBD,90.9,92.68,90.55,92.48,185635923.0,88.63000000000002,86.38049999999996,2.9429666378638366,3.629629457671909,93.6397589153438,79.12124108465615,97.26938837301572,75.49161162698424,100.8990178306876,71.86198216931234
20190704,PCAR4,P.ACUCAR-CBD,93.5,93.94,90.37,92.68,345063533.0,88.86050000000002,86.50299999999996,3.074395918413652,3.758474322217584,94.01994864443512,78.9860513555648,97.7784229666527,75.22757703334722,101.53689728887028,71.46910271112962
20190705,PCAR4,P.ACUCAR-CBD,92.57,93.35,91.72,92.2,314512466.0,89.07050000000002,86.70824999999996,3.154913419447693,3.840988713192412,94.39022742638477,79.02627257361516,98.2312161395772,75.18528386042273,102.07220485276962,71.34429514723031
20190708,PCAR4,P.ACUCAR-CBD,91.99,93.33,90.94,91.47,157036259.0,89.28150000000002,86.90149999999996,3.1678404980448804,3.882057708391488,94.66561541678291,79.137384583217,98.54767312517444,75.2553268748255,102.42973083356593,71.37326916643401
20190710,PCAR4,P.ACUCAR-CBD,92.48,93.35,90.98,92.56,223149309.0,89.55950000000001,87.20524999999996,3.200877305726725,3.836173967005138,94.87759793401024,79.53290206598969,98.71377190101538,75.69672809898455,102.54994586802052,71.86055413197941
20190711,PCAR4,P.ACUCAR-CBD,93.0,94.04,92.23,93.22,148870641.0,89.87800000000001,87.46324999999996,3.2338320107397016,3.8859130118798575,95.23507602375969,79.69142397624023,99.12098903563951,75.80551096436041,103.0069020475194,71.91959795248053
20190712,PCAR4,P.ACUCAR-CBD,93.81,94.84,93.2,93.95,180179331.0,90.21550000000002,87.75199999999997,3.291353065230248,3.928915946265623,95.6098318925312,79.8941681074687,99.53874783879681,75.96525216120308,103.46766378506244,72.03633621493745
20190715,PCAR4,P.ACUCAR-CBD,94.8,94.8,91.82,92.55,111356453.0,90.43300000000002,88.06474999999996,3.2948813571804485,3.7949095374508883,95.65456907490172,80.47493092509819,99.44947861235262,76.6800213876473,103.24438814980353,72.88511185019641
20190716,PCAR4,P.ACUCAR-CBD,92.54,92.84,91.39,92.0,101729003.0,90.71500000000002,88.38624999999996,3.1668039674759734,3.5566937164039776,95.49963743280792,81.272862567192,99.0563311492119,77.71616885078801,102.61302486561588,74.15947513438405
20190717,PCAR4,P.ACUCAR-CBD,92.63,92.82,91.81,92.75,70948219.0,90.99700000000004,88.67699999999996,3.0787815429929704,3.4202085706381333,95.51741714127623,81.8365828587237,98.93762571191436,78.41637428808556,102.3578342825525,74.99616571744744
20190718,PCAR4,P.ACUCAR-CBD,92.9,93.39,91.71,92.0,96842939.0,91.25850000000004,88.89349999999996,2.9188124387551966,3.3470197612280663,95.5875395224561,82.19946047754381,98.93455928368415,78.85244071631574,102.28157904491222,75.5054209550877
20190719,PCAR4,P.ACUCAR-CBD,92.02,92.21,91.11,91.14,62018308.0,91.44700000000003,89.05349999999996,2.772542249690032,3.2959583252904148,95.64541665058078,82.46158334941913,98.9413749758712,79.16562502412873,102.2373333011616,75.8696666988383
20190722,PCAR4,P.ACUCAR-CBD,91.61,91.68,89.54,90.2,102368107.0,91.55150000000003,89.20674999999996,2.6779199999843635,3.1993992925756025,95.60554858515115,82.80795141484877,98.80494787772676,79.60855212227315,102.00434717030235,76.40915282969755
20190723,PCAR4,P.ACUCAR-CBD,90.2,90.96,88.24,88.24,178109317.0,91.59850000000004,89.33774999999994,2.6066761957470184,3.0421588888695723,95.42206777773909,83.2534322222608,98.46422666660864,80.21127333339123,101.50638555547823,77.16911444452165
20190724,PCAR4,P.ACUCAR-CBD,88.5,89.55,87.84,88.0,134954919.0,91.70350000000003,89.44374999999994,2.399081567688249,2.9139951318087483,95.27174026361745,83.61575973638244,98.18573539542618,80.70176460457371,101.09973052723494,77.78776947276494
20190725,PCAR4,P.ACUCAR-CBD,90.0,93.88,89.69,92.9,498800131.0,92.11800000000004,89.61974999999994,1.7325660920029342,2.9045794854297715,95.42890897085951,83.81059102914041,98.33348845628927,80.90601154371062,101.23806794171902,78.00143205828086
20190726,PCAR4,P.ACUCAR-CBD,92.8,92.9,90.91,90.91,147777969.0,91.95650000000003,89.76349999999994,1.6840279876410404,2.8192357120326075,95.40197142406515,84.12502857593472,98.22120713609777,81.30579286390211,101.04044284813035,78.48655715186949
20190729,PCAR4,P.ACUCAR-CBD,90.89,91.0,89.7,90.71,170000533.0,91.75800000000004,89.86249999999994,1.576660695066909,2.7799564191382045,95.42241283827634,84.30258716172355,98.20236925741457,81.52263074258532,100.98232567655278,78.74267432344712
20190730,PCAR4,P.ACUCAR-CBD,91.0,94.5,90.56,94.21,179569091.0,91.78350000000003,90.03749999999994,1.6134183227579169,2.828600043330311,95.69470008666056,84.38029991333931,98.52330012999089,81.551699870009,101.35190017332118,78.72309982667869
20190731,PCAR4,P.ACUCAR-CBD,94.06,94.86,92.24,93.55,179242695.0,91.88600000000004,90.18224999999994,1.6589356131030188,2.857068147145944,95.89638629429184,84.46811370570805,98.75345444143775,81.61104555856211,101.61052258858369,78.75397741141617
20190801,PCAR4,P.ACUCAR-CBD,94.2,95.29,92.95,93.46,184787688.0,91.93500000000004,90.28249999999994,1.6915564305973263,2.9007344339684598,96.08396886793686,84.48103113206302,98.98470330190531,81.58029669809456,101.88543773587378,78.67956226412609
20190802,PCAR4,P.ACUCAR-CBD,95.0,95.09,93.37,94.5,77406801.0,92.02600000000004,90.44324999999996,1.7803677916893,2.9526809959937514,96.34861199198744,84.53788800801244,99.3012929879812,81.5852070120187,102.25397398397496,78.63252601602494
20190805,PCAR4,P.ACUCAR-CBD,92.8,94.65,91.64,93.0,131154740.0,92.06600000000005,90.56824999999996,1.7934218982892949,2.9524313209841657,96.47311264196829,84.66338735803161,99.42554396295245,81.71095603704745,102.37797528393659,78.7585247160633
20190806,PCAR4,P.ACUCAR-CBD,92.86,93.97,91.68,92.05,145728520.0,92.09500000000004,90.68824999999997,1.7879582592562178,2.9113657800297643,96.51098156005949,84.86551843994043,99.42234734008923,81.95415265991066,102.333713120119,79.04278687988091
20190807,PCAR4,P.ACUCAR-CBD,91.7,93.7,90.92,93.42,92232161.0,92.13800000000003,90.84874999999997,1.8099363175771204,2.879613745020841,96.60797749004163,85.08952250995827,99.48759123506248,82.20990876493742,102.36720498008332,79.33029501991659
20190808,PCAR4,P.ACUCAR-CBD,93.51,93.98,92.24,93.24,116208726.0,92.13900000000004,91.00849999999994,1.8105710061805,2.828889924533712,96.66627984906737,85.35072015093252,99.49516977360108,82.52183022639879,102.3240596981348,79.6929403018651
20190809,PCAR4,P.ACUCAR-CBD,92.8,92.89,91.26,91.98,129734427.0,92.04050000000004,91.12799999999996,1.7597352522169798,2.764101560344263,96.65620312068847,85.59979687931144,99.42030468103277,82.83569531896717,102.18440624137699,80.07159375862291
20190812,PCAR4,P.ACUCAR-CBD,91.98,92.02,88.95,89.27,124719807.0,91.87650000000004,91.15474999999996,1.859751751967936,2.7401122824645308,96.63497456492901,85.67452543507089,99.37508684739358,82.93441315260634,102.11519912985807,80.19430087014183
20190813,PCAR4,P.ACUCAR-CBD,88.99,90.41,88.17,88.86,113479376.0,91.71950000000002,91.21724999999996,1.977583520094111,2.655137243543438,96.5275244870868,85.90697551291308,99.18266173063026,83.25183826936964,101.83779897417372,80.59670102582619
20190814,PCAR4,P.ACUCAR-CBD,88.5,88.8,84.75,85.11,196051357.0,91.33750000000002,91.16724999999997,2.4496076484979024,2.7515468726350734,96.6703437452701,85.66415625472979,99.42189061790518,82.91260938209474,102.17343749054024,80.16106250945965
20190815,PCAR4,P.ACUCAR-CBD,85.5,85.92,84.05,84.69,128789856.0,90.97200000000002,91.11524999999996,2.8570275315071747,2.8545069963669465,96.82426399273385,85.40623600726606,99.6787709891008,82.55172901089912,102.53327798546776,79.69722201453217
20190816,PCAR4,P.ACUCAR-CBD,84.67,86.58,84.56,85.81,115988329.0,90.7055,91.07624999999996,3.080388688734709,2.916962494155152,96.91017498831026,85.24232501168966,99.82713748246542,82.3253625175345,102.74409997662056,79.40840002337936
20190819,PCAR4,P.ACUCAR-CBD,86.5,87.4,85.71,87.12,115917956.0,90.55150000000002,91.05149999999996,3.1822952243211784,2.9468231916891576,96.94514638337826,85.15785361662164,99.89196957506742,82.21103042493247,102.83879276675657,79.26420723324331
20190820,PCAR4,P.ACUCAR-CBD,90.39,90.39,86.53,88.75,183140419.0,90.57700000000004,91.08774999999994,3.164793333237701,2.908156070565916,96.90406214113176,85.27143785886811,99.8122182116977,82.3632817883022,102.7203742822636,79.45512571773628
20190821,PCAR4,P.ACUCAR-CBD,89.6,90.7,88.32,90.7,108292703.0,90.71200000000002,91.20774999999996,3.1061240019983103,2.7850291049439297,96.7778082098878,85.6376917901121,99.56283731483174,82.85266268516816,102.3478664197757,80.06763358022422
20190822,PCAR4,P.ACUCAR-CBD,90.7,90.7,88.01,88.4,101851861.0,90.48700000000002,91.30249999999994,3.102270984804268,2.6140309279554965,96.53056185591093,86.07443814408893,99.14459278386644,83.46040721613345,101.75862371182191,80.84637628817796
20190823,PCAR4,P.ACUCAR-CBD,88.0,88.0,85.83,87.22,90752036.0,90.30250000000002,91.12949999999994,3.1844290159925537,2.6501639523544838,96.4298279047089,85.82917209529097,99.0799918570634,83.17900814293648,101.73015580941788,80.52884419058199
20190826,PCAR4,P.ACUCAR-CBD,88.13,88.32,85.19,85.69,110769302.0,90.05150000000002,90.90474999999996,3.3444396509651613,2.721580411433324,96.3479108228666,85.46158917713329,99.06949123429993,82.74000876569998,101.79107164573324,80.01842835426665
20190827,PCAR4,P.ACUCAR-CBD,86.65,86.97,84.93,85.89,118045972.0,89.63550000000002,90.70949999999996,3.3172919757887183,2.7950615331972744,96.2996230663945,85.11937693360541,99.09468459959177,82.32431540040812,101.88974613278904,79.52925386721084
20190828,PCAR4,P.ACUCAR-CBD,85.4,86.3,85.04,85.9,112125595.0,89.25300000000004,90.56949999999996,3.283039509517562,2.8929835101057337,96.35546702021144,84.78353297978849,99.24845053031713,81.89054946968275,102.14143404042288,78.99756595957702
20190829,PCAR4,P.ACUCAR-CBD,86.11,87.52,85.66,87.5,117513294.0,88.95500000000004,90.44499999999996,3.1488235062773726,2.9157248296180778,96.27644965923606,84.6135503407638,99.19217448885419,81.69782551114571,102.10789931847228,78.78210068152764
20190830,PCAR4,P.ACUCAR-CBD,87.61,87.98,86.5,87.56,91041817.0,88.60800000000003,90.31699999999996,2.8761955866443314,2.9274529053121565,96.17190581062428,84.46209418937563,99.09935871593642,81.53464128406348,102.02681162124857,78.60718837875132
20190902,PCAR4,P.ACUCAR-CBD,86.44,87.36,85.57,86.6,72438496.0,88.28800000000004,90.17699999999996,2.7132416036912006,2.9687070482722944,96.11441409654456,84.23958590345536,99.08312114481684,81.27087885518306,102.05182819308912,78.30217180691078
20190903,PCAR4,P.ACUCAR-CBD,85.69,87.2,84.92,85.48,94662204.0,87.95950000000002,90.02724999999997,2.6302480871584804,3.051727537238296,96.13070507447657,83.92379492552338,99.18243261171484,80.87206738828506,102.23416014895314,77.82033985104677
20190904,PCAR4,P.ACUCAR-CBD,86.57,86.99,85.44,86.7,110887661.0,87.62350000000002,89.88074999999996,2.3051116538777454,3.0676386872290955,96.01602737445812,83.74547262554177,99.08366606168724,80.67783393831266,102.15130474891632,77.61019525108357
20190905,PCAR4,P.ACUCAR-CBD,87.29,88.9,86.66,87.1,130738002.0,87.31650000000002,89.72774999999996,1.8890439659425848,3.049386224497294,95.82652244899457,83.62897755100536,98.87590867349184,80.57959132650808,101.92529489798912,77.53020510201078
20190906,PCAR4,P.ACUCAR-CBD,87.71,88.28,84.1,84.1,187979224.0,86.92250000000001,89.48149999999997,1.6748004594423638,3.0970213564086486,95.67554271281723,83.28745728718266,98.77256406922591,80.19043593077402,101.86958542563455,77.09341457436534
20190909,PCAR4,P.ACUCAR-CBD,84.94,85.0,81.5,83.23,217446939.0,86.62050000000002,89.24849999999996,1.771022526529436,3.2088184182071746,95.6661368364143,82.83086316358559,98.87495525462148,79.62204474537843,102.08377367282864,76.41322632717127
20190910,PCAR4,P.ACUCAR-CBD,82.87,83.84,82.09,83.3,162523317.0,86.34250000000002,89.03099999999996,1.8361655555448888,3.310766275854165,95.65253255170828,82.40946744829165,98.96329882756244,79.09870117243747,102.27406510341663,75.78793489658331
20190911,PCAR4,P.ACUCAR-CBD,84.8,88.35,84.13,88.35,277009097.0,86.50450000000002,88.92099999999996,1.8644131996283453,3.2566876360766117,95.4343752721532,82.40762472784674,98.6910629082298,79.15093709177012,101.94775054430643,75.89424945569351
20190912,PCAR4,P.ACUCAR-CBD,88.68,89.29,87.22,87.8,112604449.0,86.66000000000004,88.81599999999996,1.8345657739498973,3.222397419345576,95.26079483869113,82.37120516130881,98.4831922580367,79.14880774196324,101.70558967738226,75.92641032261766
20190913,PCAR4,P.ACUCAR-CBD,87.95,87.95,86.0,86.6,104915563.0,86.69950000000001,88.70249999999996,1.8237742098247984,3.218394049275219,95.13928809855041,82.26571190144952,98.35768214782559,79.0473178521743,101.57607619710085,75.82892380289907
20190916,PCAR4,P.ACUCAR-CBD,86.89,87.77,85.21,86.9,143496649.0,86.68850000000002,88.61999999999998,1.821766854920032,3.2213176154311527,95.06263523086227,82.17736476913767,98.28395284629343,78.9560471537065,101.50527046172459,75.73472953827536
20190917,PCAR4,P.ACUCAR-CBD,85.7,86.89,85.23,85.75,173134653.0,86.53850000000004,88.55774999999996,1.7657390729338371,3.2527546412863844,95.06325928257273,82.05224071742721,98.31601392385912,78.79948607614081,101.56876856514549,75.54673143485444
20190918,PCAR4,P.ACUCAR-CBD,85.9,86.16,84.9,85.26,98186295.0,86.26650000000002,88.48924999999998,1.48812235985345,3.2933985155233083,95.0760470310466,81.90245296895337,98.3694455465699,78.60905445343006,101.6628440620932,75.31565593790675
20190919,PCAR4,P.ACUCAR-CBD,85.91,86.42,83.78,83.78,178478442.0,86.03550000000001,88.26124999999998,1.4980565480160348,3.295900474209932,94.85305094841983,81.66944905158013,98.14895142262978,78.3735485773702,101.44485189683971,75.07764810316027
20190920,PCAR4,P.ACUCAR-CBD,84.39,84.67,83.0,83.0,235025677.0,85.82450000000001,88.06349999999998,1.6150622441976326,3.3693798790327216,94.80225975806543,81.32474024193455,98.17163963709815,77.95536036290183,101.54101951613087,74.58598048386911
20190923,PCAR4,P.ACUCAR-CBD,83.41,83.77,81.9,82.45,159663035.0,85.66250000000002,87.85699999999999,1.7830248544482157,3.455051448650262,94.76710289730049,80.94689710269947,98.22215434595077,77.4918456540492,101.67720579460104,74.03679420539895
20190924,PCAR4,P.ACUCAR-CBD,82.9,83.7,82.46,83.7,198686973.0,85.55300000000003,87.59424999999996,1.8348127683057984,3.3577937563608837,94.30983751272171,80.8786624872782,97.66763126908262,77.52086873091733,101.02542502544351,74.16307497455644
20190925,PCAR4,P.ACUCAR-CBD,83.63,83.63,82.11,82.5,71115475.0,85.38300000000002,87.31799999999996,1.9545711603965192,3.3094435197259515,93.93688703945186,80.69911296054806,97.24633055917782,77.38966944082212,100.5557740789038,74.08022592109616
20190926,PCAR4,P.ACUCAR-CBD,82.88,82.88,80.8,81.51,204173176.0,85.0835,87.01924999999996,2.068702301088176,3.2800206280620348,93.57929125612404,80.4592087438759,96.85931188418607,77.17918811581387,100.1393325122481,73.89916748775185
20190927,PCAR4,P.ACUCAR-CBD,81.7,82.19,79.98,80.5,145357962.0,84.7305,86.66924999999998,2.220648257651752,3.2074507710512945,93.08415154210256,80.25434845789741,96.29160231315386,77.0468976868461,99.49905308420514,73.8394469157948
20190930,PCAR4,P.ACUCAR-CBD,80.2,81.39,79.8,79.8,114469367.0,84.3905,86.33924999999998,2.4300432636393885,3.2184327986594234,92.77611559731882,79.90238440268114,95.99454839597826,76.6839516040217,99.21298119463768,73.46551880536228
20191001,PCAR4,P.ACUCAR-CBD,79.9,80.8,79.41,80.72,105855935.0,84.1525,86.05599999999995,2.5479586772657714,3.2014746602151205,92.45894932043021,79.65305067956973,95.66042398064532,76.45157601935459,98.86189864086045,73.25010135913948
20191002,PCAR4,P.ACUCAR-CBD,80.39,80.57,78.5,79.47,175816119.0,83.79100000000003,85.70724999999996,2.6771172634209752,3.1378990092587684,91.9830480185175,79.43145198148244,95.12094702777628,76.29355297222365,98.25884603703504,73.15565396296489
20191003,PCAR4,P.ACUCAR-CBD,79.5,80.4,79.09,79.57,160182728.0,83.4145,85.36549999999997,2.7164653407267707,3.0393225881553327,91.44414517631064,79.28685482368931,94.48346776446596,76.24753223553397,97.52279035262129,73.20820964737864
20191004,PCAR4,P.ACUCAR-CBD,80.12,80.91,79.74,80.53,155224772.0,83.23600000000002,85.07924999999997,2.785466794481548,2.9378811373032905,90.95501227460657,79.20348772539339,93.89289341190985,76.2656065880901,96.83077454921312,73.32772545078682
20191007,PCAR4,P.ACUCAR-CBD,80.52,81.17,79.43,79.98,117845498.0,83.07350000000002,84.84699999999998,2.8790628500847766,2.9651697750501853,90.77733955010036,78.91666044989961,93.74250932515055,75.95149067484942,96.7076791002007,72.98632089979924
20191008,PCAR4,P.ACUCAR-CBD,79.89,80.3,78.35,78.95,118383177.0,82.85600000000002,84.59924999999997,3.021823081658417,3.034469824431274,90.66818964886251,78.53031035113742,93.7026594732938,75.49584052670615,96.73712929772506,72.46137070227488
20191013,PCAR4,-,80.7,81.9,79.7,80.7,-,82.85600000000002,84.59925000000001,3.021823081658174,3.034469824431381,90.66818964886278,78.53031035113725,-,-,-,-
20191014,PCAR4,-,80.71,80.94,79.81,80.71,-,82.4735,84.48899999999999,2.7628651699582485,3.0949477440599122,90.67889548811982,78.29910451188016,-,-,-,-
