DATA DO PREGAO,CODIGO DE NEGOCIACAO DO PAPEL,NOME RESUMIDO DA EMPRESA EMISSORA,PRECO DE ABERTURA,PRECO MAXIMO,PRECO MINIMO,PRECO FECHAMENTO,VOLUME TOTAL DE TITULOS NEGOCIADOS NESTE PAPEL,MA_20,MA_40,STD_20,STD_40,BANDA_1_40 SUPERIOR,BANDA_1_40 INFERIOR,BANDA_2_40 SUPERIOR,BANDA_2_40 INFERIOR,BANDA_3_40 SUPERIOR,BANDA_3_40 INFERIOR
20190102,PETR4,PETROBRAS,22.55,24.2,22.28,24.06,2464878203.0,0.0,0.0,0.0,0.0,0.0,0.0,0.0,0.0,0.0,0.0
20190103,PETR4,PETROBRAS,23.96,24.82,23.8,24.65,2317249975.0,0.0,0.0,0.0,0.0,0.0,0.0,0.0,0.0,0.0,0.0
20190104,PETR4,PETROBRAS,24.85,24.94,24.47,24.72,1782609975.0,0.0,0.0,0.0,0.0,0.0,0.0,0.0,0.0,0.0,0.0
20190107,PETR4,PETROBRAS,24.85,25.92,24.7,25.11,3070184795.0,0.0,0.0,0.0,0.0,0.0,0.0,0.0,0.0,0.0,0.0
20190108,PETR4,PETROBRAS,25.4,25.42,24.77,24.96,1725902680.0,0.0,0.0,0.0,0.0,0.0,0.0,0.0,0.0,0.0,0.0
20190109,PETR4,PETROBRAS,25.3,25.5,25.15,25.48,1781209443.0,0.0,0.0,0.0,0.0,0.0,0.0,0.0,0.0,0.0,0.0
20190110,PETR4,PETROBRAS,25.26,25.41,25.07,25.26,1383280382.0,0.0,0.0,0.0,0.0,0.0,0.0,0.0,0.0,0.0,0.0
20190111,PETR4,PETROBRAS,25.15,25.19,24.84,24.99,1348153490.0,0.0,0.0,0.0,0.0,0.0,0.0,0.0,0.0,0.0,0.0
20190114,PETR4,PETROBRAS,24.82,25.09,24.66,24.85,1158984570.0,0.0,0.0,0.0,0.0,0.0,0.0,0.0,0.0,0.0,0.0
20190115,PETR4,PETROBRAS,24.83,25.12,24.7,24.83,1339552572.0,0.0,0.0,0.0,0.0,0.0,0.0,0.0,0.0,0.0,0.0
20190116,PETR4,PETROBRAS,24.8,24.9,24.66,24.82,1002161356.0,0.0,0.0,0.0,0.0,0.0,0.0,0.0,0.0,0.0,0.0
20190117,PETR4,PETROBRAS,24.75,25.3,24.68,25.16,1259777617.0,0.0,0.0,0.0,0.0,0.0,0.0,0.0,0.0,0.0,0.0
20190118,PETR4,PETROBRAS,25.44,25.56,25.28,25.4,1704746071.0,0.0,0.0,0.0,0.0,0.0,0.0,0.0,0.0,0.0,0.0
20190121,PETR4,PETROBRAS,25.31,25.53,25.1,25.53,1146612236.0,0.0,0.0,0.0,0.0,0.0,0.0,0.0,0.0,0.0,0.0
20190122,PETR4,PETROBRAS,25.26,25.5,25.02,25.13,1548912066.0,0.0,0.0,0.0,0.0,0.0,0.0,0.0,0.0,0.0,0.0
20190123,PETR4,PETROBRAS,25.33,25.54,25.16,25.43,1343565923.0,0.0,0.0,0.0,0.0,0.0,0.0,0.0,0.0,0.0,0.0
20190124,PETR4,PETROBRAS,25.4,25.54,25.32,25.54,1020492470.0,0.0,0.0,0.0,0.0,0.0,0.0,0.0,0.0,0.0,0.0
20190128,PETR4,PETROBRAS,25.29,25.53,24.74,24.77,1628595538.0,0.0,0.0,0.0,0.0,0.0,0.0,0.0,0.0,0.0,0.0
20190129,PETR4,PETROBRAS,25.25,25.56,25.11,25.37,1505599832.0,0.0,0.0,0.0,0.0,0.0,0.0,0.0,0.0,0.0,0.0
20190130,PETR4,PETROBRAS,25.81,25.93,25.47,25.62,1608146708.0,25.083999999999996,0.0,0.3888633909769675,0.0,0.0,0.0,0.0,0.0,0.0,0.0
20190131,PETR4,PETROBRAS,25.87,25.96,25.56,25.58,1631159016.0,25.16,0.0,0.32077209486192176,0.0,0.0,0.0,0.0,0.0,0.0,0.0
20190201,PETR4,PETROBRAS,25.5,25.85,25.37,25.8,1232867813.0,25.2175,0.0,0.32754067646147766,0.0,0.0,0.0,0.0,0.0,0.0,0.0
20190204,PETR4,PETROBRAS,25.84,26.12,25.6,26.03,1392963242.0,25.282999999999998,0.0,0.3528246918200242,0.0,0.0,0.0,0.0,0.0,0.0,0.0
20190205,PETR4,PETROBRAS,25.91,26.1,25.81,26.05,1063998690.0,25.329999999999995,0.0,0.38929085324606955,0.0,0.0,0.0,0.0,0.0,0.0,0.0
20190206,PETR4,PETROBRAS,25.8,25.84,25.32,25.49,1651372597.0,25.356499999999997,0.0,0.3807233420187089,0.0,0.0,0.0,0.0,0.0,0.0,0.0
20190207,PETR4,PETROBRAS,25.6,25.85,24.66,25.09,1403456093.0,25.336999999999996,0.0,0.3840381011799413,0.0,0.0,0.0,0.0,0.0,0.0,0.0
20190208,PETR4,PETROBRAS,24.8,25.28,24.73,25.13,1005355455.0,25.330499999999994,0.0,0.3865021958131948,0.0,0.0,0.0,0.0,0.0,0.0,0.0
20190211,PETR4,PETROBRAS,25.17,25.17,24.54,24.84,984308444.0,25.322999999999997,0.0,0.39482307829950214,0.0,0.0,0.0,0.0,0.0,0.0,0.0
20190212,PETR4,PETROBRAS,25.32,25.85,25.23,25.72,1857791399.0,25.366499999999995,0.0,0.38783169165584114,0.0,0.0,0.0,0.0,0.0,0.0,0.0
20190213,PETR4,PETROBRAS,26.02,26.21,25.85,26.05,1798494276.0,25.427499999999995,0.0,0.39488672593009333,0.0,0.0,0.0,0.0,0.0,0.0,0.0
20190214,PETR4,PETROBRAS,26.17,26.95,26.0,26.95,2148710313.0,25.533999999999995,0.0,0.4965608035064243,0.0,0.0,0.0,0.0,0.0,0.0,0.0
20190215,PETR4,PETROBRAS,26.86,27.02,26.71,26.84,1717170938.0,25.617999999999995,0.0,0.5670570378811322,0.0,0.0,0.0,0.0,0.0,0.0,0.0
20190218,PETR4,PETROBRAS,26.59,26.79,26.41,26.76,1154936941.0,25.685999999999996,0.0,0.618728747641398,0.0,0.0,0.0,0.0,0.0,0.0,0.0
20190219,PETR4,PETROBRAS,26.86,27.4,26.84,27.38,1578101911.0,25.778499999999998,0.0,0.7235822799028945,0.0,0.0,0.0,0.0,0.0,0.0,0.0
20190220,PETR4,PETROBRAS,27.5,27.66,26.87,27.04,1504636740.0,25.873999999999995,0.0,0.7586789071870411,0.0,0.0,0.0,0.0,0.0,0.0,0.0
20190221,PETR4,PETROBRAS,27.18,27.49,26.82,27.4,1264381765.0,25.972499999999997,0.0,0.8231446441927164,0.0,0.0,0.0,0.0,0.0,0.0,0.0
20190222,PETR4,PETROBRAS,27.55,27.7,27.13,27.13,1001740240.0,26.052,0.0,0.8553275765213518,0.0,0.0,0.0,0.0,0.0,0.0,0.0
20190225,PETR4,PETROBRAS,27.0,27.03,26.63,26.7,1452986208.0,26.148500000000002,0.0,0.8107908744585471,0.0,0.0,0.0,0.0,0.0,0.0,0.0
20190226,PETR4,PETROBRAS,26.76,27.14,26.57,26.58,1248082537.0,26.209000000000003,0.0,0.7946260292211557,0.0,0.0,0.0,0.0,0.0,0.0,0.0
20190227,PETR4,PETROBRAS,26.84,27.25,26.63,27.08,1326653748.0,26.282000000000004,25.683,0.8046679602890744,0.8701228914089367,27.423245782817872,23.942754217182127,28.29336867422681,23.07263132577319,29.163491565635745,22.202508434364255
20190228,PETR4,PETROBRAS,27.72,27.75,26.6,27.06,2516682170.0,26.356,25.758,0.8047647580439036,0.8558162994834466,27.469632598966893,24.046367401033105,28.32544889845034,23.19055110154966,29.181265197933786,22.33473480206621
20190301,PETR4,PETROBRAS,27.14,27.25,26.63,26.7,1128627159.0,26.401000000000003,25.80925,0.7971653727922056,0.84911835875777,27.50748671751554,24.111013282484457,28.356605076273308,23.26189492372669,29.20572343503108,22.41277656496892
20190306,PETR4,PETROBRAS,26.55,26.76,26.47,26.76,490497762.0,26.437500000000007,25.860249999999997,0.7959957352437914,0.8432613352260268,27.54677267045205,24.173727329547944,28.39003400567808,23.330465994321916,29.233295340904103,22.48720465909589
20190307,PETR4,PETROBRAS,26.8,26.91,26.49,26.77,878062747.0,26.47350000000001,25.90175,0.7938266747052984,0.8462341541144188,27.594218308228836,24.209281691771164,28.440452462343256,23.363047537656744,29.286686616457676,22.516813383542324
20190308,PETR4,PETROBRAS,26.49,26.75,26.22,26.67,1312227932.0,26.532500000000006,25.944499999999998,0.7600129846536117,0.84061317668742,27.625726353374837,24.26327364662516,28.466339530062257,23.42266046993774,29.306952706749676,22.58204729325032
20190311,PETR4,PETROBRAS,27.02,27.78,27.01,27.75,1840843339.0,26.6655,26.00125,0.7262917711512955,0.8839572663415081,27.769164532683014,24.233335467316984,28.65312179902452,23.349378200975476,29.53707906536603,22.46542093463397
20190312,PETR4,PETROBRAS,27.79,27.96,27.25,27.5,1779008098.0,26.784000000000002,26.05725,0.6521333412246448,0.9064611027337212,27.87017220546744,24.24432779453256,28.776633308201163,23.337866691798837,29.683094410934885,22.431405589065115
20190313,PETR4,PETROBRAS,27.59,28.13,27.52,28.1,1700242304.0,26.947000000000003,26.134999999999998,0.5381068178051571,0.9451251443388549,28.025250288677707,24.24474971132229,28.970375433016564,23.299624566983432,29.915500577355417,22.35449942264458
20190314,PETR4,PETROBRAS,28.15,28.2,27.91,28.19,1201784174.0,27.070500000000003,26.2185,0.5249609007996586,0.9757325978792066,28.16996519575841,24.267034804241586,29.14569779363762,23.291302206362378,30.121430391516824,22.315569608483173
20190315,PETR4,PETROBRAS,28.16,28.39,28.11,28.25,1723776090.0,27.180500000000006,26.304000000000002,0.5303372809627028,1.000471171050204,28.30494234210041,24.303057657899593,29.305413513150615,23.30258648684939,30.30588468420082,22.302115315799185
20190318,PETR4,PETROBRAS,28.35,28.79,28.26,28.74,2617810915.0,27.270000000000003,26.402000000000005,0.630897439325387,1.0424876559559422,28.486975311911888,24.31702468808812,29.52946296786783,23.27453703213218,30.571950623823774,22.232049376176235
20190319,PETR4,PETROBRAS,28.85,29.5,28.6,29.2,2012004046.0,27.388000000000005,26.503000000000004,0.7547784617460594,1.1124313865329363,28.727862773065876,24.27813722693413,29.840294159598812,23.165705840401195,30.95272554613175,22.05327445386826
20190320,PETR4,PETROBRAS,29.2,29.6,28.9,28.97,2016501074.0,27.498500000000007,26.59225,0.8171920794628378,1.163697659871216,28.919645319742433,24.264854680257567,30.083342979613647,23.101157020386353,31.247040639484865,21.937459360515135
20190321,PETR4,PETROBRAS,28.84,28.97,27.92,28.56,2280837131.0,27.557500000000005,26.668,0.8501199605751968,1.1910740681827625,29.050148136365525,24.285851863634473,30.241222204548286,23.094777795451712,31.43229627273105,21.903703727268947
20190322,PETR4,PETROBRAS,27.94,28.14,27.0,27.0,2876528960.0,27.555500000000006,26.71475,0.8514475290567205,1.1655855521956247,29.045921104391248,24.38357889560875,30.211506656586874,23.217993343413124,31.377092208782496,22.0524077912175
20190325,PETR4,PETROBRAS,26.83,27.59,26.82,27.34,2844196346.0,27.55250000000001,26.762499999999996,0.8521296849658231,1.150631376289802,29.0637627525796,24.461237247420392,30.2143941288694,23.31060587113059,31.365025505159203,22.15997449484079
20190326,PETR4,PETROBRAS,27.74,28.68,27.72,28.63,2587182701.0,27.62750000000001,26.83975,0.8785866341369878,1.170015313290101,29.1797806265802,24.499719373419797,30.3497959398703,23.329704060129696,31.5198112531604,22.159688746839596
20190327,PETR4,PETROBRAS,28.21,28.21,27.34,27.34,1844107013.0,27.65950000000001,26.903999999999996,0.8543478584030304,1.1230654021186377,29.15013080423727,24.65786919576272,30.27319620635591,23.534803793644084,31.396261608474546,22.411738391525446
20190328,PETR4,PETROBRAS,27.25,28.06,26.95,28.06,1920184265.0,27.733500000000003,26.971249999999998,0.8193018529917633,1.1093083719609098,29.18986674392182,24.752633256078177,30.299175115882726,23.64332488411727,31.408483487843636,22.53401651215636
20190329,PETR4,PETROBRAS,28.45,28.53,27.74,28.06,1456006387.0,27.7825,27.032249999999998,0.807379614620786,1.1001479795568763,29.23254595911375,24.831954040886245,30.332693938670626,23.73180606132937,31.432841918227503,22.631658081772493
20190401,PETR4,PETROBRAS,28.4,28.42,27.87,28.0,1189125916.0,27.829500000000003,27.092750000000002,0.7902862572644147,1.084669363541318,29.262088727082638,24.923411272917367,30.346758090623958,23.838741909376047,31.431427454165274,22.75407254583473
20190402,PETR4,PETROBRAS,28.14,28.3,27.86,28.29,1079774045.0,27.909,27.155,0.7496097230172828,1.0800166190554183,29.31503323811084,24.994966761889163,30.395049857166256,23.914950142833746,31.475066476221674,22.83493352377833
20190403,PETR4,PETROBRAS,28.53,28.56,27.54,27.54,1549332697.0,27.947999999999997,27.19275,0.7056881673045293,1.0659845274770698,29.32471905495414,25.06078094504586,30.39070358243121,23.99479641756879,31.456688109908278,22.928811890091723
20190404,PETR4,PETROBRAS,27.77,28.47,27.37,28.47,1469488269.0,28.032999999999998,27.25325,0.6570356074625048,1.0681361372467026,29.389522274493405,25.116977725506597,30.45765841174011,24.048841588259894,31.525794548986813,22.98070545101319
20190405,PETR4,PETROBRAS,28.54,28.89,28.21,28.78,1570490632.0,28.1385,27.335500000000003,0.592934495361342,1.055474009445701,29.446448018891406,25.2245519811086,30.501922028337106,24.1690779716629,31.55739603778281,23.113603962217198
20190408,PETR4,PETROBRAS,29.06,29.39,28.98,29.25,1614697341.0,28.2135,27.439500000000002,0.6346094945131603,1.0332595920751877,29.50601918415038,25.372980815849626,30.539278776225565,24.33972122377444,31.572538368300755,23.30646163169925
20190409,PETR4,PETROBRAS,29.03,29.24,28.67,29.16,1270706441.0,28.296499999999998,27.540250000000004,0.6448522882677401,0.9981739417299553,29.536597883459915,25.543902116540092,30.53477182518987,24.545728174810137,31.532945766919823,23.547554233080184
20190410,PETR4,PETROBRAS,29.55,29.57,28.78,28.78,1801782176.0,28.330499999999994,27.638750000000005,0.6518352633344141,0.915888772499009,29.470527544998024,25.806972455001986,30.386416317497034,24.891083682502977,31.30230508999604,23.97519491000397
20190411,PETR4,PETROBRAS,28.7,28.7,27.87,28.0,1582400154.0,28.32099999999999,27.695750000000004,0.6553657074689255,0.8628244837413847,29.421398967482773,25.970101032517235,30.284223451224157,25.10727654877585,31.147047934965542,24.244452065034466
20190412,PETR4,PETROBRAS,26.47,26.97,25.57,25.83,5972965972.0,28.199999999999996,27.690250000000002,0.8604711071940319,0.8742102296593326,29.43867045931867,25.941829540681336,30.312880688978,25.067619311022003,31.18709091863733,24.193409081362674
20190415,PETR4,PETROBRAS,26.35,26.58,25.55,25.93,3081615047.0,28.059499999999993,27.664750000000005,0.9876685732199099,0.9104802550697032,29.485710510139413,25.843789489860598,30.396190765209113,24.933309234790897,31.306671020278817,24.022828979721194
20190416,PETR4,PETROBRAS,25.95,27.06,25.63,26.72,2532476621.0,27.93549999999999,27.661750000000005,0.9926120512115836,0.9134602780018278,29.48867055600366,25.834829443996348,30.40213083400549,24.92136916599452,31.315591112007315,24.007908887992695
20190417,PETR4,PETROBRAS,27.12,27.34,26.22,26.75,2787279913.0,27.82449999999999,27.661500000000007,0.9949635010496604,0.9137147341400447,29.488929468280098,25.834070531719917,30.40264420242014,24.920355797579873,31.316358936560185,24.00664106343983
20190418,PETR4,PETROBRAS,27.36,27.89,27.25,27.6,2782876399.0,27.77649999999999,27.667,0.9806672003767044,0.9126383281172861,29.492276656234573,25.84172334376543,30.40491498435186,24.929085015648145,31.317553312469144,24.01644668753086
20190422,PETR4,PETROBRAS,27.69,27.89,27.32,27.44,1249717369.0,27.798499999999997,27.677000000000003,0.967173173412273,0.9077704442683605,29.492540888536723,25.861459111463283,30.400311332805085,24.95368866719492,31.308081777073447,24.04591822292656
20190423,PETR4,PETROBRAS,27.72,28.0,27.68,27.68,1453509026.0,27.815499999999993,27.684000000000005,0.9616623491039648,0.90665855954143,29.497317119082865,25.870682880917144,30.403975678624295,24.964024321375714,31.310634238165726,24.057365761834284
20190424,PETR4,PETROBRAS,27.72,27.89,27.21,27.6,1588675063.0,27.763999999999992,27.695749999999997,0.9431492598288651,0.9023299967733092,29.500409993546615,25.89109000645338,30.402739990319922,24.98876000968007,31.305069987093233,24.08643001290676
20190425,PETR4,PETROBRAS,27.45,28.07,27.43,27.8,1535662529.0,27.78699999999999,27.723249999999997,0.9378592644954498,0.8878507252102729,29.49895145042054,25.94754854957945,30.386802175630816,25.059697824369177,31.274652900841087,24.171847099158907
20190426,PETR4,PETROBRAS,27.68,27.77,27.06,27.25,1440872625.0,27.74649999999999,27.74,0.9429253193623999,0.8719062523118583,29.483812504623714,25.996187495376283,30.355718756935573,25.124281243064424,31.227625009247433,24.252374990752564
20190429,PETR4,PETROBRAS,27.55,27.62,27.34,27.37,760530967.0,27.711999999999996,27.747249999999998,0.9434739836872477,0.8674719754580693,29.482193950916137,26.012306049083858,30.349665926374207,25.144834073625788,31.217137901832274,24.27736209816772
20190430,PETR4,PETROBRAS,27.52,27.66,26.98,27.11,1077023497.0,27.667499999999997,27.748499999999996,0.9501405713172693,0.8664917476340704,29.481483495268137,26.015516504731856,30.34797524290221,25.149024757097784,31.214466990536277,24.282533009463716
20190502,PETR4,PETROBRAS,26.8,26.82,26.52,26.73,1008741661.0,27.589499999999997,27.749249999999996,0.9603260137221785,0.8655734352409786,29.480396870481954,26.01810312951804,30.345970305722933,25.15252969427706,31.21154374096391,24.28695625903608
20190503,PETR4,PETROBRAS,26.9,27.07,26.85,26.85,898135782.0,27.555,27.751499999999993,0.9744877196709176,0.8630493048280032,29.477598609656,26.025401390343987,30.340647914484002,25.162352085515984,31.203697219312005,24.29930278068798
20190506,PETR4,PETROBRAS,26.39,26.77,26.36,26.77,843583520.0,27.47,27.751499999999993,0.9645669876603512,0.8630493048280032,29.477598609656,26.025401390343987,30.340647914484002,25.162352085515984,31.203697219312005,24.29930278068798
20190507,PETR4,PETROBRAS,26.65,26.66,26.12,26.35,1382331974.0,27.3485,27.74349999999999,0.9436897070318458,0.874735271308864,29.49297054261772,25.99402945738226,30.367705813926584,25.119294186073397,31.242441085235445,24.244558914764536
20190508,PETR4,PETROBRAS,26.31,27.47,26.29,27.37,1951036003.0,27.2545,27.733999999999988,0.8312481104054249,0.8767240889841713,29.48744817796833,25.980551822031646,30.3641722669525,25.103827733047474,31.240896355936673,24.227103644063302
20190509,PETR4,PETROBRAS,27.1,27.12,26.64,26.83,1252168228.0,27.138000000000005,27.717249999999986,0.7036117350386998,0.8876416102262925,29.49253322045257,25.9419667795474,30.380174830678865,25.054325169321107,31.267816440905158,24.166683559094814
20190510,PETR4,PETROBRAS,26.87,26.92,26.42,26.68,888724609.0,27.033000000000005,27.681749999999987,0.5938021999214388,0.9002475087013984,29.482245017402782,25.88125498259719,30.38249252610418,24.981007473895794,31.28274003480558,24.080759965194392
20190513,PETR4,PETROBRAS,26.21,26.47,25.82,25.9,1125759366.0,26.928000000000004,27.62449999999999,0.5994523816740585,0.9390746946070263,29.502649389214042,25.74635061078594,30.441724083821068,24.807275916178913,31.380798778428094,23.868201221571887
20190514,PETR4,PETROBRAS,26.17,26.23,25.85,26.0,911180016.0,26.936500000000002,27.56824999999999,0.5840716881017851,0.9676004883877452,29.50345097677548,25.633049023224498,30.471051465163224,24.665448534836752,31.43865195355097,23.697848046449007
20190515,PETR4,PETROBRAS,25.74,25.89,25.66,25.88,955502862.0,26.934000000000005,27.49674999999999,0.5886952567017351,0.984319073502864,29.46538814700572,25.528111852994265,30.449707220508582,24.5437927794914,31.434026294011446,23.559473705988538
20190516,PETR4,PETROBRAS,25.77,26.04,25.24,25.27,1194217141.0,26.8615,27.39849999999999,0.6959527736548363,1.0058509600562862,29.410201920112563,25.38679807988742,30.41605288016885,24.380947119831134,31.421903840225134,23.37509615977485
20190517,PETR4,PETROBRAS,25.05,25.42,24.47,24.68,1682836536.0,26.758,27.29124999999999,0.8502296903282993,1.0611826675206077,29.413615335041207,25.168884664958775,30.474798002561815,24.107701997438166,31.535980670082424,23.046519329917558
20190520,PETR4,PETROBRAS,24.68,25.52,24.64,25.52,1368918552.0,26.653999999999996,27.21524999999999,0.8688249778322618,1.076732920482736,29.368715840965464,25.061784159034517,30.445448761448198,23.985051238551783,31.522181681930935,22.908318318069046
20190521,PETR4,PETROBRAS,25.7,26.49,25.42,26.49,1504427090.0,26.606499999999993,27.202499999999993,0.8493420053813604,1.0823520210337751,29.367204042067545,25.037795957932442,30.44955606310132,23.955443936898668,31.531908084135093,22.873091915864894
20190522,PETR4,PETROBRAS,26.34,26.47,25.96,26.29,1271711910.0,26.536999999999995,27.176249999999992,0.8129679219411008,1.0916247300615955,29.359499460123182,24.993000539876803,30.45112419018478,23.901375809815207,31.542748920246375,22.80975107975361
20190523,PETR4,PETROBRAS,25.9,25.92,25.52,25.84,1275748126.0,26.448999999999995,27.10649999999999,0.7866778916832021,1.0854717750171923,29.277443550034373,24.935556449965606,30.362915325051567,23.850084674948413,31.448387100068757,22.764612899931223
20190524,PETR4,PETROBRAS,26.15,26.36,25.93,26.09,938507303.0,26.3635,27.07524999999999,0.7224175421895077,1.09651426148547,29.26827852297093,24.88222147702905,30.364792784456398,23.78570721554358,31.46130704594187,22.68919295405811
20190527,PETR4,PETROBRAS,26.3,26.54,26.17,26.24,893680286.0,26.313,27.02974999999999,0.6918404136032447,1.0923568673474002,29.21446373469479,24.84503626530519,30.30682060204219,23.752679397957788,31.399177469389592,22.660322530610387
20190528,PETR4,PETROBRAS,26.13,26.8,26.13,26.8,1617095191.0,26.284499999999998,26.99824999999999,0.6568623584090574,1.079983113590683,29.158216227181356,24.838283772818627,30.23819934077204,23.75830065922794,31.318182454362724,22.67831754563726
20190529,PETR4,PETROBRAS,26.49,26.71,26.26,26.5,1142247756.0,26.253999999999998,26.96074999999999,0.6301328180796688,1.0703064202990344,29.10136284059806,24.82013715940192,30.171669260897094,23.749830739102887,31.241975681196127,22.679524318803853
20190530,PETR4,PETROBRAS,26.51,26.86,25.99,26.15,1897814161.0,26.224999999999994,26.907249999999994,0.62034370778581,1.0555421197975317,29.018334239595056,24.796165760404932,30.07387635939259,23.7406236406074,31.12941847919012,22.685081520809867
20190531,PETR4,PETROBRAS,25.79,26.27,25.42,25.55,1630263256.0,26.15999999999999,26.857499999999995,0.6195159400693203,1.071726979201661,29.000953958403315,24.714046041596674,30.07268093760498,23.64231906239501,31.14440791680664,22.57059208319335
20190603,PETR4,PETROBRAS,25.88,26.32,25.85,25.99,1395186256.0,26.12099999999999,26.795499999999993,0.6034366490972006,1.0475121931852602,28.890524386370515,24.70047561362947,29.938036579555774,23.652963420444213,30.985548772741033,22.605451227258953
20190604,PETR4,PETROBRAS,26.29,26.37,26.03,26.2,976834264.0,26.113499999999995,26.730999999999995,0.6013692709142809,1.0005634310163345,28.732126862032665,24.729873137967324,29.732690293048996,23.729309706950993,30.73325372406533,22.728746275934657
20190605,PETR4,PETROBRAS,26.18,26.29,25.56,25.86,1691699223.0,26.037999999999993,26.64624999999999,0.5252929007505445,0.9222316509146266,28.490713301829246,24.801786698170737,29.41294495274387,23.879555047256112,30.335176603658496,22.957323396341486
20190606,PETR4,PETROBRAS,26.17,26.63,25.72,26.28,2297678486.0,26.01049999999999,26.57424999999999,0.4951817848022826,0.8286191401887714,28.23148828037753,24.917011719622447,29.060107420566304,24.088392579433673,29.888726560755075,23.259773439244903
20190607,PETR4,PETROBRAS,26.69,26.83,26.37,26.76,1392443208.0,26.01449999999999,26.52374999999999,0.5011615455487545,0.7484160624706702,28.020582124941328,25.02691787505865,28.768998187412,24.27850181258798,29.51741424988267,23.53008575011731
20190610,PETR4,PETROBRAS,26.6,26.89,26.52,26.65,1057764782.0,26.051999999999992,26.48999999999999,0.5198542305806557,0.709568305018748,27.909136610037486,25.070863389962497,28.618704915056234,24.361295084943748,29.328273220074983,23.651726779925
20190611,PETR4,PETROBRAS,26.89,27.29,26.71,27.16,1414079873.0,26.109999999999992,26.523249999999997,0.5754814917687574,0.7090093757291186,27.941268751458235,25.10523124854176,28.650278127187352,24.396221872812642,29.359287502916473,23.68721249708352
20190612,PETR4,PETROBRAS,27.02,27.12,26.64,26.85,1167566976.0,26.158499999999993,26.546249999999993,0.5956003163549183,0.7041768699002856,27.954603739800564,25.137896260199422,28.65878060970085,24.433719390299135,29.362957479601135,23.72954252039885
20190613,PETR4,PETROBRAS,27.15,27.39,27.08,27.18,1334875134.0,26.25399999999999,26.55774999999999,0.5987566063804081,0.7108120581780262,27.979374116356045,25.13612588364394,28.69018617453407,24.425313825465913,29.400998232712098,23.714501767287885
20190614,PETR4,PETROBRAS,27.2,27.25,26.9,27.06,1157602180.0,26.37299999999999,26.565499999999993,0.4973942627650121,0.7146415633746499,27.994783126749294,25.136216873250692,28.709424690123942,24.421575309876044,29.424066253498594,23.70693374650139
20190617,PETR4,PETROBRAS,27.08,27.43,26.96,27.11,1343194373.0,26.452499999999993,26.55324999999999,0.4806670255734783,0.70051405117773,27.954278102355453,25.15222189764453,28.65479215353318,24.451707846466803,29.35530620471091,23.751193795289073
20190618,PETR4,PETROBRAS,27.3,27.52,27.25,27.45,858864390.0,26.500499999999995,26.553499999999993,0.5300096821359632,0.7008403380850584,27.95518067617011,25.151819323829876,28.656021014255167,24.45097898574482,29.356861352340225,23.75013864765976
20190619,PETR4,PETROBRAS,27.35,27.59,27.22,27.52,912325275.0,26.561999999999994,26.549499999999988,0.5738475865868473,0.6946755376174563,27.9388510752349,25.160148924765075,28.633526612852357,24.465473387147618,29.328202150469814,23.77079784953016
20190621,PETR4,PETROBRAS,27.95,28.39,27.95,28.28,1650739307.0,26.68399999999999,26.56649999999999,0.6644855548704948,0.7285375234515533,28.023575046903098,25.109424953096884,28.75211257035465,24.38088742964533,29.480650093806204,23.652349906193777
20190624,PETR4,PETROBRAS,28.32,28.38,28.12,28.25,773328022.0,26.79199999999999,26.57774999999999,0.7346864709018975,0.7511955855117276,28.080141171023445,25.075358828976537,28.831336756535173,24.32416324346481,29.582532342046903,23.57296765795308
20190625,PETR4,PETROBRAS,28.14,28.16,27.38,27.51,1567829341.0,26.85549999999999,26.58424999999999,0.7393345158422934,0.7582533488390545,28.1007566976781,25.06774330232188,28.859010046517152,24.309489953482828,29.617263395356208,23.551236604643773
20190626,PETR4,PETROBRAS,27.55,27.93,27.52,27.67,1355348212.0,26.89899999999999,26.591749999999998,0.7611687688921632,0.7676500521488306,28.12705010429766,25.056449895702336,28.89470015644649,24.288799843553505,29.66235020859532,23.521149791404675
20190627,PETR4,PETROBRAS,27.44,27.55,27.01,27.23,1503930048.0,26.93549999999999,26.594749999999998,0.7585267923658403,0.7699583322059275,28.134666664411853,25.054833335588143,28.90462499661778,24.284875003382215,29.674583328823708,23.514916671176287
20190628,PETR4,PETROBRAS,27.45,27.61,27.11,27.41,1101216719.0,26.99849999999999,26.61175,0.7419978365693883,0.7804564328581984,28.172662865716397,25.050837134283604,28.953119298574595,24.270380701425406,29.733575731432794,23.489924268567208
20190701,PETR4,PETROBRAS,27.84,28.03,27.21,27.26,1290287966.0,27.083999999999993,26.622000000000003,0.6603300610101387,0.7863358713451287,28.19467174269026,25.049328257309746,28.98100761403539,24.262992385964615,29.76734348538052,23.47665651461949
20190702,PETR4,PETROBRAS,27.26,27.26,26.65,26.82,1557749672.0,27.125499999999995,26.623250000000002,0.6122905656974259,0.7866168633735168,28.196483726747037,25.050016273252968,28.983100590120554,24.26339940987945,29.76971745349407,23.476782546505934
20190703,PETR4,PETROBRAS,27.04,27.2,26.89,27.13,919676874.0,27.17199999999999,26.642750000000007,0.57231386309848,0.7893326863519528,28.221415372703913,25.0640846272961,29.010748059055864,24.27475194094415,29.80008074540782,23.485419254592195
20190704,PETR4,PETROBRAS,27.38,27.58,27.32,27.39,784780797.0,27.24849999999999,26.643250000000013,0.4829980385706814,0.7898113617690541,28.22287272353812,25.063627276461904,29.012684085307175,24.27381591469285,29.80249544707623,23.484004552923796
20190705,PETR4,PETROBRAS,27.27,27.59,27.13,27.4,751600997.0,27.30449999999999,26.657500000000017,0.42641066195810173,0.798362908290042,28.2542258165801,25.060774183419934,29.05258872487014,24.262411275129892,29.850951633160186,23.464048366839847
20190708,PETR4,PETROBRAS,27.5,27.72,27.44,27.65,699458966.0,27.34899999999999,26.681750000000015,0.41281957317933315,0.8136492266957333,28.309048453391483,25.054451546608547,29.122697680087214,24.240802319912817,29.936346906782948,23.427153093217083
20190710,PETR4,PETROBRAS,28.0,28.27,27.97,28.07,1428422095.0,27.419999999999995,26.73600000000001,0.40836000628955915,0.8323177401166107,28.400635480233234,25.07136451976679,29.23295322034984,24.23904677965018,30.065270960466453,23.40672903953357
20190711,PETR4,PETROBRAS,28.2,28.51,28.16,28.4,1365836351.0,27.481999999999992,26.796000000000014,0.45793127500919295,0.8638102830646363,28.523620566129285,25.068379433870742,29.387430849193922,24.204569150806105,30.25124113225856,23.340758867741467
20190712,PETR4,PETROBRAS,28.54,28.74,28.41,28.53,1168800981.0,27.565999999999992,26.86225000000001,0.48893439447969783,0.8928878170555116,28.648025634111033,25.076474365888988,29.540913451166546,24.183586548833475,30.433801268222055,23.290698731777965
20190715,PETR4,PETROBRAS,28.59,28.65,28.18,28.18,1038696214.0,27.615999999999993,26.935000000000013,0.4984227755208012,0.8782587668440694,28.691517533688152,25.178482466311873,29.569776300532222,24.300223699467804,30.448035067376292,23.421964932623734
20190716,PETR4,PETROBRAS,28.28,28.33,27.6,27.83,1530995635.0,27.654499999999995,27.01375000000001,0.4827059146105044,0.8094020822614902,28.63255416452299,25.394945835477028,29.44195624678448,24.58554375321554,30.25135832904597,23.776141670954047
20190717,PETR4,PETROBRAS,27.99,28.0,27.64,27.68,802850096.0,27.682999999999993,27.06775000000001,0.4653815638806109,0.7786592273309928,28.625068454661996,25.510431545338026,29.40372768199299,24.73177231800703,30.18238690932398,23.95311309067604
20190718,PETR4,PETROBRAS,27.76,27.81,27.43,27.51,987017790.0,27.68599999999999,27.093250000000012,0.4639918329589376,0.7759506576303226,28.645151315260655,25.54134868473937,29.42110197289098,24.765398027109043,30.197052630521302,23.98944736947872
20190719,PETR4,PETROBRAS,27.5,27.6,27.37,27.44,780860555.0,27.681999999999995,27.122000000000014,0.4658393669382578,0.7666751393065886,28.65535027861319,25.588649721386837,29.42202541791978,24.821974582080248,30.18870055722637,24.05529944277366
20190722,PETR4,PETROBRAS,27.62,27.75,27.36,27.49,614081936.0,27.642499999999995,27.163250000000016,0.4455141913977662,0.7398488671031773,28.64294773420637,25.68355226579366,29.382796601309547,24.943703398690484,30.122645468412724,24.203854531587307
20190723,PETR4,PETROBRAS,27.51,27.63,27.4,27.52,581465220.0,27.605999999999995,27.19900000000002,0.42242906598556557,0.720967298949027,28.640934597898074,25.757065402101965,29.3619018968471,25.036098103152938,30.08286919579613,24.31513080420391
20190724,PETR4,PETROBRAS,27.59,27.64,27.3,27.35,767609422.0,27.597999999999995,27.226750000000017,0.4258440534922386,0.7042777260318724,28.63530545206376,25.818194547936272,29.339583178095634,25.1139168219044,30.043860904127506,24.409639095872528
20190725,PETR4,PETROBRAS,27.47,27.5,26.81,26.89,727238210.0,27.558999999999997,27.22900000000002,0.45370869392963226,0.7030220480184174,28.635044096036854,25.822955903963187,29.338066144055272,25.11993385594477,30.04108819207369,24.41691180792635
20190726,PETR4,PETROBRAS,26.8,26.8,26.1,26.14,1988825785.0,27.504499999999997,27.22000000000002,0.550458899464769,0.7147995953681502,28.64959919073632,25.79040080926372,29.36439878610447,25.07560121389557,30.079198381472622,24.360801618527418
20190729,PETR4,PETROBRAS,26.22,26.44,25.96,26.38,694310864.0,27.452999999999996,27.225750000000023,0.6052237515775875,0.7068524943140247,28.63945498862807,25.812045011371975,29.3463074829421,25.105192517057947,30.053159977256122,24.398340022743923
20190730,PETR4,PETROBRAS,26.35,26.49,26.18,26.24,1005016059.0,27.401999999999997,27.243000000000023,0.6625993470694095,0.67249325609049,28.587986512181004,25.898013487819043,29.260479768271495,25.225520231728552,29.932973024361985,24.553026975638062
20190731,PETR4,PETROBRAS,26.39,26.5,26.02,26.08,1046705070.0,27.365,27.24525000000002,0.715368877977588,0.6683312072349402,28.5819124144699,25.90858758553014,29.25024362170484,25.2402563782952,29.918574828939782,24.571925171060258
20190801,PETR4,PETROBRAS,26.3,26.56,25.16,25.6,2365617130.0,27.2885,27.23025000000002,0.81648331275046,0.6984469493280435,28.627143898656108,25.83335610134393,29.32559084798415,25.13490915201589,30.024037797312193,24.436462202687846
20190802,PETR4,PETROBRAS,26.37,26.89,26.28,26.52,1705085466.0,27.244999999999997,27.24675000000002,0.8337833872427964,0.6725625983638687,28.591875196727756,25.901624803272284,29.264437795091627,25.229062204908413,29.937000393455495,24.556499606544545
20190805,PETR4,PETROBRAS,25.8,26.13,25.52,25.55,1242624032.0,27.152499999999996,27.228500000000018,0.9144044653848511,0.7084166165217414,28.6453332330435,25.811666766956535,29.353749849565244,25.103250150434793,30.062166466086985,24.39483353391305
20190806,PETR4,PETROBRAS,25.9,26.22,25.68,25.88,1145566381.0,27.064,27.206500000000023,0.9487298988925127,0.7364486856982473,28.67939737139652,25.733602628603528,29.415846057094765,24.997153942905282,30.15229474279301,24.260705257207036
20190807,PETR4,PETROBRAS,25.44,25.73,25.0,25.6,1708934197.0,26.940499999999997,27.18025000000002,0.971377074596985,0.7745221438293806,28.72929428765878,25.631205712341256,29.50381643148816,24.856683568511876,30.27833857531754,24.082161424682496
20190808,PETR4,PETROBRAS,26.1,26.35,25.86,26.35,1312739771.0,26.838,27.160000000000014,0.9158349655972362,0.7855750792433612,28.731150158486738,25.58884984151329,29.5167252377301,24.80327476226993,30.302300316973458,24.01769968302657
20190809,PETR4,PETROBRAS,26.3,26.69,26.1,26.28,965772607.0,26.7255,27.145750000000014,0.8313494103595837,0.7964372188626994,28.738624437725413,25.552875562274615,29.535061656588113,24.756438343411915,30.331498875450812,23.960001124549215
20190812,PETR4,PETROBRAS,25.92,25.92,25.54,25.65,927672666.0,26.599,27.107500000000016,0.7898294286209867,0.8307511275330559,28.769002255066127,25.445997744933905,29.599753382599182,24.61524661740085,30.430504510132238,23.784495489867794
20190813,PETR4,PETROBRAS,25.36,26.13,25.23,25.79,1172310920.0,26.496999999999996,27.075750000000017,0.7533720685585412,0.856483231383448,28.788716462766914,25.36278353723312,29.64519969415036,24.506300305849674,30.50168292553381,23.649817074466224
20190814,PETR4,PETROBRAS,25.26,25.38,24.78,24.92,1362530644.0,26.358999999999998,27.021000000000022,0.7776611357816647,0.9217480605781024,28.864496121156225,25.17750387884382,29.78624418173433,24.255755818265715,30.707992242312432,23.334007757687612
20190815,PETR4,PETROBRAS,24.99,25.0,24.14,24.23,1316365374.0,26.195,26.94050000000002,0.8632953998304338,1.0188176908453699,28.978135381690763,24.90286461830928,29.99695307253613,23.884046927463913,31.0157707633815,22.865229236618543
20190816,PETR4,PETROBRAS,24.72,24.77,23.89,23.91,1375504235.0,26.018499999999996,26.850250000000024,0.95168700626556,1.12094165428344,29.092133308566904,24.608366691433144,30.213074962850342,23.487425037149706,31.334016617133784,22.366483382866264
20190819,PETR4,PETROBRAS,24.3,24.5,23.85,24.03,1224271120.0,25.845499999999994,26.74400000000002,0.9840489664752556,1.1817193037352458,29.107438607470513,24.38056139252953,30.28915791120576,23.198842088794283,31.470877214941005,22.017122785059037
20190820,PETR4,PETROBRAS,23.91,24.19,23.68,24.02,891253257.0,25.670499999999993,26.63825000000002,0.9818000385971889,1.2317048587118424,29.101659717423704,24.174840282576337,30.333364576135548,22.943135423864494,31.56506943484739,21.71143056515265
20190821,PETR4,PETROBRAS,24.35,25.99,24.18,25.45,2201977634.0,25.575499999999995,26.586750000000023,0.8991836941300931,1.2373739511044328,29.061497902208888,24.11200209779116,30.298871853313322,22.874628146686725,31.536245804417753,21.637254195582294
20190822,PETR4,PETROBRAS,25.5,25.72,25.16,25.22,1034870269.0,25.491999999999997,26.525500000000022,0.8467000960384655,1.2430028776499886,29.0115057553,24.039494244700045,30.25450863294999,22.796491367050056,31.497511510599978,21.553488489400067
20190823,PETR4,PETROBRAS,24.78,25.37,24.23,24.28,1433018952.0,25.398999999999994,26.451750000000022,0.8735041348981573,1.2868723513689868,29.025494702737994,23.87800529726205,30.312367054106982,22.59113294589306,31.59923940547597,21.304260594524074
20190826,PETR4,PETROBRAS,24.58,24.68,23.77,23.96,953356246.0,25.278,26.36550000000002,0.8977375070581127,1.335689488712255,29.03687897742453,23.69412102257551,30.372568466136784,22.358431533863254,31.70825795484904,21.022742045151
20190827,PETR4,PETROBRAS,24.17,24.82,23.81,24.34,1712329698.0,25.183,26.292500000000018,0.8910850866100923,1.3650204281367964,29.02254085627361,23.562459143726425,30.387561284410406,22.19743871558963,31.752581712547205,20.832418287452832
20190828,PETR4,PETROBRAS,24.2,24.7,24.12,24.59,1028546075.0,25.1085,26.23675000000002,0.8742712754962639,1.3882647118818523,29.013279423763723,23.460220576236313,30.401544135645576,22.07195586435446,31.78980884752743,20.68369115247261
20190829,PETR4,PETROBRAS,24.9,25.5,24.68,25.5,1528554808.0,25.103500000000004,26.196000000000016,0.8715942742740672,1.3852923416358236,28.966584683271662,23.42541531672837,30.351877024907488,22.040122975092544,31.73716936654331,20.654830633456722
20190830,PETR4,PETROBRAS,25.53,25.69,25.17,25.5,1396933943.0,25.052500000000002,26.148750000000014,0.8121632905557141,1.375722071476906,28.900194142953826,23.397305857046202,30.275916214430733,22.021583785569295,31.651638285907637,20.64586171409239
20190902,PETR4,PETROBRAS,25.39,25.58,25.25,25.3,483402841.0,25.04,26.09625000000001,0.8060037873751758,1.3667886515290901,28.829827303058188,23.36267269694183,30.19661595458728,21.995884045412737,31.563404606116368,20.62909539388365
20190903,PETR4,PETROBRAS,25.11,25.66,25.03,25.6,1212197236.0,25.026,26.045000000000005,0.7929717589714566,1.345299509117118,28.73559901823424,23.35440098176577,30.08089852735136,22.009101472648652,31.426198036468477,20.663801963531533
20190904,PETR4,PETROBRAS,26.16,26.37,26.0,26.26,1473946583.0,25.058999999999997,25.999750000000006,0.8309404944176974,1.3052860723876663,28.61032214477534,23.389177855224673,29.915608217163005,22.083891782837007,31.22089428955067,20.77860571044934
20190905,PETR4,PETROBRAS,26.6,26.79,26.34,26.39,1291236552.0,25.060999999999996,25.949500000000008,0.8342528961512878,1.247943847356056,28.44538769471212,23.453612305287894,29.693331542068176,22.20566845793184,30.94127538942423,20.957724610575784
20190906,PETR4,PETROBRAS,26.4,26.86,26.2,26.52,1287989659.0,25.072999999999997,25.899250000000006,0.854197684503122,1.1799899771412612,28.259229954282528,23.539270045717483,29.43921993142379,22.359280068576222,30.61920990856505,21.17929009143496
20190909,PETR4,PETROBRAS,26.75,27.02,26.7,26.93,1003409699.0,25.136999999999993,25.868000000000006,0.9430359707377184,1.1336829023483204,28.135365804696647,23.600634195303364,29.269048707044966,22.466951292955045,30.402731609393285,21.333268390606726
20190910,PETR4,PETROBRAS,27.05,27.35,26.78,27.1,1195197107.0,25.202499999999993,25.849750000000007,1.0320693316164011,1.106846959749938,28.063443919499882,23.636056080500133,29.17029087924982,22.529209120750195,30.27713783899976,21.422362161000255
20190911,PETR4,PETROBRAS,27.35,27.35,26.83,26.87,1395541276.0,25.29999999999999,25.829500000000003,1.0942144502600304,1.0795771964416958,27.988654392883394,23.670345607116612,29.06823158932509,22.590768410674915,30.147808785766784,21.51119121423322
20190912,PETR4,PETROBRAS,26.86,27.14,26.64,27.06,1103561328.0,25.44149999999999,25.81825,1.1309301016140678,1.0638461607987042,27.945942321597407,23.69055767840259,29.00978848239611,22.626711517603887,30.073634643194815,21.562865356805183
20190913,PETR4,PETROBRAS,27.12,27.2,26.82,26.88,666742194.0,25.58999999999999,25.804250000000003,1.1141151787759236,1.0454832951859196,27.89521659037184,23.713283409628165,28.940699885557763,22.667800114442244,29.98618318074368,21.622316819256326
20190916,PETR4,PETROBRAS,28.12,28.24,27.69,28.06,4694020960.0,25.791499999999992,25.8185,1.1796309637027478,1.0725826726847576,27.963665345369517,23.673334654630484,29.036248018054273,22.600751981945727,30.10883069073903,21.52816930926097
20190917,PETR4,PETROBRAS,27.66,27.75,27.16,27.69,1854639631.0,25.974999999999994,25.822750000000003,1.1749960806205435,1.0798100200901861,27.982370040180374,23.66312995981963,29.06218006027056,22.583319939729446,30.14199008036075,21.503509919639257
20190918,PETR4,PETROBRAS,27.37,27.49,27.22,27.22,1109670881.0,26.063499999999994,25.819500000000005,1.1997687277137845,1.0752815969877383,27.97006319397548,23.66893680602453,29.04534479096322,22.59365520903679,30.120626387950956,21.518373612049054
20190919,PETR4,PETROBRAS,27.83,27.85,27.22,27.29,1161374364.0,26.16699999999999,25.829500000000003,1.2123925888397853,1.0872853752256006,28.004070750451206,23.6549292495488,29.091356125676803,22.567643874323203,30.178641500902405,21.4803584990976
20190920,PETR4,PETROBRAS,27.35,27.43,27.0,27.0,1409606204.0,26.30299999999999,25.851,1.1399727605240366,1.1019860858165684,28.054972171633136,23.647027828366863,29.156958257449705,22.545041742550293,30.258944343266272,21.443055656733726
20190923,PETR4,PETROBRAS,27.0,27.49,26.92,27.48,891663920.0,26.478999999999992,25.878499999999995,1.0251413253020554,1.1289217683145043,28.136343536629003,23.620656463370988,29.265265304943508,22.491734695056483,30.394187073258013,21.362812926741977
20190924,PETR4,PETROBRAS,27.42,27.54,27.15,27.27,999762936.0,26.625499999999988,25.904249999999998,0.9057853527536788,1.1489479859240637,28.202145971848125,23.60635402815187,29.35109395777219,22.457406042227806,30.500041943696253,21.308458056303742
20190925,PETR4,PETROBRAS,27.03,27.35,26.78,27.34,785782062.0,26.762999999999987,25.935749999999995,0.7806077254630392,1.1709515908888448,28.277653181777683,23.593846818222307,29.448604772666528,22.422895227333463,30.619556363555375,21.251943636444615
20190926,PETR4,PETROBRAS,27.4,27.7,27.23,27.7,926329883.0,26.87299999999999,25.98825,0.7475722109109352,1.2021730058096567,28.392596011619315,23.583903988380687,29.59476901742897,22.38173098257103,30.79694202323863,21.179557976761373
20190927,PETR4,PETROBRAS,27.55,27.95,27.52,27.66,884359915.0,26.980999999999987,26.016750000000002,0.692796772813644,1.2283309240487061,28.473411848097413,23.56008815190259,29.70174277214612,22.331757227853885,30.930073696194825,21.10342630380518
20190930,PETR4,PETROBRAS,27.56,27.64,27.4,27.55,637132028.0,27.093499999999988,26.066750000000003,0.578757971412603,1.2493698668138886,28.56548973362778,23.568010266372227,29.814859600441668,22.318640399558337,31.064229467255558,21.069270532744447
20191001,PETR4,PETROBRAS,27.6,27.73,27.36,27.51,892375022.0,27.188999999999986,26.107499999999998,0.46593313276743187,1.2695421141053844,28.646584228210767,23.56841577178923,29.91612634231615,22.298873657683846,31.185668456421535,21.02933154357846
20191002,PETR4,PETROBRAS,27.22,27.26,26.61,26.72,1377523710.0,27.21199999999999,26.1355,0.427423123281528,1.2704127130733742,28.67632542614675,23.59467457385325,29.946738139220123,22.324261860779878,31.217150852293496,21.053849147706504
20191003,PETR4,PETROBRAS,26.75,26.81,26.28,26.74,1223845847.0,27.22949999999999,26.145250000000004,0.3981599123335003,1.2735937191814553,28.692437438362916,23.598062561637093,29.96603115754437,22.324468842455637,31.239624876725827,21.05087512327418
20191004,PETR4,PETROBRAS,26.85,26.92,26.27,26.51,1271130916.0,27.228999999999992,26.151000000000003,0.39910294147585984,1.2747363729465049,28.700472745893013,23.601527254106994,29.97520911883952,22.326790881160488,31.249945491786022,21.052054508213985
20191007,PETR4,PETROBRAS,26.37,26.6,26.1,26.17,691176195.0,27.190999999999992,26.164000000000005,0.4605248721781308,1.2721449683557335,28.708289936711473,23.619710063288537,29.980434905067206,22.347565094932804,31.25257987342294,21.07542012657707
20191008,PETR4,PETROBRAS,26.17,26.44,25.95,26.02,795689859.0,27.13699999999999,26.169750000000004,0.5298569816965506,1.2709303830114096,28.711610766022822,23.627889233977186,29.982541149034233,22.356958850965775,31.253471532045644,21.086028467954364
