DATA DO PREGAO,CODIGO DE NEGOCIACAO DO PAPEL,NOME RESUMIDO DA EMPRESA EMISSORA,PRECO DE ABERTURA,PRECO MAXIMO,PRECO MINIMO,PRECO FECHAMENTO,VOLUME TOTAL DE TITULOS NEGOCIADOS NESTE PAPEL,MA_20,MA_40,STD_20,STD_40,BANDA_1_40 SUPERIOR,BANDA_1_40 INFERIOR,BANDA_2_40 SUPERIOR,BANDA_2_40 INFERIOR,BANDA_3_40 SUPERIOR,BANDA_3_40 INFERIOR
20190102,VALE3,VALE,50.01,51.37,49.79,51.09,877485830.0,0.0,0.0,0.0,0.0,0.0,0.0,0.0,0.0,0.0,0.0
20190103,VALE3,VALE,50.8,50.94,48.4,49.0,1484680692.0,0.0,0.0,0.0,0.0,0.0,0.0,0.0,0.0,0.0,0.0
20190104,VALE3,VALE,49.82,52.45,49.82,52.19,2233199223.0,0.0,0.0,0.0,0.0,0.0,0.0,0.0,0.0,0.0,0.0
20190107,VALE3,VALE,52.87,53.65,51.72,51.91,1103211511.0,0.0,0.0,0.0,0.0,0.0,0.0,0.0,0.0,0.0,0.0
20190108,VALE3,VALE,52.2,52.8,51.62,52.41,1041094262.0,0.0,0.0,0.0,0.0,0.0,0.0,0.0,0.0,0.0,0.0
20190109,VALE3,VALE,53.16,54.06,52.83,53.69,1484753562.0,0.0,0.0,0.0,0.0,0.0,0.0,0.0,0.0,0.0,0.0
20190110,VALE3,VALE,53.23,53.29,52.27,53.1,957120815.0,0.0,0.0,0.0,0.0,0.0,0.0,0.0,0.0,0.0,0.0
20190111,VALE3,VALE,53.26,53.46,52.38,52.38,652562226.0,0.0,0.0,0.0,0.0,0.0,0.0,0.0,0.0,0.0,0.0
20190114,VALE3,VALE,51.98,52.7,51.43,52.6,763435641.0,0.0,0.0,0.0,0.0,0.0,0.0,0.0,0.0,0.0,0.0
20190115,VALE3,VALE,52.85,53.2,51.87,52.35,761337623.0,0.0,0.0,0.0,0.0,0.0,0.0,0.0,0.0,0.0,0.0
20190116,VALE3,VALE,52.4,52.82,52.2,52.65,809334855.0,0.0,0.0,0.0,0.0,0.0,0.0,0.0,0.0,0.0,0.0
20190117,VALE3,VALE,52.44,54.71,52.27,54.23,1371411718.0,0.0,0.0,0.0,0.0,0.0,0.0,0.0,0.0,0.0,0.0
20190118,VALE3,VALE,54.95,55.6,54.25,54.76,1419486635.0,0.0,0.0,0.0,0.0,0.0,0.0,0.0,0.0,0.0,0.0
20190121,VALE3,VALE,54.85,55.35,54.39,55.28,586259642.0,0.0,0.0,0.0,0.0,0.0,0.0,0.0,0.0,0.0,0.0
20190122,VALE3,VALE,54.48,55.08,54.35,55.08,938404653.0,0.0,0.0,0.0,0.0,0.0,0.0,0.0,0.0,0.0,0.0
20190123,VALE3,VALE,55.46,55.9,55.33,55.65,749434792.0,0.0,0.0,0.0,0.0,0.0,0.0,0.0,0.0,0.0,0.0
20190124,VALE3,VALE,55.8,56.2,55.5,56.15,790442912.0,0.0,0.0,0.0,0.0,0.0,0.0,0.0,0.0,0.0,0.0
20190128,VALE3,VALE,45.0,48.0,42.36,42.38,8147843579.0,0.0,0.0,0.0,0.0,0.0,0.0,0.0,0.0,0.0,0.0
20190129,VALE3,VALE,43.27,44.69,42.6,42.74,2969276406.0,0.0,0.0,0.0,0.0,0.0,0.0,0.0,0.0,0.0,0.0
20190130,VALE3,VALE,46.25,46.8,44.98,46.6,3137193115.0,51.812,0.0,3.874894361887749,0.0,0.0,0.0,0.0,0.0,0.0,0.0
20190131,VALE3,VALE,46.99,47.44,45.5,45.5,1843325805.0,51.532500000000006,0.0,4.123354376692533,0.0,0.0,0.0,0.0,0.0,0.0,0.0
20190201,VALE3,VALE,45.72,46.33,45.58,46.25,979684029.0,51.395,0.0,4.255968564387268,0.0,0.0,0.0,0.0,0.0,0.0,0.0
20190204,VALE3,VALE,46.0,46.1,44.05,44.68,1602272421.0,51.01950000000001,0.0,4.506085329862273,0.0,0.0,0.0,0.0,0.0,0.0,0.0
20190205,VALE3,VALE,44.45,45.21,43.81,44.64,979910578.0,50.65600000000001,0.0,4.718684473229241,0.0,0.0,0.0,0.0,0.0,0.0,0.0
20190206,VALE3,VALE,44.0,44.4,42.46,42.46,1275799764.0,50.15850000000001,0.0,5.037759814378649,0.0,0.0,0.0,0.0,0.0,0.0,0.0
20190207,VALE3,VALE,42.15,42.79,41.21,41.59,1314473372.0,49.55350000000001,0.0,5.310509218323108,0.0,0.0,0.0,0.0,0.0,0.0,0.0
20190208,VALE3,VALE,40.64,43.59,40.51,43.16,2025245558.0,49.056500000000014,0.0,5.425028037764069,0.0,0.0,0.0,0.0,0.0,0.0,0.0
20190211,VALE3,VALE,43.86,44.05,41.89,42.02,1307419424.0,48.53850000000001,0.0,5.583282636585753,0.0,0.0,0.0,0.0,0.0,0.0,0.0
20190212,VALE3,VALE,42.5,44.33,42.05,44.3,1580002329.0,48.12350000000001,0.0,5.573964170942195,0.0,0.0,0.0,0.0,0.0,0.0,0.0
20190213,VALE3,VALE,44.31,45.99,44.3,45.49,1735808600.0,47.7805,0.0,5.5109054323414455,0.0,0.0,0.0,0.0,0.0,0.0,0.0
20190214,VALE3,VALE,45.39,45.94,45.05,45.66,1094715846.0,47.431000000000004,0.0,5.406492101363432,0.0,0.0,0.0,0.0,0.0,0.0,0.0
20190215,VALE3,VALE,45.4,46.02,45.19,45.88,1274533048.0,47.01350000000001,0.0,5.171104203573009,0.0,0.0,0.0,0.0,0.0,0.0,0.0
20190218,VALE3,VALE,45.79,46.15,44.9,45.25,853976975.0,46.538000000000004,0.0,4.848470838695858,0.0,0.0,0.0,0.0,0.0,0.0,0.0
20190219,VALE3,VALE,45.5,45.94,45.23,45.49,936012536.0,46.048500000000004,0.0,4.3921536199286715,0.0,0.0,0.0,0.0,0.0,0.0,0.0
20190220,VALE3,VALE,45.9,46.08,44.94,45.8,1164187777.0,45.584500000000006,0.0,3.8437720987811335,0.0,0.0,0.0,0.0,0.0,0.0,0.0
20190221,VALE3,VALE,45.84,46.09,45.13,45.38,973244272.0,45.071000000000005,0.0,3.0276878445788338,0.0,0.0,0.0,0.0,0.0,0.0,0.0
20190222,VALE3,VALE,45.7,47.06,45.57,46.99,815710469.0,44.61300000000001,0.0,1.6369744234891983,0.0,0.0,0.0,0.0,0.0,0.0,0.0
20190225,VALE3,VALE,47.35,47.75,46.4,47.12,791267515.0,44.85000000000001,0.0,1.639791385961514,0.0,0.0,0.0,0.0,0.0,0.0,0.0
20190226,VALE3,VALE,46.79,47.29,46.6,47.2,487483214.0,45.07300000000001,0.0,1.6410077135069703,0.0,0.0,0.0,0.0,0.0,0.0,0.0
20190227,VALE3,VALE,47.25,47.25,46.34,46.83,702341042.0,45.084500000000006,48.44825000000001,1.6530338137719942,4.500119022642479,57.44848804528497,39.44801195471505,61.94860706792744,34.94789293207258,66.44872609056992,30.447773909430094
20190228,VALE3,VALE,46.58,47.1,46.1,47.1,835508197.0,45.16450000000001,48.34850000000001,1.7118702453287769,4.48425367543374,57.317007350867485,39.37999264913253,61.801261026301226,34.89573897369879,66.28551470173497,30.41148529826505
20190301,VALE3,VALE,47.29,47.5,44.55,46.74,1384184969.0,45.18900000000001,48.29200000000001,1.7316159170585226,4.490068356512384,57.27213671302478,39.31186328697524,61.76220506953716,34.82179493046286,66.25227342604954,30.331726573950473
20190306,VALE3,VALE,47.43,48.05,47.19,48.05,726491033.0,45.35750000000001,48.188500000000005,1.840048268817655,4.445405320276031,57.079310640552066,39.29768935944794,61.5247159608281,34.85228403917191,65.97012128110413,30.406878718895882
20190307,VALE3,VALE,47.83,48.96,47.72,48.86,1026830531.0,45.568500000000014,48.11225,1.9893407397797067,4.405917633400296,56.924085266800596,39.30041473319941,61.330002900200896,34.89449709979911,65.73592053360119,30.488579466398818
20190308,VALE3,VALE,48.26,48.89,47.65,48.85,1230865719.0,45.88800000000001,48.02325,1.9769183887529032,4.3525090833348985,56.72826816666979,39.3182318333302,61.080777250004694,34.9657227499953,65.4332863333396,30.613213666660403
20190311,VALE3,VALE,48.9,49.95,48.61,49.88,1002942753.0,46.30250000000001,47.928,1.8957428067840816,4.266150730023733,56.46030146004746,39.395698539952534,60.7264521900712,35.129547809928795,64.99260292009492,30.863397079905067
20190312,VALE3,VALE,49.8,50.33,49.55,49.97,779416288.0,46.643000000000015,47.84975,1.9131046687738011,4.196998003762894,56.243746007525786,39.455753992474214,60.440744011288686,35.258755988711314,64.63774201505157,31.061757984948425
20190313,VALE3,VALE,49.94,51.0,49.7,50.7,1110802244.0,47.07700000000001,47.80775,1.7897282945802047,4.158732232550114,56.12521446510023,39.49028553489977,60.283946697650336,35.33155330234966,64.44267893020046,31.172821069799543
20190314,VALE3,VALE,50.8,50.93,50.2,50.71,871485461.0,47.39750000000002,47.7605,1.8395075857127245,4.1133777685336215,55.98725553706724,39.53374446293276,60.100633305600866,35.420366694399135,64.21401107413449,31.306988925865515
20190315,VALE3,VALE,50.8,51.24,50.4,50.55,1322953650.0,47.650500000000015,47.715500000000006,1.9099668638624483,4.071514523223573,55.85852904644715,39.57247095355286,59.93004356967073,35.50095643032928,64.0015580928943,31.429441907105712
20190318,VALE3,VALE,50.25,50.67,49.83,50.46,1154495774.0,47.89050000000002,47.66075,1.9478827236933656,4.017829103524462,55.696408207048925,39.625091792951075,59.71423731057338,35.60726268942662,63.732066414097844,31.589433585902153
20190319,VALE3,VALE,50.7,52.39,50.59,51.9,1653299118.0,48.19150000000002,47.602500000000006,2.081404573839485,3.9362078262309814,55.474915652461966,39.730084347538046,59.41112347869295,35.79387652130706,63.347331304923934,31.85766869507608
20190320,VALE3,VALE,51.45,51.68,50.4,50.56,1309346631.0,48.457000000000015,47.4975,2.0243286086476684,3.7938261249913183,55.08515224998264,39.90984775001736,58.878978374973954,36.11602162502605,62.672804499965274,32.32219550003473
20190321,VALE3,VALE,50.53,51.47,50.51,50.89,1001798497.0,48.72700000000002,47.387750000000004,1.96707932037107,3.622548676036857,54.63284735207372,40.14265264792629,58.255396028110574,36.520103971889434,61.87794470414743,32.89755529585258
20190322,VALE3,VALE,50.47,51.33,49.7,50.05,1295813911.0,48.939500000000024,47.26200000000001,1.8609348952100542,3.4309146571454328,54.12382931429087,40.40017068570914,57.55474397143631,36.969256028563706,60.98565862858174,33.53834137141828
20190325,VALE3,VALE,49.6,50.31,49.16,49.55,788609098.0,49.14800000000002,47.109500000000004,1.6643588934829279,3.174505776192083,53.45851155238417,40.76048844761584,56.63301732857625,37.58598267142376,59.807523104768336,34.41147689523167
20190326,VALE3,VALE,49.81,50.7,49.8,50.28,674630439.0,49.31250000000002,46.96275,1.601232666613914,2.866615969289328,52.695981938578655,41.229518061421345,55.56259790786798,38.36290209213202,58.42921387715731,35.49628612284269
20190327,VALE3,VALE,50.05,50.74,49.31,49.6,1037696051.0,49.43650000000002,47.143249999999995,1.5162810286667388,2.797124336042649,52.737498672085295,41.549001327914695,55.53462300812794,38.75187699187205,58.331747344170594,35.954752655829395
20190328,VALE3,VALE,50.51,50.6,48.62,49.3,1409955248.0,49.54150000000002,47.307249999999996,1.423103631984807,2.7236824502396693,52.75461490047933,41.85988509952066,55.478297350719004,39.13620264928099,58.201979800958675,36.41252019904132
20190329,VALE3,VALE,49.95,51.6,49.95,50.93,1283755606.0,49.74650000000002,47.415499999999994,1.3021127568605093,2.7803098425378416,52.97611968507568,41.85488031492431,55.75642952761352,39.07457047238647,58.53673937015136,36.29426062984863
20190401,VALE3,VALE,52.35,53.05,52.1,52.6,1337458051.0,50.02150000000002,47.592999999999996,1.2945321243802956,2.8797455371914955,53.35249107438299,41.833508925617004,56.23223661157448,38.953763388425514,59.111982148765975,36.07401785123402
20190402,VALE3,VALE,53.05,53.3,51.63,51.63,1119873417.0,50.26600000000002,47.7275,1.0873405509242007,2.940410532997744,53.60832106599549,41.84667893400451,56.54873159899323,38.90626840100677,59.489142131990974,35.965857868009024
20190403,VALE3,VALE,52.78,52.83,51.61,51.78,1125069542.0,50.45250000000002,47.904999999999994,1.003933710329908,2.965916643882884,53.836833287765764,41.973166712234224,56.80274993164865,39.00725006835134,59.768666575531526,36.04133342446846
20190404,VALE3,VALE,52.0,52.46,51.62,52.16,736638730.0,50.61750000000002,48.092999999999996,0.9995992618096814,2.9918729233949017,54.0767458467898,42.109254153210195,57.0686187701847,39.117381229815294,60.06049169357961,36.125508306420386
20190405,VALE3,VALE,52.2,52.36,51.7,51.98,434447729.0,50.774000000000015,48.330999999999996,0.9522074077470489,2.9098116953789406,54.15062339075788,42.51137660924211,57.06043508613682,39.60156491386317,59.970246781515755,36.69175321848424
20190408,VALE3,VALE,52.5,53.39,52.36,53.39,762255469.0,50.949500000000015,48.626,1.0919681651422548,2.805144358459084,54.23628871691817,43.01571128308183,57.04143307537725,40.210566924622746,59.84657743383633,37.405422566163665
20190409,VALE3,VALE,53.18,53.3,52.3,52.35,775647998.0,51.068500000000014,48.85574999999999,1.109154609316642,2.7210677462141826,54.29788549242836,43.41361450757163,57.01895323864254,40.69254676135745,59.74002098485673,37.97147901514326
20190410,VALE3,VALE,52.74,52.74,51.52,51.76,815050524.0,51.12150000000001,49.09925,1.1159243277494622,2.5222074046968537,54.143664809393705,44.05483519060629,56.665872214090555,41.53262778590944,59.18807961878741,39.01042038121258
20190411,VALE3,VALE,51.5,51.86,50.93,51.79,528109548.0,51.175500000000014,49.2865,1.1210825360478642,2.433234156742503,54.152968313485005,44.42003168651499,56.586202470227505,41.98679752977249,59.019436626970005,39.55356337302999
20190412,VALE3,VALE,52.09,52.72,51.31,51.48,879231353.0,51.222000000000016,49.436249999999994,1.113030949586207,2.3772723946703023,54.1907947893406,44.68170521065939,56.5680671840109,42.30443281598909,58.9453395786812,39.92716042131879
20190415,VALE3,VALE,51.59,51.72,50.78,51.33,810348152.0,51.26550000000001,49.57799999999999,1.098589885645247,2.3145473057963546,54.207094611592694,44.94890538840728,56.521641917389054,42.63435808261092,58.83618922318541,40.31981077681457
20190416,VALE3,VALE,51.27,53.16,50.84,53.1,991372682.0,51.3255,49.758499999999984,1.1657817571325644,2.3002458619984423,54.358991723996866,45.1580082760031,56.659237585995314,42.857762414004654,58.959483447993755,40.55751655200621
20190417,VALE3,VALE,53.16,53.8,51.7,52.25,1397407458.0,51.410000000000004,49.93349999999999,1.1686204192168033,2.213073683410711,54.35964736682141,45.50735263317856,56.57272105023212,43.29427894976786,58.78579473364283,41.081205266357145
20190418,VALE3,VALE,52.2,52.97,52.01,52.58,562509852.0,51.494499999999995,50.11074999999999,1.1899468143797696,2.130442818421566,54.37163563684312,45.849864363156854,56.50207845526469,43.71942154473529,58.63252127368625,41.58897872631373
20190422,VALE3,VALE,51.95,52.0,50.8,51.3,837469872.0,51.556999999999995,50.24824999999999,1.1419424817296522,2.0196989969947152,54.287647993989424,46.20885200601056,56.307346990984136,44.18915300901585,58.32704598797885,42.169454012021134
20190423,VALE3,VALE,51.59,51.92,51.28,51.92,511190449.0,51.6755,50.411749999999984,1.0412415413189913,1.8750301023224403,54.161810204644866,46.6616897953551,56.036840306967306,44.78665969303266,57.91187040928975,42.91162959071022
20190424,VALE3,VALE,51.55,51.74,50.16,50.36,1013101627.0,51.6795,50.49599999999999,1.0357375963152928,1.7911760926474285,54.07835218529485,46.91364781470513,55.86952827794227,45.1224717220577,57.6607043705897,43.33129562941028
20190425,VALE3,VALE,50.23,50.43,49.38,50.33,795732771.0,51.715999999999994,50.576249999999995,0.9693318371570413,1.7059228459722817,53.98809569194456,47.16440430805543,55.69401853791684,45.45848146208315,57.39994138388912,43.75255861611087
20190426,VALE3,VALE,50.48,50.65,49.52,50.42,532176884.0,51.772000000000006,50.656749999999995,0.8470481251473957,1.6161276725079812,53.88900534501596,47.42449465498403,55.50513301752394,45.80836698247605,57.12126069003192,44.19223930996807
20190429,VALE3,VALE,50.94,51.06,50.12,50.25,440393079.0,51.738,50.74224999999999,0.894918990747167,1.4943646064207305,53.730979212841454,47.75352078715853,55.225343819262186,46.2591561807378,56.71970842568291,44.76479157431707
20190430,VALE3,VALE,50.22,50.69,49.76,50.1,569811712.0,51.613,50.81724999999999,0.941561413151987,1.3775991518133384,53.572448303626665,48.06205169637331,54.95004745544,46.684452544559974,56.32764660725334,45.30685339274663
20190502,VALE3,VALE,49.28,49.28,48.72,48.94,779179839.0,51.4785,50.872249999999994,1.115136408932216,1.2485119091059536,53.3692738182119,48.375226181788086,54.61778572731785,47.126714272682136,55.86629763642381,45.87820236357618
20190503,VALE3,VALE,49.45,50.63,49.39,50.4,533777860.0,51.4095,50.93099999999999,1.137959739367335,1.1647863235319527,53.260572647063896,48.601427352936085,54.42535897059585,47.43664102940413,55.5901452941278,46.27185470587218
20190506,VALE3,VALE,49.6,49.75,49.09,49.66,516786623.0,51.2845,50.95099999999999,1.1874141520215142,1.1347964914128787,53.22059298282575,48.68140701717424,54.35538947423863,47.54661052576136,55.490185965651506,46.41181403434848
20190507,VALE3,VALE,49.35,49.7,48.72,49.7,748938987.0,51.170500000000004,50.972249999999995,1.2259495782539218,1.1019271870867546,53.176104374173505,48.768395625826486,54.278031561260256,47.666468438739734,55.379958748347015,46.564541251652976
20190508,VALE3,VALE,49.82,50.14,48.94,49.0,912014464.0,50.95100000000001,50.95025,1.2003810798417383,1.1326494637319222,53.21554892746384,48.68495107253615,54.348198391195766,47.55230160880423,55.48084785492769,46.419652145072305
20190509,VALE3,VALE,49.0,49.01,48.05,48.54,603096863.0,50.76050000000001,50.91449999999999,1.267141312270682,1.1857075135513873,53.28591502710277,48.54308497289721,54.47162254065415,47.35737745934583,55.65733005420554,46.17166994579444
20190510,VALE3,VALE,48.3,49.8,48.06,49.46,1235325668.0,50.645500000000006,50.883499999999984,1.2759948646984234,1.2074693816789785,53.29843876335794,48.468561236642024,54.50590814503692,47.26109185496305,55.713377526715895,46.05362247328407
20190513,VALE3,VALE,48.53,48.75,47.43,47.43,892935681.0,50.42750000000001,50.80149999999999,1.4329611409870306,1.325189004420052,53.4518780088401,48.15112199115988,54.777067013260144,46.825932986739836,56.1022560176802,45.50074398231978
20190514,VALE3,VALE,48.18,48.35,47.35,47.59,677046157.0,50.233000000000004,50.72749999999999,1.542404479683352,1.4189229393072136,53.56534587861442,47.88965412138556,54.98426881792163,46.47073118207835,56.403191757228846,45.05180824277114
20190515,VALE3,VALE,47.15,48.45,47.02,47.95,884458271.0,50.06400000000001,50.66474999999999,1.5999782893263559,1.4850174608314464,53.634784921662884,47.6947150783371,55.11980238249433,46.209697617505654,56.60481984332578,44.724680156674204
20190516,VALE3,VALE,48.55,48.93,45.82,46.4,2336144655.0,49.729,50.527249999999995,1.6319471740676121,1.6165157013838245,53.760281402767646,47.294218597232344,55.37679710415147,45.67770289584852,56.9933128055353,44.061187194464694
20190517,VALE3,VALE,46.4,47.72,46.3,47.72,1603156634.0,49.5025,50.45624999999999,1.5770788285874757,1.6763034538026516,53.808856907605296,47.103643092394684,55.48516036140794,45.42733963859204,57.161463815210595,43.751036184789385
20190520,VALE3,VALE,47.62,47.74,46.63,46.75,1123270757.0,49.211,50.352749999999986,1.5159186896677885,1.773807996287152,53.900365992574294,46.80513400742568,55.67417398886144,45.03132601113853,57.447981985148594,43.25751801485138
20190521,VALE3,VALE,47.1,47.96,46.09,47.41,1523552581.0,49.01649999999999,50.28674999999999,1.4829780670557193,1.8334727977256542,53.9536955954513,46.61980440454868,55.787168393176955,44.786331606823026,57.62064119090261,42.95285880909737
20190522,VALE3,VALE,47.78,48.69,47.37,47.46,1015905164.0,48.7935,50.23449999999998,1.3530288634257053,1.8840885030113177,54.002677006022616,46.46632299397735,55.886765509033935,44.58223449096603,57.770854012045255,42.69814598795471
20190523,VALE3,VALE,47.07,47.9,46.42,47.82,747140425.0,48.6665,50.17299999999999,1.3169792988821463,1.9223265818219941,54.01765316364398,46.328346836356,55.93997974546597,44.406020254534006,57.86230632728797,42.48369367271201
20190524,VALE3,VALE,48.64,49.43,48.31,48.31,1218414878.0,48.5655,50.14074999999999,1.2588652994284817,1.942896842610432,54.02654368522085,46.25495631477913,55.96944052783129,44.31205947216869,57.91233737044172,42.36916262955826
20190527,VALE3,VALE,49.0,50.25,48.9,50.19,861557537.0,48.554,50.163,1.2419695733199458,1.9381119546398482,54.03922390927969,46.2867760907203,55.97733586391954,44.34866413608045,57.915447818559386,42.41055218144061
20190528,VALE3,VALE,49.95,50.95,49.85,50.25,1865717767.0,48.554,50.14599999999999,1.2419695733199458,1.9341900842603932,54.01438016852077,46.2776198314792,55.94857025278117,44.343429747218806,57.88276033704156,42.40923966295841
20190529,VALE3,VALE,49.52,49.85,49.15,49.7,883785317.0,48.534000000000006,50.07349999999999,1.218767280579202,1.8937759729961154,53.861051945992216,46.28594805400776,55.75482791898833,44.392172081011644,57.64860389198445,42.49839610801553
20190530,VALE3,VALE,49.71,50.13,49.44,50.01,641796185.0,48.5875,50.032999999999994,1.2603043700880572,1.8768825762759256,53.786765152551844,46.279234847448144,55.66364772882777,44.40235227117222,57.540530305103694,42.525469694896294
20190531,VALE3,VALE,49.51,51.0,48.71,49.0,1432917057.0,48.5175,49.963499999999996,1.1913277643474782,1.8619448751100744,53.68738975022015,46.239610249779844,55.54933462533022,44.377665374669775,57.411279500440294,42.5157204995597
20190603,VALE3,VALE,49.35,49.6,48.44,48.83,1097620656.0,48.476000000000006,49.88024999999999,1.1635671106784211,1.8354744897611788,53.55119897952235,46.20930102047763,55.38667346928352,44.37382653071646,57.222147959044705,42.538352040955274
20190604,VALE3,VALE,49.18,49.35,48.3,49.11,951551668.0,48.4465,49.80849999999999,1.1381021829990774,1.8071660063090318,53.42283201261805,46.194167987381924,55.229998018927084,44.38700198107289,57.037164025236116,42.57983597476386
20190605,VALE3,VALE,49.28,49.43,47.86,48.39,696226806.0,48.416000000000004,49.68349999999999,1.130637454107848,1.724098500963796,53.13169700192758,46.2353029980724,54.855795502891375,44.5112044971086,56.57989400385517,42.7871059961448
20190606,VALE3,VALE,48.89,48.94,48.31,48.8,528593618.0,48.429,49.59474999999999,1.1336290119973125,1.6739588995658974,52.94266779913178,46.2468322008682,54.61662669869769,44.572873301302295,56.29058559826358,42.8989144017364
20190607,VALE3,VALE,49.05,49.1,48.36,48.66,566677215.0,48.388999999999996,49.51724999999999,1.1091860458058527,1.6426104732000963,52.802470946400184,46.232029053599796,54.44508141960028,44.5894185803997,56.08769189280038,42.9468081071996
20190610,VALE3,VALE,48.95,49.23,48.33,48.34,569125896.0,48.4345,49.43099999999999,1.0862028258788803,1.6104750055774617,52.651950011154916,46.210049988845064,54.26242501673238,44.5995749832676,55.872900022309835,42.989099977690145
20190611,VALE3,VALE,49.76,51.48,49.66,51.43,2265180187.0,48.6265,49.42974999999999,1.2552931089883284,1.608862454480146,52.647474908960284,46.2120250910397,54.25633736344043,44.60316263655955,55.865199817920576,42.99430018207941
20190612,VALE3,VALE,51.55,52.09,50.93,51.49,1262263996.0,48.8035,49.43374999999999,1.3965154944774845,1.6138990650928808,52.66154813018575,46.20595186981423,54.27544719527863,44.59205280472135,55.88934626037151,42.97815373962847
20190613,VALE3,VALE,51.9,52.25,51.59,51.85,937709350.0,49.07599999999999,49.40249999999999,1.434060851678093,1.5520040807506439,52.50650816150128,46.2984918384987,54.05851224225192,44.746487757748056,55.610516323002564,43.194483676997415
20190614,VALE3,VALE,51.7,51.82,51.15,51.4,1048286795.0,49.25999999999999,49.381249999999994,1.486061555713064,1.5174509454327862,52.416151890865564,46.346348109134425,53.933602836298355,44.82889716370163,55.45105378173114,43.31144621826885
20190617,VALE3,VALE,51.0,51.33,50.2,50.2,1040342391.0,49.43249999999999,49.321749999999994,1.375491778084792,1.433127989166816,52.18800597833363,46.45549402166636,53.62113396750044,45.02236603249955,55.05426195666726,43.58923804333273
20190618,VALE3,VALE,51.0,52.42,51.0,52.0,1406407853.0,49.66199999999999,49.33925,1.4029240141481654,1.4618891667624545,52.26302833352491,46.41547166647509,53.72491750028736,44.95358249971264,55.186806667049815,43.491693332950184
20190619,VALE3,VALE,53.0,53.1,51.83,52.3,1241748542.0,49.903999999999996,49.348749999999995,1.420427659841228,1.4802099426631887,52.30916988532637,46.38833011467362,53.78937982798956,44.90812017201043,55.26958977065275,43.42791022934724
20190621,VALE3,VALE,52.75,52.93,52.1,52.44,1075670099.0,50.135,49.40075,1.4392194521958328,1.55146644856588,52.50368289713176,46.297817102868244,54.05514934569764,44.74635065430236,55.60661579426352,43.194884205736486
20190624,VALE3,VALE,52.48,52.48,52.1,52.4,488849703.0,50.3395,49.4525,1.4567247870696403,1.6164201503829636,52.68534030076593,46.21965969923407,54.301760451148894,44.60323954885111,55.91818060153186,42.98681939846814
20190625,VALE3,VALE,52.19,52.47,51.34,51.38,644674966.0,50.399,49.4765,1.4744915269874652,1.6381345707220916,52.75276914144418,46.20023085855582,54.39090371216628,44.562096287833725,56.029038282888365,42.92396171711164
20190626,VALE3,VALE,51.5,52.04,51.37,51.58,686576787.0,50.4655,49.509750000000004,1.4972342045110467,1.6674723501340334,52.84469470026807,46.174805299731936,54.512167050402105,44.5073329495979,56.17963940053614,42.83986059946387
20190627,VALE3,VALE,52.15,52.15,51.52,51.7,774041756.0,50.5655,49.54975,1.5101497834390425,1.700851200926255,52.951452401852514,46.14804759814749,54.652303602778765,44.44719639722124,56.353154803705024,42.74634519629498
20190628,VALE3,VALE,52.07,52.2,51.69,51.82,576180099.0,50.65599999999999,49.621750000000006,1.5292220244293944,1.7349926291131315,53.091735258226265,46.151764741773746,54.8267278873394,44.41677211266061,56.56172051645253,42.68177948354748
20190701,VALE3,VALE,53.1,53.79,53.1,53.65,1220492444.0,50.8885,49.703,1.6152636252164245,1.844985164279167,53.392970328558334,46.01302967144167,55.2379554928375,44.168044507162506,57.08294065711667,42.32305934288333
20190702,VALE3,VALE,54.1,54.16,50.02,51.39,2512082261.0,51.0165,49.74625,1.5433875080484292,1.8641292564131253,53.474508512826255,46.01799148717375,55.33863776923938,44.15386223076063,57.202767025652506,42.2897329743475
20190703,VALE3,VALE,51.77,51.97,51.15,51.29,1033703512.0,51.1255,49.786,1.4772181359070067,1.8800024549902044,53.54600490998041,46.02599509001959,55.426007364970616,44.14599263502939,57.30600981996082,42.26599018003918
20190704,VALE3,VALE,51.68,52.1,51.15,51.67,837667231.0,51.2895,49.85275,1.332526192099623,1.8986864386484814,53.650122877296965,46.055377122703035,55.54880931594545,44.15669068405455,57.44749575459392,42.25800424540608
20190705,VALE3,VALE,50.4,50.58,49.76,50.36,1394718158.0,51.36749999999999,49.898250000000004,1.2200426006367002,1.8881993694984431,53.67464873899689,46.121851261003115,55.56284810849533,44.23365189150468,57.451047477993775,42.345452522006234
20190708,VALE3,VALE,50.65,51.6,50.46,50.95,652480520.0,51.48199999999999,49.935500000000005,1.0478830790543199,1.894020212168424,53.72354042433685,46.147459575663156,55.617560636505274,44.253439363494735,57.5115808486737,42.35941915132631
20190710,VALE3,VALE,51.61,52.56,51.4,52.13,1466439066.0,51.6715,50.053000000000004,0.7501808553871651,1.8803384856224086,53.813676971244824,46.292323028755185,55.694015456867234,44.411984543132775,57.57435394248964,42.53164605751037
20190711,VALE3,VALE,51.87,52.5,51.72,52.05,967780160.0,51.7025,50.164500000000004,0.7524827327971317,1.8626944228242217,53.88988884564845,46.43911115435156,55.75258326847267,44.57641673152734,57.61527769129689,42.71372230870312
20190712,VALE3,VALE,52.46,52.78,51.73,51.81,1160674698.0,51.71849999999999,50.26100000000001,0.7511273982627699,1.8449290167708405,53.95085803354169,46.57114196645833,55.79578705031253,44.726212949687486,57.640716067083375,42.881283932916645
20190715,VALE3,VALE,52.46,52.93,52.25,52.69,1061025355.0,51.7605,50.41825,0.7817286849297848,1.7741041618019537,53.96645832360391,46.87004167639609,55.74056248540586,45.09593751459414,57.51466664720782,43.32183335279218
20190716,VALE3,VALE,53.2,53.47,52.79,53.05,925137649.0,51.842999999999996,50.551500000000004,0.8274125808490665,1.7663936170220789,54.08428723404416,47.01871276595585,55.850680851066244,45.252319148933765,57.61707446808832,43.48592553191169
20190717,VALE3,VALE,52.99,53.12,52.46,52.69,731347620.0,51.967499999999994,50.7,0.7509844416357042,1.686487778088224,54.07297555617645,47.327024443823554,55.75946333426467,45.64053666573533,57.4459511123529,43.954048887647104
20190718,VALE3,VALE,52.61,52.82,52.23,52.59,642094296.0,51.99699999999999,50.8295,0.7638069472265373,1.625143701732858,54.079787403465716,47.57921259653429,55.704931105198575,45.95406889480143,57.330074806931435,44.32892519306857
20190719,VALE3,VALE,52.81,53.23,52.55,52.72,609929067.0,52.017999999999994,50.961,0.7782138794092577,1.5568818277701586,54.074763655540316,47.84723634445968,55.63164548331047,46.290354516689526,57.188527311080634,44.73347268891936
20190722,VALE3,VALE,52.18,52.66,51.81,52.45,591715511.0,52.018499999999996,51.07675,0.7785024422771727,1.4879574495914838,54.052664899182965,48.10083510081703,55.54062234877445,46.612877651225546,57.02857979836593,45.12492020163406
20190723,VALE3,VALE,52.4,52.6,51.76,51.76,579513940.0,51.98649999999999,51.163,0.775141922489001,1.421997872262075,54.00699574452415,48.319004255475846,55.42899361678622,46.89700638321377,56.8509914890483,45.475008510951696
20190724,VALE3,VALE,51.09,51.26,50.55,50.65,1275425288.0,51.94999999999999,51.1745,0.8210327258045506,1.4157736853766731,54.00604737075335,48.34295262924665,55.42182105613002,46.92717894386998,56.83759474150669,45.51140525849331
20190725,VALE3,VALE,51.0,51.12,50.1,50.49,643702166.0,51.89549999999999,51.180499999999995,0.8808815859245763,1.412259419039783,54.005018838079565,48.355981161920425,55.41727825711934,46.94372174288065,56.82953767615913,45.53146232384086
20190726,VALE3,VALE,51.0,51.05,50.18,50.23,635583989.0,51.82199999999999,51.193749999999994,0.9561633861702596,1.4004499048153616,53.994649809630715,48.39285019036927,55.395099714446076,46.99240028555391,56.79554961926144,45.591950380738545
20190729,VALE3,VALE,50.3,50.6,49.8,50.26,423980724.0,51.74399999999999,51.199999999999996,1.0179670142520385,1.395580937762505,53.99116187552501,48.40883812447498,55.38674281328751,47.01325718671248,56.782323751050015,45.61767624894998
20190730,VALE3,VALE,50.17,50.58,50.01,50.01,511370543.0,51.56199999999999,51.225249999999996,0.9840924218470508,1.3635248204185189,53.95229964083703,48.49820035916296,55.31582446125555,47.13467553874444,56.67934928167407,45.77115071832592
20190731,VALE3,VALE,50.38,50.55,49.22,49.81,1158617803.0,51.48299999999998,51.24974999999999,1.059180914917875,1.3277173152560324,53.90518463051205,48.59431536948793,55.23290194576809,47.26659805423189,56.56061926102412,45.93888073897586
20190801,VALE3,VALE,49.24,49.34,48.25,48.4,2227290545.0,51.33849999999999,51.23199999999999,1.264192169768984,1.3613760007376852,53.95475200147536,48.50924799852462,55.31612800221305,47.147871997786936,56.677504002950734,45.78649599704925
20190802,VALE3,VALE,48.2,48.29,47.41,47.84,947888330.0,51.146999999999984,51.21825,1.4825585991791177,1.3932214790705417,54.00469295814108,48.43180704185892,55.397914437211625,47.03858556278837,56.791135916282165,45.64536408371783
20190805,VALE3,VALE,46.6,46.6,45.76,46.0,1678864565.0,50.92899999999998,51.148250000000004,1.8734064105119625,1.5761668652713792,54.30058373054276,47.99591626945725,55.876750595814144,46.419749404185865,57.45291746108552,44.84358253891449
20190806,VALE3,VALE,46.46,46.97,46.29,46.62,1021994053.0,50.71249999999998,51.09725,2.106543377194011,1.6877947795714496,54.472839559142905,47.7216604408571,56.16063433871435,46.03386566128565,57.8484291182858,44.346070881714205
20190807,VALE3,VALE,45.85,46.48,45.45,46.48,958039966.0,50.42999999999998,51.05075,2.278291141692769,1.7883345460841134,54.627419092168225,47.47408090783178,56.41575363825234,45.68574636174766,58.204088184336456,43.897411815663546
20190808,VALE3,VALE,47.3,47.49,46.92,47.18,1143709087.0,50.18649999999998,50.9445,2.354993071841403,1.8886624625474562,54.72182492509491,47.16717507490509,56.610487387642365,45.27851261235763,58.49914985018982,43.38985014981017
20190809,VALE3,VALE,46.7,46.81,45.49,45.49,1134743816.0,49.87049999999998,50.7945,2.542254438796184,2.0734511673993357,54.94140233479867,46.64759766520133,57.01485350219801,44.57414649780199,59.08830466959734,42.50069533040266
20190812,VALE3,VALE,45.15,45.99,45.03,45.16,744933878.0,49.493999999999986,50.627250000000004,2.657682805516263,2.2485516563517014,55.124353312703406,46.1301466872966,57.37290496905511,43.8815950309449,59.62145662540681,41.6330433745932
20190813,VALE3,VALE,45.55,46.8,45.35,46.5,926992395.0,49.166499999999985,50.50475,2.599352702825102,2.3371042651438927,55.17895853028779,45.830541469712216,57.51606279543168,43.49343720456832,59.85316706057557,41.15633293942443
20190814,VALE3,VALE,45.98,45.98,44.73,44.88,1125645267.0,48.77599999999999,50.371750000000006,2.628640633283165,2.500551618630542,55.37285323726109,45.37064676273892,57.873404855891636,42.870095144108376,60.373956474522174,40.36954352547784
20190815,VALE3,VALE,45.01,45.5,43.17,43.89,1080864078.0,48.34099999999999,50.169000000000004,2.683548122601071,2.686982675313673,55.54296535062735,44.79503464937266,58.22994802594103,42.10805197405898,60.9169307012547,39.42106929874531
20190816,VALE3,VALE,44.45,44.7,43.48,43.69,856415656.0,47.889499999999984,49.95375000000001,2.667605815984369,2.851711755401896,55.6571735108038,44.25032648919621,58.508885266205695,41.39861473379432,61.36059702160759,38.546902978392424
20190819,VALE3,VALE,44.29,44.43,43.21,43.65,1203652434.0,47.449499999999986,49.73400000000001,2.6007032955681204,2.990507889288601,55.71501577857721,43.75298422142281,58.70552366786581,40.762476332134206,61.69603155715441,37.771968442845605
20190820,VALE3,VALE,43.51,44.49,42.9,43.84,741619538.0,47.053499999999985,49.52,2.5112510511904604,3.099140492922469,55.71828098584494,43.321719014155065,58.81742147876741,40.2225785212326,61.91656197168988,37.123438028310126
20190821,VALE3,VALE,43.6,44.33,43.07,44.15,710505420.0,46.72849999999998,49.33925000000001,2.4409257842487655,3.197164919994112,55.73357983998823,42.94492016001178,58.930744759982346,39.74775524001767,62.127909679976455,36.55059032002356
20190822,VALE3,VALE,44.38,44.38,43.55,43.89,538951683.0,46.398499999999984,49.147000000000006,2.350077882248054,3.288860920416989,55.724721840833986,42.569278159166025,59.01358276125097,39.28041723874904,62.30244368166796,35.99155631833205
20190823,VALE3,VALE,43.83,44.59,42.9,43.28,1136857554.0,46.05099999999998,48.93650000000001,2.2660419933861298,3.389195162004362,55.714890324008735,42.158109675991284,59.10408548601309,38.76891451398693,62.49328064801746,35.37971935198256
20190826,VALE3,VALE,43.49,43.65,42.54,42.8,569033152.0,45.67799999999998,48.711000000000006,2.1476390954279156,3.4909669514921196,55.692933902984244,41.72906609701577,59.18390085447636,38.23809914552365,62.67486780596848,34.74713219403153
20190827,VALE3,VALE,43.15,43.91,42.44,43.32,1203975006.0,45.343499999999985,48.45275,1.9492354101571299,3.4983094726834265,55.44936894536686,41.45613105463315,58.94767841805028,37.95782158194972,62.445987890733704,34.4595121092663
20190828,VALE3,VALE,43.31,44.17,43.04,43.48,586093363.0,45.02699999999999,48.255,1.6813281091227332,3.551183262534122,55.357366525068244,41.15263347493176,58.90854978760237,37.60145021239764,62.45973305013649,34.05026694986351
20190829,VALE3,VALE,44.11,45.25,43.96,45.1,1048732345.0,44.86199999999999,48.10025,1.4831353701923837,3.550406612683193,55.20106322536639,40.999436774633615,58.75146983804958,37.449030161950425,62.30187645073278,33.89862354926723
20190830,VALE3,VALE,45.99,46.33,45.27,45.57,1250521094.0,44.74849999999999,47.94775,1.3212684296379,3.524052509504295,54.99585501900859,40.89964498099141,58.51990752851289,37.37559247148711,62.043960038017175,33.85153996198282
20190902,VALE3,VALE,46.55,46.67,45.85,46.01,589090145.0,44.74899999999999,47.839,1.321768751173538,3.514810276821668,54.86862055364333,40.809379446356665,58.383430830465,37.294569169534995,61.89824110728667,33.779758892713325
20190903,VALE3,VALE,46.0,46.05,45.34,45.52,603820924.0,44.69399999999999,47.70325,1.26132094500793,3.496386697134252,54.6960233942685,40.71047660573149,58.19241009140275,37.214089908597245,61.688796788537005,33.71770321146299
20190904,VALE3,VALE,46.05,46.52,45.97,46.52,575153792.0,44.695999999999984,47.562999999999995,1.2643300701619409,3.4260736292176266,54.41514725843525,40.71085274156474,57.841220887652874,37.28477911234712,61.2672945168705,33.85870548312949
20190905,VALE3,VALE,46.95,47.19,46.52,46.52,950274679.0,44.66299999999999,47.424749999999996,1.203219803168462,3.351124562491412,54.12699912498282,40.722500875017175,57.47812368747423,37.37137631252576,60.829248249965644,34.02025175003435
20190906,VALE3,VALE,46.45,46.69,46.09,46.45,482926525.0,44.71099999999999,47.290749999999996,1.255941249044931,3.277635473153126,53.84602094630625,40.735479053693744,57.12365641945937,37.45784358054062,60.4012918926125,34.18020810738749
20190909,VALE3,VALE,46.7,47.89,46.29,47.89,1153512430.0,44.84749999999999,47.17075,1.4418952257723763,3.1606721027378915,53.49209420547578,40.849405794524216,56.65276630821367,37.688733691786325,59.81343841095156,34.528061589048434
20190910,VALE3,VALE,47.88,48.5,47.2,48.24,1027989642.0,44.93449999999999,47.0505,1.5915747746046378,3.0196085244656405,53.08971704893128,41.01128295106872,56.10932557339692,37.991674426603076,59.12893409786256,34.97206590213744
20190911,VALE3,VALE,48.6,48.6,47.58,47.95,812126922.0,45.087999999999994,46.932,1.728219649782586,2.8825151054822347,52.69703021096447,41.166969789035534,55.579545316446705,38.2844546835533,58.46206042192894,35.401939578071065
20190912,VALE3,VALE,48.62,49.77,48.6,49.69,1939278652.0,45.37799999999999,46.859500000000004,1.984271309972214,2.770865781572089,52.40123156314418,41.31776843685583,55.17209734471627,38.54690265528374,57.94296312628836,35.77603687371165
20190913,VALE3,VALE,49.96,50.3,49.66,49.79,1104982550.0,45.68299999999999,46.78625,2.171165343166732,2.6479694082786174,52.082188816557235,41.49031118344277,54.730158224835854,38.84234177516415,57.378127633114474,36.19437236688553
20190916,VALE3,VALE,49.4,49.44,48.35,48.59,1284862270.0,45.92999999999999,46.68975,2.208388314442982,2.5026186157497827,51.69498723149956,41.68451276850043,54.19760584724934,39.18189415275065,56.70022446299913,36.67927553700086
20190917,VALE3,VALE,48.25,49.15,48.23,48.9,706443561.0,46.18299999999999,46.61825,2.2458759866404723,2.392478478321319,51.40320695664264,41.833293043357365,53.79568543496396,39.44081456503605,56.18816391328528,37.04833608671473
20190918,VALE3,VALE,49.0,49.0,47.98,48.4,742185498.0,46.39549999999999,46.562,2.244456269872129,2.320627899115619,51.20325579823123,41.92074420176876,53.523883697346854,39.60011630265314,55.844511596462475,37.27948840353752
20190919,VALE3,VALE,48.4,48.58,47.76,48.32,756798475.0,46.617,46.50775,2.2023793353648218,2.250759971369198,51.0092699427384,42.006230057261604,53.2600299141076,39.755470085892405,55.5107898854768,37.504710114523206
20190920,VALE3,VALE,48.66,48.74,48.0,48.42,1155290706.0,46.873999999999995,46.4625,2.089488479332452,2.191420040720564,50.84534008144113,42.07965991855887,53.036760122161695,39.8882398778383,55.22818016288225,37.696819837117744
20190923,VALE3,VALE,48.19,48.58,47.96,48.1,575984656.0,47.138999999999996,46.4085,1.8701868749855732,2.1209232991849483,50.65034659836989,42.1666534016301,52.771269897554845,40.04573010244515,54.89219319673979,37.9248068032602
20190924,VALE3,VALE,47.71,47.88,46.78,46.93,722847732.0,47.31949999999999,46.3315,1.642554092676494,2.0412308378361472,50.41396167567229,42.24903832432771,52.455192513508436,40.20780748649156,54.49642335134459,38.16657664865541
20190925,VALE3,VALE,47.03,48.02,46.83,47.86,691783942.0,47.53849999999999,46.28275,1.3736784079328503,1.9783416877105073,50.239433375421015,42.326066624578985,52.21777506313152,40.34772493686848,54.19611675084203,38.36938324915797
20190926,VALE3,VALE,48.1,48.28,47.53,47.86,585868238.0,47.67649999999999,46.26924999999999,1.2487689727761087,1.965322949255852,50.1998958985117,42.338604101488286,52.16521884776755,40.37328115223244,54.1305417970234,38.40795820297659
20190927,VALE3,VALE,48.15,48.35,47.27,47.66,642987057.0,47.78099999999999,46.26475,1.1464723927632525,1.961837165542158,50.18842433108431,42.341075668915686,52.15026149662647,40.37923850337353,54.112098662168634,38.417401337831365
20190930,VALE3,VALE,47.65,48.04,47.21,47.75,578527404.0,47.86799999999999,46.308499999999995,1.0683661899317802,1.9752488321013821,50.25899766420276,42.35800233579723,52.23424649630414,40.38275350369585,54.209495328405524,38.40750467159447
20191001,VALE3,VALE,47.85,48.88,47.66,47.71,772264545.0,47.97749999999999,46.335750000000004,0.9164799650377874,1.9871392754409352,50.310028550881874,42.361471449118135,52.29716782632281,40.374332173677196,54.284307101763744,38.387192898236265
20191002,VALE3,VALE,46.9,46.9,45.1,45.1,1127655966.0,47.906499999999994,46.301249999999996,1.0763890658365622,1.9965279959122697,50.29430599182454,42.308194008175455,52.290833987736804,40.31166601226319,54.28736198364908,38.315138016350915
20191003,VALE3,VALE,45.32,45.81,44.22,45.44,1111731881.0,47.8525,46.25775,1.1724148493375737,1.9958463117183962,50.24944262343679,42.26605737656321,52.24528893515519,40.270211064844815,54.24113524687358,38.27436475312642
20191004,VALE3,VALE,45.7,46.79,45.68,46.59,988680613.0,47.8595,46.28525,1.1639880402712968,1.9925720879408482,50.27039417588169,42.300105824118305,52.26296626382254,40.307533736177454,54.25553835176339,38.314961648236604
20191007,VALE3,VALE,46.3,46.98,46.04,46.04,582137428.0,47.766999999999996,46.307249999999996,1.2329045722238214,1.984672016435068,50.27659403287013,42.33790596712986,52.2612660493052,40.35323395069479,54.24593806574027,38.36856193425972
20191008,VALE3,VALE,46.3,46.37,45.32,45.32,669155699.0,47.620999999999995,46.27774999999999,1.3420090987219533,1.9904947040036536,50.2587394080073,42.29676059199268,52.24923411201095,40.30626588798903,54.239728816014605,38.315771183985376
