DATA DO PREGAO,CODIGO DE NEGOCIACAO DO PAPEL,NOME RESUMIDO DA EMPRESA EMISSORA,PRECO DE ABERTURA,PRECO MAXIMO,PRECO MINIMO,PRECO FECHAMENTO,VOLUME TOTAL DE TITULOS NEGOCIADOS NESTE PAPEL,MA_20,MA_40,STD_20,STD_40,BANDA_1_40 SUPERIOR,BANDA_1_40 INFERIOR,BANDA_2_40 SUPERIOR,BANDA_2_40 INFERIOR,BANDA_3_40 SUPERIOR,BANDA_3_40 INFERIOR
20190102,WEGE3,WEG,17.62,18.18,17.5,17.98,42688569.0,0.0,0.0,0.0,0.0,0.0,0.0,0.0,0.0,0.0,0.0
20190103,WEGE3,WEG,18.0,18.39,17.7,18.39,75151724.0,0.0,0.0,0.0,0.0,0.0,0.0,0.0,0.0,0.0,0.0
20190104,WEGE3,WEG,18.4,18.68,18.0,18.6,76942806.0,0.0,0.0,0.0,0.0,0.0,0.0,0.0,0.0,0.0,0.0
20190107,WEGE3,WEG,18.75,18.76,18.2,18.31,54028192.0,0.0,0.0,0.0,0.0,0.0,0.0,0.0,0.0,0.0,0.0
20190108,WEGE3,WEG,18.37,18.43,18.04,18.16,57342247.0,0.0,0.0,0.0,0.0,0.0,0.0,0.0,0.0,0.0,0.0
20190109,WEGE3,WEG,18.16,18.47,18.1,18.36,66919311.0,0.0,0.0,0.0,0.0,0.0,0.0,0.0,0.0,0.0,0.0
20190110,WEGE3,WEG,18.37,18.59,18.25,18.5,68220904.0,0.0,0.0,0.0,0.0,0.0,0.0,0.0,0.0,0.0,0.0
20190111,WEGE3,WEG,18.51,18.77,18.41,18.69,176392774.0,0.0,0.0,0.0,0.0,0.0,0.0,0.0,0.0,0.0,0.0
20190114,WEGE3,WEG,18.59,19.0,18.54,18.9,68918887.0,0.0,0.0,0.0,0.0,0.0,0.0,0.0,0.0,0.0,0.0
20190115,WEGE3,WEG,18.99,19.05,18.37,18.53,56627429.0,0.0,0.0,0.0,0.0,0.0,0.0,0.0,0.0,0.0,0.0
20190116,WEGE3,WEG,18.58,18.98,18.48,18.92,41695309.0,0.0,0.0,0.0,0.0,0.0,0.0,0.0,0.0,0.0,0.0
20190117,WEGE3,WEG,18.95,19.0,18.71,18.8,44048920.0,0.0,0.0,0.0,0.0,0.0,0.0,0.0,0.0,0.0,0.0
20190118,WEGE3,WEG,18.92,19.1,18.7,18.7,43988839.0,0.0,0.0,0.0,0.0,0.0,0.0,0.0,0.0,0.0,0.0
20190121,WEGE3,WEG,18.69,18.89,18.46,18.82,23613834.0,0.0,0.0,0.0,0.0,0.0,0.0,0.0,0.0,0.0,0.0
20190122,WEGE3,WEG,18.82,18.93,18.51,18.56,45498838.0,0.0,0.0,0.0,0.0,0.0,0.0,0.0,0.0,0.0,0.0
20190123,WEGE3,WEG,18.7,18.85,18.38,18.77,49909323.0,0.0,0.0,0.0,0.0,0.0,0.0,0.0,0.0,0.0,0.0
20190124,WEGE3,WEG,18.77,18.99,18.6,18.82,43285074.0,0.0,0.0,0.0,0.0,0.0,0.0,0.0,0.0,0.0,0.0
20190128,WEGE3,WEG,18.9,19.23,18.75,19.12,80565219.0,0.0,0.0,0.0,0.0,0.0,0.0,0.0,0.0,0.0,0.0
20190129,WEGE3,WEG,19.18,19.55,19.13,19.21,68704682.0,0.0,0.0,0.0,0.0,0.0,0.0,0.0,0.0,0.0,0.0
20190130,WEGE3,WEG,19.38,19.5,19.03,19.42,68233766.0,18.678,0.0,0.3516667082397913,0.0,0.0,0.0,0.0,0.0,0.0,0.0
20190131,WEGE3,WEG,19.5,19.62,18.84,18.84,71580057.0,18.721,0.0,0.3121892138802329,0.0,0.0,0.0,0.0,0.0,0.0,0.0
20190201,WEGE3,WEG,18.86,19.63,18.86,19.63,82862298.0,18.783,0.0,0.3621296656404192,0.0,0.0,0.0,0.0,0.0,0.0,0.0
20190204,WEGE3,WEG,19.59,19.94,19.38,19.7,65702604.0,18.838,0.0,0.41285399483671137,0.0,0.0,0.0,0.0,0.0,0.0,0.0
20190205,WEGE3,WEG,19.7,20.05,19.57,20.05,58903756.0,18.925,0.0,0.4744692325447236,0.0,0.0,0.0,0.0,0.0,0.0,0.0
20190206,WEGE3,WEG,19.79,19.95,19.3,19.34,63783351.0,18.983999999999995,0.0,0.44690043633901255,0.0,0.0,0.0,0.0,0.0,0.0,0.0
20190207,WEGE3,WEG,19.45,19.64,19.12,19.17,54850129.0,19.0245,0.0,0.423462854892473,0.0,0.0,0.0,0.0,0.0,0.0,0.0
20190208,WEGE3,WEG,19.15,19.67,18.64,19.0,100039854.0,19.049499999999995,0.0,0.40523514940807975,0.0,0.0,0.0,0.0,0.0,0.0,0.0
20190211,WEGE3,WEG,18.97,19.11,18.48,18.89,61944076.0,19.0595,0.0,0.3983052915329611,0.0,0.0,0.0,0.0,0.0,0.0,0.0
20190212,WEGE3,WEG,19.23,19.23,18.64,18.87,63163158.0,19.058,0.0,0.3989934704649733,0.0,0.0,0.0,0.0,0.0,0.0,0.0
20190213,WEGE3,WEG,19.08,19.08,18.55,18.66,79085128.0,19.0645,0.0,0.3909162650949545,0.0,0.0,0.0,0.0,0.0,0.0,0.0
20190214,WEGE3,WEG,18.66,18.93,18.38,18.84,46269693.0,19.0605,0.0,0.392877039824233,0.0,0.0,0.0,0.0,0.0,0.0,0.0
20190215,WEGE3,WEG,18.72,18.99,18.66,18.9,43763656.0,19.0655,0.0,0.3900131576727817,0.0,0.0,0.0,0.0,0.0,0.0,0.0
20190218,WEGE3,WEG,18.9,19.17,18.75,19.08,35925097.0,19.084499999999995,0.0,0.38040802194209067,0.0,0.0,0.0,0.0,0.0,0.0,0.0
20190219,WEGE3,WEG,19.15,19.46,19.15,19.39,46174715.0,19.112999999999992,0.0,0.3809005948510641,0.0,0.0,0.0,0.0,0.0,0.0,0.0
20190220,WEGE3,WEG,19.35,19.57,18.73,18.79,68491106.0,19.124499999999994,0.0,0.36652672768198347,0.0,0.0,0.0,0.0,0.0,0.0,0.0
20190221,WEGE3,WEG,18.93,18.93,18.63,18.88,40181759.0,19.129999999999995,0.0,0.3617210323759978,0.0,0.0,0.0,0.0,0.0,0.0,0.0
20190222,WEGE3,WEG,18.97,19.05,18.71,19.05,43930977.0,19.1415,0.0,0.3549392090277755,0.0,0.0,0.0,0.0,0.0,0.0,0.0
20190225,WEGE3,WEG,18.9,18.97,18.44,18.46,55470474.0,19.1085,0.0,0.3863360277217096,0.0,0.0,0.0,0.0,0.0,0.0,0.0
20190226,WEGE3,WEG,18.49,18.67,18.13,18.33,63478341.0,19.064499999999995,0.0,0.4225794848932352,0.0,0.0,0.0,0.0,0.0,0.0,0.0
20190227,WEGE3,WEG,18.4,18.76,18.17,18.58,41319498.0,19.022499999999994,18.85025,0.4271062360140694,0.42373484391623706,19.69771968783248,18.002780312167523,20.12145453174871,17.579045468251287,20.54518937566495,17.15531062433505
20190228,WEGE3,WEG,18.67,18.74,18.35,18.42,71605003.0,19.0015,18.86125,0.4464394224245184,0.4058999971573141,19.67304999431463,18.04945000568537,20.07894999147194,17.643550008528052,20.484849988629254,17.237650011370743
20190301,WEGE3,WEG,18.56,18.7,18.34,18.34,43013359.0,18.936999999999994,18.86,0.4440376939902864,0.40746244124537534,19.67492488249075,18.04507511750925,20.082387323736125,17.637612676263878,20.4898497649815,17.2301502350185
20190306,WEGE3,WEG,18.64,18.7,18.44,18.58,43033262.0,18.881,18.8595,0.4122326885069704,0.40780179952068346,19.675103599041368,18.04389640095864,20.08290539856205,17.63609460143795,20.490707198082735,17.228292801917267
20190307,WEGE3,WEG,18.53,18.75,18.45,18.52,39618184.0,18.804499999999994,18.86475,0.3141818950192629,0.4018545948282978,19.668459189656595,18.061040810343407,20.07031378448489,17.659186215515106,20.472168379313192,17.25733162068681
20190308,WEGE3,WEG,18.55,18.85,18.45,18.8,36753587.0,18.7775,18.88075,0.2878390449356624,0.3854826312226779,19.651715262445354,18.109784737554644,20.037197893668033,17.724302106331965,20.422680524890712,17.338819475109286
20190311,WEGE3,WEG,18.86,19.08,18.79,18.98,30493373.0,18.767999999999994,18.89625,0.2771395240478597,0.3763637595295004,19.648977519059,18.143522480941,20.025341278588506,17.7671587214115,20.401705038118006,17.390794961882
20190312,WEGE3,WEG,19.01,19.14,18.91,19.01,50320098.0,18.7685,18.909000000000002,0.27758877195554954,0.3711990274080984,19.651398054816195,18.166601945183803,20.022597082224294,17.795402917775704,20.393796109632394,17.424203890367604
20190313,WEGE3,WEG,18.98,19.44,18.91,19.18,48048628.0,18.782999999999994,18.92125,0.2914952378413944,0.3718711349723735,19.664992269944747,18.17750773005525,20.03686340491712,17.805636595082873,20.408734539889487,17.433765460110507
20190314,WEGE3,WEG,19.27,19.3,18.94,19.09,35526605.0,18.794,18.926,0.29900536872490485,0.3728050291286183,19.67161005825724,18.18038994174276,20.044415087385854,17.807584912614146,20.417220116514468,17.434779883485525
20190315,WEGE3,WEG,19.05,19.26,19.0,19.26,49154828.0,18.823999999999987,18.94425,0.3145489669853958,0.3707849435440637,19.68581988708813,18.202680112911874,20.056604830632192,17.831895169367808,20.427389774176255,17.46111022582374
20190318,WEGE3,WEG,19.0,19.32,18.93,19.09,62424834.0,18.836499999999994,18.948500000000006,0.3201360730426337,0.37147350390379696,19.6914470078076,18.20555299219241,20.062920511711393,17.834079488288612,20.43439401561519,17.462605984384812
20190319,WEGE3,WEG,19.17,19.26,19.03,19.09,33558648.0,18.846,18.95575,0.3249032244579276,0.3713308532348245,19.69841170646965,18.213088293530355,20.06974255970448,17.841757440295527,20.4410734129393,17.470426587060704
20190320,WEGE3,WEG,19.03,19.17,18.62,18.76,55777187.0,18.829999999999988,18.95725,0.3206243908376289,0.3703912519042257,19.69803250380845,18.21646749619155,20.06842375571268,17.846076244287325,20.438815007616906,17.475684992383098
20190321,WEGE3,WEG,18.8,18.91,18.4,18.56,59365891.0,18.788499999999992,18.95075,0.29718459618648996,0.3751128889910072,19.70097577798201,18.200524222017986,20.076088666973018,17.825411333026977,20.451201555964023,17.450298444035973
20190322,WEGE3,WEG,18.4,18.55,18.1,18.22,67049568.0,18.759999999999994,18.94225,0.32322389176935434,0.3878308347852922,19.717911669570586,18.166588330429413,20.105742504355877,17.778757495644125,20.49357333914117,17.390926660858828
20190325,WEGE3,WEG,18.17,18.33,17.92,18.06,33777125.0,18.718999999999994,18.9245,0.3574014402232952,0.4114449210731897,19.747389842146386,18.10161015785362,20.15883476321957,17.690165236780434,20.570279684292764,17.278720315707243
20190326,WEGE3,WEG,18.3,18.34,17.83,18.02,37257477.0,18.6675,18.9045,0.38064868455392414,0.435401082410348,19.775302164820694,18.033697835179304,20.21070324723104,17.598296752768952,20.64610432964139,17.16289567035861
20190327,WEGE3,WEG,17.92,18.06,17.43,17.45,62700163.0,18.616999999999994,18.86275,0.4668607365889987,0.4907555007724942,19.844261001544982,17.88123899845501,20.33501650231748,17.390483497682517,20.82577200308997,16.899727996910027
20190328,WEGE3,WEG,17.4,18.25,17.38,18.05,48390941.0,18.602999999999994,18.83375,0.4799353026573931,0.5038095259733966,19.841369051946792,17.8261309480532,20.345178577920187,17.32232142207981,20.848988103893586,16.81851189610641
20190329,WEGE3,WEG,18.22,18.32,17.91,18.0,39573069.0,18.573999999999995,18.79825,0.4985600317546118,0.511412761691095,19.821075523382188,17.775424476617808,20.33248828507329,17.264011714926713,20.84390104676438,16.75259895323562
20190401,WEGE3,WEG,18.2,18.27,17.94,18.07,24529132.0,18.5565,18.779,0.5102556118982777,0.5241344513356501,19.8272689026713,17.7307310973287,20.351403354006948,17.206596645993052,20.875537805342603,16.6824621946574
20190402,WEGE3,WEG,18.2,18.46,18.15,18.25,46183593.0,18.552,18.7445,0.5126566512835513,0.5119592832367702,19.76841856647354,17.720581433526462,20.28037784971031,17.208622150289692,20.79233713294708,16.69666286705292
20190403,WEGE3,WEG,18.44,18.76,18.4,18.47,52029326.0,18.546499999999995,18.71375,0.5129304354188285,0.4895455113595748,19.69284102271915,17.734658977280848,20.182386534078727,17.245113465921268,20.671932045438297,16.7555679545617
20190404,WEGE3,WEG,18.56,18.99,18.46,18.81,41143054.0,18.561,18.68275,0.5162302627806007,0.4394576348415313,19.56166526968305,17.803834730316936,20.001122904524593,17.364377095475405,20.440580539366128,16.924919460633873
20190405,WEGE3,WEG,19.03,19.18,18.88,19.07,49866044.0,18.5745,18.676,0.5262426396534923,0.4310975854781932,19.53819517095639,17.81380482904361,19.969292756434573,17.38270724356542,20.40039034191277,16.951609658087225
20190408,WEGE3,WEG,19.07,19.07,18.64,18.75,47629991.0,18.562999999999995,18.6655,0.5193832374734698,0.4238102502360319,19.513120500472066,17.817879499527933,19.936930750708093,17.394069249291903,20.360741000944127,16.970258999055872
20190409,WEGE3,WEG,18.74,18.76,18.42,18.51,44379029.0,18.538,18.65325,0.5086576762213944,0.4209658461083789,19.49518169221676,17.811318307783242,19.916147538325134,17.390352461674865,20.337113384433515,16.969386615566485
20190410,WEGE3,WEG,18.65,18.65,18.25,18.33,46120964.0,18.4955,18.63925,0.4872530413612531,0.4222005083260428,19.483651016652086,17.794848983347915,19.90585152497813,17.372648475021872,20.32805203330417,16.95044796669583
20190411,WEGE3,WEG,18.4,18.52,18.2,18.23,25913827.0,18.452499999999993,18.62325,0.469656929661374,0.4253468418801713,19.473943683760343,17.77255631623966,19.89929052564052,17.347209474359488,20.324637367520687,16.921862632479318
20190412,WEGE3,WEG,18.16,18.59,18.07,18.24,43575240.0,18.401499999999995,18.61275,0.4311584761766243,0.42957932612719735,19.471908652254395,17.75359134774561,19.9014879783816,17.324012021618408,20.331067304508792,16.89443269549121
20190415,WEGE3,WEG,18.47,18.7,18.33,18.4,41297038.0,18.367,18.601750000000006,0.39961955591998427,0.4292443419874101,19.460238683974826,17.743261316025183,19.88948302596223,17.314016974037777,20.31872736794964,16.884772632050367
20190416,WEGE3,WEG,18.43,18.92,18.34,18.75,40426221.0,18.35,18.598000000000006,0.3736308338453896,0.42722239449609134,19.45244478899218,17.74355521100782,19.87966718348828,17.316332816511732,20.306889577984368,16.889110422015634
20190417,WEGE3,WEG,18.9,19.05,18.38,18.51,88587392.0,18.3375,18.58375,0.3632293026667733,0.42018120327989816,19.4241124065598,17.743387593440204,19.844293609839696,17.323206390160312,20.26447481311959,16.90302518688041
20190418,WEGE3,WEG,18.62,18.95,18.57,18.63,32514210.0,18.341,18.56475,0.3658141604694944,0.39946109531050217,19.363672190621003,17.765827809378997,19.763133285931502,17.366366714068494,20.16259438124201,16.966905618757988
20190422,WEGE3,WEG,18.71,19.0,18.68,18.75,35969943.0,18.3675,18.56375,0.3756520646611857,0.3989324697046041,19.36161493940921,17.765885060590797,19.760547409113816,17.36695259088619,20.15947987881842,16.968020121181585
20190423,WEGE3,WEG,18.85,19.41,18.85,19.25,61166932.0,18.427,18.573,0.4164145201978201,0.4105730829100416,19.39414616582008,17.751853834179922,19.804719248730127,17.341280751269874,20.215292331640168,16.930707668359833
20190424,WEGE3,WEG,19.38,19.39,18.61,18.8,77287272.0,18.466,18.566750000000006,0.4128004487961683,0.4049905823533077,19.376731164706626,17.756768835293386,19.781721747059926,17.35177825294008,20.186712329413236,16.946787670586776
20190425,WEGE3,WEG,18.85,19.17,18.5,19.05,44616638.0,18.546,18.5815,0.3567750286281737,0.41169163217145854,19.404883264342914,17.758116735657087,19.81657489651437,17.346425103485622,20.228266528685836,16.934733471314164
20190426,WEGE3,WEG,19.0,19.2,18.85,19.08,33926252.0,18.5975,18.60025,0.35574791488829705,0.4169885167206917,19.43422703344137,17.766272966558613,19.851215550162074,17.349284449837924,20.268204066882767,16.93229593311723
20190429,WEGE3,WEG,19.2,19.2,18.66,18.75,66387076.0,18.635,18.6045,0.32788797830324945,0.4176426518153816,19.439785303630764,17.769214696369236,19.85742795544614,17.351572044553855,20.275070607261526,16.93392939273847
20190430,WEGE3,WEG,18.83,18.97,18.24,18.58,70893053.0,18.660499999999995,18.6085,0.3003064224561701,0.4165951733536263,19.44169034670725,17.775309653292748,19.85828552006088,17.35871447993912,20.274880693414506,16.942119306585493
20190502,WEGE3,WEG,18.58,18.91,18.51,18.77,60994853.0,18.686499999999995,18.61925,0.2850166200140144,0.41503405791665904,19.44931811583332,17.789181884166684,19.864352173749975,17.374147826250027,20.279386231666642,16.959113768333367
20190503,WEGE3,WEG,18.77,18.87,18.65,18.65,40960288.0,18.695499999999992,18.621,0.2806285238906679,0.4150118935583307,19.45102378711666,17.790976212883336,19.86603568067499,17.375964319325007,20.281047574233323,16.960952425766674
20190506,WEGE3,WEG,18.6,18.6,18.27,18.36,38446810.0,18.672999999999995,18.617,0.28888351322034483,0.4167776262512051,19.450555252502404,17.783444747497583,19.86733287875361,17.366667121246387,20.284110505004822,16.949889494995176
20190507,WEGE3,WEG,18.3,18.32,18.0,18.14,38635002.0,18.6265,18.6005,0.2963688136160977,0.4223739381043095,19.44524787620862,17.755752123791382,19.86762181431293,17.33337818568707,20.289995752417237,16.911004247582763
20190508,WEGE3,WEG,18.21,18.62,18.16,18.61,50402691.0,18.619499999999995,18.59125,0.294948255943671,0.4178773436775123,19.427004687355023,17.755495312644978,19.844882031032537,17.33761796896746,20.262759374710047,16.91974062528995
20190509,WEGE3,WEG,18.42,18.63,18.27,18.55,34943316.0,18.621499999999994,18.57975,0.29430158180450605,0.41235090545646746,19.404451810912928,17.755048189087066,19.8168027163694,17.342697283630596,20.229153621825866,16.930346378174132
20190510,WEGE3,WEG,18.36,18.59,18.23,18.43,34123694.0,18.6265,18.561,0.2899051569048104,0.4012595553619003,19.3635191107238,17.7584808892762,19.7647786660857,17.3572213339143,20.1660382214476,16.9559617785524
20190513,WEGE3,WEG,18.1,18.19,17.95,18.0,54406511.0,18.614999999999995,18.53375,0.3103054522308836,0.4014249458858855,19.33659989177177,17.730900108228226,19.73802483765765,17.32947516234234,20.13944978354354,16.928050216456455
20190514,WEGE3,WEG,18.05,18.13,17.95,18.01,39177580.0,18.6035,18.5025,0.3286539533500761,0.3919821424503909,19.28646428490078,17.718535715099215,19.678446427351172,17.326553572648827,20.07042856980156,16.934571430198435
20190515,WEGE3,WEG,18.0,18.09,17.7,18.0,48455843.0,18.583499999999994,18.47525,0.3529615306308401,0.3879597355528726,19.251169471105737,17.69933052889425,19.639129206658613,17.311370793341382,20.027088942211485,16.923411057788506
20190516,WEGE3,WEG,17.8,18.03,17.67,18.0,79772042.0,18.546,18.448,0.37358011893456,0.3819061503724522,19.211812300744906,17.68418769925509,19.593718451117354,17.302281548882643,19.975624601489805,16.92037539851019
20190517,WEGE3,WEG,17.83,18.26,17.81,18.13,48474096.0,18.526999999999994,18.43225,0.38499624058315135,0.3816998921827279,19.19564978436545,17.668850215634542,19.57734967654818,17.28715032345181,19.959049568730908,16.905450431269085
20190520,WEGE3,WEG,18.23,18.77,18.17,18.48,52006233.0,18.5195,18.43025,0.3843446233183001,0.3812226450884096,19.192695290176815,17.667804709823177,19.573917935265225,17.28658206473477,19.955140580353635,16.90535941964636
20190521,WEGE3,WEG,18.64,19.02,18.56,18.8,63333471.0,18.522000000000002,18.44475,0.3860815294318325,0.3840405126866354,19.212831025373266,17.676668974626725,19.596871538059897,17.29262846194009,19.980912050746536,16.908587949253455
20190522,WEGE3,WEG,18.86,18.98,18.61,18.77,31082575.0,18.498,18.4625,0.3518462582914387,0.3822051402463963,19.226910280492792,17.698089719507202,19.609115420739187,17.31588457926081,19.991320560985585,16.933679439014412
20190523,WEGE3,WEG,18.77,18.99,18.45,18.5,38710778.0,18.483,18.4745,0.3446142007643075,0.3754310343304875,19.22536206866097,17.723637931339024,19.60079310299146,17.348206897008538,19.97622413732195,16.972775862678052
20190524,WEGE3,WEG,18.67,18.69,18.17,18.19,36825704.0,18.439999999999994,18.493,0.3231261770822507,0.3402352127572894,19.173470425514573,17.81252957448542,19.513705638271862,17.47229436172813,19.85394085102916,17.13205914897084
20190527,WEGE3,WEG,18.2,18.46,18.19,18.29,28363477.0,18.4005,18.499000000000002,0.2870443758101015,0.3342868413618615,19.167573682723717,17.830426317276274,19.501860524085586,17.496139475914415,19.836147365447445,17.161852634552552
20190528,WEGE3,WEG,18.38,18.9,18.24,18.85,161798716.0,18.4055,18.52025,0.2942336164557544,0.3287231513848824,19.17769630276976,17.862803697230234,19.50641945415465,17.53408054584535,19.835142605539527,17.205357394460467
20190529,WEGE3,WEG,18.72,19.24,18.63,19.09,52404272.0,18.431,18.54575,0.3300701679786806,0.33244153139292,19.21063306278584,17.880866937214154,19.543074594178762,17.548425405821238,19.87551612557168,17.215983874428318
20190530,WEGE3,WEG,19.2,19.41,18.93,19.06,53790882.0,18.4455,18.565999999999995,0.3514252934011809,0.3385777189876347,19.243155437975265,17.888844562024726,19.581733156962894,17.550266843037093,19.92031087595053,17.211689124049457
20190531,WEGE3,WEG,19.02,19.25,18.97,19.05,90653620.0,18.4655,18.580499999999994,0.374313055019319,0.3466835548154615,19.27386710963092,17.88713289036907,19.620550664446377,17.54044933555361,19.96723421926184,17.193765780738147
20190603,WEGE3,WEG,19.09,19.23,19.02,19.14,53895099.0,18.5045,18.58875,0.402328420441234,0.35608402566435243,19.3009180513287,17.876581948671298,19.657002076993056,17.52049792300694,20.013086102657407,17.164413897342587
20190604,WEGE3,WEG,19.22,19.23,18.85,19.02,46332614.0,18.5485,18.587499999999995,0.4084408737729647,0.35443526767853795,19.29637053535707,17.878629464642927,19.65080580303561,17.52419419696438,20.005241070714145,17.169758929285845
20190605,WEGE3,WEG,19.1,19.15,18.64,18.89,51546604.0,18.5625,18.590999999999994,0.4153993006101122,0.35676466422702724,19.304529328454045,17.877470671545943,19.661293992681074,17.520706007318914,20.018058656908103,17.163941343091885
20190606,WEGE3,WEG,19.0,19.15,18.84,18.89,39220451.0,18.5795,18.6005,0.4217691436394061,0.35960056187742795,19.31970112375485,17.881298876245136,19.679301685632275,17.52169831436771,20.038902247509704,17.162097752490283
20190607,WEGE3,WEG,19.0,19.37,18.9,19.2,52307911.0,18.617999999999995,18.622249999999994,0.4420597720956584,0.3690075914721811,19.36026518294436,17.884234817055628,19.729272774416536,17.515227225583452,20.09828036588872,17.14621963411127
20190610,WEGE3,WEG,19.05,19.49,19.04,19.23,47785117.0,18.6795,18.64725,0.4370893561540487,0.3755678606440057,19.398385721288005,17.89611427871198,19.77395358193201,17.520546418067976,20.149521442576017,17.144978557423972
20190611,WEGE3,WEG,19.39,19.63,19.33,19.37,88911821.0,18.747499999999995,18.675499999999992,0.4332238390680343,0.3864894598357111,19.448478919671413,17.90252108032857,19.834968379507124,17.51603162049286,20.22145783934284,17.129542160657152
20190612,WEGE3,WEG,19.45,20.04,19.4,19.69,111340498.0,18.832,18.70775,0.4444227480084397,0.4156335139864385,19.539017027972875,17.87648297202712,19.954650541959317,17.460849458040677,20.370284055945753,17.04521594405424
20190613,WEGE3,WEG,19.87,20.0,19.66,20.0,76553665.0,18.931999999999995,18.739,0.4715439366703089,0.4631652526712772,19.665330505342556,17.81266949465744,20.128495758013827,17.349504241986168,20.591661010685105,16.88633898931489
20190614,WEGE3,WEG,19.98,20.29,19.81,19.93,73045613.0,19.022000000000002,18.7745,0.4820744646563343,0.4982531021942064,19.77100620438841,17.777993795611582,20.26925930658261,17.279740693417374,20.76751240877682,16.781487591223172
20190617,WEGE3,WEG,19.95,20.53,19.82,20.3,62191826.0,19.113,18.81625,0.5423836280715044,0.5528141872646014,19.9218783745292,17.71062162547079,20.474692561793802,17.157807438206188,21.0275067490584,16.604993250941586
20190618,WEGE3,WEG,20.45,20.75,20.37,20.64,77421506.0,19.204999999999995,18.863499999999995,0.6346942902730983,0.6232855459537529,20.1100710919075,17.61692890809249,20.73335663786125,16.993643362138734,21.356642183815005,16.370357816184985
20190619,WEGE3,WEG,20.64,21.26,20.56,21.17,63661377.0,19.325,18.9115,0.7621955820281096,0.7202084812123865,20.351916962424763,17.47108303757522,21.072125443637148,16.750874556362838,21.79233392484954,16.030666075150446
20190621,WEGE3,WEG,21.4,21.56,21.13,21.43,100667460.0,19.4715,18.977249999999987,0.8693329263533726,0.8225475981862976,20.622345196372585,17.332154803627397,21.44489279455888,16.5096072054411,22.267440392745186,15.6870596072548
20190624,WEGE3,WEG,21.43,21.6,21.03,21.58,53115015.0,19.641,19.040499999999994,0.9343722914060452,0.9198075328218902,20.880115065643775,17.200884934356214,21.799922598465663,16.281077401534322,22.719730131287555,15.361269868712435
20190625,WEGE3,WEG,21.55,21.61,21.17,21.17,85606283.0,19.785,19.092749999999988,0.9371260657765909,0.9795315141328952,21.051813028265787,17.1336869717342,22.03134454239868,16.154155457601306,23.010876056531572,15.174623943468411
20190626,WEGE3,WEG,21.27,21.38,21.09,21.15,50672529.0,19.899999999999995,19.152749999999987,0.9572548470001501,1.0301928808698233,21.21313576173964,17.092364238260345,22.243328642609463,16.062171357390522,23.273521523479282,15.031978476520695
20190627,WEGE3,WEG,21.09,21.63,20.94,21.36,51513910.0,20.0135,19.222249999999992,0.9901689116934692,1.0829837404371665,21.388217480874324,17.05628251912566,22.47120122131149,15.973298778688493,23.554184961748657,14.890315038251329
20190628,WEGE3,WEG,21.6,21.83,21.36,21.36,51429623.0,20.128499999999995,19.286999999999992,1.0070189200125177,1.1315865875522728,21.550173175104536,17.023826824895448,22.681759762656807,15.892240237343175,23.813346350209084,14.7606536497909
20190701,WEGE3,WEG,21.87,21.87,21.49,21.58,73749710.0,20.254999999999995,19.360249999999994,1.0231864572578209,1.1829612723140448,21.726172544628085,16.994327455371902,22.90913381694213,15.811366183057858,24.092095089256173,14.628404910743814
20190702,WEGE3,WEG,21.59,21.81,21.55,21.56,49147052.0,20.376,19.440249999999992,1.027472115129381,1.2211690227201444,21.882588045440283,16.997911954559704,23.10375706816043,15.77674293183956,24.32492609088057,14.555573909119413
20190703,WEGE3,WEG,21.56,21.83,21.48,21.7,48830678.0,20.51,19.529249999999994,1.0160138830381906,1.2532816154768636,22.035813230953718,17.022686769046267,23.289094846430586,15.769405153569405,24.54237646190745,14.51612353809254
20190704,WEGE3,WEG,21.9,22.37,21.82,22.2,57636764.0,20.6755,19.619,1.0077931857594529,1.312890332678634,22.24478066535726,16.993219334642724,23.557670998035892,15.680329001964092,24.87056133071453,14.367438669285455
20190705,WEGE3,WEG,22.2,22.79,22.2,22.4,96492818.0,20.851,19.715249999999994,0.9858787157177572,1.3722917150817602,22.45983343016352,16.970666569836474,23.832125145245275,15.598374854754713,25.20441686032704,14.226083139672953
20190708,WEGE3,WEG,22.4,22.68,22.37,22.53,35661176.0,21.0175,19.81775,0.9734900588793268,1.4259040991595429,22.669558198319077,16.965941801680913,24.095462297478623,15.540037702521367,25.521366396638175,14.114133603361823
20190710,WEGE3,WEG,22.76,23.87,22.76,23.69,119013327.0,21.2405,19.96,1.0502755277595326,1.5205903037290678,23.001180607458128,16.918819392541867,24.5217709111872,15.398229088812794,26.042361214916266,13.877638785083725
20190711,WEGE3,WEG,23.71,23.89,23.41,23.6,69976650.0,21.452,20.09975,1.079286313898432,1.5919790739186424,23.28370814783728,16.915791852162712,24.875687221755925,15.323812778244069,26.46766629567457,13.731833704325428
20190712,WEGE3,WEG,23.68,23.69,23.09,23.09,58932958.0,21.622,20.227,1.0546318888847794,1.6229637340530032,23.472927468106004,16.98107253189399,25.095891202159013,15.35810879784099,26.71885493621201,13.735145063787986
20190715,WEGE3,WEG,23.03,23.17,22.4,22.4,85650152.0,21.742,20.337,0.9952286169519284,1.6172534488906498,23.57150689778129,17.102493102218695,25.188760346671945,15.485239653328048,26.806013795562592,13.867986204437393
20190716,WEGE3,WEG,22.5,22.97,22.42,22.51,146465671.0,21.870999999999995,20.4465,0.9117011283136984,1.6122631807811487,23.67102636156229,17.2219736384377,25.283289542343446,15.60971045765655,26.89555272312459,13.997447276875404
20190717,WEGE3,WEG,22.64,22.78,22.48,22.53,69765801.0,21.982499999999995,20.54775,0.8432510708093435,1.6127703311462622,23.773290662292517,17.322209337707474,25.386060993438786,15.70943900656121,26.99883132458505,14.096668675414946
20190718,WEGE3,WEG,22.65,22.93,22.63,22.75,45481109.0,22.088,20.6465,0.7971831989145485,1.6239024695988409,23.894304939197678,17.398695060802314,25.51820740879652,15.774792591203475,27.142109878395356,14.150890121604633
20190719,WEGE3,WEG,22.7,22.95,22.7,22.79,64232550.0,22.169,20.747,0.7811388447240971,1.629178178856297,24.00535635771259,17.488643642287403,25.63453453656889,15.859465463431105,27.263712715425182,14.230287284574807
20190722,WEGE3,WEG,22.89,22.93,22.6,22.6,24284782.0,22.2275,20.8495,0.7665567236195712,1.6130794725044906,24.075658945008982,17.623341054991016,25.68873841751347,16.010261582486528,27.30181789001796,14.397182109982035
20190723,WEGE3,WEG,22.66,22.83,22.53,22.58,36043967.0,22.2775,20.95925,0.7546199810431276,1.576419811813117,24.112089623626233,17.806410376373762,25.688509435439354,16.229990564560644,27.264929247252464,14.653570752747529
20190724,WEGE3,WEG,22.9,23.33,22.74,23.0,120230133.0,22.369,21.077,0.7235722784251214,1.5475708011639933,24.172141602327986,17.981858397672013,25.71971240349198,16.434287596508018,27.267283204655968,14.886716795344027
20190725,WEGE3,WEG,23.1,23.46,22.61,22.79,79834300.0,22.451,21.1755,0.6690283606608021,1.5274479302048756,24.23039586040975,18.120604139590245,25.757843790614626,16.59315620938537,27.285291720819497,15.065708279180493
20190726,WEGE3,WEG,22.89,23.6,22.86,23.36,87897298.0,22.551,21.28225,0.6464632525071828,1.52717014567668,24.33659029135336,18.227909708646642,25.863760437030038,16.700739562969954,27.39093058270672,15.173569417293276
20190729,WEGE3,WEG,23.35,23.65,23.25,23.58,48453115.0,22.662,21.39525,0.6213025366963543,1.5257465385836462,24.446743077167287,18.343756922832704,25.972489615750927,16.81801038424906,27.498236154334577,15.292263845665412
20190730,WEGE3,WEG,23.64,24.22,23.52,24.0,71351946.0,22.783,21.519000000000002,0.6349894321541351,1.5313824824949136,24.581764964989823,18.45623503501017,26.113147447484735,16.924852552515258,27.644529929979647,15.393470070020348
20190731,WEGE3,WEG,24.17,24.43,23.65,23.82,112658955.0,22.896,21.63600000000001,0.6063384498689964,1.523723172919636,24.683446345839272,18.58855365416073,26.207169518758914,17.064830481241096,27.73089269167855,15.541107308321461
20190801,WEGE3,WEG,23.97,24.22,23.3,23.43,103564618.0,22.9825,21.74625,0.5472599209266988,1.4887297760687863,24.72370955213757,18.768790447862425,26.212439328206358,17.280060671793642,27.701169104275145,15.791330895724855
20190802,WEGE3,WEG,23.4,24.02,23.34,23.74,60488811.0,23.0595,21.8675,0.5396536413586451,1.4470584663821209,24.76161693276424,18.973383067235762,26.20867539914636,17.526324600853634,27.65573386552848,16.079266134471517
20190805,WEGE3,WEG,23.6,24.0,23.18,23.3,76594513.0,23.1045,21.97775,0.518890263218751,1.3808720535245471,24.73949410704909,19.216005892950907,26.12036616057364,17.835133839426362,27.50123821409819,16.454261785901814
20190806,WEGE3,WEG,23.4,24.1,23.4,23.9,85305871.0,23.173,22.09525,0.5293799749658125,1.3377401294145739,24.77073025882915,19.419769741170853,26.108470388243727,18.082029611756283,27.446210517658297,16.744289482341703
20190807,WEGE3,WEG,23.7,24.37,23.39,24.31,124652915.0,23.204,22.222249999999995,0.5772384347272652,1.2993360977329,24.820922195465805,19.6235778045342,26.12025829319869,18.324241706801292,27.4195943909316,17.024905609068394
20190808,WEGE3,WEG,24.5,24.84,24.35,24.44,101899450.0,23.246,22.349,0.6352156699645319,1.2606791006722369,24.87035820134447,19.827641798655524,26.13103730201671,18.56696269798329,27.391716402688946,17.30628359731105
20190809,WEGE3,WEG,24.58,24.59,24.02,24.18,64546070.0,23.300500000000003,22.46125,0.6670869508542859,1.2169891125231822,24.89522822504636,20.02727177495364,26.112217337569547,18.81028266243045,27.32920645009273,17.593293549907266
20190812,WEGE3,WEG,23.81,24.21,23.62,23.75,65718713.0,23.368,22.555,0.6388773047513776,1.1658935167105329,24.88678703342105,20.22321296657893,26.052680550131594,19.057319449868398,27.218574066842127,17.891425933157862
20190813,WEGE3,WEG,23.68,24.35,23.51,24.28,59216435.0,23.456500000000005,22.66375,0.636357024914446,1.1165989742207043,24.896947948441404,20.43055205155859,26.013546922662112,19.31395307733789,27.130145896882816,18.197354103117174
20190814,WEGE3,WEG,24.1,24.11,23.08,23.09,120463094.0,23.484500000000004,22.7335,0.6049921704583126,1.0503321818870692,24.834164363774143,20.63283563622586,25.88449654566121,19.582503454338788,26.934828727548275,18.532171272451727
20190815,WEGE3,WEG,23.34,23.38,22.34,22.35,129713387.0,23.464500000000005,22.77625,0.6363504082699509,0.9963515173641304,24.76895303472826,20.783546965271736,25.765304552092392,19.78719544790761,26.76165606945652,18.790843930543478
20190816,WEGE3,WEG,22.8,23.11,22.47,22.8,80405127.0,23.465000000000003,22.816999999999997,0.6357962268725201,0.9617030833436996,24.740406166687396,20.8935938333126,25.7021092500311,19.931890749968897,26.6638123333748,18.9701876666252
20190819,WEGE3,WEG,23.13,23.31,22.51,22.54,62786311.0,23.462000000000003,22.84475,0.6402187126287938,0.9363348828386512,24.7174197656773,20.972080234322696,25.65375464851595,20.035745351484046,26.590089531354604,19.09941046864539
20190820,WEGE3,WEG,22.65,22.79,22.11,22.6,63480254.0,23.463000000000005,22.87025,0.6387825591661115,0.9146457560030092,24.69954151200601,21.04095848799398,25.614187268009022,20.126312731990968,26.52883302401204,19.21166697598796
20190821,WEGE3,WEG,22.84,23.06,22.54,23.06,66757077.0,23.466000000000005,22.9175,0.6366309349760589,0.8724023712919711,24.662304742583927,21.172695257416056,25.53470711387591,20.300292886124087,26.40710948516788,19.427890514832114
20190822,WEGE3,WEG,23.22,23.25,22.69,22.73,45673799.0,23.463000000000005,22.956999999999997,0.6401159434451711,0.8247927478603536,24.60658549572071,21.307414504279294,25.431378243581058,20.48262175641894,26.25617099144141,19.657829008558586
20190823,WEGE3,WEG,22.71,22.83,22.06,22.22,60779912.0,23.40600000000001,22.9785,0.6979172021470029,0.7926798105485201,24.56385962109704,21.39314037890296,25.35653943164556,20.600460568354443,26.149219242194082,19.807780757805922
20190826,WEGE3,WEG,22.4,22.6,21.55,21.55,64833728.0,23.304500000000008,22.98325,0.8099088642687651,0.7832456715815526,24.549741343163102,21.41675865683689,25.33298701474466,20.63351298525534,26.116232686326214,19.85026731367379
20190827,WEGE3,WEG,21.6,22.08,21.55,21.68,115529134.0,23.18850000000001,22.98575,0.8690362175240379,0.7787988368026004,24.543347673605197,21.428152326394795,25.3221465104078,20.649353489592194,26.1009453472104,19.870554652789593
20190828,WEGE3,WEG,21.46,22.19,21.2,22.09,98519555.0,23.10200000000001,22.999000000000002,0.8887460119090691,0.7581549804353521,24.515309960870706,21.482690039129295,25.273464941306056,20.72453505869394,26.03161992174141,19.96638007825859
20190829,WEGE3,WEG,22.18,22.6,21.93,22.4,79006399.0,23.05050000000001,23.0165,0.8985278896178553,0.73513142031079,24.486762840621576,21.546237159378414,25.22189426093237,20.811105739067628,25.957025681243163,20.075974318756842
20190830,WEGE3,WEG,22.47,22.7,22.23,22.5,88072414.0,22.988500000000005,23.023999999999994,0.8911983357728368,0.7280842442098447,24.48016848841968,21.567831511580305,25.208252732629532,20.83974726737046,25.93633697683937,20.111663023160613
20190902,WEGE3,WEG,22.5,23.03,22.29,22.78,53996103.0,22.9625,23.0335,0.8892153548879392,0.7221888026455552,24.477877605291106,21.589122394708887,25.20006640793666,20.866933592063333,25.922255210582215,20.14474478941777
20190903,WEGE3,WEG,22.82,23.11,22.19,22.19,86688784.0,22.877,23.025,0.8764467738365419,0.7302230077350309,24.485446015470057,21.564553984529933,25.21566902320509,20.834330976794906,25.945892030940122,20.104107969059875
20190904,WEGE3,WEG,22.5,22.71,22.35,22.63,65564555.0,22.79300000000001,22.9985,0.8098544378629877,0.7246840160213811,24.44786803204276,21.549131967957234,25.17255204806414,20.82444795193585,25.897236064085522,20.099763935914467
20190905,WEGE3,WEG,22.82,23.14,22.75,22.78,48145464.0,22.710000000000004,22.977999999999994,0.7112331766579829,0.7188067034488699,24.41561340689773,21.540386593102255,25.134420110346603,20.821579889653385,25.853226813795477,20.10277318620452
20190906,WEGE3,WEG,23.0,23.09,22.62,22.84,41591354.0,22.643000000000004,22.97175,0.623125399223906,0.7188947624563238,24.40953952491264,21.533960475087337,25.128434287368965,20.81506571263102,25.847329049825287,20.0961709501747
20190909,WEGE3,WEG,22.92,23.05,22.58,22.58,39086224.0,22.5845,22.97625,0.5660339863332124,0.7157806837149504,24.407811367429897,21.544688632570097,25.123592051144854,20.828907948855147,25.8393727348598,20.1131272651402
20190910,WEGE3,WEG,22.7,23.32,22.6,22.93,68262376.0,22.517000000000003,22.986749999999994,0.41301331697665145,0.7118354300588964,24.410420860117785,21.5630791398822,25.122256290176683,20.851243709823304,25.834091720235577,20.139408279764407
20190911,WEGE3,WEG,23.1,23.58,22.75,23.08,82865263.0,22.5165,23.000499999999995,0.4122885422920689,0.7080886153437588,24.41667723068751,21.584322769312482,25.124765846031273,20.876234153968717,25.83285446137503,20.168145538624962
20190912,WEGE3,WEG,23.38,23.44,22.71,23.05,68305671.0,22.5515,23.00800000000001,0.4268646401995457,0.7069551902529574,24.42191038050591,21.594089619494074,25.128865570758872,20.887134429241122,25.835820761011824,20.180179238988167
20190913,WEGE3,WEG,23.18,23.83,23.06,23.72,78393522.0,22.5975,23.03125,0.4985967150017962,0.714850486429625,24.460950972859248,21.601549027140745,25.17580145928887,20.886698540711123,25.8906519457185,20.171848054281497
20190916,WEGE3,WEG,23.73,23.82,23.14,23.24,67888035.0,22.6325,23.04725,0.5185188927178249,0.7121076967670165,24.471465393534032,21.623034606465964,25.183573090301053,20.910926909698947,25.895680787068066,20.198819212931934
20190917,WEGE3,WEG,23.24,23.8,23.05,23.8,44222027.0,22.6925,23.077749999999995,0.5803073142287841,0.7176867665435581,24.51312353308711,21.64237646691288,25.230810299630672,20.92468970036932,25.94849706617423,20.207002933825766
20190918,WEGE3,WEG,23.67,24.1,23.56,24.0,55713426.0,22.7395,23.10275,0.6459874122938947,0.7321797015655158,24.567109403131024,21.638390596868962,25.29928910469654,20.906210895303445,26.03146880626205,20.174031193737928
20190919,WEGE3,WEG,24.19,24.39,23.69,23.69,59431545.0,22.7875,23.12525,0.6800145122290868,0.7361402719590554,24.597530543918108,21.652969456081888,25.333670815877166,20.916829184122832,26.069811087836214,20.180688912163774
20190920,WEGE3,WEG,23.81,24.4,23.71,24.4,120973030.0,22.8965,23.15125,0.7548598684873177,0.762536884353768,24.676323768707533,21.62617623129246,25.4388606530613,20.86363934693869,26.20139753741507,20.101102462584926
20190923,WEGE3,WEG,24.1,24.45,24.0,24.2,46178877.0,23.029,23.16675,0.7384685433203937,0.7776275144836393,24.722005028967274,21.61149497103272,25.499632543450915,20.833867456549076,26.277260057934555,20.056239942065442
20190924,WEGE3,WEG,24.25,24.32,23.86,23.88,54753924.0,23.139,23.16375,0.6891558528183193,0.7745559108123251,24.712861821624646,21.614638178375348,25.487417732436967,20.84008226756302,26.261973643249302,20.06552635675069
20190925,WEGE3,WEG,23.91,24.44,23.83,24.24,58620087.0,23.2465,23.174249999999994,0.6845841995809214,0.7864359315029582,24.74712186300591,21.601378136994075,25.533557794508873,20.81494220549112,26.31999372601183,20.02850627398816
20190926,WEGE3,WEG,24.35,24.52,24.09,24.24,49307410.0,23.3385,23.1945,0.6884633919863311,0.803434773891065,24.80136954778213,21.58763045221787,25.604804321673193,20.784195678326803,26.40823909556426,19.980760904435733
20190927,WEGE3,WEG,24.27,24.42,24.13,24.13,27378835.0,23.42,23.204249999999995,0.6804100930592551,0.8125391903763083,24.82932838075261,21.57917161924738,25.641867571128923,20.76663242887107,26.454406761505233,19.95409323849476
20190930,WEGE3,WEG,24.23,24.45,24.07,24.23,48338030.0,23.4925,23.2275,0.6858561687486594,0.8284980231472642,24.884496046294533,21.570503953705472,25.71299406944179,20.742005930558207,26.541492092589053,19.913507907410946
20191001,WEGE3,WEG,24.0,24.54,23.95,24.23,46506204.0,23.594500000000004,23.23575,0.6314934262274512,0.8369660946476228,24.90968218929525,21.56181781070476,25.74664828394287,20.724851716057128,26.58361437859049,19.887885621409513
20191002,WEGE3,WEG,24.25,24.42,23.83,23.83,55278750.0,23.6545,23.22375000000001,0.5907219044703841,0.8245175356938245,24.87278507138765,21.574714928612355,25.697302607081475,20.750197392918533,26.5218201427753,19.925679857224704
20191003,WEGE3,WEG,23.91,24.07,23.51,23.68,48487711.0,23.6995,23.20475,0.5537192429382107,0.8042801766573967,24.81331035331479,21.596189646685204,25.61759052997219,20.79190947002781,26.421870706629587,19.98762929337041
20191004,WEGE3,WEG,23.7,23.7,23.42,23.61,49652956.0,23.738000000000003,23.1905,0.5163189548699141,0.7915060295864751,24.77351205917295,21.60748794082705,25.56501808875943,20.815981911240577,26.356524118345906,20.024475881654094
20191007,WEGE3,WEG,23.51,23.61,22.83,22.85,73082297.0,23.751500000000004,23.16800000000001,0.4871536556473653,0.7879776125935746,24.74395522518715,21.59204477481285,25.53193283778072,20.80406716221928,26.319910450374298,20.0160895496257
20191008,WEGE3,WEG,22.87,23.33,22.63,22.81,60940859.0,23.745500000000003,23.13125,0.4984130077715217,0.7688325732179783,24.66891514643596,21.593584853564053,25.43774771965393,20.82475228034607,26.206580292871923,20.055919707128087
20191013,WEGE3,-,23.64,23.87,23.07,23.64,-,23.745500000000003,23.13125,0.49841300777145586,0.768832573218009,24.66891514643602,21.593584853563982,-,-,-,-
